190964304 116986910
190964304 116986922
190964304 8968331
190964334 116986910
190964334 116986922
190964334 8968331
190964195 116986913
190964195 8968799
190965602 116986913
190965602 8968799
190967913 116986913
190967913 8968799
190964198 116986915
190964198 8967487
190964202 116986915
190964202 8967487
190964182 116986918
190964182 64302144
190964182 8967410
190964184 116986918
190964184 64302144
190964184 8967410
190964200 116986918
190964200 64302144
190964200 8967410
190964210 116986918
190964210 64302144
190964210 8967410
190964213 116986918
190964213 64302144
190964213 8967410
190964269 116986918
190964269 64302144
190964269 8967410
190965618 116986918
190965618 64302144
190965618 8967410
190967835 116986918
190967835 64302144
190967835 8967410
190967836 116986918
190967836 64302144
190967836 8967410
190967907 116986918
190967907 64302144
190967907 8967410
190962674 122198082
190962674 185582492
190962674 185582509
190962674 43232434
190962674 43232436
190962674 44460637
190962674 44460638
190962674 8967125
190962676 122198082
190962676 185582492
190962676 185582509
190962676 43232434
190962676 43232436
190962676 44460637
190962676 44460638
190962676 8967125
190964177 122198082
190964177 185582492
190964177 185582509
190964177 43232434
190964177 43232436
190964177 44460637
190964177 44460638
190964177 8967125
190964223 122198082
190964223 185582492
190964223 185582509
190964223 43232434
190964223 43232436
190964223 44460637
190964223 44460638
190964223 8967125
190964341 122198082
190964341 185582492
190964341 185582509
190964341 43232434
190964341 43232436
190964341 44460637
190964341 44460638
190964341 8967125
190964342 122198082
190964342 185582492
190964342 185582509
190964342 43232434
190964342 43232436
190964342 44460637
190964342 44460638
190964342 8967125
190965283 122198082
190965283 185582492
190965283 185582509
190965283 43232434
190965283 43232436
190965283 44460637
190965283 44460638
190965283 8967125
190966894 122198082
190966894 185582492
190966894 185582509
190966894 43232434
190966894 43232436
190966894 44460637
190966894 44460638
190966894 8967125
190967817 122198082
190967817 185582492
190967817 185582509
190967817 43232434
190967817 43232436
190967817 44460637
190967817 44460638
190967817 8967125
190967833 122198082
190967833 185582492
190967833 185582509
190967833 43232434
190967833 43232436
190967833 44460637
190967833 44460638
190967833 8967125
190967840 122198082
190967840 185582492
190967840 185582509
190967840 43232434
190967840 43232436
190967840 44460637
190967840 44460638
190967840 8967125
190967841 122198082
190967841 185582492
190967841 185582509
190967841 43232434
190967841 43232436
190967841 44460637
190967841 44460638
190967841 8967125
190968279 122198082
190968279 185582492
190968279 185582509
190968279 43232434
190968279 43232436
190968279 44460637
190968279 44460638
190968279 8967125
190970422 122198082
190970422 185582492
190970422 185582509
190970422 43232434
190970422 43232436
190970422 44460637
190970422 44460638
190970422 8967125
190970806 122198082
190970806 185582492
190970806 185582509
190970806 43232434
190970806 43232436
190970806 44460637
190970806 44460638
190970806 8967125
190971110 122198082
190971110 185582492
190971110 185582509
190971110 43232434
190971110 43232436
190971110 44460637
190971110 44460638
190971110 8967125
190971206 122198082
190971206 185582492
190971206 185582509
190971206 43232434
190971206 43232436
190971206 44460637
190971206 44460638
190971206 8967125
190971227 122198082
190971227 185582492
190971227 185582509
190971227 43232434
190971227 43232436
190971227 44460637
190971227 44460638
190971227 8967125
190971267 122198082
190971267 185582492
190971267 185582509
190971267 43232434
190971267 43232436
190971267 44460637
190971267 44460638
190971267 8967125
190971268 122198082
190971268 185582492
190971268 185582509
190971268 43232434
190971268 43232436
190971268 44460637
190971268 44460638
190971268 8967125
190971302 122198082
190971302 185582492
190971302 185582509
190971302 43232434
190971302 43232436
190971302 44460637
190971302 44460638
190971302 8967125
190971304 122198082
190971304 185582492
190971304 185582509
190971304 43232434
190971304 43232436
190971304 44460637
190971304 44460638
190971304 8967125
190971311 122198082
190971311 185582492
190971311 185582509
190971311 43232434
190971311 43232436
190971311 44460637
190971311 44460638
190971311 8967125
190971328 122198082
190971328 185582492
190971328 185582509
190971328 43232434
190971328 43232436
190971328 44460637
190971328 44460638
190971328 8967125
190971330 122198082
190971330 185582492
190971330 185582509
190971330 43232434
190971330 43232436
190971330 44460637
190971330 44460638
190971330 8967125
190964002 182067557
190964002 44391579
190964002 44391580
190964002 44460633
190964002 44460634
190964002 8968612
190964298 185582476
190964298 185582512
190964298 8968881
190964219 185582484
190964219 185582497
190964219 8967506
190964224 185582484
190964224 185582497
190964224 8967506
190964257 185582484
190964257 185582497
190964257 8967506
190966618 185582484
190966618 185582497
190966618 8967506
190967916 185582484
190967916 185582497
190967916 8967506
190967917 185582484
190967917 185582497
190967917 8967506
190968395 185582484
190968395 185582497
190968395 8967506
190968396 185582484
190968396 185582497
190968396 8967506
190964415 185584794
190964415 8968096
190964421 185584794
190964421 8968096
190964509 185584794
190964509 8968096
190966728 185584794
190966728 8968096
190968577 185584794
190968577 8968096
190970894 185584794
190970894 8968096
190970935 185584794
190970935 8968096
190968946 185584835
190968946 8967975
190962663 43242313
190962663 43242314
190962663 53543927
190962663 8968593
190962667 43242313
190962667 43242314
190962667 53543927
190962667 8968593
190963440 43242313
190963440 43242314
190963440 53543927
190963440 8968593
190971209 43242313
190971209 43242314
190971209 53543927
190971209 8968593
190965901 43248763
190965901 8969054
190963545 43308870
190963545 8967690
190963546 43308870
190963546 8967690
190963547 43308870
190963547 8967690
190970801 43453455
190970801 8967221
190971324 43453455
190971324 8967221
190966486 43453455
190966486 8967221
190966486 8967696
190967854 43453455
190967854 8967221
190967854 8967696
190969160 43592669
190969160 8966550
190969161 43592669
190969161 8966550
190968966 44334855
190968966 8966430
190968972 44334855
190968972 8966430
190971040 44334855
190971040 8966430
190970122 44334953
190970122 44334954
190970122 8966947
190968205 44369007
190968205 8968405
190968206 44369007
190968206 8968405
190964093 44457436
190964093 8968517
190964990 44457436
190964990 8968517
190971329 44457436
190971329 8968517
190971155 8966423
190967950 8966426
190969954 8966426
190968119 8966434
190968125 8966434
190969138 8966434
190969440 8966434
190966137 8966438
190969412 8966441
190969413 8966441
190963679 8966446
190963687 8966446
190971104 8966449
190971205 8966450
190969760 8966455
190970174 8966455
190970175 8966455
190963271 8966456
190963155 8966459
190962891 8966462
190971125 8966465
190963416 8966466
190963829 8966470
190963875 8966470
190967608 8966470
190967609 8966470
190963957 8966473
190963959 8966473
190963086 8966476
190963168 8966476
190971149 8966476
190969747 8966479
190963956 8966482
190963979 8966484
190964130 8966488
190964131 8966488
190967831 8966488
190966359 8966490
190962961 8966493
190962966 8966493
190970958 8966493
190971127 8966493
190971132 8966493
190968928 8966495
190963981 8966497
190962995 8966501
190963000 8966501
190963002 8966501
190963006 8966501
190963007 8966501
190963058 8966501
190963103 8966501
190963108 8966501
190963134 8966501
190963135 8966501
190963137 8966501
190965687 8966501
190966142 8966501
190966975 8966501
190967558 8966501
190967559 8966501
190969745 8966501
190969746 8966501
190971122 8966501
190971145 8966501
190970158 8966507
190971430 8966507
190963036 8966515
190963038 8966515
190967424 8966515
190967425 8966515
190970154 8966515
190970155 8966515
190970274 8966515
190971106 8966515
190971182 8966515
190963539 8966529
190963541 8966529
190965688 8966529
190965690 8966529
190971070 8966529
190963045 8966530
190967557 8966531
190967560 8966531
190969181 8966532
190963718 8966534
190966880 8966534
190969786 8966534
190969787 8966534
190963694 8966534
190963694 8966581
190963694 8968004
190963695 8966534
190963695 8966581
190963695 8968004
190963700 8966534
190963700 8966581
190963700 8968004
190963707 8966534
190963707 8966581
190963707 8968004
190963710 8966534
190963710 8966581
190963710 8968004
190963711 8966534
190963711 8966581
190963711 8968004
190971270 8966534
190971270 8966581
190971270 8968004
190969186 8966537
190969197 8966537
190965943 8966540
190967003 8966540
190965059 8966542
190967006 8966546
190969768 8966546
190967868 8966548
190967422 8966549
190969153 8966552
190969162 8966552
190969164 8966552
190962718 8966556
190971087 8966556
190969165 8966558
190969167 8966558
190967952 8966560
190971283 8966562
190965345 8966564
190965348 8966564
190969140 8966567
190969141 8966567
190971066 8966569
190969142 8966572
190969143 8966572
190969891 8966573
190969782 8966574
190969895 8966575
190969896 8966575
190969672 8966577
190969897 8966578
190967828 8966580
190969788 8966581
190965548 8966582
190969567 8966583
190969230 8966585
190965101 8966587
190969233 8966588
190971045 8966590
190969234 8966592
190969870 8966594
190971460 8966596
190969762 8966599
190969763 8966599
190971463 8966603
190969876 8966605
190969764 8966610
190969765 8966610
190969879 8966612
190968869 8966615
190971469 8966615
190969657 8966616
190969196 8966619
190969210 8966619
190969211 8966619
190969212 8966619
190969213 8966621
190969850 8966623
190969216 8966626
190971414 8966626
190969219 8966628
190969855 8966629
190969524 8966631
190969527 8966632
190962731 8966638
190962809 8966638
190971118 8966638
190969941 8966641
190969944 8966643
190969831 8966646
190969947 8966648
190966068 8966650
190968993 8966650
190969835 8966653
190969836 8966653
190969837 8966655
190969504 8966657
190969509 8966659
190969816 8966661
190966132 8966664
190962208 8966665
190962628 8966667
190970085 8966669
190970088 8966672
190970089 8966675
190962716 8966678
190962721 8966678
190970062 8966681
190970179 8966684
190970069 8966687
190962916 8966688
190962917 8966688
190970480 8966689
190971455 8966689
190970481 8966690
190966826 8966691
190970485 8966692
190970486 8966692
190970487 8966693
190970152 8966694
190970153 8966695
190970040 8966697
190970051 8966697
190970052 8966697
190970041 8966699
190970042 8966700
190970045 8966700
190970046 8966700
190970049 8966703
190970053 8966703
190970054 8966703
190970241 8966705
190970242 8966705
190970468 8966707
190968890 8966709
190970243 8966712
190970131 8966714
190968892 8966716
190970249 8966718
190970136 8966720
190968898 8966722
190970139 8966725
190968122 8966727
190970113 8966728
190970116 8966730
190970119 8966731
190968879 8966734
190968883 8966734
190968886 8966734
190968888 8966734
190968889 8966734
190962227 8966737
190970530 8966737
190971013 8966737
190970420 8966739
190968210 8966741
190970538 8966744
190968214 8966748
190971258 8966748
190971281 8966748
190970621 8966751
190968711 8966756
190968714 8966756
190968721 8966756
190968724 8966756
190968727 8966756
190968729 8966756
190968730 8966756
190970938 8966756
190968722 8966758
190968725 8966760
190968728 8966762
190968704 8966764
190970918 8966767
190968900 8966769
190968903 8966769
190968905 8966769
190968906 8966769
190968901 8966771
190968904 8966773
190968907 8966775
190963369 8966777
190967295 8966780
190967296 8966780
190967299 8966782
190963034 8966783
190967898 8966784
190967320 8966785
190969176 8966787
190967852 8966789
190967856 8966791
190967969 8966793
190967749 8966795
190971076 8966799
190969151 8966801
190967308 8966802
190969159 8966804
190969794 8966806
190969797 8966809
190971163 8966812
190969351 8966815
190971055 8966817
190965977 8966820
190969139 8966821
190969774 8966824
190969888 8966826
190969777 8966827
190970835 8966831
190971142 8966831
190969222 8966833
190969198 8966835
190969220 8966835
190969224 8966835
190969229 8966835
190969231 8966835
190969232 8966835
190969860 8966838
190969862 8966838
190969863 8966838
190969861 8966839
190969864 8966841
190969867 8966843
190971120 8966847
190965403 8966849
190962162 8966851
190969201 8966852
190969203 8966852
190969205 8966852
190969206 8966852
190969217 8966852
190969218 8966852
190969950 8966854
190969204 8966856
190969953 8966857
190969207 8966858
190969840 8966859
190969955 8966860
190965939 8966861
190969843 8966862
190969846 8966863
190971434 8966864
190969847 8966865
190968860 8966866
190968870 8966866
190968871 8966866
190971439 8966866
190969932 8966867
190969820 8966868
190969821 8966868
190969935 8966870
190969822 8966871
190969938 8966872
190969825 8966873
190969828 8966874
190969910 8966875
190969800 8966876
190969804 8966878
190969807 8966879
190971507 8966881
190966239 8966883
190966126 8966884
190970092 8966886
190970095 8966888
190970099 8966890
190970100 8966890
190962720 8966892
190962503 8966894
190970182 8966896
190970186 8966898
190970074 8966899
190970075 8966899
190970076 8966901
190970079 8966903
190966309 8966905
190970490 8966907
190970493 8966910
190966838 8966912
190970050 8966913
190970055 8966916
190970169 8966918
190970059 8966920
190970472 8966924
190970253 8966925
190970140 8966926
190970141 8966926
190970145 8966929
190970035 8966932
190968684 8966936
190968468 8966938
190964628 8966941
190968992 8966943
190968880 8966945
190968881 8966945
190968884 8966949
190970125 8966951
190970985 8966954
190963754 8966954
190963754 8967489
190968662 8966956
190968887 8966958
190970128 8966960
190964601 8966961
190970101 8966963
190970962 8966965
190970104 8966967
190970963 8966970
190970525 8966971
190970528 8966973
190968208 8966976
190968209 8966976
190968731 8966978
190968844 8966980
190970509 8966982
190968713 8966984
190968716 8966985
190968719 8966986
190963485 8966988
190963686 8966989
190963357 8966991
190963557 8966993
190963026 8966994
190967795 8966995
190967799 8966996
190965079 8966997
190967775 8966998
190970675 8966999
190964283 8967000
190964343 8967001
190964346 8967001
190964356 8967001
190968392 8967001
190965440 8967002
190965441 8967003
190965446 8967003
190966835 8967003
190967438 8967004
190964189 8967005
190966485 8967007
190963974 8967008
190964009 8967009
190964132 8967011
190962781 8967013
190963102 8967015
190969386 8967016
190963569 8967018
190963572 8967018
190968934 8967018
190968938 8967020
190962179 8967035
190971005 8967035
190971009 8967035
190962185 8967042
190971008 8967042
190971160 8967044
190962878 8967046
190967667 8967048
190969255 8967050
190963140 8967052
190966842 8967054
190965623 8967057
190967872 8967057
190967904 8967057
190968334 8967057
190968399 8967059
190969722 8967062
190971050 8967062
190964369 8967065
190964378 8967067
190962545 8967070
190962577 8967070
190962580 8967070
190965107 8967070
190966356 8967073
190967421 8967076
190963958 8967078
190964106 8967081
190965612 8967083
190966637 8967086
190963927 8967089
190962330 8967092
190963531 8967099
190963537 8967099
190963543 8967099
190971236 8967099
190971246 8967099
190969460 8967100
190969709 8967100
190969995 8967102
190969996 8967102
190970265 8967102
190962641 8967127
190962885 8967127
190962642 8967129
190962646 8967131
190966855 8967133
190964067 8967138
190963812 8967141
190963818 8967141
190963833 8967141
190963110 8967145
190965414 8967145
190964562 8967148
190964572 8967148
190964574 8967148
190969923 8967148
190965930 8967152
190968957 8967152
190971049 8967152
190970367 8967154
190970399 8967154
190968331 8967156
190971251 8967158
190964282 8967159
190969712 8967159
190970805 8967159
190969713 8967160
190968126 8967163
190962950 8967167
190962952 8967167
190962747 8967173
190962874 8967173
190962875 8967173
190969471 8967173
190969472 8967173
190969479 8967173
190969480 8967173
190969487 8967173
190969488 8967173
190969489 8967173
190962881 8967176
190962672 8967183
190962687 8967183
190962688 8967183
190962886 8967183
190962912 8967183
190962914 8967183
190965444 8967183
190965535 8967183
190965538 8967183
190965715 8967183
190966709 8967183
190966711 8967183
190966712 8967183
190971102 8967183
190971103 8967183
190962839 8967185
190962831 8967188
190970693 8967191
190971158 8967191
190964055 8967194
190963930 8967196
190968457 8967199
190967861 8967200
190962582 8967202
190962592 8967202
190962594 8967202
190968250 8967206
190968253 8967206
190968244 8967208
190968247 8967208
190968248 8967208
190968246 8967209
190968249 8967211
190968500 8967212
190968996 8967214
190965306 8967217
190968478 8967223
190966241 8967224
190962775 8967228
190963730 8967230
190962882 8967231
190970508 8967236
190970524 8967236
190970548 8967236
190971462 8967236
190971339 8967239
190962946 8967242
190965122 8967242
190969708 8967242
190970971 8967245
190968798 8967246
190968799 8967246
190962740 8967247
190967654 8967251
190971293 8967251
190971294 8967251
190971384 8967251
190962538 8967255
190963983 8967257
190970281 8967259
190963921 8967261
190966265 8967261
190970660 8967263
190969889 8967265
190969890 8967265
190963961 8967266
190963964 8967266
190963962 8967268
190968671 8967271
190963708 8967274
190969676 8967281
190969706 8967281
190969892 8967281
190964095 8967283
190963459 8967289
190967713 8967289
190967714 8967289
190967738 8967289
190967748 8967289
190967751 8967289
190969092 8967289
190969093 8967289
190970724 8967289
190971224 8967289
190967772 8967292
190970275 8967293
190970453 8967293
190971351 8967295
190966282 8967298
190967884 8967300
190970237 8967302
190964446 8967304
190964448 8967304
190965583 8967308
190966604 8967308
190966605 8967308
190969253 8967308
190969254 8967308
190964243 8967308
190964243 8967857
190970979 8967308
190970979 8967857
190962992 8967309
190965389 8967312
190965390 8967312
190971369 8967317
190968745 8967318
190970282 8967320
190970221 8967323
190965437 8967327
190970901 8967327
190970239 8967329
190965316 8967331
190969130 8967335
190969133 8967338
190964294 8967339
190964297 8967339
190964317 8967339
190964332 8967339
190964335 8967339
190964340 8967339
190964367 8967339
190966010 8967340
190971078 8967347
190971287 8967350
190962825 8967353
190964012 8967355
190964014 8967356
190969779 8967358
190971289 8967358
190964688 8967371
190970825 8967371
190970828 8967371
190971386 8967371
190963251 8967375
190963234 8967377
190963227 8967383
190963233 8967383
190966232 8967383
190964287 8967385
190964289 8967385
190964296 8967385
190967940 8967387
190969795 8967388
190970685 8967389
190967428 8967391
190964579 8967392
190964580 8967392
190964583 8967392
190964585 8967392
190969925 8967392
190964229 8967393
190970027 8967393
190970028 8967393
190964175 8967394
190964199 8967394
190964201 8967394
190963804 8967395
190967599 8967395
190963688 8967397
190970278 8967398
190966237 8967401
190971069 8967404
190966139 8967405
190966140 8967405
190968069 8967407
190968473 8967413
190968474 8967413
190963119 8967415
190964596 8967417
190971186 8967422
190967844 8967425
190967946 8967428
190968372 8967429
190965165 8967430
190970132 8967431
190970134 8967432
190970135 8967433
190963096 8967434
190963317 8967436
190966767 8967439
190966768 8967443
190963129 8967445
190971437 8967448
190965438 8967451
190970535 8967454
190964534 8967457
190964542 8967457
190966346 8967457
190962792 8967459
190969490 8967462
190962827 8967465
190962945 8967465
190962957 8967465
190963094 8967465
190971129 8967465
190963166 8967467
190971140 8967467
190962930 8967470
190965266 8967470
190967665 8967473
190967666 8967473
190967230 8967475
190970779 8967478
190965566 8967480
190964447 8967483
190962659 8967485
190962686 8967485
190963426 8967490
190963446 8967490
190969683 8967493
190963105 8967494
190962763 8967498
190962777 8967498
190962778 8967498
190965541 8967498
190965709 8967498
190962836 8967501
190970266 8967501
190970267 8967501
190962635 8967504
190962919 8967504
190962971 8967504
190964180 8967508
190966640 8967511
190967426 8967513
190967427 8967513
190962873 8967515
190971052 8967522
190963946 8967527
190962660 8967531
190962661 8967531
190969558 8967534
190964127 8967542
190964150 8967542
190964151 8967542
190964164 8967542
190964166 8967542
190964170 8967542
190964173 8967542
190964185 8967542
190964218 8967542
190964221 8967542
190969236 8967542
190971310 8967542
190971314 8967542
190964230 8967547
190962773 8967549
190969631 8967553
190970672 8967556
190962599 8967559
190962735 8967559
190962736 8967559
190963731 8967561
190963948 8967563
190963954 8967563
190964374 8967572
190964374 89905946
190964477 8967572
190964477 89905946
190968485 8967572
190968485 89905946
190969962 8967572
190969962 89905946
190970235 8967572
190970235 89905946
190970364 8967572
190970364 89905946
190970439 8967572
190970439 89905946
190971363 8967572
190971363 89905946
190971364 8967572
190971364 89905946
190968764 8967575
190962969 8967578
190962970 8967578
190965308 8967580
190969634 8967581
190964398 8967582
190969635 8967582
190963396 8967584
190966225 8967584
190966226 8967584
190971212 8967588
190969780 8967590
190969781 8967590
190968439 8967595
190970247 8967597
190970248 8967597
190967847 8967600
190963745 8967602
190971358 8967616
190971360 8967616
190969997 8967619
190962996 8967621
190962928 8967623
190962932 8967623
190970150 8967625
190964598 8967627
190964607 8967627
190970931 8967632
190966378 8967634
190962402 8967637
190962412 8967637
190970643 8967637
190968137 8967646
190966717 8967650
190966841 8967650
190970665 8967650
190971105 8967650
190965449 8967652
190970404 8967653
190965586 8967654
190965592 8967654
190968289 8967654
190963127 8967656
190962954 8967660
190962972 8967660
190962974 8967660
190962975 8967660
190963005 8967660
190970184 8967660
190970185 8967660
190971131 8967660
190963090 8967662
190970687 8967662
190965989 8967664
190963372 8967667
190966306 8967669
190962617 8967674
190969753 8967674
190969754 8967674
190962787 8967677
190962791 8967677
190962793 8967677
190962819 8967677
190962821 8967677
190962824 8967677
190963093 8967677
190963095 8967677
190963098 8967677
190963107 8967677
190966481 8967679
190971153 8967682
190970250 8967684
190967663 8967685
190971272 8967685
190971295 8967685
190967954 8967686
190963735 8967687
190963737 8967687
190963739 8967687
190963740 8967687
190965990 8967688
190962838 8967689
190962857 8967689
190962861 8967689
190970218 8967689
190970975 8967692
190966488 8967697
190968407 8967700
190968774 8967703
190962566 8967704
190971101 8967705
190971143 8967706
190971366 8967707
190964376 8967708
190964377 8967708
190966299 8967709
190968950 8967715
190971164 8967715
190970254 8967718
190970255 8967718
190964673 8967727
190964694 8967727
190967260 8967727
190965304 8967730
190964382 8967734
190963029 8967736
190963136 8967738
190970769 8967740
190966857 8967743
190962913 8967746
190963020 8967746
190970795 8967750
190964033 8967753
190964051 8967753
190964053 8967753
190962744 8967757
190962759 8967757
190962762 8967757
190962764 8967757
190962784 8967757
190962786 8967757
190962826 8967757
190962842 8967757
190962844 8967757
190962847 8967757
190965116 8967757
190967315 8967757
190962333 8967760
190963324 8967762
190965913 8967764
190962587 8967766
190962588 8967771
190966290 8967773
190963785 8967776
190967601 8967776
190967602 8967776
190971278 8967776
190962755 8967779
190971115 8967779
190963270 8967781
190965610 8967785
190966638 8967785
190971342 8967785
190963130 8967787
190968434 8967787
190968435 8967787
190962219 8967791
190962221 8967791
190970531 8967794
190964140 8967796
190964144 8967796
190967967 8967799
190967968 8967799
190971327 8967799
190967829 8967800
190964129 8967801
190964134 8967802
190967668 8967805
190964476 8967806
190968933 8967809
190968932 8967810
190963943 8967814
190963944 8967814
190969742 8967817
190970462 8967817
190965942 8967818
190970912 8967818
190962822 8967819
190962823 8967819
190962829 8967819
190963651 8967820
190963653 8967820
190963483 8967821
190963486 8967821
190971216 8967821
190971219 8967821
190967443 8967822
190968699 8967823
190962657 8967824
190967011 8967826
190963028 8967827
190963055 8967827
190963057 8967827
190971229 8967828
190971031 8967830
190971242 8967831
190965481 8967833
190962853 8967834
190964464 8967835
190967957 8967835
190971376 8967838
190969913 8967840
190962490 8967842
190963721 8967844
190962484 8967846
190968065 8967848
190962477 8967851
190962955 8967852
190969521 8967853
190968739 8967860
190971080 8967860
190971286 8967861
190967017 8967865
190969690 8967865
190969655 8967867
190969694 8967867
190969670 8967872
190969671 8967872
190969681 8967872
190969838 8967872
190962948 8967874
190969561 8967876
190971088 8967880
190963276 8967882
190969785 8967885
190966351 8967889
190966352 8967889
190971355 8967889
190968135 8967891
190962905 8967894
190962907 8967894
190966038 8967898
190963729 8967902
190963945 8967904
190968091 8967906
190968092 8967906
190963988 8967908
190963991 8967908
190969100 8967911
190962543 8967913
190965295 8967915
190969752 8967915
190963709 8967920
190964456 8967922
190970774 8967924
190963406 8967926
190967393 8967926
190963445 8967928
190968400 8967928
190968063 8967931
190966104 8967980
190968408 8967980
190971114 8967980
190964526 8967983
190964528 8967983
190964555 8967983
190964563 8967983
190964584 8967983
190966987 8967983
190966989 8967983
190970800 8967983
190964337 8967985
190964347 8967985
190964351 8967985
190964359 8967985
190971090 8967988
190971091 8967988
190965217 8967990
190970246 8967993
190963329 8967995
190963264 8967996
190970527 8967998
190970546 8967998
190964339 8968001
190969715 8968001
190964417 8968010
190964427 8968010
190964508 8968010
190962896 8968014
190962897 8968014
190962901 8968014
190962918 8968014
190962920 8968014
190965455 8968014
190970676 8968014
190963939 8968016
190962984 8968017
190969484 8968021
190969485 8968021
190963903 8968026
190965984 8968028
190964510 8968030
190962689 8968033
190963021 8968033
190963023 8968033
190963024 8968033
190965127 8968033
190963454 8968039
190963463 8968039
190967723 8968039
190971217 8968039
190971448 8968039
190968737 8968042
190971081 8968042
190970471 8968043
190964458 8968045
190964460 8968045
190964326 8968047
190964330 8968047
190964349 8968047
190964355 8968047
190964357 8968047
190964524 8968049
190968087 8968049
190964561 8968053
190964565 8968053
190964613 8968053
190964623 8968053
190962877 8968054
190971458 8968056
190966266 8968058
190971291 8968058
190965346 8968061
190966310 8968063
190968117 8968063
190964197 8968065
190964203 8968065
190964211 8968065
190967942 8968067
190965875 8968069
190962941 8968071
190965445 8968073
190969400 8968075
190971191 8968075
190963355 8968076
190965141 8968080
190967583 8968080
190967586 8968080
190963706 8968084
190969783 8968084
190969784 8968084
190970533 8968087
190963243 8968088
190963246 8968088
190963248 8968088
190963249 8968088
190963282 8968088
190966854 8968088
190970663 8968088
190970706 8968088
190969107 8968090
190969563 8968090
190969564 8968090
190971298 8968090
190962929 8968099
190962931 8968099
190962937 8968099
190962939 8968099
190964325 8968101
190964331 8968101
190964348 8968101
190964364 8968101
190964373 8968101
190964420 8968105
190969462 8968107
190969904 8968109
190964549 8968110
190968562 8968113
190970816 8968113
190965315 8968115
190970082 8968119
190968930 8968121
190966422 8968122
190964328 8968124
190964345 8968124
190964353 8968124
190964445 8968124
190964449 8968124
190964455 8968124
190965558 8968124
190965559 8968124
190966301 8968127
190963672 8968128
190964426 8968131
190965915 8968134
190971141 8968136
190962647 8968138
190962648 8968138
190962902 8968138
190966337 8968139
190962738 8968140
190965465 8968140
190970889 8968144
190968073 8968145
190966304 8968149
190963793 8968152
190963794 8968152
190968339 8968156
190964049 8968166
190962636 8968168
190962673 8968172
190962706 8968172
190971085 8968175
190971086 8968175
190964419 8968177
190963800 8968181
190963801 8968181
190963813 8968181
190963817 8968181
190963189 8968183
190963225 8968185
190966057 8968190
190966058 8968190
190962361 8968193
190965492 8968195
190970229 8968195
190963712 8968199
190964280 8968202
190965576 8968202
190968333 8968202
190971338 8968202
190966141 8968204
190965629 8968207
190965630 8968207
190965339 8968208
190968470 8968208
190963790 8968210
190967595 8968210
190962301 8968211
190962546 8968212
190963909 8968214
190965286 8968215
190962681 8968219
190964633 8968232
190968295 8968232
190971379 8968232
190969533 8968237
190970167 8968237
190970168 8968237
190970178 8968237
190970567 8968237
190970568 8968237
190970164 8968239
190970166 8968239
190970180 8968239
190970181 8968239
190968705 8968242
190968708 8968242
190963143 8968244
190963732 8968246
190969998 8968248
190962734 8968251
190962751 8968251
190963982 8968253
190966113 8968254
190963678 8968258
190964111 8968260
190966965 8968263
190967290 8968266
190964381 8968269
190964383 8968269
190967330 8968271
190962934 8968273
190962938 8968273
190962944 8968275
190962785 8968276
190967615 8968278
190964664 8968283
190968136 8968283
190968337 8968283
190969739 8968283
190969740 8968283
190963840 8968287
190970151 8968289
190970148 8968290
190964497 8968292
190970811 8968292
190964141 8968295
190969570 8968297
190967673 8968299
190971202 8968304
190963138 8968306
190963150 8968306
190963588 8968306
190970067 8968307
190970183 8968308
190962900 8968310
190964022 8968312
190962746 8968315
190962597 8968317
190969245 8968318
190971082 8968318
190971312 8968318
190969172 8968319
190968974 8968320
190968980 8968320
190971459 8968320
190964416 8968322
190962665 8968326
190962629 8968328
190966011 8968329
190964450 8968332
190962625 8968336
190966860 8968336
190965294 8968343
190969717 8968343
190970699 8968343
190971168 8968343
190971169 8968343
190967582 8968345
190963360 8968347
190963555 8968349
190968667 8968351
190970723 8968359
190971189 8968359
190967687 8968362
190967012 8968364
190963131 8968367
190964620 8968368
190970244 8968371
190970245 8968371
190967368 8968372
190968438 8968372
190967839 8968378
190967843 8968378
190967846 8968378
190964396 8968380
190964344 8968382
190964191 8968383
190970803 8968383
190968278 8968384
190971074 8968390
190970793 8968398
190964003 8968401
190964008 8968401
190963217 8968406
190968495 8968408
190970505 8968408
190969108 8968409
190966246 8968411
190966247 8968411
190970213 8968414
190968487 8968416
190962921 8968419
190962977 8968419
190970936 8968419
190971095 8968419
190968498 8968422
190968499 8968422
190964143 8968424
190963323 8968427
190968459 8968427
190963505 8968444
190969929 8968445
190962890 8968446
190962892 8968446
190962894 8968446
190971454 8968446
190970232 8968452
190970441 8968452
190964126 8968454
190964149 8968454
190971326 8968454
190967670 8968455
190968741 8968456
190963548 8968458
190962593 8968460
190965464 8968460
190970506 8968462
190966596 8968464
190964362 8968468
190964366 8968468
190967888 8968468
190962789 8968470
190962820 8968470
190962828 8968470
190962841 8968470
190963929 8968474
190967009 8968474
190970888 8968478
190962753 8968483
190962756 8968483
190962765 8968483
190962783 8968483
190962788 8968483
190962790 8968483
190962956 8968483
190969755 8968485
190968402 8968486
190971221 8968486
190968417 8968488
190963197 8968499
190966849 8968499
190962381 8968505
190971043 8968505
190971051 8968505
190963906 8968508
190963908 8968508
190966258 8968508
190971288 8968508
190962630 8968514
190962631 8968514
190962637 8968514
190962649 8968514
190962650 8968514
190962651 8968514
190962653 8968514
190962655 8968514
190962678 8968514
190966243 8968515
190965487 8968516
190971425 8968519
190971225 8968521
190967803 8968522
190965153 8968597
190968424 8968597
190971305 8968597
190964375 8968616
190964380 8968616
190964466 8968616
190964597 8968618
190964165 8968622
190971331 8968622
190971332 8968622
190964556 8968624
190969921 8968624
190964231 8968625
190968110 8968627
190969914 8968627
190971100 8968630
190971038 8968633
190968492 8968635
190971027 8968635
190969856 8968638
190967008 8968640
190966210 8968641
190969126 8968644
190969632 8968644
190969633 8968644
190964322 8968648
190962936 8968651
190965261 8968651
190963826 8968654
190967871 8968657
190963795 8968658
190971151 8968660
190970234 8968662
190969466 8968664
190963834 8968666
190963809 8968668
190963859 8968668
190964470 8968670
190963552 8968672
190963554 8968672
190963556 8968672
190963391 8968674
190963392 8968676
190963394 8968676
190971433 8968678
190962570 8968679
190963799 8968680
190963819 8968680
190967589 8968680
190963368 8968686
190971175 8968686
190963260 8968689
190963312 8968689
190970461 8968689
190963027 8968693
190964135 8968697
190966967 8968699
190971057 8968706
190967783 8968708
190963133 8968710
190966174 8968710
190970691 8968710
190971192 8968713
190967372 8968714
190970786 8968718
190962690 8968720
190964139 8968723
190967832 8968723
190967767 8968728
190967768 8968728
190970170 8968733
190971470 8968733
190971282 8968735
190971284 8968735
190968356 8968740
190964318 8968741
190971297 8968754
190963690 8968758
190966877 8968761
190967953 8968763
190968475 8968765
190963713 8968767
190963717 8968767
190963719 8968767
190963720 8968767
190971159 8968771
190971432 8968771
190967540 8968773
190967541 8968773
190964142 8968775
190970143 8968777
190970144 8968777
190962654 8968779
190965633 8968782
190965568 8968785
190965569 8968785
190964290 8968788
190965608 8968788
190966616 8968788
190966635 8968788
190971417 8968788
190963092 8968790
190962973 8968791
190962679 8968794
190966134 8968794
190970887 8968797
190964600 8968801
190964316 8968802
190964321 8968802
190964329 8968802
190964350 8968802
190964352 8968802
190964371 8968802
190964463 8968802
190963992 8968804
190962906 8968806
190963408 8968808
190967399 8968808
190968706 8968811
190968707 8968811
190971461 8968811
190968493 8968813
190968494 8968813
190964160 8968814
190962533 8968818
190965490 8968818
190965491 8968818
190971083 8968818
190964041 8968841
190967793 8968841
190971306 8968841
190971307 8968841
190971309 8968841
190963383 8968847
190963386 8968847
190965221 8968847
190967764 8968847
190970671 8968850
190962222 8968864
190962314 8968864
190966175 8968867
190963814 8968871
190963828 8968871
190966883 8968871
190965557 8968874
190969679 8968875
190962542 8968877
190962544 8968877
190963747 8968879
190962833 8968885
190963326 8968888
190966831 8968888
190971111 8968888
190963231 8968890
190963245 8968890
190964457 8968899
190970365 8968899
190970366 8968899
190968460 8968901
190966303 8968902
190969394 8968903
190968340 8968910
190968507 8968910
190970077 8968910
190970696 8968910
190970920 8968910
190970923 8968910
190971060 8968910
190971165 8968910
190970767 8968913
190970768 8968916
190968394 8968918
190965570 8968920
190963240 8968924
190963241 8968924
190965135 8968924
190965526 8968924
190966098 8968925
190969852 8968926
190964161 8968927
190969119 8968930
190969924 8968930
190965203 8968952
190965206 8968952
190965209 8968952
190965213 8968952
190969117 8968952
190971303 8968952
190971321 8968952
190970193 8968955
190963926 8968961
190963928 8968961
190963955 8968961
190963978 8968961
190970219 8968961
190970220 8968961
190963169 8968963
190963171 8968963
190962752 8968965
190962754 8968965
190963170 8968968
190963172 8968968
190971207 8968973
190968477 8968974
190965873 8968975
190965874 8968975
190964494 8968977
190967897 8968977
190970440 8968977
190970451 8968977
190971348 8968977
190966382 8968978
190966363 8968981
190971350 8968981
190963414 8968984
190963417 8968984
190963419 8968984
190963425 8968984
190967594 8968985
190967597 8968985
190967603 8968985
190967611 8968985
190967612 8968985
190964525 8968986
190966364 8968989
190964614 8968990
190962851 8968991
190971124 8968991
190969791 8968992
190963810 8968993
190971176 8968995
190967005 8969002
190968991 8969004
190969936 8969006
190969937 8969006
190969939 8969006
190969940 8969006
190964533 8969009
190964573 8969009
190964586 8969009
190964592 8969009
190968094 8969009
190968095 8969009
190964361 8969011
190964363 8969011
190964370 8969011
190964452 8969011
190964333 8969013
190964368 8969014
190970264 8969016
190971196 8969016
190967955 8969018
190971373 8969020
190969900 8969025
190964575 8969028
190968105 8969028
190968106 8969028
190967894 8969030
190962632 8969033
190962634 8969033
190971099 8969033
190971171 8969038
190966370 8969042
190965251 8969045
190965252 8969045
190966184 8969045
190962536 8969048
190962579 8969048
190965469 8969048
190962776 8969050
190969744 8969056
190963825 8969058
190963827 8969058
190963832 8969058
190963835 8969058
190963860 8969058
190963551 8969060
190970277 8969062
190962830 8969064
190962691 8969067
190962693 8969067
190968441 8969067
190963573 8969070
190968939 8969070
190971243 8969070
190971136 8969073
190971137 8969073
190967553 8969075
190963145 8969078
