207030875 8975011
193064927 8975013
193064930 8975013
207030537 8975015
193082464 8975018
193082476 8975018
193081485 8975020
207030538 8975023
207030545 8975023
207030547 8975023
207030548 8975023
207030553 8975023
207030554 8975023
207031650 8975023
207030556 8975026
207030532 8975027
207030497 8975031
207030498 8975031
207030871 8975032
207029957 8975033
207030974 8975034
207028926 8975042
207029861 8975042
207030819 8975042
207030820 8975042
207030821 8975042
207031578 8975042
207028964 8975044
207029863 8975044
193081759 8975046
193081783 8975046
193081784 8975046
207028947 8975047
207028423 8975049
207028449 8975049
207031881 8975049
207029520 8975051
207030881 8975053
193071298 8975055
193071304 8975055
193071305 8975055
207030845 8975055
207030846 8975055
207031723 8975056
207029031 8975061
193065736 8975068
207029781 8975068
207030372 8975068
207030373 8975068
193082046 8975071
193078881 8975073
193078872 8975076
193078882 8975076
193078884 8975076
193078885 8975076
193082087 8975079
207029095 8975081
193080612 8975083
207031660 8975083
193082465 8975084
193082466 8975084
193082130 8975086
193082136 8975088
207031060 8975092
207031061 8975092
207031062 8975093
207031067 8975096
207029053 8975097
207031040 8975098
207031044 8975099
207031049 8975101
207029355 8975104
207029356 8975104
207029359 8975104
207029360 8975104
207030883 8975104
207029361 8975105
207029357 8975106
207029363 8975106
207029366 8975106
207029367 8975108
207029368 8975108
207029369 8975111
207031018 8975113
207031020 8975113
193082949 8975114
193082958 8975114
193082959 8975114
207031002 8975116
207031004 8975116
207031023 8975116
207031024 8975116
207031025 8975118
207031028 8975118
193082512 8975121
193084061 8975124
193084073 8975124
193084074 8975124
193081671 8975126
207031664 8975126
207029341 8975130
207029351 8975130
207031559 8975131
207031226 8975134
207029129 8975136
207031752 8975137
207030690 8975139
207031753 8975139
207031008 8975140
207031011 8975140
207030837 8975143
207031757 8975143
207031758 8975145
207028682 8975146
207031759 8975146
207029322 8975147
193082835 8975151
193082917 8975151
207030991 8975151
207031050 8975151
207031051 8975151
193062927 8975153
207030423 8975155
207030429 8975155
207031622 8975155
193084033 8975157
207030411 8975159
207030412 8975159
207030415 8975159
207030416 8975159
207031623 8975159
207031516 8975163
207028673 8975167
207028690 8975167
207028703 8975167
207028719 8975167
207031717 8975167
207031718 8975167
207031900 8975167
193084101 8975170
193079250 8975172
193079253 8975174
193081780 8975177
193081791 8975177
193081797 8975177
193064933 8975178
193064935 8975179
207030390 8975180
207030393 8975182
207030394 8975183
207028695 8975184
193081771 8975187
193081772 8975187
193081774 8975187
193081775 8975187
193081773 8975189
193064918 8975190
207030593 8975192
207030596 8975193
207030486 8975195
207030374 8975196
193083297 8975199
207030489 8975200
207030379 8975202
207030382 8975202
207030385 8975202
207030386 8975202
193083303 8975206
193083338 8975206
193083352 8975206
193083353 8975206
193083377 8975206
207030657 8975206
207030658 8975206
207030681 8975206
207030682 8975206
207028982 8975208
207028983 8975210
207028990 8975210
207030686 8975211
207028911 8975213
207028988 8975213
207028989 8975213
207030817 8975213
193083339 8975215
207030687 8975215
207031701 8975215
193083273 8975217
207030464 8975220
207030577 8975223
207030467 8975225
193083279 8975228
207030884 8975230
207030549 8975232
207030550 8975232
207030775 8975234
207030888 8975236
207030551 8975238
207030552 8975238
207028968 8975241
193083366 8975243
207030555 8975245
207030559 8975248
193083249 8975251
193083258 8975251
207028397 8975253
207028415 8975253
207030749 8975256
207030750 8975256
207030751 8975258
207030866 8975261
207031902 8975261
207030007 8975262
207030420 8975263
207030758 8975265
207030759 8975265
207030762 8975265
207030763 8975265
207030418 8975266
207030421 8975266
207030426 8975266
207030427 8975266
207028723 8975268
193083234 8975271
193083239 8975272
207030953 8975273
193083616 8975276
193083636 8975276
193083644 8975276
193083652 8975276
193083669 8975276
193083670 8975276
207030730 8975278
193083657 8975280
193083664 8975280
193083665 8975280
207030734 8975283
207030735 8975283
193083321 8975284
207030705 8975284
207030736 8975285
193083317 8975287
193083322 8975287
193083323 8975287
207028925 8975288
207030739 8975289
207030401 8975290
207030515 8975292
207030629 8975294
207030634 8975294
207030408 8975295
207030822 8975296
207030711 8975297
193083637 8975298
207030826 8975299
207030828 8975299
207030714 8975301
207030827 8975302
193070520 8975303
207030804 8975305
193083704 8975307
193083709 8975308
193082090 8975309
193078877 8975310
193078878 8975310
207031094 8975311
193080622 8975312
193080628 8975315
207029191 8975317
207029194 8975317
207031071 8975320
207031072 8975320
193082899 8975321
193082562 8975323
193082450 8975324
193082563 8975325
193082564 8975325
193082459 8975326
193082012 8975327
207031811 8975327
193082872 8975328
207029176 8975329
193082877 8975330
207031054 8975331
207031057 8975331
207029068 8975332
207031058 8975333
207031059 8975333
193082500 8975335
207031696 8975335
193082960 8975336
193082102 8975337
207029040 8975338
207029777 8975338
207029041 8975339
193082107 8975341
207031031 8975342
207031034 8975343
193084081 8975344
193084082 8975344
207028392 8975345
207031897 8975345
207031898 8975346
207029332 8975347
207029352 8975347
207029353 8975348
207031014 8975349
193082501 8975350
207031652 8975351
207031019 8975352
193082508 8975353
207029860 8975354
207029118 8975355
207029951 8975356
193083371 8975357
207029952 8975357
207029953 8975357
207029958 8975358
207030812 8975359
207031924 8975359
207031700 8975360
207031702 8975361
207031705 8975362
193083647 8975364
193083653 8975364
193083661 8975364
193083668 8975364
207031709 8975364
207031901 8975365
193079796 8975366
193081692 8975367
193081696 8975368
193081781 8975369
193081782 8975370
193064928 8975371
193064929 8975372
207030492 8975373
207030381 8975375
207030384 8975376
207030387 8975378
193081768 8975379
193081769 8975379
207030692 8975380
207030693 8975380
207028992 8975381
193083305 8975382
193083308 8975382
193083335 8975382
193083350 8975382
193083355 8975382
193083356 8975382
207030695 8975382
207030696 8975382
207030583 8975383
207030473 8975384
207030474 8975384
207030475 8975385
207030365 8975386
207030368 8975386
207030366 8975387
207030478 8975388
207030367 8975389
207030369 8975389
207030891 8975390
207030780 8975391
207030894 8975392
193081746 8975393
193081749 8975394
207030897 8975395
193079938 8975396
193079939 8975396
207028865 8975397
193083264 8975398
207030457 8975400
207030870 8975401
207030015 8975402
193081503 8975403
207030764 8975404
207028954 8975405
207030430 8975406
193083245 8975407
207030851 8975408
207030742 8975409
207030745 8975410
193083220 8975411
207030413 8975412
193083642 8975413
193083646 8975413
193083312 8975414
193083204 8975415
207030813 8975416
207030814 8975417
207030815 8975417
207030702 8975418
207030703 8975418
207030900 8975419
193083603 8975420
207030906 8975421
193081787 8975422
193082076 8975423
207028435 8975424
207031877 8975424
207031919 8975425
193081770 8975426
207030683 8975427
193083590 8975428
193064950 8975429
193067202 8975430
193067213 8975430
193067229 8975430
193067230 8975430
193067234 8975430
193078976 8975430
193078977 8975430
193067196 8975432
193067198 8975432
193067201 8975432
193067216 8975432
193067197 8975433
193072120 8975434
193072122 8975438
207029858 8975440
207030942 8975440
207031565 8975447
193071931 8975451
193081684 8975455
193081685 8975455
207030589 8975455
207030590 8975455
207030591 8975457
207030592 8975457
207028905 8975459
193064936 8975462
193064937 8975462
207030995 8975465
207031000 8975465
207031006 8975465
207031012 8975465
207031015 8975465
207031021 8975465
207031029 8975465
207031030 8975465
193071012 8975467
207030887 8975467
207030890 8975467
207030892 8975467
207030893 8975467
207028696 8975469
207028699 8975470
207028705 8975472
193079792 8975475
207028668 8975477
207031667 8975479
207030760 8975480
193081989 8975483
207029121 8975484
207029101 8975488
207029174 8975488
207029175 8975488
207029778 8975488
207030853 8975488
207030854 8975488
207031052 8975490
207031053 8975490
193082926 8975495
193082945 8975495
193082954 8975495
207030998 8975495
207031009 8975495
207031010 8975495
207031026 8975495
207031032 8975495
207031033 8975495
207031039 8975495
207031042 8975495
207031698 8975495
207031699 8975495
207029842 8975498
207030479 8975498
207030480 8975498
207030483 8975499
193082871 8975503
193082882 8975503
193082912 8975503
193082913 8975503
193080356 8975504
207028935 8975506
193064923 8975509
207029518 8975511
193082483 8975514
193081520 8975519
207030020 8975519
207030021 8975519
207031663 8975519
193081538 8975522
193081527 8975524
207029100 8975527
207030468 8975529
207030476 8975529
207031751 8975529
193071014 8975531
207028692 8975532
193083602 8975534
207030728 8975534
207031567 8975536
207031069 8975539
193065418 8975544
193065420 8975544
193072451 8975544
207030567 8975544
207031679 8975544
207030540 8975546
207031903 8975548
193065773 8975550
193065775 8975550
193082463 8975551
193082127 8975554
193082133 8975554
207028400 8975556
207028401 8975556
193083973 8975558
207029949 8975561
207029950 8975561
207031754 8975561
193079831 8975564
193082073 8975566
207029092 8975567
207029134 8975567
207029149 8975572
207031880 8975572
207029148 8975574
193084083 8975576
207031079 8975577
207031084 8975577
193081753 8975579
193081754 8975579
193081766 8975579
207029517 8975580
193083612 8975581
193083615 8975581
207030648 8975584
207031570 8975584
207031720 8975587
207030529 8975590
207031651 8975590
207029076 8975595
207029084 8975595
207029178 8975595
207029065 8975597
193071016 8975599
193082095 8975600
193082096 8975600
207031896 8975602
193079906 8975603
207030847 8975604
207030848 8975604
207031574 8975606
207031589 8975606
207031577 8975608
193064942 8975614
207029321 8975614
207029348 8975614
207030898 8975614
207030899 8975614
207029870 8975615
207029872 8975615
207029873 8975615
193080629 8975616
207030482 8975616
207030485 8975616
207030488 8975616
207030490 8975616
207030491 8975616
207031750 8975616
207030880 8975619
207030825 8975623
193071648 8975624
193071649 8975624
207031920 8975626
207031923 8975626
207030499 8975628
207030500 8975628
193083529 8975633
193083685 8975633
207030732 8975633
207030737 8975633
207030738 8975633
207030741 8975633
207030744 8975633
207030746 8975633
207030747 8975633
207030562 8975637
193080615 8975638
207031222 8975640
207031760 8975642
207031764 8975645
207031768 8975647
193071300 8975648
193071301 8975648
207030975 8975651
207030976 8975651
207030986 8975651
207031083 8975651
207031386 8975651
207031387 8975651
193082455 8975653
193082462 8975653
193082451 8975656
207031227 8975656
207031231 8975656
207031385 8975657
193080368 8975658
207031616 8975658
207029067 8975659
207029775 8975659
207029776 8975659
207030874 8975659
207031728 8975659
207030661 8975660
207030675 8975660
207030678 8975660
207030684 8975660
207030685 8975660
193081790 8975661
207031568 8975662
193084092 8975663
207030960 8975664
207030967 8975664
207030968 8975664
207030586 8975666
207031668 8975666
207029947 8975667
207031063 8975667
207031064 8975667
193079836 8975670
207030543 8975672
207028687 8975673
207028693 8975673
207028697 8975673
207028698 8975673
207030691 8975675
207030694 8975675
207030707 8975675
207030708 8975675
207030712 8975675
207030715 8975675
207030656 8975677
207030769 8975679
207030957 8975681
207031070 8975683
207028981 8975687
207031719 8975687
207028906 8975690
207029868 8975690
207031722 8975690
207029933 8975693
207030717 8975694
193083309 8975696
193080605 8975700
193080624 8975700
207031526 8975700
193079802 8975701
193079824 8975701
207031358 8975702
207028965 8975703
193082947 8975704
193082956 8975704
193082957 8975704
207029533 8975706
207030964 8975706
207031074 8975706
207031085 8975706
207031087 8975706
207031088 8975706
207031091 8975706
207031384 8975706
207028472 8975710
207028475 8975710
207028478 8975710
207031882 8975710
207031899 8975710
193083639 8975713
193083641 8975713
193083655 8975713
193083656 8975713
207029180 8975715
207030633 8975718
207030636 8975718
193082941 8975720
207030770 8975723
207031089 8975725
207030878 8975727
207031740 8975730
193082074 8975732
193082077 8975732
193082078 8975732
193067102 8975736
193072107 8975736
193066759 8975741
193072065 8975741
207030608 8975745
207031908 8975745
193062911 8975754
193067131 8975754
193082142 8975755
207030580 8975758
193064943 8975760
207030895 8975760
207030896 8975760
207028949 8975761
207028952 8975763
207029144 8975765
193082094 8975767
193082108 8975767
207031560 8975767
207031681 8975767
193080614 8975769
207031773 8975770
193084080 8975773
207029130 8975774
207029954 8975776
207031904 8975778
207030495 8975780
207030496 8975780
207028706 8975782
207030907 8975782
207029122 8975783
207029123 8975783
207029125 8975783
207029171 8975783
207030504 8975785
207030507 8975785
207030510 8975785
207030511 8975785
207030513 8975785
207030514 8975785
207030833 8975787
207031876 8975787
207028966 8975789
207030816 8975789
193065701 8975795
193065732 8975795
207030169 8975795
193065739 8975797
207031075 8975804
207031739 8975804
207031409 8975807
193068601 8975810
193072097 8975812
193079307 8975812
193079308 8975812
193065299 8975821
193065304 8975821
193065306 8975821
193065313 8975821
193065512 8975821
193065654 8975821
193079145 8975821
193079146 8975821
193079155 8975821
193079156 8975821
207031216 8975821
207031254 8975821
193065341 8975826
193065651 8975827
193065653 8975827
193079153 8975827
207029541 8975827
193065303 8975836
193065443 8975836
193065449 8975836
193067822 8975836
193067847 8975836
207030455 8975836
207030456 8975836
193065725 8975839
193067115 8975840
193079804 8975844
207030176 8975844
207031654 8975844
207031927 8975844
193082506 8975847
207030823 8975848
207030824 8975848
207030646 8975849
193070517 8975850
193081645 8975850
193081646 8975850
193081648 8975850
193081656 8975850
193081689 8975850
193081695 8975850
193081740 8975850
193081744 8975850
193081747 8975850
207030028 8975850
207030029 8975850
207030594 8975850
207030595 8975850
207031669 8975850
207031671 8975850
207031672 8975850
207031674 8975850
207031676 8975850
193065372 8975857
193081501 8975857
193081505 8975857
207030013 8975857
207030560 8975857
207030564 8975857
207031492 8975857
207031493 8975857
193083617 8975859
207030774 8975861
207031875 8975863
193065718 8975865
193065719 8975865
193065721 8975865
193071294 8975867
193071295 8975867
207030772 8975869
207030773 8975869
193084077 8975871
207030985 8975873
193071306 8975876
193071307 8975876
207028962 8975878
207030798 8975878
207030872 8975880
207029189 8975881
207029190 8975881
193064931 8975884
193064932 8975884
193064934 8975884
193082079 8975885
207030674 8975887
193082853 8975891
193082898 8975891
193082961 8975891
193082964 8975891
207031055 8975891
207031056 8975891
207031065 8975891
207031066 8975891
207031694 8975891
193079828 8975894
193079830 8975894
193082509 8975896
193079807 8975898
193079936 8975898
193079937 8975898
207028974 8975900
207030767 8975903
207030768 8975903
207030979 8975905
207028447 8975909
207031884 8975909
193064951 8975912
193064979 8975912
207030727 8975914
207030729 8975916
193079940 8975919
207028438 8975921
207028446 8975921
207030834 8975921
207031883 8975921
207030990 8975922
207029528 8975924
207029160 8975928
207029172 8975928
207029173 8975928
207030868 8975928
207031906 8975928
193084078 8975931
193084079 8975931
193081765 8975932
193065774 8975937
207030579 8975940
207030581 8975940
207030582 8975940
207031680 8975940
207031576 8975942
207030587 8975944
207030959 8975945
207028702 8975946
207030647 8975949
207030565 8975952
207028526 8975953
207028527 8975953
207028533 8975953
207031775 8975953
207030969 8975955
193083673 8975956
207030625 8975957
