190778892 133747860
190778892 8989191
190778893 133747860
190778893 8989191
190778920 133747860
190778920 8989191
190782675 133747860
190782675 8989191
190782676 133747860
190782676 8989191
190789354 133747860
190789354 8989191
190789355 133747860
190789355 8989191
207119736 133747860
207119736 8989191
190782619 133762482
190782619 8991523
190782622 133762482
190782622 8991523
190789323 133762482
190789323 8991523
190789324 133762482
190789324 8991523
207120366 137311090
207120366 8990343
190782629 163460941
190782629 8991207
190782630 163460941
190782630 8991207
190778985 188837165
190778985 8989239
190784055 188837165
190784055 8989239
190789138 53543136
190789138 8991537
190789205 64125845
190789205 8991126
190789302 64125845
190789302 8991126
190786669 8989149
190791164 8989152
207120242 8989152
207120244 8989152
190783402 8989154
190791028 8989157
207120238 8989157
190788180 8989159
190788195 8989159
190788801 8989159
190788802 8989159
190788268 8989162
190782679 8989163
190787264 8989164
190783417 8989167
190783421 8989167
190786663 8989167
207119708 8989167
207119844 8989167
190786665 8989171
190786670 8989171
190789359 8989171
190789360 8989171
190782924 8989179
190782981 8989179
190787897 8989186
190787898 8989186
190790729 8989188
190789350 8989189
190790944 8989194
190790945 8989194
190777538 8989203
190789515 8989203
190791030 8989203
207120488 8989203
207120543 8989203
190790844 8989205
190788570 8989207
190778903 8989210
190782624 8989210
190782625 8989210
207119735 8989210
190778972 8989216
190778992 8989216
190788173 8989218
190786552 8989222
190786555 8989222
207120616 8989222
207120617 8989222
190777898 8989225
190777899 8989225
190788886 8989226
190788887 8989226
190790352 8989226
190778984 8989230
190790481 8989244
190791270 8989244
190791271 8989244
190791272 8989250
190791091 8989264
190791098 8989264
190791126 8989264
190791129 8989264
190791160 8989264
190791161 8989264
207120247 8989264
207120252 8989264
190789061 8989269
207119912 8989271
190791162 8989274
190789064 8989276
190789176 8989280
190789177 8989280
190789178 8989280
190791165 8989283
190791168 8989284
190789068 8989287
190778937 8989306
190784041 8989306
190791227 8989319
190791245 8989319
190791250 8989319
207120230 8989319
190791251 8989324
190791141 8989326
190791031 8989329
190791146 8989335
190791034 8989340
190789047 8989344
190789048 8989344
190791148 8989346
190791149 8989346
190789463 8989349
190789464 8989349
190778830 8989351
190789467 8989352
190789468 8989353
190789132 8989355
190789133 8989355
190788016 8989358
190791210 8989358
190791219 8989358
190791233 8989358
190791234 8989358
207120094 8989358
207120650 8989358
190789134 8989359
190791123 8989363
190791019 8989365
190789129 8989368
207120051 8989368
190782670 8989370
190789649 8989371
190789313 8989377
190789314 8989377
207120696 8989389
190790783 8989393
190790786 8989393
207120697 8989393
207120698 8989395
190789727 8989397
190789729 8989397
190789730 8989397
207120708 8989397
190789731 8989399
207120250 8989400
190791130 8989403
207120243 8989403
207120251 8989403
190789733 8989405
207120365 8989406
207120255 8989412
190789739 8989413
190789741 8989413
207120038 8989414
207120672 8989417
207120676 8989420
207120235 8989424
190790536 8989433
190790547 8989433
207120348 8989433
207119484 8989439
207120651 8989439
207120654 8989445
190786781 8989446
190786766 8989448
190786769 8989448
190786772 8989448
190786775 8989448
190786779 8989448
190786782 8989448
190786784 8989449
190786785 8989449
207120211 8989452
190790721 8989454
207120217 8989454
207120219 8989457
190790570 8989462
207120107 8989462
190782616 8989465
190782617 8989466
190782618 8989469
190786984 8989471
190787045 8989471
190787046 8989471
190790768 8989471
190790769 8989471
190786768 8989472
190777473 8989474
190786314 8989477
190786323 8989477
190786324 8989477
207120608 8989477
190786211 8989480
190786214 8989480
190786217 8989480
190786220 8989480
190786221 8989480
190790496 8989485
190790497 8989485
190788284 8989486
190788285 8989486
190786325 8989488
190786326 8989488
190786213 8989489
190790498 8989491
190788286 8989493
190786216 8989494
190786219 8989495
190788595 8989497
190790696 8989498
190790697 8989498
190790470 8989501
190790584 8989515
190790589 8989515
190790595 8989515
190790601 8989515
190790602 8989515
190790663 8989515
207119524 8989515
207119765 8989515
207119766 8989515
207119767 8989515
190790585 8989518
190790474 8989520
190790588 8989521
190788269 8989526
190790891 8989530
190790892 8989530
207120225 8989530
190790893 8989532
190790894 8989536
190790895 8989536
190790529 8989539
190790560 8989539
190790561 8989539
207119504 8989539
190790788 8989541
190788350 8989542
190790789 8989544
190777543 8989546
190777544 8989546
190790567 8989549
190790568 8989549
207119880 8989549
190779280 8989551
190788243 8989552
190788247 8989554
190790981 8989556
190788881 8989558
190779063 8989561
190790871 8989563
190790759 8989569
190790760 8989569
190779058 8989572
190779065 8989572
190790987 8989575
190790650 8989578
190779053 8989580
190779057 8989580
190779067 8989580
190782599 8989580
207120265 8989580
190790876 8989582
190779590 8989584
190788970 8989585
190788338 8989587
190788339 8989587
190788972 8989588
190779040 8989590
190790850 8989592
190788977 8989594
190790853 8989598
190790966 8989600
190790999 8989600
190788489 8989609
190790741 8989609
207119773 8989609
190790742 8989612
190790856 8989613
190790631 8989615
190790745 8989616
190790746 8989616
190790859 8989618
190790747 8989620
190788311 8989623
190788312 8989626
190788951 8989629
190789762 8989629
190779020 8989633
190779026 8989633
190790942 8989636
190790943 8989636
190788842 8989637
190790830 8989641
190779023 8989643
190784064 8989643
190790720 8989644
190779024 8989646
190779025 8989648
190790835 8989651
190790724 8989653
190790838 8989657
190790501 8989659
190790728 8989662
190788933 8989664
190790922 8989668
207120229 8989668
190790700 8989669
190790929 8989674
190790704 8989676
190790818 8989678
190790707 8989681
190790901 8989684
190788917 8989688
190788920 8989688
190788921 8989688
190788919 8989690
190783150 8989692
190787111 8989692
190787398 8989697
190790574 8989700
207119470 8989700
190783468 8989702
190783469 8989702
190787047 8989704
190788345 8989706
207119985 8989706
207119986 8989706
190787769 8989709
190787774 8989709
190787775 8989713
190787776 8989713
207119964 8989717
190787225 8989719
190787226 8989719
190785901 8989722
190787973 8989725
190787974 8989725
190787227 8989727
190787975 8989730
190787869 8989734
190787872 8989734
190787420 8989736
190789098 8989741
190778065 8989748
190778993 8989751
190778994 8989754
190787732 8989755
190787733 8989755
190787734 8989758
190789181 8989761
190791171 8989763
190789074 8989767
190791174 8989770
190787517 8989771
190787406 8989773
190787409 8989776
190778225 8989778
190778116 8989781
190789051 8989783
190789165 8989785
190791159 8989788
190789586 8989791
190778954 8989794
190789142 8989795
190789367 8989798
190789031 8989802
207120044 8989802
207120045 8989802
190791135 8989804
190791026 8989805
190789562 8989808
190778936 8989810
190789127 8989812
190791004 8989814
190791118 8989817
207120248 8989817
190789653 8989821
190789654 8989824
190789655 8989824
190784300 8989826
190789107 8989830
190789108 8989830
207120261 8989831
207120262 8989835
207120264 8989840
190782662 8989845
190782663 8989845
190782664 8989848
207120046 8989850
190789728 8989853
207120249 8989858
190782648 8989862
190788581 8989864
207120551 8989864
190786680 8989867
190786681 8989867
190786682 8989870
190782623 8989871
190786771 8989874
190786774 8989875
190786777 8989878
190786778 8989878
207120316 8989887
190786222 8989890
190782914 8989894
190788492 8989897
190790592 8989903
190790593 8989903
190790594 8989907
190790598 8989910
190777468 8989914
190777550 8989917
190777552 8989917
190790572 8989919
190790689 8989928
190788589 8989948
190790463 8989954
190790464 8989954
190777447 8989961
190777449 8989961
190790993 8989964
190790996 8989968
190790997 8989968
190788898 8989971
190790998 8989972
190788565 8989975
190788346 8989977
190788121 8989980
190788349 8989982
190779051 8989983
190788986 8989986
190779054 8989988
190790862 8989991
190788017 8989994
190790865 8990000
190790640 8990005
190790641 8990005
190777620 8990015
190790533 8990023
207119864 8990023
190790647 8990032
190788324 8990035
190779143 8990080
190779145 8990080
190779149 8990080
190779031 8990084
190790953 8990087
190790954 8990087
190790955 8990089
190779036 8990091
190790621 8990094
190790847 8990095
190790735 8990098
190790624 8990101
190790738 8990104
190790625 8990106
190790628 8990107
190790933 8990111
190790939 8990111
190790821 8990114
190790710 8990118
190790936 8990122
190790937 8990122
190790938 8990125
190790600 8990128
190790603 8990130
190788924 8990132
190790806 8990136
190790809 8990140
190787091 8990143
190783467 8990145
190783470 8990145
190783471 8990145
190783472 8990146
190787492 8990151
190787493 8990151
190787497 8990154
190783149 8990156
190783925 8990156
190787056 8990159
207119992 8990162
190783347 8990163
190785937 8990168
190787237 8990170
190787011 8990173
207119312 8990177
190783419 8990180
190791094 8990183
190791095 8990183
190791096 8990185
190787742 8990186
190789080 8990189
190789081 8990189
190789194 8990191
190789195 8990193
190789083 8990195
190789084 8990195
190787412 8990198
190789087 8990200
190787417 8990203
190789088 8990205
190787305 8990208
190791077 8990210
190789148 8990213
207119805 8990220
207120050 8990220
207120053 8990220
190786493 8990223
207119908 8990223
190786495 8990225
190786444 8990227
190783413 8990229
190783414 8990229
190786449 8990231
190789174 8990231
190789175 8990234
190789184 8990236
190778211 8990268
190778212 8990268
190778241 8990268
190783954 8990268
190789164 8990268
190789192 8990268
190789418 8990268
190789647 8990268
190789648 8990268
207120605 8990268
207120606 8990268
190789189 8990272
190777556 8990279
190791080 8990287
207120584 8990287
207120585 8990287
207120601 8990287
190777653 8990298
190777654 8990298
190777656 8990298
190788175 8990298
190785763 8990303
207120082 8990303
207120703 8990303
190790502 8990309
190790503 8990309
207120020 8990309
207120022 8990309
190789439 8990316
207119931 8990316
207120599 8990316
190789095 8990319
190788968 8990321
190788980 8990321
190788982 8990321
190788983 8990321
190778827 8990323
190778868 8990323
190778875 8990323
190778878 8990323
190778879 8990323
190778884 8990323
190778886 8990323
190790799 8990327
190790833 8990327
207120222 8990327
207120223 8990327
207120675 8990329
190787026 8990334
190787042 8990334
190787062 8990334
190787072 8990334
190791185 8990334
190791186 8990334
190789322 8990337
190779060 8990346
190779062 8990346
190779066 8990346
190790959 8990350
207119952 8990350
190782649 8990353
190789347 8990353
190789054 8990355
190780150 8990357
190780153 8990357
190780159 8990357
190789003 8990357
207120040 8990357
190790908 8990364
190788962 8990366
190790765 8990368
190777609 8990373
190777619 8990373
190777621 8990373
190788289 8990377
190786666 8990381
190789364 8990384
190778798 8990387
190778847 8990387
190778872 8990387
190778874 8990387
190785710 8990397
190785874 8990397
190785875 8990397
207119849 8990397
190790785 8990401
207119477 8990401
207119820 8990401
207119309 8990407
190783391 8990410
190789202 8990413
190778898 8990417
190787060 8990419
190787071 8990419
190789358 8990421
190788354 8990424
190788235 8990433
190788259 8990433
190788261 8990433
190788266 8990433
190788270 8990433
190788279 8990433
190788322 8990433
190790733 8990433
190790736 8990433
190790737 8990433
190789362 8990439
190789363 8990439
190788837 8990442
190788841 8990442
190789019 8990442
190789020 8990442
190777864 8990446
190777868 8990446
190778789 8990450
190778792 8990450
190777526 8990455
190777529 8990462
190777572 8990462
190789474 8990462
190777611 8990469
190783864 8990469
190785709 8990472
190788990 8990474
190788903 8990477
190790310 8990477
207120320 8990477
190787281 8990481
207120037 8990481
207120622 8990481
190788885 8990482
190788905 8990482
190789395 8990490
207120112 8990490
190788196 8990492
190788197 8990497
207120664 8990497
190788290 8990504
190788302 8990504
190790691 8990504
190790730 8990504
207120636 8990508
190788136 8990510
190789305 8990512
190790469 8990516
190777866 8990519
207120272 8990523
207120273 8990533
207120541 8990533
190785683 8990541
190777472 8990552
190777551 8990552
190777555 8990552
190790472 8990552
190777564 8990557
190778888 8990560
190778900 8990560
190778902 8990560
190782677 8990560
190782678 8990560
190789356 8990560
190789357 8990560
190790910 8990566
190788165 8990568
190788168 8990568
190778824 8990570
190778826 8990570
190788119 8990572
190788120 8990572
190783415 8990573
190787781 8990575
207120642 8990575
190786384 8990581
190786387 8990581
190786390 8990581
190786457 8990581
190786458 8990581
207120610 8990581
207120630 8990583
190778909 8990585
190778818 8990588
190778867 8990588
190787289 8990592
190788860 8990592
207119799 8990592
190778794 8990594
190778812 8990594
190778816 8990594
190778822 8990594
190788329 8990597
190788332 8990597
190788333 8990597
190785694 8990603
190783374 8990606
190783377 8990606
207119828 8990606
190789336 8990609
190788263 8990613
190783348 8990615
190786808 8990618
190789304 8990619
190787516 8990621
190777871 8990626
190777873 8990626
190777884 8990626
190777896 8990626
190784197 8990626
190784201 8990626
190789155 8990626
190789156 8990626
190786521 8990631
190789187 8990631
207120055 8990631
190786470 8990636
190786473 8990636
190786479 8990636
190786529 8990636
190786542 8990636
190786562 8990636
207120614 8990636
190788169 8990639
190788170 8990639
190788172 8990639
190789203 8990639
190789204 8990639
190789308 8990639
207120660 8990639
190786461 8990644
190786593 8990644
207119905 8990644
190789704 8990648
190786519 8990649
190783273 8990653
190790758 8990653
190777560 8990660
190777559 8990665
190777561 8990665
190785741 8990665
190777546 8990670
190788358 8990672
207119413 8990677
190791045 8990680
207120245 8990680
190785711 8990685
190778455 8990689
190783839 8990693
190790991 8990697
190790994 8990697
190790995 8990697
207119953 8990697
190786523 8990699
190786556 8990699
190786557 8990699
190786590 8990699
190786441 8990702
207120612 8990702
190788313 8990706
190788326 8990706
190788320 8990710
190790623 8990712
207119778 8990712
207119977 8990712
190790627 8990715
190789096 8990717
190789097 8990717
190784081 8990730
190789701 8990730
207120377 8990730
207120653 8990730
207120655 8990730
190788130 8990743
207120116 8990743
207120657 8990743
190788072 8990748
190789334 8990754
207120641 8990759
207120644 8990763
190790702 8990764
190790705 8990764
207119987 8990764
207120275 8990777
207120410 8990777
190783354 8990787
190789460 8990787
190789465 8990787
190789565 8990787
190791206 8990787
190783270 8990790
190790872 8990795
207120236 8990798
190791003 8990800
207120237 8990800
190790732 8990801
190778825 8990804
207119907 8990807
190789071 8990811
207120387 8990822
190782459 8990823
190787263 8990824
190788984 8990826
190788987 8990826
190788988 8990826
190790579 8990828
190786662 8990831
190777872 8990832
190777876 8990832
190782475 8990832
190788827 8990835
190788832 8990835
190790896 8990838
190782658 8990842
190782660 8990842
190789345 8990842
207119737 8990842
207119738 8990842
190788596 8990845
190785668 8990863
190785673 8990863
190790473 8990863
190777452 8990872
190777459 8990872
190777461 8990872
190777541 8990872
190783832 8990872
190777547 8990881
190777578 8990881
190789475 8990881
190777411 8990898
190785651 8990901
190788022 8990904
207120052 8990909
190778885 8990913
190778889 8990913
190778894 8990913
190778896 8990913
190782627 8990913
207120215 8990916
207120216 8990920
190778901 8990922
190789113 8990927
190790504 8990931
190783355 8990934
190778843 8990938
190778855 8990938
190778859 8990938
190778861 8990938
190778881 8990938
190778883 8990938
207120070 8990941
190786851 8990943
207119806 8990945
190778806 8990947
190778810 8990947
190778814 8990947
190786990 8990948
190787018 8990948
190787019 8990948
190791176 8990948
190791180 8990948
190791181 8990948
207120625 8990948
190783901 8990950
190777891 8990953
190789763 8990955
190789764 8990955
207120638 8990959
190778899 8990960
190788164 8990964
190789306 8990964
207120661 8990964
190777888 8990968
190783900 8990968
190783124 8990970
190788851 8990970
190789139 8990972
190789759 8990972
190786594 8990974
207120609 8990974
190787295 8990976
190788825 8990976
190788878 8990976
190789756 8990976
190789757 8990976
207119838 8990976
190787506 8990980
190787512 8990980
207119951 8990980
190777919 8990981
190783420 8990981
190783423 8990981
190788142 8990982
190788143 8990982
190789303 8990982
190778849 8990984
190778857 8990984
190778863 8990984
190778865 8990984
190790651 8990987
207120406 8990990
190788891 8990992
190789753 8990992
190789754 8990992
190790698 8990993
190790699 8990993
190787474 8990997
190787484 8990997
190787496 8990997
190787513 8990997
190787514 8990997
190787527 8990997
190787639 8990997
190787642 8990997
190791014 8990997
190791020 8990997
190791021 8990997
207119742 8990997
207120544 8990997
190779258 8991007
190779289 8991007
190784078 8991007
190790709 8991010
190787048 8991013
190790772 8991014
190778821 8991015
190778864 8991015
190778869 8991015
190778873 8991015
190778876 8991015
190778882 8991015
190782450 8991025
190782454 8991025
190783400 8991025
190783401 8991025
190787028 8991028
190787031 8991028
207120628 8991028
190782613 8991033
190782615 8991033
190789291 8991037
207120658 8991037
207120659 8991037
190783367 8991041
207120568 8991041
190788334 8991042
190777460 8991050
190777463 8991050
190790493 8991050
190790494 8991050
190789055 8991053
190788976 8991055
190783914 8991062
190777939 8991065
190789365 8991065
190790666 8991067
190789297 8991069
190787482 8991073
190787490 8991073
190787491 8991073
190782925 8991083
190787921 8991083
190787929 8991083
190790633 8991083
190790634 8991083
190790637 8991083
207119774 8991083
190790629 8991090
207119775 8991090
207119782 8991090
207119976 8991090
190777870 8991097
190782392 8991097
190783429 8991097
190786709 8991097
190790467 8991097
190790468 8991097
207119718 8991097
190786354 8991102
190788327 8991103
190790644 8991108
190778801 8991111
190778803 8991111
190778809 8991111
190778850 8991111
190778856 8991111
190778860 8991111
190790974 8991114
207120232 8991114
207120233 8991114
190788153 8991115
190789339 8991120
190779021 8991122
190779022 8991122
190779027 8991122
190779030 8991122
190779032 8991122
190779033 8991122
190779039 8991122
190779047 8991122
190779049 8991122
190784061 8991122
190790961 8991123
190790962 8991123
190784297 8991127
190788876 8991130
190788893 8991130
207120318 8991130
190778778 8991131
190789321 8991131
207120321 8991133
190788994 8991136
190778791 8991138
190789348 8991138
190777666 8991144
190777668 8991144
190788796 8991144
207119331 8991144
190789077 8991146
190789078 8991147
190789329 8991149
190789330 8991149
190778783 8991152
190778870 8991153
190786472 8991154
190788135 8991155
190777926 8991160
190782486 8991160
190783368 8991163
190790725 8991166
190790727 8991166
190787477 8991169
190788304 8991172
190783406 8991174
190787711 8991180
207120330 8991180
190777451 8991183
190787968 8991183
190788010 8991187
190788011 8991187
190788027 8991187
207120648 8991187
190783404 8991188
190790805 8991192
190790808 8991192
190790811 8991192
190790836 8991192
190790837 8991192
190789016 8991196
190789067 8991199
190790635 8991204
190790761 8991209
190783275 8991210
190790762 8991210
190789310 8991212
190789199 8991215
190783394 8991217
190788283 8991222
190782457 8991225
190782458 8991225
190783128 8991226
190790327 8991226
190783676 8991231
207120426 8991231
190778777 8991233
190778823 8991233
190790657 8991240
207120209 8991240
190788276 8991242
190788295 8991242
190790845 8991246
190790848 8991246
190790851 8991246
190790852 8991246
190790855 8991246
190790858 8991246
190790860 8991246
190790861 8991246
190786046 8991252
190786047 8991252
207119415 8991252
207119862 8991252
190783475 8991254
190783476 8991256
190783477 8991256
190785682 8991265
190785689 8991265
190785661 8991272
190785662 8991272
190786936 8991276
190788995 8991281
190789014 8991281
190789015 8991281
190789010 8991286
190778785 8991289
190790801 8991291
190788961 8991292
190788967 8991292
190788971 8991292
190791107 8991296
190791173 8991296
190790483 8991299
190790484 8991299
190778071 8991321
190778091 8991321
190778115 8991321
190783566 8991321
190783938 8991321
190788956 8991321
190788974 8991321
190788975 8991321
190789495 8991321
190789496 8991321
190790874 8991321
190790875 8991321
190790877 8991321
190790878 8991321
190790950 8991321
190790951 8991321
207120018 8991321
190778470 8991332
190778472 8991332
190779783 8991332
190783249 8991332
190787714 8991332
190787715 8991332
190790819 8991339
190790839 8991339
190790863 8991339
190790866 8991339
190790869 8991339
190790870 8991339
207119821 8991339
207120643 8991339
190782631 8991342
190782632 8991342
190790829 8991344
207120224 8991344
190778845 8991347
190778851 8991347
190778853 8991347
190778877 8991347
207120210 8991351
207120218 8991354
190790755 8991356
190787053 8991358
190786054 8991365
190786058 8991365
190786074 8991365
190786075 8991365
190788991 8991367
190788993 8991367
190788978 8991368
190788981 8991368
190777608 8991372
190784187 8991372
190778807 8991374
190778813 8991374
190778815 8991374
190778831 8991398
190778923 8991398
190778924 8991398
190778927 8991398
190778933 8991398
190778934 8991398
190778998 8991398
190779000 8991398
190779013 8991398
190782592 8991398
190782634 8991398
190782650 8991398
190782651 8991398
190784058 8991398
190789318 8991398
190789319 8991398
190789325 8991398
190789326 8991398
190789320 8991405
190788174 8991408
190785740 8991414
207119322 8991414
190787009 8991422
190791183 8991422
190791184 8991422
190787029 8991424
207120626 8991424
190778928 8991428
190790490 8991432
207120645 8991439
190787852 8991445
207119777 8991445
190783393 8991449
190789112 8991452
190786654 8991455
190789027 8991455
190789028 8991455
190783545 8991457
190786641 8991457
190786655 8991457
190786659 8991457
190789737 8991457
190789738 8991457
190783358 8991475
190783375 8991475
190783376 8991475
190786806 8991475
190789057 8991475
190789059 8991475
190789062 8991475
190789063 8991475
190790447 8991475
190790448 8991475
207120314 8991475
190786993 8991480
190786996 8991480
190786999 8991480
190786485 8991483
190785749 8991497
190790457 8991497
207120478 8991497
190788331 8991499
190778999 8991512
190779015 8991512
190779048 8991512
190780004 8991515
190780151 8991515
190783084 8991515
190788932 8991515
190788952 8991515
207119804 8991515
190791084 8991518
190791087 8991518
190778800 8991520
190778802 8991520
190778808 8991520
190786398 8991526
190786399 8991526
190786454 8991526
190786490 8991526
190789427 8991526
207120562 8991526
190782394 8991527
190786517 8991528
190786575 8991528
190790616 8991530
190789029 8991531
190787498 8991534
190787499 8991534
190785688 8991536
190789144 8991538
190789146 8991538
190789147 8991538
207119840 8991538
190778075 8991556
190783947 8991556
190789152 8991556
190790899 8991556
190790900 8991556
207120227 8991556
190788943 8991560
207120564 8991562
207120619 8991562
190790963 8991564
190785887 8991569
207119454 8991569
190788151 8991572
190789198 8991572
190789200 8991572
190789201 8991572
190783372 8991574
190783373 8991574
190786675 8991574
190788330 8991575
190778465 8991578
190778471 8991578
190789118 8991579
190785909 8991587
190790919 8991587
190790920 8991587
207120021 8991587
207120120 8991592
207120121 8991592
190778257 8991597
190778265 8991597
190783955 8991597
207120710 8991597
190786876 8991598
190786932 8991598
207120613 8991599
190779001 8991621
190779016 8991621
190779029 8991621
207119562 8991621
190778093 8991635
190785743 8991635
190778661 8991646
190778666 8991646
190778677 8991646
190787405 8991650
190789672 8991650
190784054 8991671
190784057 8991671
190778228 8991675
190778204 8991679
190780149 8991681
190783563 8991681
190783564 8991681
190785735 8991683
190778790 8991685
190778793 8991685
190778795 8991685
190778797 8991685
190778799 8991685
190778805 8991685
190778844 8991685
190778848 8991685
190778858 8991685
190785708 8991687
190778787 8991689
190787272 8991691
190787303 8991691
190788835 8991691
190788844 8991691
207119800 8991691
190787486 8991693
190791032 8991693
190791033 8991693
190786672 8991695
190790967 8991697
190787168 8991702
190790451 8991707
190790454 8991707
