2346538 12728862
2346538 12782104
2353482 12728340
2353482 12877349
2353482 169776274
2353483 12728340
2353483 12877349
2353483 169776274
2350454 117913059
2350454 12730450
2350469 117913059
2350469 12730450
2350479 117913059
2350479 12730450
2345913 117913074
2345913 12727566
2345913 12730271
2345913 173112261
2345913 52541386
2346012 117913074
2346012 12727566
2346012 12730271
2346012 173112261
2346012 52541386
2346015 117913074
2346015 12727566
2346015 12730271
2346015 173112261
2346015 52541386
2346034 117913074
2346034 12727566
2346034 12730271
2346034 173112261
2346034 52541386
2346043 117913074
2346043 12727566
2346043 12730271
2346043 173112261
2346043 52541386
2346179 117913074
2346179 12727566
2346179 12730271
2346179 173112261
2346179 52541386
2346205 117913074
2346205 12727566
2346205 12730271
2346205 173112261
2346205 52541386
2346233 117913074
2346233 12727566
2346233 12730271
2346233 173112261
2346233 52541386
2346329 117913074
2346329 12727566
2346329 12730271
2346329 173112261
2346329 52541386
2346355 117913074
2346355 12727566
2346355 12730271
2346355 173112261
2346355 52541386
2346362 117913074
2346362 12727566
2346362 12730271
2346362 173112261
2346362 52541386
2346400 117913074
2346400 12727566
2346400 12730271
2346400 173112261
2346400 52541386
2346401 117913074
2346401 12727566
2346401 12730271
2346401 173112261
2346401 52541386
2347728 117913074
2347728 12727566
2347728 12730271
2347728 173112261
2347728 52541386
2345908 117913074
2345908 12727566
2345908 173112261
2345908 52541386
2346294 117913074
2346294 12727566
2346294 173112261
2346294 52541386
2345910 126714560
2345910 12730352
2345910 142647341
2345911 126714560
2345911 12730352
2345911 142647341
2345920 126714560
2345920 12730352
2345920 142647341
2345931 126714560
2345931 12730352
2345931 142647341
2345933 126714560
2345933 12730352
2345933 142647341
2345937 126714560
2345937 12730352
2345937 142647341
2345943 126714560
2345943 12730352
2345943 142647341
2345950 126714560
2345950 12730352
2345950 142647341
2346119 126714560
2346119 12730352
2346119 142647341
2346126 126714560
2346126 12730352
2346126 142647341
2346225 126714560
2346225 12730352
2346225 142647341
2346311 126714560
2346311 12730352
2346311 142647341
2346377 126714560
2346377 12730352
2346377 142647341
2346412 126714560
2346412 12730352
2346412 142647341
2355415 126714560
2355415 12730352
2355415 142647341
2346578 126714562
2346578 12731073
2346580 126714562
2346580 12731073
2346798 126714562
2346798 12731073
2346952 126714562
2346952 12731073
2347038 126714562
2347038 12731073
2347052 126714562
2347052 12731073
2347058 126714562
2347058 12731073
2355845 126714562
2355845 12731073
2346584 126714562
2346584 12731073
2346584 12731074
2346542 12727230
2345942 12727231
2345934 12727233
2346316 12727233
2345716 12727237
2345716 12727251
2354465 12727237
2354465 12727251
2346438 12727241
2346440 12727241
2346473 12727241
2346540 12727241
2346548 12727241
2346564 12727241
2353499 12727241
2354043 12727241
2354047 12727241
2355497 12727241
2346615 12727248
2346634 12727248
2346640 12727248
2346646 12727248
2346663 12727248
2346678 12727248
2346849 12727248
2346862 12727248
2346899 12727248
2353312 12727248
2345712 12727251
2345721 12727251
2345764 12727251
2345767 12727251
2345864 12727251
2346331 12727251
2345859 12727253
2345717 12727253
2345717 12727257
2345719 12727253
2345719 12727257
2345725 12727253
2345725 12727257
2353993 12727253
2353993 12727257
2355132 12727253
2355132 12727257
2355133 12727253
2355133 12727257
2346443 12727258
2347163 12727263
2347178 12727263
2347215 12727263
2347235 12727263
2347282 12727263
2347509 12727263
2347568 12727263
2354069 12727263
2354071 12727263
2356214 12727263
2350452 12727266
2350453 12727266
2354245 12727266
2349718 12727270
2355037 12727270
2355038 12727270
2349722 12727277
2354217 12727277
2345914 12727279
2351017 12727280
2351018 12727280
2350562 12727283
2346441 12727288
2346552 12727288
2346560 12727288
2354044 12727288
2354772 12727288
2354773 12727288
2346326 12727302
2347074 12727302
2347082 12727302
2347093 12727302
2347103 12727302
2347112 12727302
2347136 12727302
2347378 12727302
2347381 12727302
2347416 12727302
2347417 12727302
2347660 12727302
2347685 12727302
2354020 12727302
2346023 12727304
2354761 12727304
2354762 12727304
2349745 12727326
2349969 12727326
2350134 12727326
2353510 12727326
2354741 12727326
2354747 12727326
2354748 12727326
2355661 12727326
2355662 12727326
2351810 12727329
2351649 12727343
2351816 12727343
2351817 12727343
2351819 12727343
2351838 12727343
2351842 12727343
2351849 12727343
2351853 12727343
2351884 12727343
2351890 12727343
2351892 12727343
2352006 12727343
2352009 12727343
2352037 12727343
2352186 12727343
2352187 12727343
2352216 12727343
2352219 12727343
2345726 12727358
2345728 12727358
2345737 12727358
2345795 12727358
2345812 12727358
2345836 12727358
2347097 12727358
2347101 12727358
2347107 12727358
2347407 12727358
2347657 12727358
2353997 12727358
2354054 12727358
2346092 12727360
2347120 12727366
2347316 12727366
2354058 12727366
2350596 12727368
2350607 12727368
2347089 12727370
2347369 12727370
2347374 12727370
2350362 12727372
2350376 12727372
2350385 12727372
2350443 12727372
2350455 12727372
2350944 12727372
2346322 12727373
2355429 12727373
2346343 12727374
2354728 12727376
2351901 12727379
2352033 12727379
2355820 12727379
2355821 12727379
2349340 12727382
2353386 12727382
2349344 12727389
2349344 162238937
2349344 162238938
2349348 12727389
2349348 162238937
2349348 162238938
2349359 12727389
2349359 162238937
2349359 162238938
2349361 12727389
2349361 162238937
2349361 162238938
2349368 12727389
2349368 162238937
2349368 162238938
2349374 12727389
2349374 162238937
2349374 162238938
2349378 12727389
2349378 162238937
2349378 162238938
2349878 12727389
2349878 162238937
2349878 162238938
2350080 12727389
2350080 162238937
2350080 162238938
2350082 12727389
2350082 162238937
2350082 162238938
2350084 12727389
2350084 162238937
2350084 162238938
2350162 12727389
2350162 162238937
2350162 162238938
2353394 12727389
2353394 162238937
2353394 162238938
2353396 12727389
2353396 162238937
2353396 162238938
2349347 12727391
2353388 12727391
2347516 12727394
2347643 12727394
2350475 12727395
2348932 12727406
2349101 12727406
2348933 12727409
2355117 12727410
2347292 12727411
2347288 12727413
2347293 12727413
2347299 12727413
2347303 12727413
2347306 12727413
2354072 12727413
2349411 12727427
2349411 162201699
2349419 12727427
2349419 162201699
2349464 12727427
2349464 162201699
2349470 12727427
2349470 162201699
2349474 12727427
2349474 162201699
2349479 12727427
2349479 162201699
2349482 12727427
2349482 162201699
2349495 12727427
2349495 162201699
2349536 12727427
2349536 162201699
2349545 12727427
2349545 162201699
2349554 12727427
2349554 162201699
2349564 12727427
2349564 162201699
2349574 12727427
2349574 162201699
2349577 12727427
2349577 162201699
2349581 12727427
2349581 162201699
2349584 12727427
2349584 162201699
2349586 12727427
2349586 162201699
2349591 12727427
2349591 162201699
2349592 12727427
2349592 162201699
2349594 12727427
2349594 162201699
2349597 12727427
2349597 162201699
2349598 12727427
2349598 162201699
2349623 12727427
2349623 162201699
2349625 12727427
2349625 162201699
2349630 12727427
2349630 162201699
2349631 12727427
2349631 162201699
2349639 12727427
2349639 162201699
2349641 12727427
2349641 162201699
2349642 12727427
2349642 162201699
2349881 12727427
2349881 162201699
2349901 12727427
2349901 162201699
2350066 12727427
2350066 162201699
2349412 12727428
2353384 12727428
2351324 12727431
2347298 12727433
2349415 12727437
2349422 12727437
2349433 12727437
2349449 12727437
2349485 12727437
2349875 12727437
2350093 12727437
2354370 12727439
2355758 12727439
2355759 12727439
2350543 12727442
2349418 12727443
2353382 12727443
2346403 12727444
2345921 12727450
2346181 12727450
2346230 12727450
2346292 12727450
2354012 12727450
2355090 12727450
2348785 12727453
2348824 12727453
2348789 12727458
2348804 12727458
2349202 12727458
2349260 12727461
2349264 12727463
2349266 12727465
2347800 12727467
2348219 12727467
2353351 12727467
2349268 12727469
2352587 12727471
2352588 12727471
2352590 12727471
2352592 12727471
2352594 12727471
2352596 12727471
2352597 12727471
2352602 12727471
2352733 12727471
2353003 12727471
2353005 12727471
2353006 12727471
2354378 12727471
2355031 12727473
2355036 12727476
2352350 12727478
2352354 12727478
2352380 12727478
2352519 12727478
2352598 12727478
2354349 12727478
2354357 12727478
2348857 12727482
2348859 12727483
2348964 12727483
2353070 12727484
2353097 12727484
2351975 12727485
2352022 12727485
2353074 12727488
2353075 12727488
2348534 12727494
2348738 12727494
2353939 12727494
2353940 12727494
2354149 12727494
2354154 12727494
2347589 12727498
2349333 12727498
2349336 12727498
2349339 12727498
2349345 12727498
2349351 12727498
2349362 12727498
2349370 12727498
2349388 12727498
2350048 12727498
2350051 12727498
2350054 12727498
2350057 12727498
2350060 12727498
2350063 12727498
2349335 12727499
2346635 12727502
2346635 161965753
2346636 12727502
2346636 161965753
2346681 12727502
2346681 161965753
2346879 12727502
2346879 161965753
2346888 12727502
2346888 161965753
2346897 12727502
2346897 161965753
2348770 12727502
2348770 161965753
2349154 12727502
2349154 161965753
2349337 12727504
2355100 12727507
2355101 12727507
2355106 12727507
2355102 12727509
2348921 12727512
2348922 12727513
2346327 12727515
2351885 12727519
2352115 12727519
2355109 12727522
2351889 12727523
2346579 12727528
2346579 12878569
2346596 12727528
2346596 12878569
2346957 12727528
2346957 12878569
2346960 12727528
2346960 12878569
2347036 12727528
2347036 12878569
2353323 12727528
2353323 12878569
2353325 12727528
2353325 12878569
2353593 12727528
2353593 12878569
2353599 12727528
2353599 12878569
2354048 12727528
2354048 12878569
2355918 12727528
2355918 12878569
2355919 12727528
2355919 12878569
2355959 12727528
2355959 12878569
2355960 12727528
2355960 12878569
2347286 12727529
2347289 12727530
2346576 12727532
2346965 12727532
2350531 12727533
2350536 12727533
2350871 12727533
2350528 12727535
2350532 12727535
2346611 12727536
2346967 12727536
2346626 12727538
2346629 12727538
2346630 12727538
2346632 12727538
2346969 12727538
2347044 12727538
2349386 12727547
2349386 162201707
2349409 12727547
2349409 162201707
2349417 12727547
2349417 162201707
2349421 12727547
2349421 162201707
2349435 12727547
2349435 162201707
2349448 12727547
2349448 162201707
2349463 12727547
2349463 162201707
2349468 12727547
2349468 162201707
2349473 12727547
2349473 162201707
2349478 12727547
2349478 162201707
2349492 12727547
2349492 162201707
2349531 12727547
2349531 162201707
2349540 12727547
2349540 162201707
2349550 12727547
2349550 162201707
2349560 12727547
2349560 162201707
2349572 12727547
2349572 162201707
2349575 12727547
2349575 162201707
2349580 12727547
2349580 162201707
2349583 12727547
2349583 162201707
2349587 12727547
2349587 162201707
2349590 12727547
2349590 162201707
2349610 12727547
2349610 162201707
2349611 12727547
2349611 162201707
2349839 12727547
2349839 162201707
2349842 12727547
2349842 162201707
2349846 12727547
2349846 162201707
2349849 12727547
2349849 162201707
2350018 12727547
2350018 162201707
2350021 12727547
2350021 162201707
2350024 12727547
2350024 162201707
2350027 12727547
2350027 162201707
2350032 12727547
2350032 162201707
2347125 12727549
2353215 12727549
2355786 12727549
2353218 12727553
2348768 12727557
2348768 161965752
2348768 161965754
2348771 12727557
2348771 161965752
2348771 161965754
2348774 12727557
2348774 161965752
2348774 161965754
2348784 12727557
2348784 161965752
2348784 161965754
2348968 12727557
2348968 161965752
2348968 161965754
2346204 12727559
2346206 12727559
2346208 12727559
2346210 12727559
2346211 12727559
2346213 12727559
2346290 12727559
2354632 12727559
2354633 12727559
2348776 12727561
2348778 12727561
2348781 12727561
2349194 12727561
2349200 12727561
2348777 12727564
2349192 12727564
2354638 12727566
2353855 12727569
2353856 12727569
2349253 12727570
2349254 12727570
2349256 12727571
2349258 12727573
2346231 12727576
2346232 12727576
2346234 12727576
2346236 12727576
2346238 12727576
2346240 12727576
2346241 12727576
2346379 12727576
2354033 12727576
2348840 12727578
2348843 12727581
2348844 12727581
2349031 12727581
2349462 12727581
2355028 12727582
2351924 12727587
2352137 12727587
2354704 12727587
2348846 12727590
2348848 12727590
2352182 12727591
2354707 12727591
2349320 12727599
2349653 12727599
2349655 12727599
2349790 12727599
2349899 12727599
2350193 12727599
2354164 12727599
2354213 12727599
2346680 12727604
2346883 12727604
2348773 12727604
2348787 12727604
2349157 12727604
2353068 12727610
2353069 12727612
2353533 12727612
2351870 12727614
2351871 12727614
2351872 12727614
2352199 12727614
2348913 12727616
2351874 12727618
2351878 12727618
2351880 12727618
2351883 12727618
2351875 12727621
2351877 12727622
2352197 12727622
2351879 12727626
2347271 12727628
2347775 12727631
2348058 12727631
2352634 12727636
2355727 12727636
2355730 12727636
2355731 12727636
2347270 12727637
2347276 12727637
2347616 12727637
2347619 12727637
2353337 12727637
2351303 12727639
2351304 12727639
2351505 12727639
2347279 12727641
2348459 12727642
2348461 12727642
2348690 12727642
2348693 12727643
2348697 12727644
2350529 12727645
2351081 12727647
2352930 12727651
2352932 12727651
2352933 12727651
2352997 12727651
2353007 12727651
2353009 12727651
2348761 12727655
2348763 12727655
2348764 12727655
2349143 12727655
2348766 12727656
2348769 12727660
2349166 12727660
2349168 12727660
2349242 12727662
2350334 12727664
2350789 12727664
2351155 12727664
2349247 12727667
2349249 12727668
2355010 12727670
2348833 12727674
2348839 12727674
2348842 12727674
2348845 12727674
2345912 12727676
2346235 12727676
2355016 12727679
2353910 12727684
2353931 12727684
2354457 12727684
2354461 12727684
2347190 12727685
2347486 12727685
2354065 12727685
2352554 12727693
2353052 12727693
2353054 12727694
2349311 12727696
2347197 12727697
2349313 12727698
2353059 12727701
2346683 12727706
2346876 12727706
2348772 12727706
2349151 12727706
2348909 12727708
2347260 12727710
2347261 12727712
2347264 12727712
2347265 12727712
2347267 12727712
2347268 12727712
2347272 12727712
2347274 12727712
2347599 12727712
2347602 12727712
2347605 12727712
2347610 12727712
2353333 12727712
2353335 12727712
2347266 12727714
2347269 12727715
2348680 12727716
2348681 12727720
2354147 12727720
2348682 12727721
2348684 12727724
2348685 12727726
2348467 12727727
2348605 12727727
2348686 12727727
2348687 12727729
2348688 12727730
2351072 12727732
2346151 12727738
2347719 12727738
2353865 12727738
2355889 12727738
2355890 12727738
2349230 12727740
2349231 12727740
2346582 12727746
2346585 12727746
2346587 12727746
2346794 12727746
2346801 12727746
2346978 12727746
2349234 12727751
2354159 12727751
2349237 12727753
2349239 12727756
2348820 12727758
2348827 12727758
2345827 12727768
2345829 12727768
2345831 12727768
2345833 12727768
2345835 12727768
2345837 12727768
2345839 12727768
2345841 12727768
2346216 12727768
2346218 12727768
2346219 12727768
2346221 12727768
2346223 12727768
2346224 12727768
2346429 12727768
2347629 12727768
2347663 12727768
2353522 12727768
2353527 12727768
2354082 12727768
2355498 12727768
2355006 12727770
2348823 12727771
2349480 12727774
2349483 12727774
2349484 12727774
2349487 12727774
2349489 12727774
2349501 12727774
2349512 12727774
2349523 12727774
2349533 12727774
2349546 12727774
2349559 12727774
2349567 12727774
2349569 12727774
2349570 12727774
2349865 12727774
2349867 12727774
2349872 12727774
2348826 12727777
2348829 12727786
2348849 12727786
2348851 12727786
2348853 12727786
2348854 12727786
2348855 12727786
2348858 12727786
2349033 12727786
2349440 12727786
2349445 12727786
2349453 12727786
2349461 12727786
2349466 12727786
2349471 12727786
2349472 12727786
2349476 12727786
2349490 12727786
2349504 12727786
2349519 12727786
2349527 12727786
2349537 12727786
2349549 12727786
2349557 12727786
2351789 12727790
2347182 12727792
2347654 12727792
2347183 12727793
2348865 12727795
2348867 12727795
2349300 12727795
2349301 12727797
2350481 12727801
2350500 12727801
2351216 12727801
2349307 12727802
2349309 12727803
2351854 12727805
2347784 12727810
2348033 12727810
2347242 12727815
2347250 12727815
2348670 12727817
2352630 12727820
2355717 12727820
2355718 12727820
2350496 12727824
2350501 12727824
2348672 12727828
2350497 12727829
2350503 12727829
2348674 12727833
2348678 12727837
2351920 12727843
2351922 12727843
2351923 12727843
2351058 12727847
2351060 12727847
2354869 12727850
2355491 12727850
2350237 12727855
2351063 12727855
2355494 12727861
2351064 12727863
2351067 12727865
2351069 12727869
2347748 12727871
2347963 12727871
2347966 12727871
2348305 12727871
2348271 12727874
2351131 12727874
2350350 12727876
2352925 12727876
2354380 12727877
2350354 12727885
2352929 12727885
2352934 12727885
2352935 12727885
2352955 12727885
2353012 12727885
2353029 12727885
2353443 12727885
2353447 12727885
2349228 12727886
2352716 12727889
2354384 12727889
2352389 12727893
2354385 12727893
2352703 12727897
2354388 12727897
2348812 12727900
2348813 12727900
2349215 12727900
2354389 12727901
2348816 12727903
2348819 12727903
2348817 12727904
2350991 12727906
2347172 12727911
2347497 12727911
2347173 12727914
2347491 12727914
2351101 12727916
2351199 12727916
2351201 12727916
2351208 12727919
2354976 12727919
2349937 12727921
2354200 12727921
2347241 12727924
2347840 12727930
2347884 12727930
2348669 12727934
2351904 12727944
2351911 12727944
2352053 12727944
2351913 12727949
2351919 12727949
2351052 12727951
2350259 12727952
2351053 12727952
2351054 12727954
2351056 12727955
2354379 12727958
2355489 12727958
2351059 12727959
2346102 12727971
2346104 12727971
2353816 12727971
2353817 12727971
2347098 12727975
2354371 12727980
2354377 12727982
2348801 12727984
2348802 12727984
2349147 12727984
2349506 12727985
2349852 12727985
2348796 12727987
2348809 12727987
2350983 12727988
2352919 12727990
2353016 12727990
2353020 12727990
2350985 12727992
2350986 12727992
2350988 12727992
2347162 12727994
2353022 12727995
2353023 12727995
2350987 12727997
2353024 12727998
2346697 12727999
2346714 12727999
2346842 12727999
2346927 12727999
2346930 12727999
2346933 12727999
2346936 12727999
2346943 12727999
2346946 12727999
2348762 12727999
2349172 12727999
2349175 12727999
2349229 12727999
2350989 12728000
2352917 12728001
2352918 12728001
2353018 12728001
2353019 12728001
2353021 12728001
2353025 12728001
2353445 12728001
2353026 12728002
2346711 12728005
2346713 12728005
2346715 12728005
2346845 12728005
2350413 12728006
2348455 12728010
2348588 12728010
2354449 12728015
2356186 12728017
2356187 12728017
2347767 12728019
2347869 12728019
2348011 12728019
2351837 12728023
2346662 12728026
2346664 12728026
2346839 12728026
2346905 12728026
2346908 12728026
2346911 12728026
2346914 12728026
2351902 12728035
2352209 12728035
2354334 12728035
2346690 12728038
2355284 12728040
2355472 12728040
2351907 12728044
2351914 12728044
2352221 12728044
2352224 12728044
2355475 12728047
2347304 12728049
2346699 12728050
2347022 12728050
2347023 12728050
2354050 12728050
2354360 12728052
2353580 12728053
2354367 12728057
2350972 12728059
2353011 12728060
2353013 12728062
2350978 12728065
2352920 12728070
2353014 12728070
2352923 12728074
2353015 12728074
2347156 12728077
2347640 12728077
2353017 12728080
2346654 12728083
2346834 12728083
2348434 12728087
2348574 12728087
2355394 12728090
2350177 12728092
2350179 12728092
2350181 12728092
2352382 12728096
2352387 12728097
2347868 12728100
2354142 12728100
2346668 12728103
2346676 12728103
2346684 12728103
2346685 12728103
2346687 12728103
2346698 12728103
2351034 12728105
2350250 12728107
2350723 12728107
2352921 12728111
2352922 12728111
2352948 12728111
2350252 12728114
2350726 12728114
2351037 12728116
2346689 12728118
2346814 12728118
2347045 12728118
2350256 12728122
2350322 12728125
2350892 12728125
2351105 12728128
2351109 12728130
2352773 12728137
2354352 12728137
2350325 12728140
2350351 12728140
2350793 12728140
2351003 12728140
2353574 12728143
2351741 12728145
2352790 12728146
2353576 12728150
2351743 12728155
2353577 12728157
2349455 12728163
2349458 12728163
2349460 12728163
2349834 12728163
2350255 12728163
2352793 12728165
2353578 12728167
2351745 12728168
2351747 12728170
2347142 12728172
2346708 12728175
2346821 12728175
2347033 12728175
2347035 12728175
2350969 12728178
2347147 12728179
2353008 12728182
2356162 12728186
2356163 12728186
2349640 12728188
2349903 12728188
2352419 12728190
2352863 12728190
2355382 12728193
2355383 12728196
2347206 12728197
2347213 12728197
2347217 12728200
2352374 12728201
2352718 12728201
2348463 12728205
2348471 12728205
2348633 12728205
2348733 12728205
2351255 12728205
2351491 12728205
2351493 12728205
2346036 12728208
2346038 12728213
2351310 12728220
2351313 12728220
2351461 12728220
2351463 12728220
2351466 12728220
2351501 12728220
2351587 12728220
2351596 12728220
2347765 12728224
2353712 12728224
2353713 12728224
2347855 12728226
2352931 12728228
2347858 12728231
2350241 12728233
2354822 12728233
2354823 12728233
2351026 12728235
2350244 12728236
2345896 12728237
2353490 12728240
2353491 12728242
2348702 12728243
2346591 12728248
2347054 12728248
2347060 12728248
2354341 12728254
2352514 12728259
2352670 12728259
2352671 12728259
2352672 12728259
2352682 12728259
2352684 12728259
2351739 12728265
2354983 12728269
2354984 12728269
2350091 12728270
2347133 12728271
2355370 12728273
2355371 12728273
2346590 12728279
2346594 12728279
2346598 12728279
2346604 12728279
2353605 12728279
2355987 12728279
2355988 12728279
2355372 12728282
2351630 12728290
2351643 12728290
2351685 12728290
2351805 12728290
2352156 12728290
2352159 12728290
2346589 12728293
2346593 12728293
2355375 12728297
2355377 12728300
2350161 12728303
2354190 12728305
2346597 12728307
2350163 12728308
2346599 12728309
2350167 12728311
2350169 12728312
2351588 12728313
2347846 12728315
2348267 12728315
2355440 12728318
2346661 12728320
2355442 12728322
2347759 12728324
2353709 12728324
2355976 12728324
2355977 12728324
2348814 12728326
2348818 12728326
2348821 12728326
2348836 12728326
2349179 12728326
2349182 12728326
2349186 12728326
2349189 12728326
2349217 12728326
2352926 12728328
2355317 12728329
2355446 12728329
2350231 12728330
2346667 12728332
2352928 12728337
2346669 12728338
2353327 12728338
2349740 12728341
2350132 12728341
2347050 12728343
2346732 12728347
2355781 12728347
2352118 12728352
2354335 12728352
2352048 12728365
2352061 12728365
2354339 12728365
2355827 12728365
2355828 12728365
2356074 12728367
2356075 12728367
2355291 12728368
2355294 12728370
2350943 12728371
2355297 12728372
2350002 12728374
2352282 12728374
2347129 12728375
2349380 12728378
2350072 12728378
2350089 12728378
2354216 12728378
2352286 12728379
2346606 12728382
2346609 12728382
2346809 12728382
2353623 12728382
2356068 12728382
2356069 12728382
2349589 12728384
2349589 162201705
2349595 12728384
2349595 162201705
2349596 12728384
2349596 162201705
2355360 12728386
2346581 12728388
2346583 12728388
2353308 12728388
2355363 12728390
2355366 12728392
2346586 12728395
2346642 12728395
2346723 12728395
2346986 12728395
2346990 12728395
2353617 12728395
2356059 12728395
2356060 12728395
2346588 12728398
2349287 12728401
2354173 12728401
2354183 12728401
2352357 12728406
2352664 12728406
2352666 12728406
2352668 12728406
2346017 12728408
2347834 12728410
2348260 12728410
2348262 12728410
2348263 12728410
2352910 12728412
2346645 12728414
2346650 12728414
2346658 12728414
2346665 12728414
2346666 12728414
2346677 12728414
2347018 12728414
2346651 12728416
2346659 12728416
2346660 12728416
2346652 12728418
2346653 12728418
2346655 12728418
2346656 12728418
2346836 12728418
2353320 12728418
2355250 12728423
2355253 12728423
2355257 12728423
2355437 12728423
2345872 12728424
2354010 12728424
2345720 12728425
2345762 12728425
2345877 12728425
2345878 12728426
2352423 12728427
2350229 12728428
2352691 12728429
2351644 12728430
2351627 12728432
2351646 12728432
2354323 12728432
2347040 12728435
2347041 12728435
2352697 12728437
2354892 12728439
2354893 12728439
2347042 12728441
2354051 12728441
2346700 12728443
2346718 12728443
2346720 12728443
2347019 12728443
2355502 12728446
2354897 12728448
2354898 12728448
2354899 12728448
2347046 12728449
2347048 12728452
2355506 12728454
2348450 12728457
2348460 12728457
2348466 12728457
2348469 12728457
2348470 12728457
2348606 12728457
2355509 12728459
2348464 12728460
2353152 12728465
2353159 12728465
2353197 12728465
2353536 12728465
2353540 12728465
2353544 12728465
2353547 12728465
2353548 12728465
2353581 12728465
2353582 12728465
2354411 12728465
2355280 12728466
2347656 12728469
2347689 12728469
2352637 12728474
2352765 12728474
2351717 12728476
2355287 12728478
2355288 12728478
2354967 12728479
2349582 12728481
2349585 12728483
2351496 12728484
2349588 12728485
2355352 12728487
2350141 12728488
2352341 12728489
2350146 12728491
2350147 12728491
2349364 12728493
2353390 12728493
2352343 12728495
2350148 12728498
2349428 12728501
2349441 12728501
2349452 12728501
2353392 12728501
2347820 12728503
2347821 12728504
2347829 12728504
2347825 12728505
2355420 12728506
2346644 12728507
2352905 12728509
2346647 12728510
2346648 12728510
2346649 12728510
2345865 12728514
2345869 12728518
2352418 12728520
2352683 12728524
2352685 12728525
2352686 12728525
2351637 12728526
2352687 12728527
2347014 12728532
2347015 12728532
2347031 12728532
2347032 12728532
2347034 12728532
2346702 12728535
2346710 12728535
2346719 12728535
2348760 12728535
2348767 12728535
2348790 12728535
2348791 12728535
2348810 12728535
2348815 12728535
2348822 12728535
2348828 12728535
2348831 12728535
2348974 12728535
2349219 12728535
2352192 12728537
2346717 12728539
2352196 12728540
2352198 12728542
2355262 12728548
2355267 12728548
2355271 12728548
2355841 12728548
2355842 12728548
2355277 12728550
2354957 12728554
2354958 12728554
2354094 12728560
2349573 12728561
2353602 12728563
2355965 12728563
2355966 12728563
2349576 12728564
2355154 12728565
2356125 12728565
2346561 12728567
2355342 12728568
2355346 12728569
2354160 12728571
2350133 12728575
2355349 12728577
2350135 12728579
2350137 12728580
2349425 12728582
2353380 12728582
2350139 12728584
2352334 12728586
2352619 12728586
2349647 12728589
2352407 12728591
2355191 12728593
2352409 12728595
2352673 12728598
2351626 12728600
2352675 12728602
2355194 12728603
2352677 12728605
2347017 12728608
2347020 12728608
2347021 12728608
2347025 12728608
2355197 12728610
2352679 12728612
2346701 12728613
2352181 12728615
2354878 12728618
2347027 12728621
2347028 12728622
2347029 12728622
2352183 12728627
2346705 12728629
2352185 12728630
2354302 12728631
2349491 12728634
2348444 12728635
2348445 12728635
2352189 12728636
2349493 12728638
2349505 12728638
2349515 12728638
2349526 12728638
2349539 12728638
2349551 12728638
2349561 12728638
2349593 12728638
2349864 12728638
2349494 12728639
2349496 12728640
2349497 12728642
2349509 12728642
2349516 12728642
2349530 12728642
2349542 12728642
2349552 12728642
2349568 12728642
2347664 12728643
2349499 12728645
2349510 12728645
2349520 12728645
2349532 12728645
2349543 12728645
2349556 12728645
2349571 12728645
2349599 12728645
2347667 12728646
2356046 12728647
2356047 12728647
2347669 12728648
2354941 12728651
2355266 12728653
2355268 12728653
2352749 12728656
2355767 12728656
2355768 12728656
2349563 12728657
2346550 12728658
2346439 12728661
2346551 12728661
2346553 12728663
2346442 12728665
2346554 12728665
2346556 12728665
2346555 12728666
2355336 12728668
2352817 12728670
2346557 12728672
2348291 12728673
2346558 12728674
2346559 12728674
2355339 12728675
2348293 12728677
2350126 12728679
2349624 12728680
2353371 12728680
2349431 12728681
2353378 12728681
2349635 12728682
2355978 12728684
2355979 12728684
2354790 12728685
2354793 12728686
2354796 12728688
2354797 12728690
2354798 12728690
2354799 12728691
2345740 12728693
2345740 169776283
2345840 12728693
2345840 169776283
2351610 12728696
2352660 12728701
2352661 12728701
2352662 12728701
2349704 12728702
2352663 12728705
2355182 12728709
2352665 12728711
2355185 12728712
2352667 12728713
2347009 12728714
2347011 12728714
2352669 12728716
2355188 12728717
2354865 12728718
2350010 12728720
2350838 12728720
2352147 12728720
2347016 12728722
2348432 12728724
2349481 12728725
2353511 12728727
2347658 12728729
2347659 12728732
2354931 12728735
2355256 12728738
2354934 12728741
2354935 12728744
2349365 12728746
2350045 12728746
2354064 12728750
2354078 12728750
2349553 12728752
2349555 12728754
2347722 12728759
2349558 12728761
2352803 12728762
2355322 12728763
2355325 12728765
2348282 12728767
2346549 12728768
2348284 12728773
2352314 12728774
2352638 12728774
2352712 12728774
2348288 12728776
2348289 12728776
2351263 12728783
2351266 12728783
2351528 12728783
2351531 12728783
2349602 12728786
2349614 12728786
2349620 12728786
2349626 12728786
2349634 12728786
2349643 12728786
2349621 12728788
2349605 12728790
2349616 12728790
2349622 12728790
2349627 12728790
2349636 12728790
2349644 12728790
2354781 12728792
2349628 12728794
2349629 12728794
2349632 12728794
2349905 12728794
2354787 12728800
2351809 12728803
2352163 12728803
2354211 12728803
2355176 12728805
2346995 12728808
2346997 12728808
2346999 12728808
2347001 12728808
2347003 12728808
2347005 12728808
2347006 12728808
2352659 12728812
2355179 12728814
2354857 12728816
2347008 12728818
2345901 12728821
2345902 12728824
2345904 12728825
2347641 12728828
2349475 12728829
2349477 12728831
2353504 12728834
2353505 12728834
2353506 12728834
2355241 12728837
2353508 12728838
2353509 12728838
2354921 12728840
2354924 12728841
2354925 12728843
2352231 12728845
2354928 12728848
2349541 12728850
2349544 12728852
2349547 12728854
2349548 12728856
2355315 12728858
2355319 12728861
2346539 12728862
2354046 12728862
2349356 12728863
2349356 162202137
2349367 12728863
2349367 162202137
2349379 12728863
2349379 162202137
2349384 12728863
2349384 162202137
2349396 12728863
2349396 162202137
2349416 12728863
2349416 162202137
2349426 12728863
2349426 162202137
2349436 12728863
2349436 162202137
2349451 12728863
2349451 162202137
2349488 12728863
2349488 162202137
2349869 12728863
2349869 162202137
2350097 12728863
2350097 162202137
2350107 12728863
2350107 162202137
2350110 12728863
2350110 162202137
2350113 12728863
2350113 162202137
2350116 12728863
2350116 162202137
2351520 12728864
2351522 12728865
2355093 12728866
2349615 12728867
2355094 12728870
2354770 12728871
2354771 12728871
2351529 12728872
2349618 12728873
2354774 12728875
2346600 12728876
2346601 12728876
2346602 12728877
2354777 12728879
2354778 12728879
2353995 12728881
2349126 12728882
2349276 12728882
2355320 12728882
2355321 12728882
2346608 12728884
2352640 12728887
2355162 12728888
2352644 12728890
2350812 12728891
2351273 12728891
2351280 12728891
2354764 12728892
2355165 12728892
2355166 12728892
2348880 12728893
2354842 12728893
2354845 12728893
2354846 12728893
2355224 12728893
2355225 12728893
2355167 12728895
2348985 12728896
2352649 12728897
2354844 12728898
2346388 12728899
2348416 12728900
2349465 12728902
2349467 12728903
2349469 12728904
2355230 12728906
2355231 12728906
2347638 12728908
2355232 12728910
2356018 12728912
2356019 12728912
2354911 12728913
2354912 12728913
2355235 12728915
2355238 12728917
2354915 12728918
2352220 12728921
2352222 12728922
2352225 12728923
2352228 12728924
2352229 12728924
2349534 12728925
2349535 12728926
2349538 12728927
2355302 12728928
2355303 12728929
2355306 12728931
2346527 12728934
2354122 12728936
2348265 12728937
2348269 12728940
2351508 12728941
2351510 12728941
2351512 12728942
2351513 12728942
2349603 12728943
2349606 12728945
2354760 12728946
2349608 12728947
2354763 12728949
2355088 12728959
2351298 12728961
2352633 12728967
2355155 12728970
2354832 12728971
2354835 12728975
2355159 12728980
2353190 12728981
2349420 12728987
2349432 12728987
2349450 12728987
2349454 12728989
2349459 12728991
2355220 12728993
2355221 12728996
2355222 12728996
2355223 12728998
2354902 12729000
2354903 12729000
2355226 12729002
2354906 12729004
2352211 12729007
2352212 12729007
2352213 12729011
2352215 12729012
2352217 12729014
2349522 12729016
2349524 12729017
2349528 12729018
2349529 12729019
2348253 12729020
2345735 12729021
2348256 12729022
2351502 12729023
2354750 12729025
2351507 12729026
2354753 12729028
2354756 12729030
2349371 12729032
2349373 12729032
2349375 12729032
2349377 12729032
2350074 12729032
2351282 12729033
2348323 12729034
2352620 12729035
2352622 12729037
2352623 12729038
2352624 12729038
2355142 12729040
2352626 12729043
2352628 12729046
2355147 12729051
2355148 12729051
2354826 12729055
2354829 12729056
2353183 12729058
2353184 12729058
2349442 12729060
2349444 12729061
2349446 12729062
2349447 12729062
2355212 12729064
2355216 12729065
2355217 12729067
2355218 12729067
2355219 12729067
2350003 12729069
2352200 12729070
2352202 12729075
2352204 12729078
2349511 12729079
2352207 12729082
2352208 12729082
2349517 12729083
2349518 12729084
2348241 12729090
2348244 12729090
2348245 12729090
2349291 12729091
2348916 12729095
2349292 12729095
2349294 12729095
2349293 12729097
2348247 12729099
2349295 12729100
2349296 12729100
2348249 12729101
2346281 12729102
2355062 12729103
2346284 12729106
2354745 12729107
2354746 12729107
2348888 12729108
2354749 12729110
2348310 12729112
2348312 12729114
2349360 12729115
2351272 12729117
2351276 12729117
2348314 12729118
2351278 12729120
2350494 12729121
2349369 12729122
2345718 12729126
2355130 12729126
2352612 12729128
2352614 12729134
2352615 12729134
2355135 12729136
2352616 12729137
2354813 12729141
2352618 12729147
2355139 12729149
2354816 12729151
2354817 12729154
2353176 12729155
2353177 12729157
2349434 12729158
2354592 12729159
2349439 12729160
2355200 12729161
2355203 12729162
2355206 12729165
2354023 12729169
2349500 12729170
2349503 12729171
2349508 12729172
2348215 12729178
2348218 12729178
2348230 12729178
2348232 12729178
2348234 12729178
2348235 12729178
2350881 12729178
2350883 12729178
2350887 12729178
2350889 12729178
2350891 12729178
2350893 12729178
2350895 12729178
2350897 12729178
2350899 12729178
2350911 12729178
2350913 12729178
2350915 12729178
2350917 12729178
2350919 12729178
2350921 12729178
2350922 12729178
2352574 12729178
2352577 12729178
2352579 12729178
2352583 12729178
2353694 12729178
2353695 12729178
2354290 12729178
2354376 12729178
2354981 12729178
2354982 12729178
2349284 12729181
2349289 12729183
2346270 12729184
2346171 12729191
2346269 12729191
2346273 12729191
2353801 12729191
2356094 12729191
2354731 12729193
2354734 12729194
2346277 12729196
2354735 12729198
2354736 12729198
2346279 12729200
2354737 12729201
2348300 12729202
2348301 12729202
2348303 12729202
2349353 12729203
2349354 12729204
2348306 12729205
2355120 12729206
2355123 12729207
2355126 12729209
2352607 12729210
2354804 12729211
2355129 12729213
2349423 12729214
2349427 12729215
2354013 12729216
2348792 12729217
2348794 12729217
2348793 12729220
2350624 12729222
2350626 12729223
2348799 12729224
2349271 12729226
2349273 12729227
2349275 12729228
2348861 12729231
2354722 12729232
2346265 12729236
2350429 12729239
2350667 12729239
2355026 12729239
2355030 12729239
2355198 12729239
2355199 12729239
2355201 12729239
2355202 12729239
2351527 12729242
2354237 12729244
2350307 12729245
2351074 12729245
2351075 12729245
2351077 12729245
2345982 12729246
2346617 12729247
2346622 12729247
2346623 12729247
2346981 12729247
2346988 12729247
2353625 12729247
2353626 12729247
2354450 12729247
2345959 12729249
2349763 12729253
2350004 12729253
2351792 12729253
2351796 12729253
2351951 12729253
2350298 12729255
2350311 12729255
2350769 12729255
2350435 12729256
2350461 12729256
2350956 12729256
2350964 12729256
2350965 12729256
2354273 12729258
2350565 12729259
2355454 12729261
2350466 12729267
2350468 12729267
2354972 12729267
2354973 12729267
2355211 12729267
2355389 12729267
2355390 12729267
2350900 12729269
2354255 12729269
2351790 12729275
2352180 12729275
2350235 12729277
2350711 12729277
2355292 12729277
2355293 12729277
2348936 12729281
2349117 12729281
2355621 12729281
2355622 12729281
2349137 12729287
2354729 12729287
2354730 12729287
2350555 12729292
2347831 12729297
2347910 12729297
2348177 12729297
2353775 12729297
2355839 12729297
2355840 12729297
2348931 12729298
2349115 12729298
2349259 12729298
2349270 12729298
2349272 12729298
2350959 12729299
2347723 12729304
2354624 12729305
2345897 12729307
2348917 12729309
2348918 12729309
2349091 12729309
2349255 12729309
2347091 12729310
2347104 12729310
2348902 12729312
2348907 12729312
2348901 12729313
2349250 12729313
2352322 12729321
2352325 12729321
2352326 12729321
2352327 12729321
2352328 12729321
2352332 12729321
2352336 12729321
2352494 12729321
2352502 12729321
2352509 12729321
2352714 12729321
2352757 12729321
2352806 12729321
2354399 12729321
2355743 12729321
2355744 12729321
2348930 12729326
2348937 12729326
2349135 12729326
2351083 12729327
2350302 12729331
2350759 12729331
2349759 12729333
2355338 12729335
2355340 12729335
2355341 12729335
2345973 12729336
2355169 12729336
2355170 12729337
2354802 12729339
2352642 12729343
2352251 12729347
2350798 12729350
2351270 12729350
2354236 12729350
2353002 12729352
2351275 12729358
2351284 12729358
2351438 12729358
2351541 12729358
2350428 12729361
2352511 12729362
2354355 12729362
2350945 12729364
2350945 135259359
2354720 12729364
2354720 135259359
2354721 12729364
2354721 135259359
2355177 12729364
2355177 135259359
2355178 12729364
2355178 135259359
2350284 12729370
2350297 12729370
2350310 12729370
2350330 12729370
2350332 12729370
2350336 12729370
2350337 12729370
2350356 12729370
2350505 12729370
2350521 12729370
2350786 12729370
2350802 12729370
2350805 12729370
2350826 12729370
2350841 12729370
2351033 12729370
2351035 12729370
2351102 12729370
2354805 12729370
2354908 12729370
2354913 12729370
2354914 12729370
2354919 12729370
2354920 12729370
2355278 12729370
2355279 12729370
2355581 12729370
2355582 12729370
2350258 12729373
2350266 12729373
2350734 12729373
2350739 12729373
2350740 12729373
2351051 12729373
2351055 12729373
2350591 12729374
2350374 12729375
2350377 12729375
2350379 12729375
2351286 12729378
2351289 12729378
2351290 12729378
2351291 12729378
2351450 12729378
2354293 12729378
2354294 12729378
2345929 12729379
2346097 12729379
2346215 12729379
2354610 12729379
2355034 12729379
2350324 12729380
2350331 12729380
2350994 12729380
2350995 12729380
2354239 12729380
2355568 12729380
2355569 12729380
2350338 12729384
2350341 12729384
2350488 12729384
2350499 12729384
2350504 12729384
2350828 12729384
2351246 12729384
2354303 12729385
2351293 12729387
2351294 12729387
2351434 12729387
2351448 12729387
2351511 12729387
2353545 12729390
2353546 12729390
2354366 12729390
2345964 12729392
2345972 12729392
2346192 12729392
2346195 12729392
2354588 12729393
2354589 12729393
2350609 12729395
2350613 12729395
2354927 12729395
2345729 12729404
2345729 52541381
2345729 52541382
2345733 12729404
2345733 52541381
2345733 52541382
2345738 12729404
2345738 52541381
2345738 52541382
2345741 12729404
2345741 52541381
2345741 52541382
2345742 12729404
2345742 52541381
2345742 52541382
2345792 12729404
2345792 52541381
2345792 52541382
2345891 12729404
2345891 52541381
2345891 52541382
2345903 12729404
2345903 52541381
2345903 52541382
2345905 12729404
2345905 52541381
2345905 52541382
2346057 12729404
2346057 52541381
2346057 52541382
2347081 12729404
2347081 52541381
2347081 52541382
2347662 12729404
2347662 52541381
2347662 52541382
2353998 12729404
2353998 52541381
2353998 52541382
2354600 12729404
2354600 52541381
2354600 52541382
2354616 12729404
2354616 52541381
2354616 52541382
2355358 12729404
2355358 52541381
2355358 52541382
2355359 12729404
2355359 52541381
2355359 52541382
2355416 12729404
2355416 52541381
2355416 52541382
2351106 12729408
2355706 12729408
2355707 12729408
2351104 12729409
2355204 12729411
2355205 12729411
2347294 12729416
2347297 12729416
2347302 12729416
2347856 12729416
2349397 12729416
2350159 12729416
2350160 12729416
2354076 12729416
2354079 12729416
2354225 12729416
2349407 12729418
2350263 12729422
2350230 12729426
2350246 12729426
2350254 12729426
2351232 12729428
2350346 12729430
2350348 12729430
2355174 12729430
2355175 12729430
2350333 12729431
2351036 12729431
2351279 12729431
2351281 12729431
2351283 12729431
2350329 12729434
2351032 12729434
2351517 12729437
2350525 12729438
2351010 12729438
2351242 12729438
2349771 12729442
2347863 12729445
2347864 12729445
2354106 12729445
2350553 12729447
2350556 12729447
2350859 12729447
2350861 12729447
2351085 12729447
2351169 12729447
2351224 12729447
2354929 12729447
2354930 12729447
2355700 12729447
2355701 12729447
2350301 12729451
2350303 12729451
2350304 12729451
2350305 12729451
2351039 12729451
2354235 12729451
2347745 12729454
2347746 12729454
2354112 12729454
2345953 12729455
2352311 12729456
2352462 12729456
2347794 12729457
2347797 12729457
2352319 12729459
2352320 12729459
2352639 12729459
2353465 12729459
2350953 12729460
2350269 12729464
2350275 12729464
2350750 12729464
2353404 12729464
2354230 12729464
2354257 12729464
2355309 12729466
2355312 12729466
2347795 12729469
2347814 12729469
2348104 12729469
2348126 12729469
2348181 12729469
2352360 12729471
2352412 12729471
2352562 12729471
2352751 12729471
2354361 12729471
2354362 12729471
2354406 12729471
2347812 12729473
2348121 12729473
2347789 12729476
2347804 12729476
2348093 12729476
2348099 12729476
2348107 12729476
2348115 12729476
2348118 12729476
2352315 12729479
2352645 12729479
2352800 12729479
2352801 12729479
2352802 12729479
2352848 12729479
2352854 12729479
2355367 12729479
2355368 12729479
2351257 12729482
2351519 12729482
2351521 12729482
2351575 12729482
2354291 12729482
2354295 12729482
2354296 12729482
2354300 12729482
2350660 12729484
2348841 12729485
2348856 12729485
2348860 12729485
2348862 12729485
2354186 12729485
2348835 12729486
2354884 12729487
2354885 12729487
2355233 12729489
2355236 12729489
2355237 12729489
2350283 12729491
2350783 12729491
2351261 12729491
2351419 12729491
2355273 12729491
2355274 12729491
2346437 12729492
2346508 12729492
2347448 12729493
2347471 12729493
2347474 12729493
2354059 12729493
2354060 12729493
2351264 12729495
2351416 12729495
2351526 12729495
2351549 12729495
2345736 12729496
2345736 169776276
2345736 169776278
2345802 12729496
2345802 169776276
2345802 169776278
2347077 12729496
2347077 169776276
2347077 169776278
2347078 12729496
2347078 169776276
2347078 169776278
2347087 12729496
2347087 169776276
2347087 169776278
2347359 12729496
2347359 169776276
2347359 169776278
2347367 12729496
2347367 169776276
2347367 169776278
2347624 12729496
2347624 169776276
2347624 169776278
2347627 12729496
2347627 169776276
2347627 169776278
2354053 12729496
2354053 169776276
2354053 169776278
2354056 12729496
2354056 169776276
2354056 169776278
2347198 12729497
2347210 12729497
2347223 12729498
2347223 162241906
2347228 12729498
2347228 162241906
2347246 12729498
2347246 162241906
2347535 12729498
2347535 162241906
2347549 12729498
2347549 162241906
2347565 12729498
2347565 162241906
2356088 12729498
2356088 162241906
2356089 12729498
2356089 162241906
2356205 12729498
2356205 162241906
2356211 12729498
2356211 162241906
2356216 12729498
2356216 162241906
2347204 12729499
2347543 12729499
2346592 12729500
2346811 12729500
2347231 12729500
2350462 12729501
2354275 12729501
2354714 12729502
2346671 12729505
2346672 12729505
2346675 12729505
2346856 12729505
2353316 12729505
2347148 12729506
2347441 12729506
2347446 12729506
2354062 12729506
2350539 12729510
2350544 12729510
2350547 12729510
2350554 12729510
2350563 12729510
2350573 12729513
2350579 12729513
2350589 12729513
2347175 12729516
2346691 12729518
2346694 12729518
2346706 12729519
2346569 12729523
2346782 12729523
2347159 12729525
2347165 12729525
2347140 12729526
2347155 12729526
2347457 12729526
2350930 12729527
2350614 12729528
2350619 12729528
2351028 12729528
2347219 12729531
2347224 12729531
2347806 12729531
2348130 12729531
2348133 12729531
2348217 12729531
2348238 12729531
2349735 12729535
2349957 12729535
2355677 12729535
2355678 12729535
2347126 12729537
2347131 12729537
2347132 12729537
2347134 12729537
2347137 12729537
2347138 12729537
2347139 12729537
2347324 12729537
2347426 12729537
2347431 12729537
2347452 12729537
2347478 12729537
2355782 12729539
2350404 12729540
2355344 12729541
2355345 12729541
2349723 12729542
2349725 12729542
2349959 12729542
2349962 12729542
2346670 12729544
2346707 12729544
2346639 12729545
2349358 12729547
2351841 12729549
2351927 12729549
2346607 12729553
2346637 12729553
2346641 12729553
2348798 12729555
2349059 12729555
2350559 12729558
2354272 12729558
2351632 12729562
2351638 12729562
2351642 12729562
2351744 12729562
2351840 12729562
2351844 12729562
2351850 12729562
2351988 12729562
2352039 12729562
2354311 12729562
2346761 12729564
2349686 12729565
2349688 12729565
2349932 12729565
2350352 12729566
2346610 12729567
2346996 12729567
2354315 12729570
2350927 12729572
2355395 12729572
2349661 12729573
2353373 12729573
2349720 12729574
2349728 12729574
2345970 12729575
2345980 12729575
2345980 12730196
2346132 12729575
2346132 12730196
2346139 12729575
2346139 12730196
2346348 12729575
2346348 12730196
2345963 12729575
2345963 12730197
2346190 12729575
2346190 12730197
2346198 12729575
2346198 12730197
2347792 12729576
2345734 12729577
2345834 12729577
2354001 12729577
2349350 12729578
2349400 12729578
2349402 12729578
2349437 12729578
2349827 12729578
2350156 12729578
2345968 12729581
2345971 12729581
2349691 12729583
2350125 12729583
2353562 12729584
2351016 12729585
2350550 12729586
2350437 12729588
2350438 12729588
2350457 12729588
2350458 12729588
2354971 12729590
2355183 12729590
2355184 12729590
2350372 12729592
2350950 12729592
2354243 12729592
2352605 12729594
2349667 12729596
2349681 12729596
2349693 12729596
2349805 12729596
2349923 12729596
2350201 12729596
2354194 12729596
2349666 12729598
2349668 12729598
2349926 12729598
2350194 12729598
2355551 12729598
2355552 12729598
2355209 12729600
2345955 12729601
2351020 12729603
2350561 12729604
2346387 12729606
2352413 12729608
2354409 12729608
2354715 12729610
2345730 12729611
2345730 169774103
2345828 12729611
2345828 169774103
2345884 12729611
2345884 169774103
2350465 12729613
2353071 12729621
2353111 12729621
2353117 12729621
2353189 12729621
2354410 12729621
2346263 12729623
2351821 12729627
2351855 12729627
2351860 12729627
2351895 12729627
2351898 12729627
2351903 12729627
2351905 12729627
2351909 12729627
2351915 12729627
2351921 12729627
2352030 12729627
2352203 12729627
2352214 12729627
2352223 12729627
2355373 12729627
2355374 12729627
2355378 12729629
2355379 12729629
2353090 12729632
2353093 12729632
2353120 12729632
2350541 12729633
2346572 12729635
2346573 12729635
2346788 12729635
2346791 12729635
2349678 12729638
2349716 12729638
2350224 12729638
2354201 12729638
2346570 12729640
2346571 12729640
2353092 12729642
2353128 12729642
2355334 12729645
2355335 12729645
2355458 12729645
2355137 12729646
2355138 12729646
2355477 12729649
2350460 12729651
2350417 12729653
2350974 12729654
2355644 12729655
2355645 12729655
2349762 12729657
2351803 12729657
2351811 12729657
2352191 12729657
2354933 12729657
2355507 12729657
2355508 12729657
2350502 12729658
2350506 12729658
2350524 12729658
2350527 12729658
2354979 12729658
2354980 12729658
2355380 12729659
2346325 12729660
2346336 12729660
2355032 12729662
2355033 12729662
2353055 12729663
2350585 12729664
2353553 12729664
2353558 12729664
2350535 12729666
2350542 12729666
2350869 12729666
2350880 12729666
2350533 12729667
2350534 12729667
2355465 12729669
2350571 12729670
2352369 12729673
2352376 12729673
2352819 12729673
2352820 12729673
2352821 12729673
2352867 12729673
2347187 12729681
2347201 12729681
2347222 12729681
2347251 12729681
2347287 12729681
2347291 12729681
2347296 12729681
2347300 12729681
2347305 12729681
2347558 12729681
2347581 12729681
2349343 12729681
2349352 12729681
2349366 12729681
2349376 12729681
2349381 12729681
2349394 12729681
2354067 12729681
2347145 12729683
2347153 12729683
2347168 12729683
2347181 12729683
2347463 12729683
2351801 12729684
2351804 12729684
2351972 12729684
2352278 12729684
2352280 12729684
2352281 12729684
2352460 12729684
2352575 12729684
2352604 12729684
2352606 12729684
2351802 12729685
2352260 12729686
2352261 12729686
2352266 12729686
2352273 12729686
2352275 12729686
2352621 12729686
2354363 12729686
2351825 12729687
2352815 12729689
2352860 12729689
2347169 12729692
2347171 12729692
2347174 12729692
2347184 12729692
2347188 12729692
2347192 12729692
2347194 12729692
2347208 12729692
2347216 12729692
2347226 12729692
2347237 12729692
2347238 12729692
2347488 12729692
2347495 12729692
2347500 12729692
2347518 12729692
2347525 12729692
2347642 12729692
2352299 12729694
2352799 12729698
2352804 12729701
2352805 12729701
2352811 12729701
2352907 12729701
2354863 12729701
2354864 12729701
2346161 12729703
2346026 12729704
2346029 12729704
2346156 12729704
2346357 12729704
2350426 12729705
2350451 12729705
2350966 12729705
2350929 12729707
2350931 12729707
2354998 12729707
2355467 12729707
2355476 12729707
2350942 12729709
2350548 12729710
2354253 12729710
2355195 12729710
2355196 12729710
2351910 12729711
2354705 12729711
2347721 12729713
2347921 12729713
2353849 12729713
2353850 12729713
2353858 12729713
2353859 12729713
2355971 12729713
2355972 12729713
2356021 12729713
2356022 12729713
2350007 12729720
2351848 12729720
2351856 12729720
2351858 12729720
2351859 12729720
2351862 12729720
2352015 12729720
2352108 12729720
2352193 12729720
2352194 12729720
2352333 12729720
2352337 12729720
2352339 12729720
2352487 12729720
2352581 12729720
2353435 12729720
2354333 12729720
2354623 12729722
2346222 12729723
2350508 12729725
2350971 12729729
2350990 12729729
2352259 12729729
2354251 12729729
2354960 12729729
2354961 12729732
2346638 12729733
2346826 12729733
2347049 12729733
2348782 12729733
2354451 12729733
2356085 12729733
2356086 12729733
2347164 12729736
2347176 12729736
2347484 12729736
2347668 12729736
2354061 12729736
2355783 12729736
2354332 12729739
2350588 12729743
2350604 12729743
2350611 12729743
2351084 12729743
2350183 12729744
2350170 12729745
2346451 12729747
2346452 12729747
2346453 12729747
2346477 12729747
2346484 12729747
2346487 12729747
2346530 12729747
2348405 12729747
2353900 12729747
2354456 12729747
2356184 12729747
2356185 12729747
2356190 12729747
2356191 12729747
2346447 12729750
2346479 12729750
2353302 12729750
2354775 12729750
2352393 12729752
2352395 12729752
2352396 12729752
2352398 12729752
2352399 12729752
2352401 12729752
2352404 12729752
2352549 12729752
2352561 12729752
2352865 12729752
2352888 12729752
2351618 12729755
2351622 12729755
2351624 12729755
2351662 12729755
2351715 12729755
2351757 12729755
2351806 12729755
2351814 12729755
2351823 12729755
2351839 12729755
2351852 12729755
2351861 12729755
2351865 12729755
2351866 12729755
2351869 12729755
2351876 12729755
2351886 12729755
2351887 12729755
2351990 12729755
2351995 12729755
2351997 12729755
2352004 12729755
2352019 12729755
2352106 12729755
2352113 12729755
2352161 12729755
2352201 12729755
2352358 12729755
2352365 12729755
2352566 12729755
2352600 12729755
2352372 12729756
2352381 12729756
2352383 12729756
2352384 12729756
2352388 12729756
2352722 12729756
2352738 12729756
2348942 12729761
2349129 12729761
2351614 12729761
2351615 12729761
2351617 12729761
2351669 12729761
2351868 12729762
2351881 12729762
2351829 12729763
2351857 12729763
2351827 12729766
2351846 12729766
2351867 12729766
2351873 12729766
2351882 12729766
2354751 12729767
2354752 12729767
2347763 12729769
2347895 12729769
2348424 12729769
2348426 12729769
2348644 12729769
2347754 12729771
2354099 12729771
2347744 12729774
2347750 12729774
2348294 12729774
2348295 12729774
2347749 12729777
2348290 12729777
2347725 12729778
2347726 12729783
2347727 12729783
2347730 12729783
2348292 12729783
2348411 12729783
2355388 12729789
2355391 12729789
2355478 12729789
2355392 12729791
2351787 12729795
2351799 12729795
2346332 12729796
2347764 12729804
2348419 12729804
2348420 12729804
2348650 12729804
2348671 12729804
2350947 12729805
2347115 12729808
2347665 12729809
2346165 12729821
2346170 12729821
2346175 12729821
2348637 12729821
2348639 12729821
2348641 12729821
2348643 12729821
2348645 12729821
2348647 12729821
2348649 12729821
2348651 12729821
2348653 12729821
2348655 12729821
2348657 12729821
2348659 12729821
2348663 12729821
2353804 12729821
2353879 12729821
2353884 12729821
2353885 12729821
2353913 12729821
2353926 12729821
2353937 12729821
2354045 12729821
2354157 12729821
2354459 12729821
2354641 12729821
2354642 12729821
2356113 12729821
2356114 12729821
2356119 12729821
2356120 12729821
2348628 12729823
2348629 12729823
2348632 12729823
2348634 12729823
2348635 12729823
2348715 12729823
2348731 12729823
2351492 12729823
2351494 12729823
2351495 12729823
2348615 12729829
2348617 12729829
2348619 12729829
2348620 12729829
2348719 12729829
2348729 12729829
2351488 12729829
2351490 12729829
2351559 12729829
2351565 12729829
2351573 12729829
2354304 12729829
2346288 12729832
2349758 12729835
2351791 12729835
2354209 12729835
2350560 12729837
2350566 12729837
2350584 12729838
2351024 12729838
2350393 12729840
2350658 12729840
2350952 12729840
2354724 12729840
2347110 12729842
2347698 12729842
2354833 12729842
2355115 12729842
2355116 12729842
2355118 12729842
2355119 12729842
2351788 12729846
2352150 12729846
2355668 12729846
2355669 12729846
2354717 12729849
2354718 12729850
2354593 12729852
2353521 12729853
2353523 12729853
2349765 12729856
2354870 12729857
2352230 12729869
2352417 12729869
2352422 12729869
2352595 12729869
2354873 12729869
2350577 12729871
2351019 12729871
2354918 12729872
2345990 12729874
2345996 12729874
2346009 12729874
2345932 12729875
2345939 12729875
2346425 12729875
2354886 12729876
2346022 12729878
2346134 12729878
2346350 12729878
2348923 12729883
2349104 12729883
2349290 12729883
2349382 12729885
2350168 12729885
2347637 12729889
2349357 12729889
2354083 12729889
2350576 12729891
2347229 12729892
2353635 12729892
2356137 12729892
2347047 12729894
2356082 12729894
2356083 12729894
2346614 12729896
2346603 12729897
2346323 12729898
2347761 12729901
2348007 12729901
2348229 12729901
2346625 12729904
2346688 12729904
2346823 12729904
2347013 12729904
2350403 12729906
2350405 12729906
2350406 12729906
2350410 12729906
2350412 12729906
2350631 12729907
2354926 12729909
2346643 12729910
2350517 12729912
2350519 12729912
2350520 12729912
2350865 12729912
2351046 12729912
2351315 12729912
2351317 12729912
2351498 12729912
2354247 12729912
2354249 12729912
2354297 12729912
2354299 12729912
2346863 12729914
2346864 12729914
2346889 12729914
2346890 12729914
2346892 12729914
2346893 12729914
2346894 12729914
2349158 12729914
2349159 12729914
2346896 12729916
2346896 161965751
2346898 12729916
2346898 161965751
2346900 12729916
2346900 161965751
2346901 12729916
2346901 161965751
2349161 12729916
2349161 161965751
2349162 12729916
2349162 161965751
2349163 12729916
2349163 161965751
2346953 12729918
2346954 12729918
2346961 12729918
2346962 12729918
2346875 12729920
2346880 12729920
2349155 12729920
2349156 12729920
2346882 12729921
2346884 12729922
2346886 12729922
2346887 12729922
2346950 12729923
2346951 12729923
2346955 12729924
2346956 12729924
2346958 12729926
2346959 12729926
2346865 12729928
2346870 12729928
2346872 12729928
2346873 12729928
2346874 12729928
2346869 12729932
2346877 12729932
2346878 12729932
2349165 12729932
2349167 12729932
2349169 12729932
2349170 12729932
2346939 12729933
2346940 12729933
2346944 12729933
2346945 12729933
2346942 12729934
2349176 12729934
2346947 12729936
2346948 12729936
2346850 12729939
2346852 12729939
2346853 12729939
2346860 12729939
2346861 12729939
2347000 12729939
2346867 12729941
2346868 12729941
2346926 12729943
2346931 12729943
2346932 12729943
2346925 12729944
2346934 12729944
2346935 12729944
2346924 12729945
2346937 12729945
2346938 12729945
2349150 12729948
2349201 12729948
2349203 12729948
2349205 12729948
2349206 12729948
2349216 12729948
2349218 12729948
2349220 12729948
2349222 12729948
2349223 12729948
2353028 12729949
2353028 12730053
2353028 138788359
2353030 12729949
2353030 12730053
2353030 138788359
2353032 12729949
2353032 12730053
2353032 138788359
2353033 12729949
2353033 12730053
2353033 138788359
2346855 12729952
2346857 12729952
2346858 12729952
2346919 12729955
2346920 12729955
2346921 12729956
2346918 12729957
2346922 12729957
2346917 12729958
2346923 12729958
2346928 12729960
2346929 12729960
2351561 12729962
2351561 12730053
2351561 138787463
2351568 12729962
2351568 12730053
2351568 138787463
2351571 12729962
2351571 12730053
2351571 138787463
2353423 12729962
2353423 12730053
2353423 138787463
2355485 12729962
2355485 12730053
2355485 138787463
2346909 12729963
2346910 12729963
2353318 12729963
2346903 12729965
2346912 12729965
2346913 12729965
2346902 12729966
2346915 12729966
2346916 12729966
2351043 12729968
2349198 12729971
2349208 12729971
2349209 12729971
2354431 12729972
2350036 12729975
2350037 12729975
2350061 12729975
2350062 12729975
2354433 12729975
2346904 12729976
2346906 12729976
2346907 12729976
2349185 12729977
2349190 12729977
2349191 12729977
2349199 12729978
2347059 12729980
2347061 12729980
2347062 12729980
2350090 12729982
2346966 12729990
2346968 12729990
2346971 12729990
2346973 12729990
2346974 12729990
2349193 12729990
2349195 12729990
2349196 12729990
2349197 12729990
2349211 12729990
2349212 12729990
2350031 12729990
2350033 12729990
2350034 12729990
2350067 12729990
2350068 12729990
2350092 12729990
2350094 12729990
2353607 12729990
2356012 12729990
2356013 12729990
2349178 12729994
2349180 12729994
2349181 12729994
2349213 12729994
2349214 12729994
2349183 12729995
2349184 12729995
2349187 12729996
2349188 12729996
2347053 12730000
2347055 12730000
2347056 12730000
2347057 12730000
2350081 12730004
2350083 12730005
2350085 12730007
2350086 12730007
2350046 12730008
2350047 12730008
2350087 12730008
2350088 12730010
2349173 12730013
2349174 12730013
2354049 12730013
2346976 12730016
2346977 12730016
2346979 12730016
2346980 12730016
2346982 12730016
2346984 12730016
2346985 12730016
2353619 12730016
2356062 12730016
2356063 12730016
2350079 12730023
2350079 162238131
2346987 12730026
2346989 12730026
2346992 12730026
2353614 12730026
2356049 12730026
2356050 12730026
2350064 12730029
2350065 12730029
2349152 12730031
2349153 12730031
2347591 12730035
2350042 12730035
2350043 12730035
2354081 12730035
2350049 12730037
2350050 12730037
2350041 12730039
2350052 12730039
2350053 12730039
2350040 12730041
2350055 12730041
2350056 12730041
2350039 12730044
2350058 12730044
2350059 12730044
2351538 12730045
2351538 12730053
2351540 12730045
2351540 12730053
2351542 12730045
2351542 12730053
2352713 12730053
2352715 12730053
2352717 12730053
2352719 12730053
2352721 12730053
2352723 12730053
2352725 12730053
2352727 12730053
2352729 12730053
2352730 12730053
2352742 12730053
2352769 12730053
2353188 12730053
2350106 12730056
2350111 12730056
2350112 12730056
2350105 12730058
2350105 162238130
2350114 12730058
2350114 162238130
2350115 12730058
2350115 162238130
2350101 12730059
2350101 162238129
2350103 12730059
2350103 162238129
2350104 12730059
2350104 162238129
2350117 12730059
2350117 162238129
2350118 12730059
2350118 162238129
2350119 12730060
2350108 12730062
2350109 12730062
2350019 12730064
2350020 12730064
2350017 12730067
2350022 12730067
2350023 12730067
2350016 12730068
2350025 12730068
2350026 12730068
2350014 12730070
2350015 12730070
2350028 12730070
2350029 12730070
2347620 12730072
2347621 12730072
2347609 12730073
2347611 12730073
2347612 12730073
2347613 12730077
2347614 12730077
2347615 12730077
2347617 12730078
2347618 12730078
2347600 12730081
2347601 12730081
2347603 12730083
2347604 12730083
2347606 12730086
2347607 12730086
2354862 12730088
2351620 12730091
2351740 12730091
2346673 12730094
2346692 12730094
2346703 12730094
2346854 12730094
2346859 12730094
2354590 12730096
2352808 12730098
2354466 12730100
2354640 12730101
2347625 12730104
2347626 12730104
2354003 12730104
2345819 12730111
2345889 12730111
2346178 12730111
2346180 12730111
2346182 12730111
2346184 12730111
2346186 12730111
2346189 12730111
2346191 12730111
2346193 12730111
2346194 12730111
2346200 12730111
2346209 12730111
2346251 12730111
2346381 12730111
2354004 12730111
2354222 12730111
2346196 12730113
2346197 12730113
2346199 12730113
2348943 12730118
2348945 12730118
2349002 12730118
2349283 12730118
2349288 12730118
2355243 12730118
2354398 12730119
2345924 12730120
2346217 12730120
2354014 12730120
2345928 12730121
2350608 12730122
2350616 12730122
2351027 12730122
2353567 12730122
2347848 12730124
2347851 12730124
2348187 12730124
2351998 12730125
2352001 12730125
2354950 12730125
2352210 12730126
2354951 12730126
2355488 12730128
2348928 12730139
2348934 12730139
2348949 12730139
2349131 12730139
2354400 12730141
2347826 12730143
2347828 12730143
2348153 12730143
2347841 12730146
2348151 12730146
2348158 12730146
2348953 12730150
2352329 12730155
2352476 12730155
2355736 12730155
2355737 12730155
2352303 12730159
2352309 12730159
2352482 12730159
2350309 12730162
2350312 12730162
2350319 12730162
2351080 12730162
2350373 12730164
2345977 12730166
2345984 12730166
2345989 12730166
2346335 12730166
2347842 12730170
2347896 12730170
2347914 12730170
2348197 12730170
2348206 12730170
2348258 12730170
2354123 12730170
2347733 12730174
2347737 12730174
2347946 12730174
2354113 12730174
2346002 12730176
2347651 12730179
2347652 12730179
2352429 12730182
2352553 12730182
2353047 12730182
2353051 12730182
2353053 12730182
2353061 12730182
2353185 12730182
2353186 12730182
2352323 12730185
2352346 12730185
2352356 12730185
2352375 12730185
2352385 12730185
2352386 12730185
2352390 12730185
2352529 12730185
2352658 12730185
2352744 12730185
2352292 12730187
2352312 12730187
2352313 12730187
2352635 12730187
2352767 12730187
2346003 12730190
2346004 12730190
2346006 12730190
2346010 12730190
2346014 12730190
2346115 12730190
2346122 12730190
2346136 12730190
2346393 12730190
2355110 12730190
2355111 12730190
2350274 12730193
2350280 12730193
2350299 12730193
2350327 12730193
2355572 12730193
2355573 12730193
2355301 12730194
2346313 12730195
2346314 12730195
2347753 12730198
2347976 12730198
2347979 12730198
2347990 12730198
2348386 12730198
2354110 12730198
2348390 12730201
2354109 12730201
2351641 12730204
2351689 12730204
2351746 12730204
2351634 12730208
2351635 12730208
2351639 12730208
2351748 12730208
2351636 12730211
2352285 12730214
2355695 12730214
2355696 12730214
2355712 12730214
2355713 12730214
2347143 12730218
2347166 12730218
2347170 12730218
2347191 12730218
2347196 12730218
2347199 12730218
2347256 12730218
2347542 12730218
2353331 12730218
2353677 12730218
2355968 12730218
2355969 12730218
2347778 12730229
2348030 12730229
2348038 12730229
2348056 12730229
2354127 12730229
2354129 12730229
2354130 12730229
2351845 12730231
2354316 12730232
2347893 12730237
2348141 12730237
2348248 12730237
2350236 12730237
2350249 12730237
2350253 12730237
2350272 12730237
2350273 12730237
2350659 12730237
2350701 12730237
2353353 12730237
2353402 12730237
2353789 12730237
2354229 12730237
2355122 12730237
2355124 12730237
2355125 12730237
2355127 12730237
2355128 12730237
2355258 12730237
2355259 12730237
2350288 12730240
2350290 12730240
2350295 12730240
2350313 12730240
2350762 12730240
2350771 12730240
2350898 12730240
2355304 12730240
2355305 12730240
2350279 12730241
2350293 12730241
2350774 12730241
2351114 12730242
2351023 12730243
2354916 12730244
2347776 12730250
2347779 12730250
2347781 12730250
2347782 12730250
2348054 12730250
2348061 12730250
2348066 12730250
2348075 12730250
2350601 12730251
2350512 12730253
2351009 12730253
2354242 12730253
2354246 12730253
2354261 12730253
2355566 12730253
2355567 12730253
2350487 12730254
2350489 12730254
2349600 12730258
2349613 12730258
2349638 12730258
2349656 12730258
2349918 12730258
2350144 12730258
2350267 12730258
2350764 12730258
2350776 12730258
2354277 12730258
2346158 12730259
2346203 12730259
2346360 12730259
2354018 12730259
2355427 12730259
2354108 12730260
2350926 12730261
2349659 12730262
2349912 12730262
2350369 12730264
2350370 12730264
2347735 12730271
2347740 12730271
2347747 12730271
2347768 12730271
2347777 12730271
2347791 12730271
2348112 12730271
2353701 12730271
2353702 12730271
2354089 12730271
2355091 12730271
2355092 12730271
2355107 12730271
2355108 12730271
2355523 12730271
2355524 12730271
2355563 12730271
2355564 12730271
2350495 12730278
2350495 164139895
2350537 12730278
2350537 164139895
2350572 12730278
2350572 164139895
2350599 12730278
2350599 164139895
2350875 12730278
2350875 164139895
2352257 12730278
2352257 164139895
2352274 12730278
2352274 164139895
2352321 12730278
2352321 164139895
2352340 12730278
2352340 164139895
2352352 12730278
2352352 164139895
2352353 12730278
2352353 164139895
2352373 12730278
2352373 164139895
2352391 12730278
2352391 164139895
2352408 12730278
2352408 164139895
2352416 12730278
2352416 164139895
2352489 12730278
2352489 164139895
2352517 12730278
2352517 164139895
2352539 12730278
2352539 164139895
2352543 12730278
2352543 164139895
2352613 12730278
2352613 164139895
2352678 12730278
2352678 164139895
2352680 12730278
2352680 164139895
2352736 12730278
2352736 164139895
2352924 12730278
2352924 164139895
2352986 12730278
2352986 164139895
2353041 12730278
2353041 164139895
2355187 12730278
2355187 164139895
2355189 12730278
2355189 164139895
2355190 12730278
2355190 164139895
2355361 12730278
2355361 164139895
2355362 12730278
2355362 164139895
2355468 12730278
2355468 164139895
2347731 12730281
2349916 12730284
2350278 12730284
2351108 12730284
2354193 12730284
2354233 12730284
2348414 12730287
2354782 12730287
2354783 12730287
2354860 12730289
2348881 12730290
2349082 12730290
2347167 12730291
2347420 12730291
2347436 12730291
2347193 12730294
2347504 12730294
2349342 12730294
2349414 12730294
2353683 12730294
2355434 12730294
2355921 12730294
2355922 12730294
2345992 12730295
2350421 12730297
2350421 135259006
2350472 12730297
2350472 135259006
2345985 12730298
2350442 12730299
2348210 12730301
2347113 12730310
2347117 12730310
2347118 12730310
2347127 12730310
2347130 12730310
2347135 12730310
2347141 12730310
2347403 12730310
2347411 12730310
2347451 12730310
2347476 12730310
2347751 12730310
2347760 12730310
2347786 12730310
2347807 12730310
2347836 12730310
2347866 12730310
2347888 12730310
2347973 12730310
2348044 12730310
2348084 12730310
2348231 12730310
2348233 12730310
2348236 12730310
2348311 12730310
2348347 12730310
2348366 12730310
2353697 12730310
2353698 12730310
2354138 12730310
2355555 12730310
2355556 12730310
2348904 12730313
2348912 12730313
2348915 12730313
2349107 12730313
2349108 12730313
2349112 12730313
2349299 12730313
2354184 12730313
2354887 12730313
2354888 12730313
2354889 12730313
2354890 12730313
2354195 12730316
2348892 12730317
2351098 12730318
2345999 12730320
2345711 12730322
2350158 12730323
2348911 12730331
2348914 12730331
2348935 12730331
2349093 12730331
2349097 12730331
2349308 12730331
2351613 12730331
2351619 12730331
2351625 12730331
2351738 12730331
2354789 12730331
2354791 12730331
2354792 12730331
2354794 12730331
2354795 12730331
2355313 12730331
2355314 12730331
2355447 12730331
2354324 12730336
2354312 12730340
2354313 12730340
2350955 12730341
2347254 12730343
2347255 12730343
2347257 12730343
2347259 12730343
2347552 12730343
2347556 12730343
2347574 12730343
2347835 12730343
2347837 12730343
2348168 12730343
2348173 12730343
2348216 12730343
2354119 12730343
2345709 12730344
2354585 12730345
2349836 12730346
2354214 12730346
2348886 12730348
2349310 12730348
2345961 12730350
2354617 12730350
2355386 12730353
2345876 12730355
2354462 12730355
2350286 12730357
2350287 12730357
2355397 12730359
2348852 12730363
2348876 12730363
2348898 12730363
2349012 12730363
2349079 12730363
2354163 12730363
2348775 12730366
2348800 12730366
2348803 12730366
2348806 12730366
2348850 12730366
2349046 12730366
2349204 12730366
2349207 12730366
2349238 12730366
2354604 12730368
2354605 12730368
2348882 12730370
2345744 12730374
2345804 12730374
2345814 12730374
2355080 12730374
2355087 12730374
2350277 12730376
2351107 12730376
2348919 12730378
2348920 12730378
2349089 12730378
2348926 12730380
2349121 12730380
2348947 12730384
2348952 12730384
2349325 12730384
2354171 12730384
2351795 12730389
2351807 12730389
2351818 12730389
2351820 12730389
2351822 12730389
2351826 12730389
2351963 12730389
2351966 12730389
2352184 12730389
2354219 12730389
2348900 12730393
2348906 12730393
2348908 12730393
2348910 12730393
2349251 12730393
2351851 12730395
2351836 12730397
2349757 12730399
2349760 12730399
2349768 12730401
2354210 12730401
2349456 12730403
2349498 12730403
2349579 12730403
2349891 12730403
2348883 12730408
2348885 12730408
2348893 12730408
2348939 12730408
2349021 12730408
2349025 12730408
2349036 12730408
2349064 12730408
2349076 12730408
2349087 12730408
2349648 12730408
2349651 12730408
2354182 12730408
2355445 12730408
2355806 12730408
2355807 12730408
2345899 12730410
2346287 12730410
2346289 12730412
2351176 12730415
2350391 12730418
2350411 12730418
2350948 12730418
2350961 12730418
2348783 12730419
2348903 12730421
2354904 12730421
2354905 12730421
2348891 12730424
2354368 12730425
2352316 12730427
2346546 12730429
2346547 12730429
2354879 12730430
2354880 12730430
2348927 12730432
2348938 12730432
2349119 12730432
2349265 12730432
2350569 12730433
2350580 12730433
2350593 12730433
2350605 12730433
2355348 12730435
2355350 12730435
2355351 12730435
2351095 12730436
2350359 12730437
2350360 12730437
2350361 12730437
2351092 12730437
2355369 12730439
2349566 12730441
2350951 12730443
2349726 12730445
2355680 12730445
2355681 12730445
2349683 12730448
2349700 12730448
2350199 12730448
2353538 12730453
2353539 12730453
2349703 12730461
2355542 12730461
2355543 12730461
2346305 12730463
2346306 12730463
2345936 12730464
2345947 12730464
2349706 12730466
2349952 12730466
2350618 12730472
2351238 12730472
2352256 12730472
2352269 12730472
2352795 12730472
2352798 12730472
2352807 12730472
2352882 12730472
2352904 12730472
2352909 12730472
2353579 12730472
2354392 12730472
2354393 12730472
2355364 12730472
2355495 12730472
2350600 12730474
2351236 12730475
2353550 12730475
2356222 12730475
2349727 12730476
2349950 12730476
2347787 12730479
2348069 12730479
2348082 12730479
2348223 12730479
2348875 12730481
2349018 12730481
2349040 12730481
2354175 12730481
2356223 12730482
2350595 12730483
2350586 12730484
2354317 12730486
2354308 12730487
2350396 12730488
2350398 12730488
2350400 12730488
2350401 12730488
2350507 12730489
2350513 12730489
2350853 12730489
2351160 12730489
2350432 12730490
2350836 12730490
2350846 12730490
2350977 12730490
2351211 12730490
2355180 12730490
2355192 12730490
2355193 12730490
2355469 12730490
2350863 12730491
2351225 12730491
2355709 12730491
2355710 12730491
2350424 12730492
2349717 12730495
2349717 162272760
2349717 162272761
2349717 162272764
2349717 162272765
2349947 12730495
2349947 162272760
2349947 162272761
2349947 162272764
2349947 162272765
2350664 12730495
2350664 162272760
2350664 162272761
2350664 162272764
2350664 162272765
2350886 12730495
2350886 162272760
2350886 162272761
2350886 162272764
2350886 162272765
2353456 12730495
2353456 162272760
2353456 162272761
2353456 162272764
2353456 162272765
2353502 12730495
2353502 162272760
2353502 162272761
2353502 162272764
2353502 162272765
2354288 12730495
2354288 162272760
2354288 162272761
2354288 162272764
2354288 162272765
2355015 12730495
2355015 162272760
2355015 162272761
2355015 162272764
2355015 162272765
2355627 12730495
2355627 162272760
2355627 162272761
2355627 162272764
2355627 162272765
2355628 12730495
2355628 162272760
2355628 162272761
2355628 162272764
2355628 162272765
2348863 12730497
2348866 12730497
2348870 12730497
2355227 12730497
2355228 12730497
2355443 12730497
2355239 12730500
2355240 12730500
2355449 12730500
2350540 12730503
2351025 12730503
2351219 12730503
2351322 12730503
2351323 12730503
2351372 12730503
2351453 12730503
2351458 12730503
2351482 12730503
2351600 12730503
2355481 12730503
2350592 12730504
2350575 12730505
2348887 12730516
2348889 12730516
2348890 12730516
2349680 12730516
2349692 12730516
2349696 12730516
2349698 12730516
2349699 12730516
2349701 12730516
2349707 12730516
2349712 12730516
2349713 12730516
2349944 12730516
2349954 12730516
2350123 12730516
2350129 12730516
2350130 12730516
2353375 12730516
2354202 12730516
2354726 12730516
2354727 12730516
2354732 12730516
2354733 12730516
2355450 12730516
2355453 12730516
2355456 12730516
2355545 12730516
2355546 12730516
2350381 12730519
2350381 135259007
2350399 12730519
2350399 135259007
2355401 12730519
2355401 135259007
2354706 12730521
2351815 12730522
2352318 12730526
2352478 12730526
2352761 12730526
2354974 12730527
2346315 12730532
2346333 12730532
2353526 12730532
2353528 12730532
2353529 12730532
2350590 12730534
2352302 12730538
2355724 12730538
2355725 12730538
2353077 12730542
2353081 12730542
2353083 12730542
2353085 12730542
2353089 12730542
2353122 12730542
2353153 12730542
2353072 12730543
2352425 12730547
2352427 12730547
2352428 12730547
2352726 12730547
2353049 12730547
2353058 12730547
2353060 12730547
2353062 12730547
2353064 12730547
2351828 12730549
2351831 12730549
2351832 12730549
2352101 12730549
2350549 12730550
2350570 12730551
2350578 12730551
2352253 12730557
2353408 12730557
2354259 12730557
2352497 12730559
2352655 12730559
2352674 12730559
2352676 12730559
2352355 12730571
2352371 12730571
2352405 12730571
2352411 12730571
2352420 12730571
2352424 12730571
2352532 12730571
2352535 12730571
2352546 12730571
2352747 12730571
2355763 12730571
2355764 12730571
2351830 12730572
2351864 12730572
2350958 12730575
2351214 12730575
2350574 12730576
2350582 12730576
2355789 12730577
2355013 12730578
2352421 12730584
2353056 12730584
2353076 12730584
2353084 12730584
2353102 12730584
2353160 12730584
2353175 12730584
2354365 12730584
2352392 12730587
2352415 12730587
2352818 12730590
2352858 12730590
2352869 12730590
2352813 12730592
2352816 12730592
2349702 12730594
2349930 12730594
2350213 12730594
2345935 12730596
2354965 12730597
2354968 12730597
2352347 12730599
2352349 12730599
2352755 12730599
2355755 12730599
2355756 12730599
2348586 12730603
2348677 12730603
2348709 12730603
2347822 12730609
2352344 12730614
2352810 12730614
2352812 12730614
2352814 12730614
2353217 12730614
2353439 12730614
2351833 12730618
2351847 12730618
2351813 12730622
2347805 12730627
2348433 12730627
2348442 12730627
2348594 12730627
2352342 12730632
2352348 12730632
2352351 12730632
2352361 12730632
2352378 12730632
2352403 12730632
2352406 12730632
2352505 12730632
2352523 12730632
2352558 12730632
2353067 12730632
2353078 12730632
2354405 12730632
2352379 12730637
2352688 12730637
2352734 12730637
2351834 12730642
2351843 12730642
2352295 12730642
2352296 12730642
2352298 12730642
2352466 12730642
2352491 12730642
2352611 12730642
2354953 12730642
2354954 12730642
2352252 12730650
2352255 12730650
2352262 12730650
2352268 12730650
2352625 12730650
2352627 12730650
2352777 12730650
2352779 12730650
2350855 12730656
2352254 12730656
2352258 12730656
2352267 12730656
2352288 12730656
2352293 12730656
2352456 12730656
2352632 12730656
2350486 12730657
2352324 12730659
2347793 12730660
2347766 12730666
2347770 12730666
2347783 12730666
2347785 12730666
2347865 12730666
2353706 12730666
2355520 12730666
2355521 12730666
2356028 12730666
2356029 12730666
2347801 12730671
2347808 12730671
2347817 12730671
2348138 12730671
2348162 12730671
2348264 12730671
2348266 12730671
2353349 12730671
2350564 12730672
2355473 12730672
2350492 12730673
2355463 12730673
2350617 12730674
2351029 12730675
2351041 12730688
2352283 12730688
2352300 12730688
2352304 12730688
2352306 12730688
2352331 12730688
2352338 12730688
2352345 12730688
2352367 12730688
2352470 12730688
2352507 12730688
2352526 12730688
2352696 12730688
2353560 12730688
2354252 12730688
2354364 12730688
2354381 12730688
2351888 12730691
2351896 12730691
2352111 12730691
2353532 12730691
2346166 12730694
2346280 12730694
2346445 12730694
2346449 12730694
2346562 12730694
2353294 12730694
2353839 12730694
2353840 12730694
2355141 12730694
2355143 12730694
2355144 12730694
2352277 12730696
2352301 12730696
2352308 12730696
2352473 12730696
2352643 12730696
2351835 12730697
2352459 12730697
2355039 12730699
2350366 12730700
2353088 12730703
2353192 12730703
2354413 12730703
2354414 12730703
2354415 12730703
2354416 12730703
2345918 12730704
2351916 12730706
2352601 12730706
2351327 12730707
2353559 12730709
2355720 12730709
2355721 12730709
2352782 12730711
2352785 12730712
2352270 12730713
2352276 12730713
2352284 12730713
2352471 12730713
2352484 12730713
2352788 12730713
2352789 12730713
2352837 12730713
2352844 12730713
2352287 12730717
2352771 12730717
2351332 12730724
2355791 12730724
2350552 12730727
2351162 12730727
2354281 12730727
2354882 12730730
2354883 12730730
2351307 12730733
2351312 12730733
2351316 12730733
2351321 12730733
2351326 12730733
2351331 12730733
2351589 12730733
2352787 12730733
2352796 12730733
2352839 12730733
2353429 12730733
2354391 12730733
2354395 12730733
2351256 12730737
2351259 12730737
2351260 12730737
2351262 12730737
2351267 12730737
2351269 12730737
2351271 12730737
2351404 12730737
2351411 12730737
2351441 12730737
2351523 12730737
2351530 12730737
2351570 12730737
2353425 12730737
2348458 12730738
2351545 12730739
2351277 12730741
2351285 12730741
2351292 12730741
2351301 12730741
2351379 12730741
2351539 12730741
2350879 12730745
2352279 12730745
2345900 12730749
2345909 12730749
2346067 12730749
2346086 12730749
2346094 12730749
2346278 12730749
2346145 12730753
2347717 12730753
2354024 12730753
2354754 12730753
2354755 12730753
2350583 12730757
2347632 12730760
2351299 12730765
2351302 12730765
2351382 12730765
2351535 12730765
2355471 12730765
2351375 12730770
2351455 12730770
2355830 12730770
2355831 12730770
2351308 12730774
2351311 12730774
2351506 12730774
2351509 12730774
2351591 12730774
2347273 12730777
2347273 162241044
2347275 12730777
2347275 162241044
2347277 12730777
2347277 162241044
2347280 12730777
2347280 162241044
2347281 12730777
2347281 162241044
2347595 12730777
2347595 162241044
2347608 12730777
2347608 162241044
2349334 12730777
2349334 162241044
2349338 12730777
2349338 162241044
2349341 12730777
2349341 162241044
2349346 12730777
2349346 162241044
2349355 12730777
2349355 162241044
2349363 12730777
2349363 162241044
2349372 12730777
2349372 162241044
2349390 12730777
2349390 162241044
2353339 12730777
2353339 162241044
2354073 12730777
2354073 162241044
2347714 12730782
2354019 12730782
2347715 12730785
2347716 12730785
2347718 12730785
2347720 12730785
2348788 12730787
2349221 12730787
2349235 12730787
2351629 12730790
2351686 12730790
2351824 12730790
2351755 12730792
2351628 12730796
2351674 12730796
2351754 12730796
2354327 12730796
2346679 12730799
2346682 12730799
2346693 12730799
2346695 12730799
2346704 12730799
2346712 12730799
2346716 12730799
2346754 12730799
2346866 12730799
2346871 12730799
2346881 12730799
2346885 12730799
2346891 12730799
2346895 12730799
2348978 12730799
2354858 12730799
2354859 12730799
2351088 12730800
2351151 12730800
2348805 12730805
2348808 12730805
2348825 12730805
2348830 12730805
2348832 12730805
2348837 12730805
2348838 12730805
2349210 12730805
2349241 12730805
2349383 12730805
2349385 12730805
2349387 12730805
2349391 12730805
2349393 12730805
2349395 12730805
2349398 12730805
2349403 12730805
2349404 12730805
2349405 12730805
2349406 12730805
2349410 12730805
2349810 12730805
2349861 12730805
2349876 12730805
2350035 12730805
2350070 12730805
2350102 12730805
2350166 12730805
2355008 12730805
2355009 12730805
2355011 12730805
2355012 12730805
2345710 12730806
2345759 12730806
2354463 12730806
2348591 12730808
2346686 12730810
2346709 12730810
2348759 12730810
2348786 12730810
2348795 12730810
2348811 12730810
2348834 12730810
2348972 12730810
2349160 12730810
2350251 12730816
2350271 12730816
2350276 12730816
2350306 12730816
2350323 12730816
2350743 12730816
2350791 12730816
2350992 12730816
2351061 12730816
2354231 12730816
2354256 12730816
2354827 12730816
2354828 12730816
2355289 12730816
2355290 12730816
2355504 12730816
2355505 12730816
2345898 12730823
2345907 12730823
2345919 12730823
2345976 12730823
2346021 12730823
2346078 12730823
2346262 12730823
2346264 12730823
2346266 12730823
2346271 12730823
2346272 12730823
2353807 12730823
2353808 12730823
2353830 12730823
2353836 12730823
2353837 12730823
2353846 12730823
2353847 12730823
2353872 12730823
2353873 12730823
2353888 12730823
2354779 12730823
2354780 12730823
2355150 12730823
2356103 12730823
2356126 12730823
2356210 12730823
2347852 12730825
2347894 12730825
2348202 12730825
2348270 12730825
2348452 12730825
2348453 12730825
2348454 12730825
2348679 12730825
2348706 12730825
2350238 12730825
2350239 12730825
2350243 12730825
2350698 12730825
2351129 12730825
2348410 12730829
2348412 12730829
2348413 12730829
2348415 12730829
2348417 12730829
2348421 12730829
2348425 12730829
2348427 12730829
2348430 12730829
2348439 12730829
2348443 12730829
2348446 12730829
2348518 12730829
2348528 12730829
2348537 12730829
2348544 12730829
2348552 12730829
2348579 12730829
2348668 12730829
2348673 12730829
2348675 12730829
2348701 12730829
2348742 12730829
2353896 12730829
2353897 12730829
2347086 12730833
2347088 12730833
2347090 12730833
2347099 12730833
2347102 12730833
2354052 12730833
2354055 12730833
2354077 12730833
2350976 12730835
2348779 12730837
2349236 12730837
2348465 12730841
2348603 12730841
2348610 12730841
2348618 12730841
2348630 12730841
2348692 12730841
2348727 12730841
2351345 12730841
2351392 12730841
2355441 12730841
2351090 12730843
2355432 12730843
2347769 12730844
2347772 12730844
2347887 12730844
2348023 12730844
2354111 12730844
2354141 12730844
2356037 12730844
2356038 12730844
2356052 12730844
2356053 12730844
2345974 12730845
2345978 12730845
2345986 12730845
2345987 12730845
2345991 12730845
2345993 12730845
2345994 12730845
2354591 12730845
2347128 12730846
2347144 12730846
2347466 12730846
2355531 12730848
2354177 12730849
2355532 12730849
2355528 12730850
2355533 12730850
2355534 12730850
2348873 12730851
2351021 12730852
2351082 12730852
2350602 12730854
2350610 12730854
2351042 12730854
2353554 12730854
2353569 12730854
2353571 12730854
2350260 12730855
2347220 12730858
2347252 12730858
2355924 12730858
2347203 12730859
2347202 12730861
2347084 12730863
2345745 12730867
2345799 12730867
2347083 12730867
2347094 12730867
2347386 12730867
2347092 12730870
2347095 12730870
2348319 12730870
2348322 12730870
2348338 12730870
2354091 12730870
2354131 12730870
2347209 12730873
2354708 12730873
2347258 12730880
2347539 12730880
2349349 12730880
2353674 12730880
2355990 12730880
2355991 12730880
2347211 12730881
2347075 12730884
2347207 12730889
2347227 12730889
2347644 12730889
2356065 12730889
2356066 12730889
2346024 12730893
2347522 12730895
2347653 12730895
2353555 12730896
2350625 12730899
2347195 12730903
2347212 12730903
2347514 12730903
2353656 12730903
2354068 12730903
2355894 12730903
2355895 12730903
2345962 12730905
2346117 12730905
2354594 12730905
2347236 12730909
2347240 12730909
2347243 12730909
2347245 12730909
2347528 12730909
2347531 12730909
2353641 12730909
2355937 12730909
2355938 12730909
2356136 12730909
2350375 12730910
2353564 12730912
2350581 12730914
2354709 12730915
2350383 12730916
2350384 12730916
2354268 12730916
2349724 12730918
2349796 12730918
2354204 12730918
2346301 12730919
2346302 12730919
2355421 12730919
2355357 12730921
2350425 12730922
2350427 12730922
2355399 12730923
2355400 12730923
2349749 12730924
2349983 12730924
2355173 12730926
2349734 12730928
2349736 12730928
2349978 12730928
2350436 12730930
2350446 12730930
2350447 12730930
2350997 12730932
2351000 12730932
2351006 12730932
2354270 12730932
2354271 12730932
2350342 12730938
2354260 12730938
2351011 12730940
2354923 12730941
2355114 12730945
2350518 12730946
2349705 12730949
2349719 12730949
2349994 12730949
2349996 12730949
2355682 12730949
2355683 12730949
2349733 12730950
2355688 12730950
2355689 12730950
2349729 12730951
2354248 12730952
2348440 12730953
2348599 12730953
2348638 12730953
2348436 12730955
2350522 12730958
2350380 12730959
2350387 12730959
2350389 12730959
2350409 12730959
2350456 12730961
2350594 12730962
2350603 12730962
2349695 12730964
2353552 12730965
2353556 12730965
2354917 12730966
2348428 12730973
2348431 12730973
2348437 12730973
2348642 12730973
2348447 12730975
2348449 12730978
2348048 12730983
2348096 12730983
2348102 12730983
2348298 12730983
2355999 12730983
2356000 12730983
2350471 12730985
2350473 12730985
2350474 12730985
2350476 12730985
2350477 12730985
2349673 12730993
2349674 12730993
2349697 12730993
2349941 12730993
2354196 12730993
2354238 12730994
2347771 12731000
2347773 12731000
2347774 12731000
2347780 12731000
2347788 12731000
2347798 12731000
2347802 12731000
2347823 12731000
2347827 12731000
2347845 12731000
2347849 12731000
2347854 12731000
2348000 12731000
2348019 12731000
2348025 12731000
2348035 12731000
2348064 12731000
2348136 12731000
2348252 12731000
2348378 12731000
2350228 12731000
2350233 12731000
2350719 12731000
2351125 12731000
2353347 12731000
2354101 12731000
2354125 12731000
2354824 12731000
2354825 12731000
2356155 12731000
2347918 12731003
2348195 12731003
2350232 12731003
2350693 12731003
2350715 12731003
2350717 12731003
2354280 12731003
2347752 12731006
2347930 12731006
2347933 12731006
2347948 12731006
2354092 12731006
2354785 12731006
2354786 12731006
2355157 12731006
2355158 12731006
2349660 12731008
2349855 12731008
2349884 12731008
2354227 12731008
2352431 12731010
2354354 12731010
2349671 12731011
2349684 12731011
2350149 12731012
2348429 12731014
2348569 12731014
2351265 12731015
2347847 12731019
2348200 12731019
2348268 12731019
2348456 12731019
2354814 12731019
2354815 12731019
2347861 12731022
2348204 12731022
2350226 12731022
2354133 12731022
2354134 12731022
2354137 12731022
2349731 12731028
2349732 12731028
2349737 12731028
2349739 12731028
2349985 12731028
2349987 12731028
2349562 12731029
2349886 12731029
2350182 12731029
2349662 12731031
2349665 12731031
2349672 12731031
2349685 12731031
2349711 12731031
2350215 12731031
2355310 12731031
2355311 12731031
2346016 12731032
2346324 12731032
2346040 12731036
2353862 12731036
2355887 12731036
2355888 12731036
2348409 12731040
2348525 12731040
2350568 12731047
2350645 12731047
2352265 12731047
2352289 12731047
2353410 12731047
2353412 12731047
2350567 12731052
2350621 12731052
2346574 12731057
2346577 12731057
2346595 12731057
2346721 12731057
2346722 12731057
2346768 12731057
2346975 12731057
2346983 12731057
2348765 12731057
2348780 12731057
2348807 12731057
2349240 12731057
2353611 12731057
2356034 12731057
2356035 12731057
2349637 12731059
2349637 12731068
2349637 162271432
2349637 162271435
2349637 162271436
2349637 162271437
2349637 162271438
2349637 162271439
2349637 162271440
2349637 162271441
2349637 162271442
2349637 162271443
2349646 12731059
2349646 12731068
2349646 162271432
2349646 162271435
2349646 162271436
2349646 162271437
2349646 162271438
2349646 162271439
2349646 162271440
2349646 162271441
2349646 162271442
2349646 162271443
2349890 12731059
2349890 12731068
2349890 162271432
2349890 162271435
2349890 162271436
2349890 162271437
2349890 162271438
2349890 162271439
2349890 162271440
2349890 162271441
2349890 162271442
2349890 162271443
2349896 12731059
2349896 12731068
2349896 162271432
2349896 162271435
2349896 162271436
2349896 162271437
2349896 162271438
2349896 162271439
2349896 162271440
2349896 162271441
2349896 162271442
2349896 162271443
2350136 12731059
2350136 12731068
2350136 162271432
2350136 162271435
2350136 162271436
2350136 162271437
2350136 162271438
2350136 162271439
2350136 162271440
2350136 162271441
2350136 162271442
2350136 162271443
2349649 12731061
2349649 12731068
2349649 162271432
2349649 162271435
2349649 162271436
2349649 162271437
2349649 162271438
2349649 162271439
2349649 162271440
2349649 162271441
2349649 162271442
2349649 162271443
2349658 12731061
2349658 12731068
2349658 162271432
2349658 162271435
2349658 162271436
2349658 162271437
2349658 162271438
2349658 162271439
2349658 162271440
2349658 162271441
2349658 162271442
2349658 162271443
2349914 12731061
2349914 12731068
2349914 162271432
2349914 162271435
2349914 162271436
2349914 162271437
2349914 162271438
2349914 162271439
2349914 162271440
2349914 162271441
2349914 162271442
2349914 162271443
2350138 12731061
2350138 12731068
2350138 162271432
2350138 162271435
2350138 162271436
2350138 162271437
2350138 162271438
2350138 162271439
2350138 162271440
2350138 162271441
2350138 162271442
2350138 162271443
2350140 12731061
2350140 12731068
2350140 162271432
2350140 162271435
2350140 162271436
2350140 162271437
2350140 162271438
2350140 162271439
2350140 162271440
2350140 162271441
2350140 162271442
2350140 162271443
2350314 12731061
2350314 12731068
2350314 162271432
2350314 162271435
2350314 162271436
2350314 162271437
2350314 162271438
2350314 162271439
2350314 162271440
2350314 162271441
2350314 162271442
2350314 162271443
2350982 12731061
2350982 12731068
2350982 162271432
2350982 162271435
2350982 162271436
2350982 162271437
2350982 162271438
2350982 162271439
2350982 162271440
2350982 162271441
2350982 162271442
2350982 162271443
2355324 12731061
2355324 12731068
2355324 162271432
2355324 162271435
2355324 162271436
2355324 162271437
2355324 162271438
2355324 162271439
2355324 162271440
2355324 162271441
2355324 162271442
2355324 162271443
2355326 12731061
2355326 12731068
2355326 162271432
2355326 162271435
2355326 162271436
2355326 162271437
2355326 162271438
2355326 162271439
2355326 162271440
2355326 162271441
2355326 162271442
2355326 162271443
2355327 12731061
2355327 12731068
2355327 162271432
2355327 162271435
2355327 162271436
2355327 162271437
2355327 162271438
2355327 162271439
2355327 162271440
2355327 162271441
2355327 162271442
2355327 162271443
2350320 12731066
2350320 12731068
2350320 162271432
2350320 162271435
2350320 162271436
2350320 162271437
2350320 162271438
2350320 162271439
2350320 162271440
2350320 162271441
2350320 162271442
2350320 162271443
2350321 12731066
2350321 12731068
2350321 162271432
2350321 162271435
2350321 162271436
2350321 162271437
2350321 162271438
2350321 162271439
2350321 162271440
2350321 162271441
2350321 162271442
2350321 162271443
2350343 12731066
2350343 12731068
2350343 162271432
2350343 162271435
2350343 162271436
2350343 162271437
2350343 162271438
2350343 162271439
2350343 162271440
2350343 162271441
2350343 162271442
2350343 162271443
2350395 12731066
2350395 12731068
2350395 162271432
2350395 162271435
2350395 162271436
2350395 162271437
2350395 162271438
2350395 162271439
2350395 162271440
2350395 162271441
2350395 162271442
2350395 162271443
2350669 12731066
2350669 12731068
2350669 162271432
2350669 162271435
2350669 162271436
2350669 162271437
2350669 162271438
2350669 162271439
2350669 162271440
2350669 162271441
2350669 162271442
2350669 162271443
2350672 12731066
2350672 12731068
2350672 162271432
2350672 162271435
2350672 162271436
2350672 162271437
2350672 162271438
2350672 162271439
2350672 162271440
2350672 162271441
2350672 162271442
2350672 162271443
2350820 12731066
2350820 12731068
2350820 162271432
2350820 162271435
2350820 162271436
2350820 162271437
2350820 162271438
2350820 162271439
2350820 162271440
2350820 162271441
2350820 162271442
2350820 162271443
2350822 12731066
2350822 12731068
2350822 162271432
2350822 162271435
2350822 162271436
2350822 162271437
2350822 162271438
2350822 162271439
2350822 162271440
2350822 162271441
2350822 162271442
2350822 162271443
2350894 12731066
2350894 12731068
2350894 162271432
2350894 162271435
2350894 162271436
2350894 162271437
2350894 162271438
2350894 162271439
2350894 162271440
2350894 162271441
2350894 162271442
2350894 162271443
2351192 12731066
2351192 12731068
2351192 162271432
2351192 162271435
2351192 162271436
2351192 162271437
2351192 162271438
2351192 162271439
2351192 162271440
2351192 162271441
2351192 162271442
2351192 162271443
2349565 12731068
2349565 12731077
2349565 162271432
2349565 162271435
2349565 162271436
2349565 162271437
2349565 162271438
2349565 162271439
2349565 162271440
2349565 162271441
2349565 162271442
2349565 162271443
2349514 12731068
2349514 12731085
2349514 162271432
2349514 162271435
2349514 162271436
2349514 162271437
2349514 162271438
2349514 162271439
2349514 162271440
2349514 162271441
2349514 162271442
2349514 162271443
2349438 12731068
2349438 162271432
2349438 162271435
2349438 162271436
2349438 162271437
2349438 162271438
2349438 162271439
2349438 162271440
2349438 162271441
2349438 162271442
2349438 162271443
2349486 12731068
2349486 162271432
2349486 162271435
2349486 162271436
2349486 162271437
2349486 162271438
2349486 162271439
2349486 162271440
2349486 162271441
2349486 162271442
2349486 162271443
2349858 12731068
2349858 162271432
2349858 162271435
2349858 162271436
2349858 162271437
2349858 162271438
2349858 162271439
2349858 162271440
2349858 162271441
2349858 162271442
2349858 162271443
2354191 12731068
2354191 162271432
2354191 162271435
2354191 162271436
2354191 162271437
2354191 162271438
2354191 162271439
2354191 162271440
2354191 162271441
2354191 162271442
2354191 162271443
2346605 12731073
2346605 12731082
2346616 12731073
2346616 12731082
2346657 12731073
2346657 12731082
2346674 12731073
2346674 12731082
2346696 12731073
2346696 12731082
2346751 12731073
2346751 12731082
2346830 12731073
2346830 12731082
2347002 12731073
2347002 12731082
2347007 12731073
2347007 12731082
2347010 12731073
2347010 12731082
2347012 12731073
2347012 12731082
2351607 12731073
2351607 12731082
2353314 12731073
2353314 12731082
2346575 12731076
2346575 12880355
2347734 12731090
2347741 12731090
2347968 12731090
2347971 12731090
2347742 12731092
2351094 12731093
2355398 12731094
2349741 12731100
2349746 12731100
2349751 12731100
2349752 12731100
2349753 12731100
2349756 12731100
2349976 12731100
2349981 12731100
2354207 12731100
2355664 12731100
2355665 12731100
2355674 12731100
2355675 12731100
2346450 12731105
2346489 12731105
2350612 12731108
2356228 12731111
2345826 12731113
2345882 12731113
2350357 12731115
2351297 12731115
2351300 12731115
2347105 12731118
2347106 12731118
2347405 12731118
2347414 12731118
2347655 12731118
2347739 12731118
2347955 12731118
2347982 12731118
2348340 12731118
2347114 12731124
2347122 12731124
2354057 12731124
2347123 12731127
2347400 12731127
2354085 12731127
2355785 12731127
2348457 12731129
2348462 12731129
2348468 12731129
2348608 12731129
2348689 12731129
2348691 12731129
2349687 12731130
2349708 12731130
2349795 12731130
2354197 12731130
2349931 18283974
