2311040 12719653
2311040 12759891
2310571 12723238
2310571 12761027
2310717 12725242
2310717 12759147
2310947 12725242
2310947 12759147
2388023 12757644
2388023 12780759
2387639 12757644
2387639 12781155
2387640 12757644
2387640 12781155
2388020 12757644
2388020 12781155
2394309 12757644
2394309 12781155
2397663 12757644
2397663 12781155
2397664 12757644
2397664 12781155
2388026 12757644
2388026 12781176
2387645 12761075
2387645 12784756
2387646 12761075
2387646 12784756
2387899 12761075
2387899 12784756
2388012 12761075
2388012 12784756
2436282 12758224
2436282 12785662
2491914 12757045
2491914 12797453
2492032 12757045
2492032 12797453
2492053 12757045
2492053 12797453
2492055 12757045
2492055 12797453
2540327 12760836
2540327 12833990
2540328 12760836
2540328 12833990
2540329 12760836
2540329 12833990
2540331 12760836
2540331 12833990
2540463 12760836
2540463 12833990
2643578 12761483
2643578 12845151
2650974 12761483
2650974 12845151
2650980 12761483
2650980 12845151
2643400 12761627
2643400 12844709
2650979 12845151
3015025 126991238
3015025 12760571
3015340 126991238
3015340 12760571
3015454 126991238
3015454 12760571
3017010 126991238
3017010 12760571
3017043 126991238
3017043 12760571
3017525 126991238
3017525 12760571
3019445 126991238
3019445 12760571
3020362 126991238
3020362 12760571
3021811 126991238
3021811 12760571
3021812 126991238
3021812 12760571
3017078 126991239
3017078 12759508
3017078 12759521
3017079 126991239
3017079 12759508
3017079 12759521
3017098 126991239
3017098 12759508
3017098 12759521
3017106 126991239
3017106 12759508
3017106 12759521
3017121 126991239
3017121 12759508
3017121 12759521
3017282 126991239
3017282 12759508
3017282 12759521
3017482 126991239
3017482 12759508
3017482 12759521
3017632 126991239
3017632 12759508
3017632 12759521
3021823 126991239
3021823 12759508
3021823 12759521
3021824 126991239
3021824 12759508
3021824 12759521
3022439 126991239
3022439 12759508
3022439 12759521
3016049 126991240
3016049 12759442
3016288 126991240
3016288 12759442
3020444 126991240
3020444 12759442
3019367 126991241
3019367 126991242
3019367 12761455
3020352 126991241
3020352 126991242
3020352 12761455
3021806 126991241
3021806 126991242
3021806 12761455
3022406 126991241
3022406 126991242
3022406 12761455
3022407 126991241
3022407 126991242
3022407 12761455
3014381 126991243
3014381 126991246
3014381 12761729
3014382 126991243
3014382 126991246
3014382 12761729
3018218 126991243
3018218 126991246
3018218 12761729
3018224 126991243
3018224 126991246
3018224 12761729
3018226 126991243
3018226 126991246
3018226 12761729
3021760 126991243
3021760 126991246
3021760 12761729
3021761 126991243
3021761 126991246
3021761 12761729
3013808 126991244
3013808 126991245
3013808 12761710
3016492 126991244
3016492 126991245
3016492 12761710
3016498 126991244
3016498 126991245
3016498 12761710
3016499 126991244
3016499 126991245
3016499 12761710
3016527 126991244
3016527 126991245
3016527 12761710
3016828 126991244
3016828 126991245
3016828 12761710
3016888 126991244
3016888 126991245
3016888 12761710
3018193 126991244
3018193 126991245
3018193 12761710
3018492 126991244
3018492 126991245
3018492 12761710
3018494 126991244
3018494 126991245
3018494 12761710
3018566 126991244
3018566 126991245
3018566 12761710
3019422 126991244
3019422 126991245
3019422 12761710
3021731 126991244
3021731 126991245
3021731 12761710
3021742 126991244
3021742 126991245
3021742 12761710
3021743 126991244
3021743 126991245
3021743 12761710
3021884 126991244
3021884 126991245
3021884 12761710
3021886 126991244
3021886 126991245
3021886 12761710
3021887 126991244
3021887 126991245
3021887 12761710
3021889 126991244
3021889 126991245
3021889 12761710
3021890 126991244
3021890 126991245
3021890 12761710
3021904 126991244
3021904 126991245
3021904 12761710
3021905 126991244
3021905 126991245
3021905 12761710
3021941 126991244
3021941 126991245
3021941 12761710
3021942 126991244
3021942 126991245
3021942 12761710
3021948 126991244
3021948 126991245
3021948 12761710
3021986 126991244
3021986 126991245
3021986 12761710
3021989 126991244
3021989 126991245
3021989 12761710
3022020 126991244
3022020 126991245
3022020 12761710
3022140 126991244
3022140 126991245
3022140 12761710
3022142 126991244
3022142 126991245
3022142 12761710
3022145 126991244
3022145 126991245
3022145 12761710
3022429 126991244
3022429 126991245
3022429 12761710
3016283 126991247
3016283 12756957
3017026 126991248
3017026 12761685
3017031 126991248
3017031 12761685
3017033 126991248
3017033 12761685
3017037 126991248
3017037 12761685
3017040 126991248
3017040 12761685
3015562 12756881
3015578 12756881
3015609 12756881
3015645 12756883
3015678 12756883
3015543 12756887
3016192 12756887
3019756 12756887
3021836 12756890
3021837 12756890
3013277 12756893
3013685 12756895
3014939 12756899
3014212 12756906
3014264 12756906
3014323 12756906
3014331 12756909
3014208 12756922
3014257 12756922
3020288 12756922
3015700 12756932
3015709 12756932
3015711 12756932
3021087 12756932
3015662 12756934
3015667 12756934
3021215 12756936
3015588 12756939
3016104 12756939
3016105 12756939
3016502 12756941
3021920 12756941
3021921 12756941
3022016 12756941
3022017 12756941
3022027 12756941
3022030 12756941
3022032 12756941
3022033 12756941
3016856 12756944
3016857 12756944
3014956 12756948
3019711 12756951
3020889 12756953
3016281 12756954
3016281 12756957
3019666 12756955
3016284 12756959
3013287 12756962
3013673 12756962
3013679 12756962
3022051 12756966
3013674 12756967
3013675 12756970
3013678 12756970
3013677 12756971
3022055 12756976
3022061 12756976
3022062 12756976
3022059 12756977
3022060 12756977
3021275 12756980
3021278 12756982
3019730 12756985
3019820 12756985
3019821 12756985
3019856 12756985
3021279 12756987
3019736 12756990
3018952 12756996
3018955 12756996
3019004 12756996
3019738 12756999
3014513 12757005
3014522 12757005
3018092 12757007
3019420 12757007
3018096 12757010
3022124 12757015
3017775 12757019
3021341 12757021
3021346 12757023
3021349 12757026
3019801 12757029
3019805 12757032
3019806 12757032
3021983 12757034
3021984 12757034
3021985 12757035
3021988 12757037
3021411 12757041
3012995 12757045
3021414 12757049
3014226 12757067
3014228 12757067
3014229 12757067
3014370 12757067
3014224 12757083
3014227 12757083
3014230 12757083
3014233 12757083
3014280 12757083
3014333 12757083
3014372 12757083
3021419 12757087
3021420 12757087
3013668 12757093
3020239 12757093
3015710 12757095
3016020 12757095
3019014 12757098
3019016 12757101
3020871 12757104
3021197 12757106
3021200 12757106
3021201 12757106
3020873 12757113
3020878 12757113
3016270 12757116
3017345 12757125
3017735 12757125
3017736 12757125
3017737 12757125
3017919 12757125
3019656 12757127
3020300 12757130
3016274 12757131
3018796 12757136
3018872 12757136
3022523 12757136
3014443 12757139
3016277 12757140
3013660 12757142
3016279 12757143
3013662 12757144
3014447 12757145
3013664 12757147
3013315 12757149
3013665 12757149
3022043 12757152
3022044 12757153
3022045 12757153
3021262 12757154
3013669 12757158
3020943 12757160
3012761 12757166
3012763 12757166
3012889 12757166
3012893 12757166
3014580 12757166
3014704 12757166
3020206 12757166
3022040 12757166
3022041 12757166
3021267 12757170
3021268 12757170
3021269 12757172
3019721 12757174
3016489 12757182
3016553 12757182
3016910 12757182
3020083 12757182
3020479 12757182
3020515 12757182
3022755 12757182
3022756 12757182
3018003 12757186
3018080 12757186
3020891 12757186
3018945 12757188
3018970 12757188
3022110 12757190
3022112 12757191
3017762 12757195
3018175 12757195
3012950 12757196
3018088 12757198
3012952 12757200
3021331 12757206
3021332 12757206
3021335 12757209
3021338 12757211
3013239 12757214
3020220 12757214
3021408 12757216
3018794 12757219
3016198 12757220
3018797 12757222
3018992 12757222
3016078 12757226
3016199 12757226
3020404 12757226
3018809 12757228
3019002 12757228
3019005 12757232
3015703 12757235
3019008 12757237
3021182 12757239
3021183 12757239
3015708 12757241
3019640 12757242
3019758 12757242
3013014 12757244
3020868 12757246
3015746 12757251
3016261 12757251
3016266 12757251
3016268 12757251
3022419 12757251
3016265 12757253
3016267 12757254
3022031 12757255
3022034 12757256
3017105 12757260
3017684 12757260
3013657 12757262
3013658 12757262
3021252 12757264
3021253 12757264
3022039 12757265
3021256 12757267
3020934 12757269
3022350 12757269
3022353 12757269
3022354 12757269
3021259 12757270
3021891 12757272
3014502 12757273
3021894 12757274
3018072 12757276
3014506 12757279
3018076 12757281
3015522 12757283
3015784 12757283
3021320 12757283
3021321 12757283
3021323 12757283
3021324 12757283
3021326 12757283
3012909 12757288
3012911 12757288
3012915 12757288
3012917 12757288
3012919 12757288
3012920 12757288
3012923 12757288
3012925 12757288
3012927 12757288
3012939 12757288
3012944 12757288
3012963 12757288
3014794 12757288
3014799 12757288
3014800 12757288
3014859 12757288
3019358 12757288
3019873 12757288
3020299 12757288
3020338 12757288
3022750 12757288
3022751 12757288
3022107 12757290
3012945 12757291
3021325 12757295
3012948 12757297
3014232 12757303
3014284 12757303
3014354 12757303
3021962 12757307
3021968 12757307
3021969 12757307
3022589 12757307
3022590 12757307
3016184 12757309
3016185 12757309
3016389 12757309
3016187 12757313
3020215 12757316
3016189 12757321
3016362 12757321
3021171 12757324
3021176 12757325
3013001 12757333
3013002 12757338
3013120 12757338
3014385 12757347
3014387 12757347
3014420 12757347
3022025 12757348
3022028 12757349
3017679 12757353
3018011 12757353
3021247 12757355
3019706 12757356
3018828 12757365
3018837 12757365
3018922 12757365
3018984 12757365
3020672 12757365
3021882 12757367
3018829 12757370
3018924 12757370
3021888 12757372
3012930 12757375
3012931 12757375
3018069 12757377
3021311 12757381
3021314 12757382
3021317 12757384
3021318 12757385
3021953 12757387
3021956 12757390
3021093 12757393
3021094 12757393
3021095 12757394
3021959 12757397
3018770 12757399
3014339 12757406
3014340 12757406
3015389 12757410
3015390 12757410
3014218 12757417
3014344 12757417
3014345 12757417
3014814 12757419
3020205 12757419
3017593 12757423
3015399 12757427
3021162 12757429
3014980 12757435
3020343 12757435
3017598 12757440
3019822 12757440
3019851 12757440
3018205 12757445
3020579 12757445
3014983 12757448
3021168 12757450
3014989 12757452
3016246 12757457
3018807 12757459
3018846 12757459
3014380 12757461
3014415 12757461
3013631 12757466
3022480 12757466
3013941 12757471
3013950 12757471
3016466 12757471
3020255 12757471
3022010 12757471
3022011 12757471
3013602 12757484
3013604 12757484
3013606 12757484
3013608 12757484
3013610 12757484
3013612 12757484
3013614 12757484
3013616 12757484
3013618 12757484
3013620 12757484
3013622 12757484
3013624 12757484
3013626 12757484
3013628 12757484
3013634 12757484
3013653 12757484
3021365 12757484
3022479 12757484
3023175 12757484
3013635 12757490
3013638 12757490
3016075 12757490
3016077 12757490
3016079 12757490
3016082 12757490
3016096 12757490
3016330 12757490
3019703 12757490
3019804 12757490
3022018 12757491
3018833 12757502
3018914 12757502
3021879 12757505
3012757 12757509
3012921 12757509
3018058 12757513
3021301 12757515
3017738 12757519
3021304 12757520
3016091 12757523
3018742 12757528
3021307 12757528
3014211 12757532
3014262 12757532
3020291 12757532
3021080 12757535
3021945 12757536
3021946 12757536
3021083 12757538
3021086 12757541
3021089 12757542
3018670 12757550
3018760 12757550
3014330 12757556
3014332 12757558
3015381 12757560
3014334 12757565
3014231 12757573
3014335 12757573
3014336 12757577
3014338 12757579
3018643 12757585
3018644 12757585
3018697 12757585
3018769 12757585
3019410 12757585
3015387 12757587
3012773 12757589
3021152 12757601
3021155 12757605
3014968 12757614
3014975 12757614
3018022 12757619
3018026 12757619
3019376 12757619
3021159 12757619
3018830 12757627
3018836 12757627
3018838 12757627
3015452 12757630
3021790 12757630
3021791 12757630
3018835 12757634
3019431 12757634
3022003 12757636
3014962 12757640
3015151 12757640
3015459 12757640
3020384 12757640
3012727 12757644
3012842 12757644
3012846 12757644
3012985 12757644
3012990 12757644
3020196 12757644
3016871 12757646
3022009 12757647
3020900 12757648
3021225 12757652
3021226 12757652
3021227 12757654
3020907 12757656
3021863 12757658
3021867 12757659
3020680 12757665
3018046 12757668
3020880 12757668
3019076 12757676
3019095 12757676
3019133 12757676
3019167 12757676
3019273 12757676
3020681 12757676
3018048 12757680
3016511 12757686
3016512 12757686
3016729 12757686
3016734 12757686
3016941 12757686
3017726 12757689
3019099 12757694
3019170 12757694
3019258 12757694
3020685 12757694
3019198 12757700
3020687 12757700
3016086 12757705
3016087 12757705
3019929 12757713
3022713 12757713
3021074 12757714
3021077 12757715
3018735 12757718
3018751 12757718
3014213 12757719
3014324 12757719
3014325 12757720
3014328 12757722
3021139 12757724
3021140 12757724
3017142 12757727
3017575 12757727
3012765 12757728
3014960 12757734
3014961 12757734
3019909 12757734
3020383 12757734
3021145 12757735
3021146 12757735
3014964 12757743
3021149 12757745
3014969 12757749
3016221 12757751
3021780 12757754
3016223 12757758
3018823 12757763
3021784 12757765
3012719 12757773
3012830 12757773
3012908 12757773
3015449 12757774
3015580 12757777
3019380 12757777
3012833 12757781
3019890 12757781
3020194 12757781
3021212 12757785
3021853 12757788
3021854 12757788
3018030 12757796
3018031 12757796
3015513 12757800
3018035 12757801
3018804 12757806
3020674 12757806
3016509 12757818
3016513 12757818
3016520 12757818
3016777 12757818
3016935 12757818
3015352 12757836
3015354 12757836
3015356 12757836
3015358 12757836
3015360 12757836
3015362 12757836
3015364 12757836
3015366 12757836
3015368 12757836
3015370 12757836
3015372 12757836
3015374 12757836
3015376 12757836
3015378 12757836
3015379 12757836
3016048 12757836
3016053 12757836
3016055 12757836
3016056 12757836
3016058 12757836
3016060 12757836
3016062 12757836
3016064 12757836
3016066 12757836
3016068 12757836
3016070 12757836
3016072 12757836
3016073 12757836
3017520 12757836
3019441 12757836
3019446 12757836
3023099 12757836
3014238 12757845
3014240 12757845
3017584 12757848
3019457 12757848
3019459 12757848
3015526 12757851
3015900 12757851
3016076 12757851
3021059 12757854
3021060 12757854
3016139 12757857
3016141 12757857
3016142 12757857
3015729 12757863
3015788 12757863
3016440 12757863
3019524 12757863
3020413 12757863
3020423 12757863
3020474 12757863
3020919 12757863
3020920 12757863
3022343 12757863
3022344 12757863
3016147 12757867
3016148 12757867
3014103 12757876
3014106 12757876
3014108 12757876
3014110 12757876
3014112 12757876
3014114 12757876
3014116 12757876
3014118 12757876
3014120 12757876
3014122 12757876
3014123 12757876
3014166 12757876
3014183 12757876
3014316 12757876
3014318 12757876
3014319 12757876
3019348 12757876
3021628 12757876
3021629 12757876
3017560 12757879
3017561 12757879
3017566 12757882
3017567 12757882
3017568 12757883
3021134 12757886
3014952 12757890
3014953 12757890
3019685 12757890
3020358 12757890
3014620 12757898
3019903 12757898
3022549 12757898
3022550 12757898
3016210 12757900
3016211 12757901
3018810 12757903
3021771 12757904
3016215 12757905
3016218 12757907
3016219 12757907
3015439 12757909
3020596 12757912
3020892 12757912
3020893 12757912
3016853 12757914
3021205 12757919
3021208 12757920
3014167 12757924
3021616 12757924
3021617 12757924
3018020 12757929
3021844 12757930
3017703 12757933
3018025 12757933
3018662 12757940
3018663 12757940
3018726 12757940
3014234 12757943
3014235 12757953
3014237 12757953
3018667 12757958
3014236 12757966
3014239 12757966
3018668 12757973
3018669 12757973
3015289 12757980
3020364 12757980
3020374 12757980
3021053 12757983
3015519 12757986
3016033 12757986
3021055 12757986
3021056 12757986
3020734 12757988
3022470 12757989
3014609 12757991
3014611 12757991
3014873 12757991
3014877 12757991
3020327 12757991
3022471 12757993
3022472 12757996
3022477 12757999
3021693 12758002
3021696 12758003
3017552 12758004
3013333 12758015
3013336 12758015
3013525 12758015
3013546 12758015
3015858 12758015
3022409 12758015
3019291 12758016
3012745 12758018
3021124 12758021
3021125 12758021
3019101 12758024
3019195 12758024
3019294 12758024
3014942 12758029
3019297 12758032
3019298 12758032
3015424 12758033
3015427 12758035
3020377 12758035
3016844 12758038
3018490 12758047
3018491 12758047
3018583 12758047
3014159 12758050
3021831 12758051
3019828 12758052
3021834 12758052
3018012 12758054
3018013 12758054
3018016 12758055
3018017 12758057
3022393 12758060
3014220 12758062
3018651 12758066
3018702 12758066
3021589 12758067
3022396 12758067
3018653 12758072
3018716 12758072
3014225 12758077
3018656 12758079
3017544 12758084
3019400 12758084
3017546 12758086
3012733 12758091
3021111 12758094
3014930 12758097
3017549 12758099
3021114 12758100
3015757 12758105
3015980 12758105
3016015 12758105
3014932 12758108
3014045 12758112
3014070 12758112
3021119 12758114
3014048 12758116
3014079 12758116
3021753 12758118
3015373 12758124
3015411 12758124
3020348 12758124
3013298 12758128
3015413 12758131
3015302 12758147
3015328 12758147
3015331 12758147
3015353 12758147
3015416 12758147
3019453 12758147
3020353 12758147
3015417 12758151
3020574 12758156
3014496 12758159
3019356 12758159
3014064 12758163
3014142 12758163
3014043 12758174
3014066 12758174
3014068 12758174
3014144 12758174
3017145 12758177
3017394 12758177
3014680 12758180
3014780 12758180
3017399 12758187
3014647 12758188
3014782 12758188
3021828 12758190
3018648 12758193
3021037 12758194
3020531 12758195
3020719 12758195
3021670 12758197
3021672 12758197
3021673 12758197
3022456 12758200
3022457 12758201
3021674 12758202
3022459 12758203
3013330 12758207
3013504 12758207
3017532 12758210
3017533 12758213
3019848 12758213
3012722 12758215
3012728 12758215
3012724 12758217
3017537 12758219
3012725 12758222
3021101 12758229
3021104 12758229
3021106 12758229
3021107 12758229
3022420 12758229
3021105 12758232
3014042 12758237
3014060 12758237
3021108 12758238
3014929 12758247
3020340 12758247
3015401 12758260
3021744 12758262
3013288 12758265
3021745 12758268
3021746 12758268
3021747 12758270
3017609 12758271
3018560 12758274
3016827 12758276
3018561 12758279
3021810 12758280
3021813 12758281
3021816 12758283
3020630 12758285
3018450 12758292
3020631 12758292
3013989 12758294
3013990 12758294
3017769 12758298
3018051 12758298
3018415 12758298
3018553 12758298
3018591 12758298
3020625 12758298
3020636 12758298
3013992 12758301
3013994 12758302
3013997 12758302
3013998 12758302
3021596 12758303
3014207 12758309
3021599 12758311
3021021 12758312
3019104 12758323
3019189 12758323
3019191 12758323
3019193 12758323
3019220 12758323
3021024 12758325
3020706 12758329
3021661 12758330
3021665 12758331
3021668 12758332
3016490 12758334
3020481 12758334
3021669 12758335
3012710 12758338
3012714 12758338
3012711 12758340
3012712 12758343
3019261 12758344
3019264 12758346
3018480 12758348
3013047 12758351
3013272 12758351
3022291 12758353
3020542 12758356
3020558 12758356
3022294 12758359
3016817 12758360
3016819 12758363
3022297 12758367
3021800 12758371
3021801 12758371
3015177 12758374
3020392 12758374
3021804 12758376
3021807 12758380
3013980 12758382
3022978 12758382
3013984 12758384
3018243 12758389
3020628 12758389
3021584 12758392
3021587 12758395
3019088 12758402
3019180 12758402
3021011 12758403
3021014 12758405
3016491 12758408
3016665 12758408
3022437 12758412
3019253 12758415
3012707 12758418
3018471 12758421
3019256 12758422
3014041 12758424
3018473 12758426
3019259 12758428
3018475 12758432
3021722 12758435
3016630 12758444
3022507 12758444
3013267 12758450
3021725 12758452
3023061 12758456
3023062 12758456
3022281 12758460
3022284 12758462
3022285 12758462
3018541 12758466
3013329 12758468
3013331 12758468
3013335 12758470
3013338 12758474
3023118 12758481
3023133 12758481
3023134 12758481
3013975 12758484
3021570 12758486
3021578 12758487
3016486 12758493
3016654 12758493
3021008 12758494
3021642 12758495
3021643 12758495
3021646 12758497
3020460 12758499
3021649 12758505
3020466 12758510
3018460 12758518
3019067 12758518
3019079 12758518
3019141 12758518
3019248 12758521
3018465 12758524
3013251 12758528
3021714 12758532
3019307 12758543
3019310 12758543
3022272 12758545
3023030 12758548
3023058 12758548
3023059 12758548
3018532 12758549
3018242 12758553
3018382 12758553
3018395 12758553
3018407 12758553
3018411 12758553
3018418 12758553
3018429 12758553
3018533 12758553
3020653 12758553
3022278 12758555
3013320 12758557
3021498 12758559
3022342 12758560
3021562 12758562
3017997 12758564
3018792 12758564
3018793 12758564
3021286 12758564
3021287 12758564
3021630 12758566
3021631 12758566
3013178 12758567
3021637 12758568
3014588 12758569
3014592 12758569
3022192 12758570
3013241 12758571
3021702 12758572
3021705 12758573
3016495 12758575
3022260 12758576
3019302 12758579
3019304 12758579
3019306 12758579
3019308 12758579
3018520 12758581
3021484 12758582
3021485 12758582
3018525 12758584
3021488 12758586
3019081 12758587
3019083 12758589
3019086 12758589
3022330 12758590
3022333 12758591
3022336 12758595
3022339 12758597
3021554 12758598
3022977 12758599
3017253 12758602
3020379 12758602
3022400 12758604
3019790 12758606
3019792 12758612
3021625 12758613
3019795 12758615
3017143 12758617
3017197 12758617
3014583 12758620
3014722 12758620
3022184 12758622
3022187 12758622
3022188 12758622
3014010 12758625
3022189 12758627
3013230 12758628
3012738 12758630
3019860 12758630
3019861 12758630
3013234 12758632
3016487 12758633
3016488 12758635
3016865 12758635
3020500 12758635
3016092 12758636
3016412 12758636
3023038 12758636
3023105 12758636
3023106 12758636
3021467 12758638
3021470 12758638
3021471 12758638
3022256 12758640
3021474 12758642
3018518 12758645
3021479 12758647
3013307 12758649
3022320 12758651
3022321 12758654
3023108 12758656
3023109 12758656
3022324 12758658
3021540 12758660
3022327 12758662
3021543 12758663
3022328 12758664
3022329 12758664
3021546 12758665
3021549 12758667
3019784 12758669
3014571 12758671
3014574 12758672
3013790 12758675
3013792 12758675
3022167 12758678
3022169 12758678
3022170 12758678
3022171 12758681
3021391 12758682
3021394 12758684
3014008 12758685
3021399 12758687
3022240 12758689
3022243 12758691
3022244 12758692
3022247 12758694
3018503 12758695
3021462 12758698
3018505 12758699
3019919 12758704
3019920 12758704
3020282 12758706
3019066 12758710
3019068 12758710
3022311 12758712
3022317 12758714
3021532 12758716
3021535 12758717
3014497 12758719
3022098 12758721
3019770 12758722
3018990 12758724
3019775 12758726
3019776 12758726
3014560 12758727
3014533 12758731
3014562 12758731
3019778 12758733
3020422 12758736
3013780 12758738
3018238 12758745
3018239 12758745
3018421 12758745
3018423 12758745
3020626 12758745
3013788 12758747
3021382 12758749
3021385 12758750
3021388 12758752
3019841 12758755
3019844 12758761
3019846 12758763
3015681 12758766
3022231 12758768
3022234 12758772
3021450 12758775
3022237 12758776
3021453 12758778
3021456 12758782
3021459 12758785
3022301 12758786
3021520 12758788
3022305 12758790
3022308 12758792
3021529 12758794
3022085 12758797
3017164 12758800
3019764 12758802
3019767 12758806
3014553 12758808
3014555 12758811
3018988 12758816
3014559 12758817
3021373 12758819
3022159 12758820
3012998 12758823
3021376 12758826
3021379 12758829
3020193 12758830
3019832 12758832
3019836 12758833
3016459 12758836
3022220 12758838
3022223 12758841
3018198 12758842
3021441 12758844
3022226 12758846
3014937 12758851
3014945 12758851
3015102 12758851
3015109 12758851
3022229 12758854
3021446 12758857
3021448 12758857
3021449 12758857
3020250 12758861
3020262 12758861
3019040 12758863
3019042 12758866
3021512 12758867
3021517 12758870
3013688 12758875
3013690 12758875
3013691 12758877
3021291 12758879
3022076 12758883
3018825 12758885
3019003 12758885
3021293 12758885
3021294 12758885
3021296 12758885
3021297 12758885
3020970 12758887
3021295 12758888
3021298 12758890
3020975 12758891
3020976 12758891
3017795 12758893
3021361 12758895
3021366 12758897
3021367 12758898
3019823 12758899
3019825 12758905
3019826 12758905
3014610 12758908
3022770 12758908
3022771 12758908
3015666 12758910
3022211 12758913
3015668 12758915
3022214 12758919
3022217 12758924
3021434 12758925
3021435 12758925
3021438 12758927
3016510 12758928
3019032 12758932
3019033 12758932
3019036 12758933
3019038 12758935
3015738 12758936
3013043 12758939
3020894 12758942
3019670 12758944
3021502 12758945
3020897 12758948
3021506 12758949
3019676 12758951
3019678 12758952
3021509 12758954
3022064 12758956
3022065 12758957
3022066 12758957
3021285 12758958
3020961 12758960
3020962 12758960
3015581 12758963
3013756 12758964
3012972 12758968
3021352 12758970
3021355 12758972
3021991 12758974
3019818 12758979
3021994 12758981
3021997 12758984
3022205 12758985
3021423 12758989
3022208 12758991
3021426 12758993
3021429 12758994
3014386 12758997
3019021 12758999
3019025 12759002
3015722 12759003
3019027 12759004
3019029 12759005
3018247 12759008
3018249 12759013
3020886 12759014
3020887 12759014
3020888 12759016
3016097 12759021
3019700 12759021
3021049 12759021
3022224 12759021
3022225 12759021
3023128 12759021
3023129 12759021
3015895 12759024
3016074 12759024
3020436 12759024
3021980 12759026
3012751 12759029
3014006 12759032
3016232 12759036
3022416 12759036
3018254 12759041
3017592 12759043
3014997 12759045
3022492 12759045
3017767 12759048
3017951 12759048
3022445 12759052
3020311 12759059
3020312 12759059
3022036 12759059
3022803 12759059
3022804 12759059
3013342 12759066
3022314 12759067
3015426 12759083
3021802 12759083
3021803 12759083
3022391 12759088
3014831 12759090
3014832 12759090
3021537 12759093
3013805 12759094
3022007 12759094
3022008 12759094
3013807 12759095
3013787 12759104
3013789 12759104
3013802 12759104
3013936 12759104
3013939 12759104
3015020 12759105
3015021 12759109
3015772 12759118
3015780 12759118
3016002 12759118
3020427 12759118
3012770 12759121
3012755 12759122
3018499 12759130
3013344 12759135
3012809 12759137
3012928 12759137
3020204 12759137
3020208 12759137
3020209 12759137
3021740 12759138
3015448 12759141
3015451 12759141
3014209 12759145
3013025 12759149
3013027 12759154
3019653 12759154
3019773 12759154
3020219 12759154
3022161 12759154
3021241 12759156
3017805 12759157
3016473 12759159
3016850 12759159
3016852 12759159
3016860 12759159
3016874 12759159
3019093 12759162
3013299 12759165
3013301 12759165
3013402 12759165
3013696 12759165
3022369 12759167
3015380 12759170
3012777 12759171
3022022 12759173
3020881 12759176
3022127 12759178
3015133 12759182
3015523 12759182
3015527 12759182
3015885 12759182
3016315 12759182
3021135 12759182
3021136 12759182
3015892 12759185
3021038 12759185
3021039 12759185
3021070 12759185
3022163 12759185
3022164 12759185
3017111 12759187
3017358 12759187
3020550 12759192
3016135 12759194
3013019 12759202
3013187 12759202
3013231 12759202
3020211 12759202
3021464 12759202
3022123 12759202
3022370 12759202
3013232 12759204
3013229 12759210
3021299 12759213
3021300 12759213
3017714 12759223
3020578 12759223
3017771 12759232
3017772 12759244
3017774 12759244
3017776 12759244
3021653 12759244
3021654 12759244
3020308 12759251
3021582 12759251
3021583 12759251
3021793 12759253
3021794 12759253
3018457 12759257
3019064 12759257
3019357 12759257
3015605 12759260
3016355 12759260
3021762 12759262
3013008 12759270
3013010 12759270
3013117 12759270
3013138 12759270
3013011 12759274
3012876 12759280
3012949 12759280
3014579 12759280
3020198 12759280
3020200 12759280
3013006 12759284
3019893 12759284
3021911 12759287
3015659 12759288
3019681 12759291
3022390 12759294
3017138 12759296
3017578 12759296
3020589 12759296
3017136 12759306
3017367 12759306
3017386 12759306
3021260 12759306
3021261 12759306
3021309 12759306
3021310 12759306
3021315 12759313
3022318 12759313
3022319 12759313
3017570 12759321
3017574 12759321
3020557 12759321
3017141 12759325
3013009 12759328
3012999 12759333
3013125 12759333
3013123 12759335
3021730 12759337
3013947 12759348
3022378 12759348
3016483 12759350
3016485 12759350
3022277 12759350
3022279 12759350
3022280 12759350
3015529 12759375
3015587 12759375
3015639 12759375
3015706 12759375
3015716 12759375
3015719 12759375
3015905 12759375
3016090 12759375
3016269 12759375
3016271 12759375
3016273 12759375
3016397 12759375
3016414 12759375
3019660 12759375
3020222 12759375
3021045 12759375
3021046 12759375
3021090 12759375
3021091 12759375
3021110 12759375
3021112 12759375
3021113 12759375
3021115 12759375
3021116 12759375
3021132 12759375
3021133 12759375
3022199 12759375
3022200 12759375
3022203 12759375
3022204 12759375
3023027 12759375
3023028 12759375
3019268 12759379
3021202 12759380
3014928 12759382
3014934 12759382
3019781 12759385
3021950 12759386
3018537 12759390
3018539 12759390
3018625 12759390
3022450 12759390
3018888 12759394
3019020 12759394
3019022 12759394
3020678 12759394
3019023 12759396
3022002 12759399
3014936 12759404
3019365 12759404
3016974 12759410
3019888 12759410
3020195 12759410
3017998 12759414
3018657 12759414
3018782 12759414
3018987 12759414
3021283 12759414
3021284 12759414
3018659 12759419
3018664 12759419
3018671 12759419
3018739 12759419
3018762 12759419
3017071 12759420
3015699 12759423
3014481 12759426
3019355 12759426
3016477 12759435
3016635 12759435
3016646 12759435
3016854 12759435
3016907 12759435
3020086 12759435
3020087 12759435
3020405 12759435
3020514 12759435
3021892 12759435
3021893 12759435
3022969 12759435
3022970 12759435
3014865 12759437
3020336 12759437
3022077 12759437
3022078 12759437
3015744 12759448
3016224 12759448
3016225 12759448
3017114 12759462
3017221 12759462
3017324 12759462
3017666 12759462
3019734 12759462
3019750 12759462
3019817 12759462
3020536 12759462
3021817 12759462
3021818 12759462
3021820 12759462
3021821 12759462
3017099 12759468
3017306 12759468
3014321 12759473
3021555 12759477
3021556 12759477
3021559 12759483
3018779 12759486
3020668 12759486
3022147 12759489
3021290 12759490
3021492 12759491
3014827 12759495
3020874 12759497
3017785 12759501
3020876 12759501
3020877 12759501
3013781 12759504
3013784 12759504
3019342 12759504
3020254 12759504
3017056 12759506
3017062 12759506
3020857 12759508
3017039 12759510
3017257 12759510
3017596 12759510
3014327 12759527
3014329 12759527
3020286 12759527
3017115 12759537
3017116 12759537
3017117 12759537
3017118 12759537
3017120 12759537
3017123 12759537
3017370 12759537
3017382 12759537
3017555 12759537
3017700 12759537
3017779 12759537
3018082 12759537
3018083 12759537
3020571 12759537
3020854 12759537
3020858 12759537
3020859 12759537
3021263 12759537
3021264 12759537
3022512 12759537
3017788 12759549
3017800 12759549
3017802 12759549
3017803 12759549
3018071 12759549
3018075 12759549
3018783 12759549
3018795 12759549
3018822 12759549
3018834 12759549
3018862 12759549
3018869 12759549
3018876 12759549
3018879 12759549
3018908 12759549
3018939 12759549
3018946 12759549
3018966 12759549
3018993 12759549
3019041 12759549
3019053 12759549
3020591 12759549
3021689 12759549
3022454 12759549
3022455 12759549
3015552 12759553
3020942 12759558
3020945 12759558
3020946 12759558
3023147 12759558
3023148 12759558
3023149 12759558
3018900 12759565
3020904 12759567
3020905 12759570
3022442 12759570
3019085 12759572
3019074 12759579
3019143 12759579
3020457 12759583
3013850 12759590
3013753 12759596
3013754 12759596
3013755 12759596
3013762 12759596
3013848 12759596
3014047 12759596
3014077 12759596
3014109 12759596
3020249 12759596
3020261 12759596
3017292 12759603
3017531 12759603
3020530 12759603
3020544 12759603
3018493 12759606
3020243 12759609
3020416 12759616
3016467 12759621
3019392 12759621
3016230 12759626
3021759 12759627
3014951 12759634
3014981 12759634
3015143 12759634
3015162 12759634
3015187 12759634
3015199 12759634
3015217 12759634
3015464 12759634
3020391 12759634
3014820 12759636
3013319 12759643
3013332 12759643
3013334 12759643
3013345 12759643
3013460 12759643
3013495 12759643
3013507 12759643
3013572 12759643
3013659 12759643
3013693 12759643
3015671 12759643
3016084 12759643
3016088 12759643
3020232 12759643
3022190 12759643
3022191 12759643
3022193 12759643
3022194 12759643
3022207 12759643
3022309 12759643
3022310 12759643
3022312 12759643
3022313 12759643
3022371 12759643
3015567 12759646
3021035 12759646
3021036 12759646
3021978 12759648
3014963 12759652
3019688 12759652
3020386 12759652
3014979 12759658
3015193 12759658
3019689 12759658
3019690 12759658
3017113 12759662
3021257 12759662
3021865 12759662
3021866 12759662
3017551 12759666
3014788 12759668
3015016 12759668
3021650 12759675
3021651 12759675
3014407 12759684
3018498 12759684
3018771 12759686
3018660 12759688
3022275 12759690
3022141 12759692
3021660 12759695
3021657 12759696
3013742 12759699
3017089 12759703
3017089 170609293
3017089 170609294
3017091 12759703
3017091 170609293
3017091 170609294
3017279 12759703
3017279 170609293
3017279 170609294
3017468 12759703
3017468 170609293
3017468 170609294
3017536 12759703
3017536 170609293
3017536 170609294
3020533 12759703
3020533 170609293
3020533 170609294
3021927 12759709
3021930 12759709
3021933 12759711
3021934 12759711
3021928 12759713
3021814 12759717
3021815 12759717
3016245 12759727
3022410 12759727
3015684 12759731
3015689 12759731
3016182 12759731
3013682 12759733
3021551 12759733
3021552 12759733
3021553 12759733
3013746 12759755
3013778 12759755
3013782 12759755
3013875 12759755
3013917 12759755
3015512 12759755
3015828 12759755
3016203 12759755
3016342 12759755
3019339 12759755
3019667 12759755
3019680 12759755
3019769 12759755
3020402 12759755
3021389 12759755
3021390 12759755
3021422 12759755
3021425 12759755
3021428 12759755
3021430 12759755
3021431 12759755
3021437 12759755
3021439 12759755
3021440 12759755
3021443 12759755
3021452 12759755
3021454 12759755
3021457 12759755
3021458 12759755
3015640 12759762
3016278 12759762
3023093 12759762
3018008 12759764
3018009 12759768
3019837 12759768
3019838 12759770
3022474 12759772
3014294 12759780
3014337 12759780
3016530 12759780
3015583 12759783
3015601 12759783
3015617 12759783
3015627 12759783
3015557 12759785
3015573 12759785
3015595 12759785
3015628 12759785
3020944 12759787
3015535 12759789
3015541 12759789
3020462 12759789
3015542 12759793
3015544 12759793
3015804 12759793
3022495 12759793
3014585 12759795
3021030 12759797
3021033 12759797
3017925 12759805
3017931 12759805
3018045 12759805
3018974 12759808
3021687 12759808
3022578 12759812
3022579 12759812
3022469 12759813
3016873 12759820
3021970 12759820
3021971 12759820
3014510 12759825
3014524 12759825
3022397 12759825
3016816 12759829
3016848 12759832
3016849 12759832
3013777 12759838
3020645 12759851
3013801 12759856
3014000 12759856
3022072 12759860
3022073 12759860
3021604 12759863
3021607 12759863
3021610 12759863
3021611 12759863
3013044 12759866
3013045 12759866
3013197 12759866
3013017 12759870
3015421 12759880
3015422 12759880
3016801 12759885
3021727 12759885
3021954 12759885
3021955 12759885
3013566 12759889
3015511 12759889
3016207 12759889
3015571 12759890
3015574 12759890
3015576 12759890
3015577 12759890
3015622 12759893
3015653 12759893
3015657 12759893
3015674 12759895
3015679 12759896
3020409 12759896
3021769 12759902
3021775 12759902
3021776 12759902
3017029 12759905
3017035 12759905
3017050 12759905
3017655 12759905
3015545 12759907
3015559 12759907
3015564 12759907
3015575 12759907
3016029 12759907
3016047 12759907
3020443 12759907
3021840 12759910
3021841 12759910
3017616 12759912
3020524 12759917
3012771 12759921
3012772 12759921
3012899 12759921
3012901 12759921
3012903 12759921
3012926 12759921
3019944 12759921
3020202 12759921
3020203 12759921
3014584 12759924
3021972 12759926
3019293 12759927
3017778 12759931
3017780 12759931
3017799 12759933
3020344 12759935
3015691 12759937
3013249 12759942
3013292 12759942
3013294 12759942
3013300 12759942
3013400 12759942
3013408 12759942
3021480 12759942
3021481 12759942
3021486 12759942
3021487 12759942
3021510 12759942
3021513 12759942
3021515 12759942
3021516 12759942
3013430 12759942
3013430 12759945
3021020 12759942
3021020 12759945
3019726 12759950
3016506 12759953
3019037 12759955
3022021 12759958
3020723 12759963
3018646 12759966
3017100 12759968
3017061 12759970
3014641 12759976
3020319 12759976
3020320 12759976
3021975 12759978
3019184 12759988
3019728 12759990
3019845 12759990
3017074 12759994
3017594 12759994
3021701 12759999
3017036 12760001
3017046 12760001
3017052 12760001
3017053 12760001
3022215 12760004
3022216 12760004
3021238 12760011
3014603 12760020
3014863 12760020
3013302 12760028
3013371 12760028
3013470 12760028
3013581 12760028
3013584 12760028
3021327 12760028
3021337 12760028
3021339 12760028
3021342 12760028
3021374 12760028
3021375 12760028
3021377 12760028
3021378 12760028
3021380 12760028
3021381 12760028
3021383 12760028
3021384 12760028
3021415 12760028
3021416 12760028
3013313 12760032
3013771 12760032
3021386 12760032
3021406 12760032
3021409 12760032
3021412 12760032
3021413 12760032
3022374 12760032
3013304 12760035
3013324 12760035
3013473 12760035
3013475 12760037
3021371 12760037
3021372 12760037
3022476 12760037
3013306 12760044
3013308 12760044
3013478 12760044
3013751 12760047
3020248 12760047
3015536 12760050
3019782 12760050
3014938 12760055
3013054 12760057
3013055 12760059
3021750 12760062
3020489 12760068
3019396 12760073
3013961 12760081
3016460 12760081
3016462 12760081
3016463 12760081
3020125 12760081
3020257 12760081
3020264 12760081
3020265 12760081
3013795 12760087
3013952 12760087
3014034 12760087
3021868 12760087
3021869 12760087
3022242 12760087
3022567 12760087
3022568 12760087
3016464 12760090
3016465 12760090
3016613 12760090
3022046 12760091
3022047 12760091
3022367 12760093
3021581 12760094
3018482 12760100
3015734 12760102
3013794 12760108
3013931 12760108
3022857 12760108
3022858 12760108
3019793 12760110
3022195 12760113
3017730 12760115
3017032 12760118
3017044 12760118
3022519 12760122
3013899 12760131
3013983 12760131
3013991 12760131
3020263 12760131
3018364 12760136
3018517 12760136
3018519 12760136
3018521 12760136
3021175 12760140
3021177 12760140
3021179 12760140
3017049 12760145
3017065 12760145
3017068 12760145
3017069 12760145
3017072 12760145
3015549 12760147
3015550 12760147
3015551 12760147
3015553 12760147
3015566 12760147
3015579 12760147
3015586 12760147
3016296 12760147
3020434 12760147
3021652 12760151
3014645 12760153
3015911 12760157
3021573 12760159
3021872 12760161
3021875 12760161
3021876 12760161
3014394 12760164
3022325 12760164
3022326 12760164
3014955 12760172
3019090 12760176
3016260 12760181
3021076 12760181
3021078 12760185
3021079 12760185
3021082 12760185
3021084 12760185
3021085 12760185
3021825 12760187
3015652 12760189
3020980 12760193
3017300 12760194
3022430 12760194
3017267 12760198
3017517 12760198
3016831 12760202
3021938 12760202
3021939 12760202
3019160 12760207
3019163 12760207
3019267 12760207
3021591 12760207
3021592 12760207
3022331 12760207
3022332 12760207
3019787 12760211
3021002 12760211
3021741 12760212
3022486 12760213
3017007 12760214
3017519 12760214
3015211 12760216
3022050 12760216
3016291 12760217
3019707 12760217
3015533 12760223
3015833 12760223
3020486 12760226
3022014 12760230
3022015 12760230
3022498 12760235
3022517 12760238
3018488 12760242
3014808 12760244
3014201 12760247
3020273 12760247
3020280 12760247
3016474 12760253
3016590 12760253
3016624 12760253
3020477 12760253
3014007 12760256
3020686 12760264
3020697 12760264
3021236 12760264
3021237 12760264
3021491 12760267
3014943 12760271
3015144 12760271
3019785 12760271
3014136 12760274
3018816 12760280
3019045 12760280
3019046 12760280
3015629 12760282
3015631 12760282
3015632 12760282
3015636 12760282
3015643 12760282
3015650 12760282
3018094 12760285
3013033 12760289
3013170 12760289
3018208 12760292
3018478 12760292
3020638 12760292
3020301 12760295
3020708 12760295
3021050 12760297
3021786 12760300
3017122 12760304
3013579 12760317
3013580 12760317
3013582 12760317
3013583 12760317
3013588 12760317
3013590 12760317
3013592 12760317
3013594 12760317
3013598 12760317
3013650 12760317
3016031 12760317
3016035 12760317
3016037 12760317
3016039 12760317
3016338 12760317
3016353 12760317
3019383 12760317
3020238 12760317
3020432 12760317
3022481 12760317
3022501 12760317
3013585 12760319
3013586 12760319
3017494 12760324
3017495 12760324
3017497 12760324
3017498 12760324
3019402 12760324
3020366 12760324
3016050 12760350
3016050 165832162
3020437 12760350
3020437 165832162
3020442 12760350
3020442 165832162
3017477 12760355
3017478 12760355
3016129 12760357
3020448 12760357
3016027 12760366
3016027 165832076
3016028 12760371
3020451 12760371
3017500 12760373
3017501 12760373
3016102 12760377
3016103 12760377
3019694 12760377
3019796 12760377
3013985 12760380
3020165 12760389
3020166 12760389
3020247 12760389
3021007 12760389
3021009 12760389
3021010 12760389
3021015 12760389
3021016 12760389
3013683 12760393
3022095 12760394
3021728 12760395
3021951 12760395
3013296 12760397
3018530 12760399
3022273 12760400
3022274 12760400
3021164 12760404
3015768 12760406
3016837 12760409
3019395 12760409
3022426 12760413
3013028 12760421
3013163 12760421
3017119 12760429
3017213 12760429
3017354 12760429
3017550 12760429
3017553 12760429
3017556 12760429
3017675 12760429
3017692 12760429
3017698 12760429
3020895 12760429
3020898 12760429
3020899 12760429
3021276 12760429
3021277 12760429
3013326 12760436
3020227 12760436
3013245 12760441
3013246 12760441
3020212 12760441
3017140 12760449
3017373 12760449
3017564 12760449
3019409 12760449
3022513 12760449
3014996 12760457
3015011 12760457
3015273 12760457
3015280 12760457
3015305 12760457
3015425 12760457
3020347 12760457
3020569 12760459
3017077 12760461
3017590 12760464
3017628 12760464
3021842 12760464
3021843 12760464
3015741 12760466
3020656 12760470
3014501 12760471
3014498 12760474
3017027 12760477
3017038 12760477
3017054 12760477
3017070 12760477
3017651 12760477
3016160 12760479
3022504 12760479
3022323 12760482
3022451 12760482
3017887 12760491
3017915 12760491
3020598 12760491
3022212 12760493
3022213 12760494
3021527 12760496
3021530 12760496
3022408 12760496
3021524 12760498
3019073 12760512
3019087 12760512
3019100 12760512
3019102 12760512
3019126 12760512
3019178 12760512
3020612 12760516
3016228 12760517
3017765 12760529
3017777 12760529
3017783 12760529
3017965 12760529
3017970 12760529
3017983 12760529
3017986 12760529
3018089 12760529
3018093 12760529
3018151 12760529
3017740 12760530
3017742 12760530
3017899 12760530
3017909 12760530
3017921 12760530
3018010 12760530
3018015 12760530
3018144 12760530
3018786 12760537
3018787 12760537
3018788 12760537
3018859 12760537
3018885 12760537
3019011 12760537
3019013 12760537
3019084 12760537
3019437 12760537
3020677 12760537
3020696 12760537
3021254 12760537
3021255 12760537
3017804 12760539
3021245 12760539
3021246 12760539
3019092 12760542
3019182 12760542
3019251 12760542
3019260 12760542
3020695 12760542
3017102 12760545
3017310 12760545
3017608 12760545
3017610 12760545
3017612 12760545
3020991 12760545
3022258 12760545
3022259 12760545
3022261 12760545
3022262 12760545
3017754 12760554
3017929 12760554
3017948 12760554
3018062 12760554
3018064 12760554
3018066 12760554
3022520 12760554
3022042 12760577
3022399 12760577
3015649 12760578
3019710 12760578
3022089 12760581
3012709 12760584
3012820 12760584
3012823 12760584
3015718 12760589
3016374 12760589
3022414 12760589
3021979 12760590
3014206 12760592
3014206 12760606
3021635 12760592
3021635 12760606
3021636 12760592
3021636 12760606
3014044 12760606
3014046 12760606
3014058 12760606
3014158 12760606
3014165 12760606
3021626 12760606
3021627 12760606
3021632 12760606
3021633 12760606
3022425 12760606
3015766 12760611
3020487 12760611
3020553 12760619
3020556 12760619
3017748 12760629
3017766 12760629
3018047 12760629
3020601 12760629
3022524 12760637
3021976 12760642
3021977 12760642
3018220 12760654
3012747 12760659
3012788 12760659
3012789 12760659
3012853 12760659
3020197 12760659
3020207 12760659
3012754 12760664
3012792 12760664
3012858 12760664
3012708 12760675
3012726 12760675
3012744 12760675
3012769 12760675
3012774 12760675
3012795 12760675
3012817 12760675
3012851 12760675
3012880 12760675
3012886 12760675
3012905 12760675
3012947 12760675
3014591 12760675
3014597 12760675
3014601 12760675
3014606 12760675
3014630 12760675
3014668 12760675
3014695 12760675
3014755 12760675
3014770 12760675
3014869 12760675
3019878 12760675
3019879 12760675
3019900 12760675
3020333 12760675
3022811 12760675
3022820 12760675
3022821 12760675
3021518 12760677
3021519 12760677
3021634 12760678
3018232 12760687
3018246 12760687
3018441 12760687
3018444 12760687
3018513 12760687
3019425 12760687
3021766 12760687
3021767 12760687
3022151 12760687
3022152 12760687
3018230 12760689
3018339 12760689
3018374 12760689
3018388 12760689
3021700 12760689
3021706 12760689
3021707 12760689
3022114 12760689
3022115 12760689
3018252 12760694
3022388 12760698
3014551 12760701
3015754 12760703
3019779 12760704
3018305 12760709
3018312 12760709
3018326 12760709
3018470 12760709
3018571 12760709
3020014 12760709
3020015 12760709
3020618 12760709
3022448 12760709
3020640 12760713
3017075 12760714
3020568 12760714
3021071 12760716
3013312 12760723
3013327 12760723
3013483 12760723
3013663 12760723
3013311 12760725
3013316 12760728
3018229 12760731
3018392 12760731
3018516 12760731
3014991 12760736
3015244 12760736
3015430 12760736
3014977 12760743
3014982 12760743
3014988 12760743
3015213 12760743
3015228 12760743
3015237 12760743
3020388 12760743
3018214 12760744
3021720 12760746
3021754 12760746
3021755 12760746
3017705 12760753
3017890 12760753
3017911 12760753
3018143 12760753
3017710 12760759
3017711 12760759
3017860 12760759
3019370 12760759
3017264 12760766
3017865 12760766
3020577 12760766
3020580 12760766
3020581 12760766
3015347 12760770
3015423 12760770
3017718 12760784
3017723 12760784
3018114 12760784
3019835 12760784
3020996 12760784
3020997 12760784
3022267 12760784
3022268 12760784
3021733 12760788
3016834 12760791
3014767 12760801
3014987 12760801
3022269 12760806
3020998 12760808
3022428 12760810
3022438 12760813
3022435 12760815
3021005 12760818
3013748 12760822
3020266 12760822
3021897 12760825
3021910 12760825
3021914 12760825
3021915 12760825
3021916 12760825
3021900 12760829
3021903 12760829
3021906 12760829
3022422 12760831
3022401 12760832
3021400 12760834
3013281 12760846
3021395 12760846
3021396 12760846
3015392 12760852
3021061 12760852
3021068 12760852
3015393 12760862
3015394 12760862
3021064 12760865
3021065 12760865
3021066 12760867
3014940 12760869
3014949 12760871
3021504 12760875
3021505 12760875
3021507 12760875
3021508 12760875
3022290 12760879
3022473 12760879
3014594 12760883
3014817 12760883
3014947 12760883
3014948 12760883
3015136 12760883
3017081 12760885
3017084 12760885
3018790 12760887
3018883 12760887
3018206 12760890
3018207 12760891
3015524 12760897
3015882 12760897
3016317 12760897
3017902 12760906
3018111 12760906
3019833 12760906
3020615 12760906
3021117 12760907
3021118 12760907
3017715 12760915
3017721 12760915
3018019 12760915
3019748 12760915
3019840 12760915
3020866 12760919
3020867 12760919
3014378 12760921
3019657 12760923
3019739 12760923
3019741 12760925
3019744 12760925
3014379 12760927
3022413 12760929
3021981 12760931
3021982 12760931
3016180 12760933
3012746 12760934
3012855 12760934
3015569 12760935
3015725 12760943
3015730 12760943
3015918 12760943
3015923 12760943
3016222 12760943
3016358 12760943
3016425 12760943
3021147 12760943
3021148 12760943
3022091 12760943
3022093 12760943
3022094 12760943
3019069 12760947
3022973 12760950
3021185 12760961
3021186 12760964
3014505 12760965
3014507 12760968
3015565 12760969
3016286 12760969
3014509 12760972
3022295 12760978
3022296 12760978
3014221 12760987
3014222 12760987
3016985 12760987
3020482 12760987
3020495 12760987
3016505 12760993
3016505 12761007
3016507 12760993
3016507 12761007
3016711 12760993
3016711 12761007
3016721 12760993
3016721 12761007
3019717 12760993
3019717 12761007
3020484 12760993
3020484 12761007
3021935 12760993
3021935 12761007
3021936 12760993
3021936 12761007
3022133 12760993
3022133 12761007
3022134 12760993
3022134 12761007
3015726 12761007
3015934 12761007
3016504 12761007
3016562 12761007
3016717 12761007
3020715 12761007
3022582 12761007
3015728 12761007
3015728 12761014
3015731 12761007
3015731 12761014
3017203 12761019
3017545 12761019
3017547 12761019
3021312 12761019
3021313 12761019
3017548 12761022
3021789 12761023
3015570 12761030
3015589 12761030
3021618 12761032
3021619 12761032
3013303 12761038
3021590 12761040
3014100 12761045
3014129 12761045
3014191 12761045
3015369 12761047
3022404 12761047
3020955 12761049
3014628 12761054
3014822 12761054
3017591 12761055
3017741 12761058
3021165 12761061
3012752 12761066
3012758 12761066
3012766 12761066
3012933 12761066
3014599 12761070
3014602 12761070
3014607 12761070
3014752 12761070
3014797 12761070
3012749 12761075
3012750 12761075
3020963 12761077
3020966 12761077
3020967 12761077
3023151 12761077
3023154 12761077
3023155 12761077
3022144 12761079
3017789 12761084
3017977 12761084
3017554 12761088
3013633 12761097
3013636 12761097
3013661 12761097
3015517 12761097
3015518 12761097
3015874 12761097
3016080 12761097
3016208 12761097
3016290 12761097
3016334 12761097
3019692 12761097
3019693 12761097
3019757 12761097
3019803 12761097
3020229 12761097
3021051 12761097
3021052 12761097
3021350 12761097
3021351 12761097
3021354 12761097
3021362 12761097
3021363 12761097
3022373 12761097
3021322 12761101
3013772 12761102
3013005 12761111
3013012 12761111
3013024 12761111
3013042 12761111
3013052 12761111
3013240 12761111
3013250 12761111
3014926 12761111
3014927 12761111
3014935 12761111
3014941 12761111
3014944 12761111
3015081 12761111
3015121 12761111
3015128 12761111
3021472 12761111
3021489 12761111
3021490 12761111
3021500 12761111
3021501 12761111
3016065 12761115
3016136 12761115
3016145 12761115
3016295 12761115
3016386 12761115
3021072 12761115
3021073 12761115
3022219 12761115
3022221 12761115
3022222 12761115
3022412 12761115
3012994 12761117
3013293 12761119
3013444 12761119
3019658 12761119
3015742 12761148
3015765 12761148
3015771 12761148
3015775 12761148
3015949 12761148
3015966 12761148
3016003 12761148
3016214 12761148
3016227 12761148
3016229 12761148
3018188 12761148
3018189 12761148
3018200 12761148
3018204 12761148
3018301 12761148
3018331 12761148
3018371 12761148
3018468 12761148
3018472 12761148
3018474 12761148
3018504 12761148
3020467 12761148
3021193 12761148
3021194 12761148
3021206 12761148
3021207 12761148
3022096 12761148
3022097 12761148
3022100 12761148
3022464 12761148
3023137 12761148
3023138 12761148
3017770 12761162
3017953 12761162
3018235 12761162
3018240 12761162
3018241 12761162
3018244 12761162
3018435 12761162
3022449 12761162
3017761 12761168
3017768 12761168
3017958 12761168
3018053 12761168
3018177 12761168
3019103 12761176
3019172 12761176
3019218 12761178
3014921 12761180
3014922 12761182
3017719 12761186
3017872 12761186
3018112 12761186
3017739 12761201
3017760 12761201
3017786 12761201
3017934 12761201
3017974 12761201
3018068 12761201
3019831 12761201
3020870 12761201
3020884 12761201
3022446 12761201
3022522 12761201
3017725 12761213
3017729 12761213
3017731 12761213
3018102 12761213
3018104 12761213
3015760 12761218
3015970 12761218
3021777 12761220
3017491 12761225
3017496 12761225
3019723 12761225
3019732 12761225
3015739 12761229
3015000 12761231
3015291 12761231
3015012 12761237
3015294 12761237
3015308 12761237
3015441 12761237
3020363 12761237
3022490 12761237
3015623 12761242
3020313 12761248
3012753 12761254
3013048 12761254
3013049 12761254
3013090 12761254
3013092 12761254
3014924 12761254
3020199 12761254
3018227 12761257
3018390 12761257
3019777 12761257
3021712 12761257
3016169 12761260
3013769 12761261
3022087 12761263
3022088 12761263
3022092 12761265
3013859 12761266
3021392 12761266
3021393 12761266
3014503 12761273
3014520 12761273
3014525 12761273
3014549 12761273
3014552 12761273
3014554 12761273
3021586 12761273
3013020 12761276
3020252 12761278
3015528 12761281
3015800 12761281
3015801 12761281
3021966 12761288
3021967 12761288
3022415 12761291
3017756 12761292
3017757 12761292
3017743 12761294
3018014 12761294
3017755 12761295
3017938 12761295
3020599 12761295
3020689 12761298
3018814 12761299
3019026 12761299
3014613 12761300
3014747 12761300
3022641 12761300
3022642 12761300
3014621 12761305
3014621 166132342
3014626 12761305
3014626 166132342
3014632 12761305
3014632 166132342
3014636 12761305
3014636 166132342
3014765 12761305
3014765 166132342
3014894 12761305
3014894 166132342
3014614 12761308
3014740 12761308
3014633 12761310
3014634 12761310
3014635 12761313
3014608 12761315
3014619 12761315
3014623 12761315
3014759 12761315
3022638 12761315
3022639 12761315
3022791 12761315
3022792 12761315
3015614 12761318
3015624 12761318
3015638 12761318
3015664 12761318
3017042 12761320
3017631 12761320
3018994 12761323
3021662 12761323
3018995 12761324
3015717 12761329
3015751 12761329
3015755 12761329
3015756 12761329
3015759 12761329
3015761 12761329
3015976 12761329
3015982 12761329
3016212 12761329
3016242 12761329
3016359 12761329
3016438 12761329
3019786 12761329
3020936 12761329
3020947 12761329
3020957 12761329
3020968 12761329
3020969 12761329
3020971 12761329
3020972 12761329
3021203 12761329
3021204 12761329
3023159 12761329
3023160 12761329
3023161 12761329
3015521 12761333
3022506 12761333
3021885 12761334
3016872 12761335
3017104 12761337
3017160 12761337
3017332 12761337
3017338 12761337
3017348 12761337
3017682 12761337
3019763 12761340
3021615 12761340
3015727 12761342
3015931 12761342
3015936 12761342
3020408 12761342
3021567 12761344
3012873 12761346
3014595 12761348
3014612 12761348
3014733 12761348
3019922 12761348
3019923 12761348
3020314 12761348
3022743 12761348
3023017 12761348
3018514 12761353
3022376 12761356
3017751 12761358
3019697 12761360
3018095 12761362
3019017 12761362
3012740 12761364
3012865 12761364
3022789 12761364
3022956 12761364
3022957 12761364
3012768 12761366
3014954 12761378
3014959 12761378
3014970 12761378
3014974 12761378
3014985 12761378
3014986 12761378
3015197 12761378
3015220 12761378
3015251 12761378
3015254 12761378
3015269 12761378
3020373 12761378
3020389 12761378
3014925 12761382
3014931 12761382
3014933 12761382
3014946 12761382
3014950 12761382
3015112 12761382
3015140 12761382
3015384 12761382
3015462 12761382
3021218 12761384
3019802 12761385
3019673 12761387
3020346 12761390
3016997 12761394
3017012 12761394
3015017 12761397
3015313 12761397
3015323 12761397
3015359 12761397
3015408 12761397
3015419 12761397
3020305 12761398
3019440 12761401
3019843 12761402
3018658 12761404
3018665 12761404
3018497 12761406
3017066 12761408
3017085 12761408
3017476 12761408
3017479 12761408
3017653 12761408
3022510 12761408
3016385 12761409
3023065 12761409
3023066 12761409
3021795 12761410
3014622 12761417
3014967 12761417
3019360 12761417
3015555 12761418
3015572 12761418
3015596 12761418
3015604 12761418
3019695 12761419
3021054 12761419
3019797 12761420
3021686 12761422
3022081 12761425
3022082 12761425
3015704 12761428
3022418 12761429
3015770 12761431
3021495 12761433
3013034 12761436
3013046 12761436
3013050 12761436
3013199 12761436
3013226 12761436
3013227 12761436
3013260 12761436
3021240 12761437
3017605 12761439
3019024 12761441
3021710 12761442
3021711 12761442
3021232 12761449
3021210 12761453
3022447 12761453
3014637 12761464
3014646 12761464
3014648 12761464
3014649 12761464
3014830 12761464
3014833 12761464
3014835 12761464
3014837 12761464
3014851 12761464
3014631 12761469
3014638 12761474
3018821 12761481
3018905 12761481
3020673 12761481
3020675 12761481
3015590 12761484
3015593 12761484
3015613 12761484
3015619 12761484
3015625 12761484
3022398 12761485
3021160 12761486
3021157 12761489
3018063 12761492
3013958 12761495
3013977 12761495
3020119 12761495
3012883 12761497
3012756 12761501
3012870 12761501
3012827 12761503
3019869 12761503
3022767 12761503
3022768 12761503
3012742 12761508
3012743 12761508
3012918 12761508
3012937 12761508
3012943 12761508
3022068 12761508
3022069 12761508
3014596 12761518
3014717 12761518
3014586 12761523
3014809 12761523
3019834 12761525
3021593 12761526
3012997 12761532
3013000 12761532
3013110 12761532
3013253 12761532
3021503 12761532
3020566 12761536
3021829 12761536
3021830 12761536
3021833 12761536
3018784 12761539
3021231 12761539
3017001 12761542
3020564 12761542
3018780 12761544
3019028 12761544
3020592 12761544
3020597 12761544
3020611 12761544
3020671 12761544
3013995 12761546
3022210 12761548
3014984 12761553
3021850 12761555
3021848 12761556
3021047 12761558
3021228 12761560
3021229 12761560
3019807 12761561
3022402 12761563
3016181 12761565
3013040 12761567
3014624 12761576
3014762 12761576
3014826 12761576
3014966 12761576
3014973 12761576
3014978 12761576
3015206 12761576
3020317 12761576
3020322 12761576
3020342 12761576
3020365 12761576
3021765 12761579
3022300 12761582
3021569 12761586
3021571 12761586
3016176 12761590
3020461 12761594
3021768 12761595
3021223 12761604
3022461 12761604
3022463 12761604
3019075 12761607
3020691 12761607
3021772 12761607
3021773 12761607
3021778 12761607
3021779 12761607
3018455 12761609
3018529 12761610
3019065 12761611
3021736 12761614
3021856 12761616
3021858 12761616
3021860 12761616
3012723 12761618
3012730 12761618
3012717 12761619
3012718 12761619
3018090 12761622
3021271 12761623
3021273 12761623
3021274 12761623
3017132 12761624
3017387 12761624
3021230 12761625
3016213 12761626
3017034 12761628
3017051 12761628
3017067 12761628
3021937 12761629
3021153 12761630
3021224 12761631
3015690 12761632
3015692 12761632
3015698 12761632
3016165 12761632
3020455 12761632
3022496 12761632
3015693 12761633
3015702 12761633
3020410 12761633
3014199 12761635
3014315 12761635
3014320 12761635
3020289 12761635
3021644 12761635
3021645 12761635
3014203 12761636
3013783 12761637
3014642 12761642
3016249 12761650
3016250 12761650
3017708 12761650
3017854 12761650
3019379 12761650
3021150 12761650
3021151 12761650
3013806 12761653
3013993 12761653
3014001 12761653
3021880 12761653
3021881 12761653
3021992 12761653
3021993 12761653
3021751 12761657
3021752 12761657
3022270 12761657
3022983 12761657
3021774 12761658
3014433 12761659
3015675 12761660
3020710 12761660
3019266 12761663
3021248 12761666
3021249 12761666
3013765 12761667
3021017 12761668
3018778 12761669
3021819 12761671
3017587 12761672
3020534 12761675
3022431 12761675
3019682 12761676
3013053 12761678
3015599 12761680
3015612 12761680
3015620 12761680
3015635 12761680
3015648 12761680
3018512 12761682
3018515 12761682
3019722 12761684
3013729 12761691
3013737 12761691
3013759 12761691
3013897 12761691
3013987 12761691
3020253 12761691
3021595 12761691
3021598 12761691
3021601 12761691
3021608 12761691
3021609 12761691
3021995 12761691
3021998 12761691
3021999 12761691
3022126 12761691
3022303 12761691
3022304 12761691
3022306 12761691
3022307 12761691
3019094 12761732
3019200 12761732
3019239 12761732
3019271 12761732
3019275 12761732
3019284 12761732
3019001 12761733
3019430 12761733
3018811 12761735
3013286 12761737
3013676 12761737
3020230 12761742
3020240 12761742
3021347 12761742
3013325 12761743
3013490 12761743
3013672 12761743
3020226 12761743
3022111 12761743
3013295 12761748
3021538 12761748
3021539 12761748
3017055 12761750
3017057 12761750
3017058 12761750
3017059 12761750
3017048 12761751
3015556 12761752
3015560 12761752
3015603 12761753
3015615 12761753
3015677 12761753
3015685 12761753
3016822 12761754
3022174 12761755
3022175 12761755
3015005 12761757
3015283 12761757
3015006 12761761
3015324 12761761
3015337 12761761
3015367 12761761
3015406 12761761
3016992 12761761
3019512 12761761
3020354 12761761
3020356 12761761
3014992 12761767
3014995 12761767
3015001 12761767
3015412 12761767
3020345 12761767
3013041 12761774
3013051 12761774
3013193 12761774
3013238 12761774
3021522 12761774
3021534 12761774
3015336 12761776
3017011 12761776
3017261 12761776
3017582 12761776
3020526 12761776
3014824 12761782
3014825 12761782
3022103 12761783
3022104 12761783
3016833 12761784
3016836 12761784
3022443 12761785
3022006 12761788
