69173290 12772873
69173290 12779269
69173291 12772873
69173291 12779269
69173486 12772873
69173486 12779269
69173500 12772873
69173500 12779269
69173513 12772873
69173513 12779269
69173536 12772873
69173536 12779269
69173577 12772873
69173577 12779269
69179704 12772873
69179704 12779269
69173543 12772873
69173543 12779708
69173545 12772873
69173545 12779708
69173546 12772873
69173546 12779708
69179136 12772873
69179136 12779708
69179199 12772873
69179199 12779708
69175161 12773793
69175161 12779887
69175295 12773793
69175295 12779887
69175571 12773793
69175571 12779887
69175584 12773793
69175584 12779887
69175697 12775572
69175160 12775572
69175160 12781079
69173275 12777647
69173275 12782536
69171648 12779317
69171648 12824772
69171653 12779317
69171653 12824772
69171695 12779317
69171695 12824772
69171696 12779317
69171696 12824772
69171713 12779317
69171713 12824772
69171661 12780838
69171661 12826098
69171721 12780838
69171721 12826098
69171701 12781952
69171701 12827383
69182206 12781952
69182206 12827383
69182207 12781952
69182207 12827383
69173292 12779511
69173292 12884664
69173293 12779511
69173293 12884664
69173294 12779511
69173294 12884664
69173538 12779511
69173538 12884664
69173539 12779511
69173539 12884664
69173570 12779511
69173570 12884664
69172808 12779519
69172808 12884699
69172347 12780473
69172347 12885776
69173104 12780603
69173104 12885924
69173571 12780722
69173571 12886147
69173097 12782594
69173097 12889670
69173207 12782594
69173207 12889670
69182143 12782594
69182143 12889670
69182144 12782594
69182144 12889670
69172923 12782718
69172923 12889948
69172923 68102122
69172923 68102123
69172924 12782718
69172924 12889948
69172924 68102122
69172924 68102123
69172927 12782718
69172927 12889948
69172927 68102122
69172927 68102123
69172928 12782718
69172928 12889948
69172928 68102122
69172928 68102123
69173103 12782718
69173103 12889948
69173103 68102122
69173103 68102123
69173219 12782718
69173219 12889948
69173219 68102122
69173219 68102123
69173220 12782718
69173220 12889948
69173220 68102122
69173220 68102123
69173221 12782718
69173221 12889948
69173221 68102122
69173221 68102123
69173223 12782718
69173223 12889948
69173223 68102122
69173223 68102123
69182378 12782718
69182378 12889948
69182378 68102122
69182378 68102123
69182379 12782718
69182379 12889948
69182379 68102122
69182379 68102123
69171640 12782851
69171640 12890357
69171641 12782851
69171641 12890357
69171642 12782853
69171642 12890361
69171702 12782853
69171702 12890361
69181595 12782858
69181595 12890367
69181596 12782858
69181596 12890367
69172551 12782859
69172551 12890369
69172703 12782859
69172703 12890369
69172854 12782859
69172854 12890369
69179349 12782859
69179349 12890369
69172550 12782860
69172550 12890370
69172921 12782870
69172921 12890379
69172257 12783279
69172257 12891392
69172443 12783279
69172443 12891392
69172515 12783279
69172515 12891392
69172809 12783279
69172809 12891392
69179347 12783279
69179347 12891392
69172255 12783281
69172255 12891395
69172256 12783281
69172256 12891395
69179333 12783281
69179333 12891395
69172249 12783282
69172251 12783282
69172252 12783282
69172253 12783282
69172254 12783282
69172258 12783282
69172352 12783282
69172386 12783282
69172386 12891402
69172426 12783282
69172426 12891402
69172925 12889948
69172926 12889948
69172934 12889948
69173222 12889948
69172248 12891402
12642799 12779744
12642799 12913155
12642873 12779744
12642873 12913155
12642895 12779744
12642895 12913155
12642574 12781807
12642574 12915587
12642218 12782869
12642218 12916442
12642219 12782869
12642219 12916442
12642220 12782869
12642220 12916442
12642221 12782869
12642221 12916442
12642222 12782869
12642222 12916442
12642223 12782869
12642223 12916442
12642507 12782869
12642507 12916442
12642510 12782869
12642510 12916442
12642589 12782869
12642589 12916442
12642590 12782869
12642590 12916442
12642591 12782869
12642591 12916442
12642592 12782869
12642592 12916442
12642593 12782869
12642593 12916442
12653550 12782869
12653550 12916442
12642989 12783352
12642989 12916854
12642632 12783555
12642632 12916935
12642633 12783555
12642633 12916935
12642746 12783555
12642746 12916935
12642783 12783555
12642783 12916935
12642784 12783555
12642784 12916935
12642801 12783569
12642801 12916952
12642508 12783653
12642508 12916967
12642582 12783653
12642582 12916967
12642583 12783653
12642583 12916967
12642584 12783653
12642584 12916967
12653548 12783653
12653548 12916967
12653876 12783653
12653876 12916967
12642735 12783679
12642735 12916980
12642628 12783683
12642628 12916982
12642629 12783683
12642629 12916982
12642630 12783683
12642630 12916982
12642631 12783683
12642631 12916982
12642642 12783683
12642642 12916982
12642688 12783683
12642688 12916982
12642700 12783683
12642700 12916982
12642802 12783721
12642802 12917011
12642622 12916935
12642803 12916960
12642937 12916960
12892341 12782856
12892341 12969269
12892344 12782856
12892344 12969269
12892535 12782872
12892535 12969280
69174946 120127161
69174946 120129759
69174946 120129760
69174946 12781296
69174947 120127161
69174947 120129759
69174947 120129760
69174947 12781296
69174950 120127161
69174950 120129759
69174950 120129760
69174950 12781296
69174952 120127161
69174952 120129759
69174952 120129760
69174952 12781296
69174953 120127161
69174953 120129759
69174953 120129760
69174953 12781296
69175622 120127161
69175622 120129759
69175622 120129760
69175622 12781296
69175623 120127161
69175623 120129759
69175623 120129760
69175623 12781296
69175626 120127161
69175626 120129759
69175626 120129760
69175626 12781296
69175630 120127161
69175630 120129759
69175630 120129760
69175630 12781296
69175632 120127161
69175632 120129759
69175632 120129760
69175632 12781296
69175633 120127161
69175633 120129759
69175633 120129760
69175633 12781296
69175634 120127161
69175634 120129759
69175634 120129760
69175634 12781296
69175636 120127161
69175636 120129759
69175636 120129760
69175636 12781296
69175772 120127161
69175772 120129759
69175772 120129760
69175772 12781296
69175831 120127161
69175831 120129759
69175831 120129760
69175831 12781296
69175926 120127161
69175926 120129759
69175926 120129760
69175926 12781296
69175962 120127161
69175962 120129759
69175962 120129760
69175962 12781296
69175965 120127161
69175965 120129759
69175965 120129760
69175965 12781296
69175977 120127161
69175977 120129759
69175977 120129760
69175977 12781296
69179139 120127161
69179139 120129759
69179139 120129760
69179139 12781296
69179151 120127161
69179151 120129759
69179151 120129760
69179151 12781296
69179240 120127161
69179240 120129759
69179240 120129760
69179240 12781296
69182780 120127161
69182780 120129759
69182780 120129760
69182780 12781296
69175205 120129758
69175205 120129764
69175205 126579383
69175205 126579385
69175205 126579386
69175205 12783177
69175206 120129758
69175206 120129764
69175206 126579383
69175206 126579385
69175206 126579386
69175206 12783177
69175207 120129758
69175207 120129764
69175207 126579383
69175207 126579385
69175207 126579386
69175207 12783177
69175208 120129758
69175208 120129764
69175208 126579383
69175208 126579385
69175208 126579386
69175208 12783177
69175209 120129758
69175209 120129764
69175209 126579383
69175209 126579385
69175209 126579386
69175209 12783177
69175213 120129758
69175213 120129764
69175213 126579383
69175213 126579385
69175213 126579386
69175213 12783177
69175214 120129758
69175214 120129764
69175214 126579383
69175214 126579385
69175214 126579386
69175214 12783177
69175215 120129758
69175215 120129764
69175215 126579383
69175215 126579385
69175215 126579386
69175215 12783177
69175217 120129758
69175217 120129764
69175217 126579383
69175217 126579385
69175217 126579386
69175217 12783177
69175218 120129758
69175218 120129764
69175218 126579383
69175218 126579385
69175218 126579386
69175218 12783177
69175252 120129758
69175252 120129764
69175252 126579383
69175252 126579385
69175252 126579386
69175252 12783177
69175253 120129758
69175253 120129764
69175253 126579383
69175253 126579385
69175253 126579386
69175253 12783177
69175254 120129758
69175254 120129764
69175254 126579383
69175254 126579385
69175254 126579386
69175254 12783177
69175255 120129758
69175255 120129764
69175255 126579383
69175255 126579385
69175255 126579386
69175255 12783177
69175256 120129758
69175256 120129764
69175256 126579383
69175256 126579385
69175256 126579386
69175256 12783177
69175257 120129758
69175257 120129764
69175257 126579383
69175257 126579385
69175257 126579386
69175257 12783177
69175258 120129758
69175258 120129764
69175258 126579383
69175258 126579385
69175258 126579386
69175258 12783177
69175425 120129758
69175425 120129764
69175425 126579383
69175425 126579385
69175425 126579386
69175425 12783177
69175590 120129758
69175590 120129764
69175590 126579383
69175590 126579385
69175590 126579386
69175590 12783177
69175668 120129758
69175668 120129764
69175668 126579383
69175668 126579385
69175668 126579386
69175668 12783177
69175683 120129758
69175683 120129764
69175683 126579383
69175683 126579385
69175683 126579386
69175683 12783177
69175955 120129758
69175955 120129764
69175955 126579383
69175955 126579385
69175955 126579386
69175955 12783177
69179156 120129758
69179156 120129764
69179156 126579383
69179156 126579385
69179156 126579386
69179156 12783177
69179163 120129758
69179163 120129764
69179163 126579383
69179163 126579385
69179163 126579386
69179163 12783177
69179164 120129758
69179164 120129764
69179164 126579383
69179164 126579385
69179164 126579386
69179164 12783177
69179487 120129758
69179487 120129764
69179487 126579383
69179487 126579385
69179487 126579386
69179487 12783177
69182504 120129758
69182504 120129764
69182504 126579383
69182504 126579385
69182504 126579386
69182504 12783177
69182505 120129758
69182505 120129764
69182505 126579383
69182505 126579385
69182505 126579386
69182505 12783177
69173276 120129761
69173276 12782249
69173278 120129761
69173278 12782249
69174691 120129761
69174691 12782249
69174692 120129761
69174692 12782249
69174693 120129761
69174693 12782249
69174965 120129761
69174965 12782249
69175004 120129761
69175004 12782249
69175096 120129761
69175096 12782249
69175157 120129761
69175157 12782249
69179465 120129761
69179465 12782249
69182481 120129761
69182481 12782249
69182482 120129761
69182482 12782249
69182490 120129761
69182490 12782249
69182491 120129761
69182491 12782249
69173393 120235511
69173393 12780878
69174120 122150441
69174120 122150442
69174120 126579384
69174120 12781131
69174120 129861582
69174120 129861583
69174121 122150441
69174121 122150442
69174121 126579384
69174121 12781131
69174121 129861582
69174121 129861583
69174122 122150441
69174122 122150442
69174122 126579384
69174122 12781131
69174122 129861582
69174122 129861583
69174127 122150441
69174127 122150442
69174127 126579384
69174127 12781131
69174127 129861582
69174127 129861583
69174128 122150441
69174128 122150442
69174128 126579384
69174128 12781131
69174128 129861582
69174128 129861583
69174129 122150441
69174129 122150442
69174129 126579384
69174129 12781131
69174129 129861582
69174129 129861583
69174130 122150441
69174130 122150442
69174130 126579384
69174130 12781131
69174130 129861582
69174130 129861583
69174132 122150441
69174132 122150442
69174132 126579384
69174132 12781131
69174132 129861582
69174132 129861583
69174202 122150441
69174202 122150442
69174202 126579384
69174202 12781131
69174202 129861582
69174202 129861583
69174203 122150441
69174203 122150442
69174203 126579384
69174203 12781131
69174203 129861582
69174203 129861583
69174204 122150441
69174204 122150442
69174204 126579384
69174204 12781131
69174204 129861582
69174204 129861583
69174205 122150441
69174205 122150442
69174205 126579384
69174205 12781131
69174205 129861582
69174205 129861583
69174435 122150441
69174435 122150442
69174435 126579384
69174435 12781131
69174435 129861582
69174435 129861583
69176432 122150441
69176432 122150442
69176432 126579384
69176432 12781131
69176432 129861582
69176432 129861583
69178220 122150441
69178220 122150442
69178220 126579384
69178220 12781131
69178220 129861582
69178220 129861583
69178399 122150441
69178399 122150442
69178399 126579384
69178399 12781131
69178399 129861582
69178399 129861583
69178548 122150441
69178548 122150442
69178548 126579384
69178548 12781131
69178548 129861582
69178548 129861583
69178558 122150441
69178558 122150442
69178558 126579384
69178558 12781131
69178558 129861582
69178558 129861583
69178560 122150441
69178560 122150442
69178560 126579384
69178560 12781131
69178560 129861582
69178560 129861583
69178562 122150441
69178562 122150442
69178562 126579384
69178562 12781131
69178562 129861582
69178562 129861583
69178566 122150441
69178566 122150442
69178566 126579384
69178566 12781131
69178566 129861582
69178566 129861583
69178570 122150441
69178570 122150442
69178570 126579384
69178570 12781131
69178570 129861582
69178570 129861583
69179813 122150441
69179813 122150442
69179813 126579384
69179813 12781131
69179813 129861582
69179813 129861583
69180086 122150441
69180086 122150442
69180086 126579384
69180086 12781131
69180086 129861582
69180086 129861583
69180772 122150441
69180772 122150442
69180772 126579384
69180772 12781131
69180772 129861582
69180772 129861583
69181468 122150441
69181468 122150442
69181468 126579384
69181468 12781131
69181468 129861582
69181468 129861583
69181469 122150441
69181469 122150442
69181469 126579384
69181469 12781131
69181469 129861582
69181469 129861583
69182816 122150441
69182816 122150442
69182816 126579384
69182816 12781131
69182816 129861582
69182816 129861583
69175981 126579368
69175981 126579373
69175981 12783028
69175981 12783041
69176026 126579368
69176026 126579373
69176026 12783028
69176026 12783041
69176216 126579368
69176216 126579373
69176216 12783028
69176216 12783041
69176359 126579368
69176359 126579373
69176359 12783028
69176359 12783041
69175980 126579368
69175980 126579373
69175980 12783029
69175980 12783041
69175982 126579368
69175982 126579373
69175982 12783041
69175983 126579368
69175983 126579373
69175983 12783041
69175984 126579368
69175984 126579373
69175984 12783041
69175985 126579368
69175985 126579373
69175985 12783041
69175986 126579368
69175986 126579373
69175986 12783041
69176237 126579368
69176237 126579373
69176237 12783041
69176254 126579368
69176254 126579373
69176254 12783041
69176345 126579368
69176345 126579373
69176345 12783041
69176351 126579368
69176351 126579373
69176351 12783041
69175987 126579368
69175987 126579373
69175987 12783041
69175987 12783045
69176277 126579368
69176277 126579373
69176277 12783041
69176277 12783045
69176280 126579368
69176280 126579373
69176280 12783041
69176280 12783045
69176323 126579368
69176323 126579373
69176323 12783041
69176323 12783045
69176390 126579368
69176390 126579373
69176390 12783041
69176390 12783045
69175979 126579368
69175979 126579373
69175979 12783041
69175979 12783057
69176301 126579368
69176301 126579373
69176301 12783041
69176301 12783057
69180440 126579368
69180440 126579373
69180440 12783041
69180440 12783057
69176085 126579369
69176085 126579375
69176085 12782575
69176153 126579369
69176153 126579375
69176153 12782575
69176502 126579369
69176502 126579375
69176502 12782575
69176508 126579369
69176508 126579375
69176508 12782575
69176510 126579369
69176510 126579375
69176510 12782575
69177281 126579369
69177281 126579375
69177281 12782575
69177343 126579369
69177343 126579375
69177343 12782575
69177870 126579369
69177870 126579375
69177870 12782575
69181566 126579369
69181566 126579375
69181566 12782575
69182783 126579369
69182783 126579375
69182783 12782575
69173605 126579370
69173605 12781998
69173606 126579370
69173606 12781998
69173607 126579370
69173607 12781998
69173608 126579370
69173608 12781998
69173609 126579370
69173609 12781998
69173610 126579370
69173610 12781998
69173611 126579370
69173611 12781998
69173612 126579370
69173612 12781998
69173786 126579370
69173786 12781998
69173844 126579370
69173844 12781998
69173847 126579370
69173847 12781998
69173859 126579370
69173859 12781998
69173863 126579370
69173863 12781998
69173948 126579370
69173948 12781998
69173955 126579370
69173955 12781998
69174012 126579370
69174012 12781998
69174139 126579370
69174139 12781998
69174147 126579370
69174147 12781998
69174148 126579370
69174148 12781998
69174208 126579370
69174208 12781998
69179386 126579370
69179386 12781998
69179394 126579370
69179394 12781998
69179406 126579370
69179406 12781998
69179424 126579370
69179424 12781998
69179449 126579370
69179449 12781998
69180496 126579370
69180496 12781998
69180497 126579370
69180497 12781998
69181930 126579370
69181930 12781998
69176456 126579371
69176456 126579372
69176456 12781509
69176457 126579371
69176457 126579372
69176457 12781509
69176458 126579371
69176458 126579372
69176458 12781509
69176459 126579371
69176459 126579372
69176459 12781509
69176460 126579371
69176460 126579372
69176460 12781509
69176461 126579371
69176461 126579372
69176461 12781509
69176462 126579371
69176462 126579372
69176462 12781509
69176969 126579371
69176969 126579372
69176969 12781509
69176973 126579371
69176973 126579372
69176973 12781509
69176977 126579371
69176977 126579372
69176977 12781509
69177020 126579371
69177020 126579372
69177020 12781509
69177922 126579371
69177922 126579372
69177922 12781509
69174144 126579374
69174144 12781959
69181909 126579374
69181909 12781959
69181909 12783019
69181910 126579374
69181910 12781959
69181910 12783019
69176463 126579376
69176463 12782471
69176595 126579376
69176595 12782471
69176596 126579376
69176596 12782471
69176597 126579376
69176597 12782471
69177232 126579376
69177232 12782471
69177233 126579376
69177233 12782471
69175344 126579377
69175344 12780938
69175358 126579377
69175358 12780938
69175364 126579377
69175364 12780938
69175785 126579377
69175785 12780938
69182069 126579377
69182069 12780938
69174189 126579378
69174189 126579379
69174189 12781968
69174189 129861564
69174191 126579378
69174191 126579379
69174191 12781968
69174191 129861564
69176449 126579378
69176449 126579379
69176449 12781968
69176449 129861564
69176450 126579378
69176450 126579379
69176450 12781968
69176450 129861564
69176452 126579378
69176452 126579379
69176452 12781968
69176452 129861564
69176454 126579378
69176454 126579379
69176454 12781968
69176454 129861564
69177304 126579378
69177304 126579379
69177304 12781968
69177304 129861564
69177739 126579378
69177739 126579379
69177739 12781968
69177739 129861564
69177928 126579378
69177928 126579379
69177928 12781968
69177928 129861564
69181769 126579378
69181769 126579379
69181769 12781968
69181769 129861564
69181770 126579378
69181770 126579379
69181770 12781968
69181770 129861564
69182743 126579378
69182743 126579379
69182743 12781968
69182743 129861564
69175235 126579380
69175235 12782610
69175796 126579380
69175796 12782610
69175245 126579381
69175245 12781774
69175246 126579381
69175246 12781774
69175247 126579381
69175247 12781774
69175250 126579381
69175250 12781774
69175251 126579381
69175251 12781774
69175760 126579381
69175760 12781774
69171791 126579382
69171791 12783180
69171791 52135366
69171791 52135367
69171792 126579382
69171792 12783180
69171792 52135366
69171792 52135367
69171796 126579382
69171796 12783180
69171796 52135366
69171796 52135367
69171809 126579382
69171809 12783180
69171809 52135366
69171809 52135367
69171888 126579382
69171888 12783180
69171888 52135366
69171888 52135367
69175300 126579387
69175300 12782473
69175308 126579387
69175308 12782473
69175676 126579387
69175676 12782473
69179831 12779217
69181058 12779219
69174766 12779220
69182893 12779223
69179822 12779225
69172274 12779226
69182639 12779227
69172585 12779228
69172586 12779228
69172587 12779228
69172756 12779228
69172876 12779228
69179355 12779228
69171734 12779230
69171737 12779230
69171835 12779230
69171892 12779230
69178804 12779233
69179036 12779233
69180824 12779233
69178751 12779237
69178752 12779237
69178947 12779237
69176742 12779240
69177985 12779240
69177986 12779240
69176754 12779242
69182117 12779242
69182118 12779242
69181286 12779245
69180073 12779247
69175378 12779249
69175606 12779249
69171842 12779253
69173983 12779253
69179296 12779253
69174247 12779255
69174655 12779255
69181761 12779255
69174181 12779258
69174657 12779258
69174470 12779260
69182633 12779260
69182485 12779264
69182488 12779264
69171977 12779265
69172114 12779265
69172119 12779265
69173373 12779266
69173530 12779266
69173356 12779269
69173474 12779269
69176780 12779270
69174951 12779271
69182712 12779271
69181139 12779273
69174763 12779277
69174959 12779277
69175012 12779277
69182553 12779279
69182554 12779279
69174096 12779280
69174098 12779282
69180489 12779282
69181771 12779283
69176018 12779287
69176019 12779287
69176219 12779287
69176222 12779287
69176361 12779287
69181776 12779289
69173368 12779291
69173370 12779291
69179370 12779291
69174161 12779293
69174453 12779293
69171643 12779295
69178596 12779297
69173380 12779299
69179368 12779299
69173381 12779300
69178024 12779301
69172030 12779304
69172036 12779304
69180331 12779304
69176060 12779306
69176061 12779306
69176104 12779306
69180656 12779306
69172032 12779307
69179443 12779310
69180458 12779310
69176063 12779312
69178662 12779315
69178664 12779322
69171714 12779325
69176066 12779327
69172039 12779331
69171660 12779334
69171715 12779334
69171716 12779335
69175283 12779338
69178667 12779339
69178668 12779339
69178669 12779339
69171718 12779341
69175287 12779342
69175488 12779342
69175491 12779342
69175288 12779345
69177887 12779347
69177888 12779347
69175289 12779350
69181691 12779352
69172107 12779355
69180324 12779355
69180325 12779355
69178738 12779357
69178806 12779357
69178991 12779357
69177096 12779358
69179197 12779360
69180342 12779360
69172749 12779361
69174149 12779361
69179353 12779361
69180343 12779363
69172390 12779373
69180346 12779373
69172367 12779383
69180347 12779383
69172346 12779386
69180348 12779386
69178581 12779390
69173309 12779395
69173341 12779395
69180412 12779395
69173343 12779404
69173344 12779404
69173346 12779404
69173357 12779404
69173371 12779404
69173374 12779404
69173382 12779404
69173443 12779404
69173445 12779404
69173475 12779404
69173480 12779404
69173501 12779404
69173514 12779404
69173575 12779404
69179366 12779404
69182765 12779404
69173385 12779419
69173387 12779419
69173411 12779419
69173497 12779419
69180413 12779419
69174152 12779423
69174619 12779423
69174153 12779425
69174342 12779425
69174154 12779429
69174155 12779429
69174157 12779429
69174493 12779429
69179432 12779429
69174178 12779434
69182613 12779434
69173372 12779437
69180605 12779440
69181830 12779440
69181831 12779440
69173375 12779441
69181835 12779444
69172594 12779447
69178015 12779448
69182390 12779449
69172013 12779456
69172020 12779456
69176343 12779456
69180318 12779456
69176051 12779458
69180332 12779458
69182393 12779463
69182394 12779465
69178650 12779469
69172024 12779472
69172025 12779472
69178652 12779475
69178653 12779475
69182397 12779478
69178654 12779479
69173307 12779482
69173440 12779482
69178656 12779484
69176059 12779485
69178658 12779487
69181901 12779488
69181903 12779488
69181904 12779488
69172629 12779490
69172662 12779490
69172734 12779490
69181905 12779492
69181906 12779492
69182458 12779495
69182461 12779495
69182462 12779495
69182463 12779497
69182468 12779498
69182469 12779498
69176022 12779502
69176035 12779502
69176036 12779502
69176083 12779502
69179509 12779502
69179519 12779502
69182656 12779502
69176044 12779505
69176046 12779505
69176127 12779505
69181686 12779507
69181687 12779507
69181688 12779509
69181689 12779509
69181754 12779513
69172795 12779515
69172797 12779515
69172799 12779515
69172801 12779515
69172803 12779515
69172805 12779516
69177216 12779524
69177790 12779524
69177792 12779524
69178575 12779525
69177791 12779526
69173359 12779528
69173360 12779528
69173361 12779529
69173364 12779529
69173488 12779529
69173491 12779529
69173507 12779529
69173562 12779529
69173362 12779531
69177794 12779533
69178579 12779536
69173363 12779539
69173365 12779539
69175197 12779548
69175462 12779548
69180589 12779548
69180590 12779548
69181821 12779551
69178000 12779553
69173073 12779555
69173366 12779555
69173367 12779555
69173506 12779555
69173369 12779556
69178006 12779557
69181829 12779558
69178007 12779559
69178009 12779559
69177225 12779561
69177425 12779561
69182380 12779562
69171998 12779564
69172011 12779564
69182383 12779565
69176041 12779568
69178640 12779573
69172007 12779576
69172014 12779576
69172112 12779576
69172015 12779577
69174099 12779581
69174213 12779581
69174606 12779581
69180490 12779581
69182389 12779584
69178281 12779588
69178647 12779588
69178280 12779590
69178648 12779590
69178283 12779592
69178649 12779592
69177869 12779594
69182450 12779596
69182451 12779598
69182453 12779599
69181674 12779601
69180891 12779604
69175339 12779606
69173323 12779608
69173509 12779608
69179190 12779608
69172611 12779611
69172728 12779611
69172781 12779611
69174060 12779615
69180376 12779615
69180322 12779616
69171971 12779621
69180327 12779621
69171979 12779626
69171981 12779626
69171986 12779626
69171990 12779626
69171994 12779626
69176011 12779626
69180314 12779626
69180329 12779626
69178565 12779627
69177781 12779629
69173347 12779631
69173351 12779631
69173462 12779631
69173354 12779634
69173421 12779634
69177785 12779635
69177787 12779637
69181814 12779638
69173358 12779640
69177789 12779642
69181817 12779644
69177212 12779651
69177277 12779651
69181103 12779651
69177213 12779652
69177215 12779660
69177217 12779660
69180702 12779660
69180703 12779660
69180706 12779660
69172000 12779662
69172001 12779662
69177218 12779664
69172002 12779670
69176010 12779670
69180311 12779670
69172003 12779672
69181381 12779672
69182374 12779674
69182375 12779674
69172004 12779675
69182376 12779676
69178632 12779677
69178633 12779678
69178634 12779678
69172009 12779679
69172010 12779679
69172097 12779679
69180315 12779679
69177853 12779680
69178638 12779682
69177855 12779683
69181599 12779684
69177858 12779686
69179191 12779688
69179192 12779688
69181021 12779691
69181022 12779692
69171779 12779700
69171781 12779700
69171785 12779700
69171909 12779700
69179193 12779700
69171777 12779704
69171799 12779704
69179194 12779704
69179195 12779705
69182440 12779706
69181662 12779711
69181663 12779711
69178705 12779715
69181666 12779717
69176740 12779721
69180887 12779724
69172713 12779726
69180316 12779731
69182512 12779734
69172045 12779737
69172047 12779737
69180319 12779737
69181731 12779739
69178317 12779744
69181734 12779749
69181735 12779751
69173134 12779784
69173139 12779784
69174689 12779784
69174690 12779784
69174993 12779784
69175090 12779784
69180095 12779787
69172297 12779791
69172350 12779791
69179331 12779791
69180099 12779795
69178554 12779797
69178555 12779797
69178556 12779797
69172464 12779798
69179339 12779798
69178557 12779799
69173342 12779804
69178559 12779808
69179973 12779809
69173348 12779811
69179976 12779814
69174760 12779818
69179978 12779820
69181809 12779821
69173979 12779822
69173980 12779822
69173975 12779823
69173981 12779823
69173982 12779824
69182360 12779826
69177206 12779827
69182363 12779830
69178620 12779832
69173988 12779833
69176025 12779835
69178625 12779838
69182369 12779839
69176027 12779840
69177841 12779841
69178627 12779842
69178694 12779842
69181587 12779844
69172630 12779845
69172796 12779845
69172633 12779847
69181017 12779848
69179188 12779850
69173191 12779851
69182433 12779852
69182434 12779852
69182437 12779853
69181656 12779857
69181657 12779857
69177059 12779858
69177101 12779858
69175670 12779863
69175829 12779863
69182499 12779863
69182500 12779863
69175756 12779865
69175957 12779865
69174048 12779866
69181720 12779868
69182704 12779868
69181723 12779871
69177697 12779876
69178060 12779876
69181724 12779878
69180080 12779880
69180081 12779882
69180082 12779882
69172214 12779883
69179323 12779883
69180340 12779883
69179329 12779889
69178547 12779891
69179615 12779891
69173334 12779894
69173335 12779896
69173336 12779900
69173404 12779900
69179962 12779902
69179964 12779902
69173338 12779904
69179965 12779906
69179966 12779908
69174752 12779915
69174753 12779915
69174754 12779915
69182344 12779918
69182347 12779918
69182351 12779918
69182352 12779918
69182353 12779918
69178610 12779919
69182356 12779922
69182357 12779922
69176014 12779925
69178612 12779927
69181572 12779929
69181573 12779929
69175231 12779930
69171758 12779932
69181574 12779932
69178616 12779934
69177839 12779935
69172806 12779940
69173101 12779940
69174976 12779940
69174978 12779940
69174980 12779940
69174982 12779940
69174984 12779940
69174988 12779940
69174990 12779940
69174992 12779940
69174994 12779940
69174996 12779940
69174998 12779940
69175005 12779940
69175081 12779940
69175102 12779940
69179117 12779940
69179172 12779940
69180562 12779940
69181979 12779940
69181980 12779940
69182981 12779940
69182420 12779946
69182421 12779946
69173180 12779948
69182424 12779949
69182427 12779949
69182428 12779949
69173185 12779952
69173187 12779953
69173189 12779955
69176728 12779956
69177741 12779956
69179881 12779958
69173158 12779960
69173256 12779960
69179883 12779962
69179885 12779963
69181719 12779965
69180067 12779967
69180069 12779967
69180071 12779967
69178269 12779971
69179889 12779971
69172479 12779972
69180074 12779973
69180076 12779975
69180077 12779976
69180078 12779976
69171985 12779978
69171989 12779978
69179319 12779978
69179952 12779979
69179954 12779981
69179958 12779982
69173962 12779983
69173963 12779983
69174748 12779985
69173965 12779989
69173966 12779989
69178600 12779992
69178602 12779994
69173968 12779996
69178604 12779998
69178608 12779999
69181567 12780000
69179160 12780001
69179162 12780003
69179165 12780005
69182410 12780007
69182760 12780007
69173170 12780008
69181630 12780010
69181631 12780010
69172941 12780013
69173174 12780013
69181634 12780015
69182419 12780016
69172301 12780018
69172393 12780018
69181637 12780021
69172298 12780025
69172299 12780025
69172395 12780025
69172516 12780025
69174591 12780026
69174592 12780027
69177031 12780028
69174594 12780031
69174596 12780032
69174598 12780033
69182194 12780035
69175071 12780037
69175072 12780037
69175073 12780040
69180544 12780040
69175074 12780043
69175075 12780043
69177642 12780049
69177644 12780049
69177646 12780049
69177648 12780049
69177650 12780049
69177652 12780049
69177656 12780049
69177658 12780049
69177660 12780049
69177662 12780049
69177664 12780049
69177666 12780049
69177668 12780049
69177670 12780049
69177674 12780049
69177676 12780049
69177677 12780049
69177766 12780049
69178016 12780049
69178214 12780049
69179590 12780049
69180758 12780049
69181838 12780049
69181839 12780049
69175079 12780050
69181703 12780052
69181704 12780052
69172462 12780053
69181707 12780054
69181708 12780054
69180063 12780055
69180065 12780056
69177740 12780058
69172530 12780061
69177749 12780062
69172536 12780066
69180364 12780066
69179947 12780069
69182330 12780071
69175788 12780074
69173956 12780075
69173958 12780077
69173959 12780077
69181551 12780080
69181552 12780083
69182339 12780085
69181555 12780087
69181556 12780088
69171980 12780090
69171991 12780090
69181557 12780092
69181558 12780092
69171992 12780094
69171995 12780094
69181559 12780095
69179594 12780097
69182969 12780097
69182970 12780097
69172600 12780100
69172691 12780100
69172601 12780104
69172602 12780104
69172789 12780104
69177818 12780106
69172606 12780107
69175652 12780114
69175654 12780114
69175656 12780114
69175658 12780114
69175660 12780114
69175662 12780114
69175664 12780114
69175666 12780114
69175667 12780114
69175669 12780114
69175671 12780114
69175675 12780114
69175677 12780114
69175678 12780114
69175730 12780114
69175908 12780114
69179154 12780114
69180618 12780114
69182501 12780114
69182502 12780114
69175850 12780121
69172608 12780123
69182400 12780126
69175855 12780128
69173160 12780129
69173162 12780131
69182406 12780133
69173164 12780136
69181622 12780139
69173166 12780142
69173168 12780143
69181625 12780147
69180842 12780151
69174580 12780153
69174581 12780153
69181628 12780156
69174583 12780157
69174585 12780159
69176701 12780160
69182180 12780162
69176703 12780164
69174589 12780165
69177029 12780166
69182183 12780168
69175060 12780169
69182186 12780172
69175062 12780174
69182189 12780177
69172455 12780178
69172456 12780178
69180049 12780180
69180050 12780180
69180053 12780181
69180054 12780183
69174758 12780188
69175034 12780188
69175036 12780188
69175038 12780188
69175131 12780188
69180572 12780188
69177731 12780191
69179932 12780193
69179934 12780195
69179936 12780197
69173951 12780198
69173953 12780198
69180120 12780198
69180121 12780198
69173943 12780200
69182321 12780201
69173945 12780203
69178284 12780206
69178297 12780206
69182324 12780209
69173947 12780210
69182327 12780213
69177802 12780214
69171982 12780216
69177809 12780217
69175842 12780219
69175844 12780220
69175846 12780222
69175847 12780223
69172942 12780226
69173044 12780226
69173152 12780226
69173153 12780226
69173156 12780227
69181613 12780229
69181614 12780229
69181616 12780230
69180823 12780232
69180834 12780232
69181619 12780235
69173792 12780237
69175050 12780238
69182177 12780240
69181393 12780244
69175052 12780247
69175055 12780248
69181398 12780250
69175058 12780252
69175690 12780254
69180588 12780254
69175680 12780258
69175682 12780258
69175684 12780258
69175686 12780258
69175687 12780258
69175689 12780258
69175691 12780258
69175693 12780258
69175695 12780258
69175696 12780258
69175944 12780258
69172612 12780261
69180043 12780261
69180374 12780261
69180044 12780262
69180046 12780264
69180048 12780265
69178286 12780267
69178501 12780267
69181466 12780269
69181477 12780269
69181478 12780269
69182815 12780269
69180686 12780273
69179922 12780276
69179806 12780277
69179923 12780277
69177729 12780278
69179924 12780279
69171972 12780281
69179912 12780281
69179925 12780281
69180308 12780281
69179926 12780282
69179927 12780284
69178285 12780287
69182312 12780289
69182313 12780290
69182314 12780290
69182315 12780295
69178289 12780296
69173938 12780297
69182318 12780301
69177707 12780303
69180751 12780303
69172296 12780305
69171973 12780307
69171975 12780307
69171978 12780307
69172008 12780307
69172021 12780307
69171968 12780309
69171976 12780309
69182091 12780310
69175830 12780311
69182097 12780313
69173141 12780315
69173143 12780315
69173144 12780315
69181602 12780318
69181605 12780318
69178992 12780319
69181608 12780321
69178996 12780322
69174565 12780325
69182162 12780327
69174569 12780330
69182165 12780331
69182166 12780331
69181384 12780333
69182169 12780334
69173209 12780335
69173210 12780335
69176896 12780336
69177613 12780336
69178427 12780336
69181386 12780337
69172302 12780339
69172433 12780339
69176199 12780340
69179844 12780340
69180032 12780342
69174198 12780344
69174634 12780344
69180534 12780344
69180034 12780346
69180036 12780350
69171891 12780353
69171893 12780355
69171895 12780356
69171898 12780358
69179916 12780359
69173919 12780365
69173920 12780365
69175755 12780366
69175757 12780366
69173922 12780369
69178277 12780371
69173052 12780377
69173062 12780377
69180388 12780377
69175759 12780378
69173926 12780381
69178278 12780384
69178279 12780386
69172964 12780389
69173050 12780389
69173064 12780389
69182309 12780392
69179127 12780393
69182088 12780394
69173131 12780397
69173133 12780399
69173136 12780401
69173137 12780401
69176383 12780403
69174553 12780405
69178984 12780406
69178986 12780408
69182154 12780411
69182155 12780411
69182156 12780412
69182159 12780413
69175033 12780415
69175035 12780417
69173204 12780418
69175037 12780419
69173206 12780420
69175039 12780421
69182797 12780423
69180022 12780426
69180024 12780430
69177700 12780431
69177701 12780431
69180660 12780433
69171761 12780438
69171818 12780438
69171863 12780438
69171880 12780438
69179294 12780438
69177704 12780439
69177706 12780439
69179909 12780440
69173912 12780441
69173916 12780443
69176620 12780445
69177684 12780445
69179682 12780445
69179683 12780445
69179685 12780446
69182560 12780446
69173691 12780447
69179113 12780449
69173694 12780450
69175811 12780454
69175812 12780454
69182076 12780457
69175814 12780458
69172946 12780460
69172947 12780460
69173003 12780460
69173122 12780460
69173124 12780462
69172340 12780465
69172341 12780470
69172343 12780472
69174542 12780474
69172238 12780477
69172348 12780477
69176377 12780478
69180808 12780483
69182147 12780484
69175023 12780486
69181369 12780487
69175027 12780491
69174613 12780494
69171682 12780497
69180280 12780497
69180290 12780497
69181317 12780497
69182210 12780497
69181983 12780500
69181984 12780500
69182213 12780500
69176340 12780502
69180655 12780502
69171740 12780503
69171874 12780503
69171752 12780504
69171878 12780504
69175733 12780506
69174531 12780508
69179666 12780508
69179671 12780508
69171939 12780510
69171941 12780510
69171943 12780512
69171938 12780516
69171942 12780516
69171944 12780516
69171947 12780516
69171948 12780516
69173680 12780518
69182059 12780520
69182060 12780520
69171949 12780521
69182064 12780522
69182065 12780523
69182066 12780523
69182067 12780524
69176360 12780525
69176362 12780527
69172335 12780529
69176366 12780530
69174533 12780534
69176368 12780536
69174536 12780537
69174537 12780537
69174539 12780539
69182137 12780540
69175013 12780542
69175015 12780544
69175017 12780544
69175016 12780546
69175019 12780549
69174600 12780550
69172233 12780552
69172405 12780552
69181990 12780555
69181993 12780557
69174604 12780559
69181996 12780563
69174607 12780564
69182202 12780565
69174609 12780567
69181999 12780570
69180644 12780572
69180645 12780574
69171865 12780576
69171918 12780576
69171800 12780577
69171867 12780577
69180649 12780581
69175699 12780587
69175701 12780587
69175703 12780587
69175705 12780587
69175711 12780587
69175713 12780587
69175715 12780587
69175717 12780587
69175719 12780587
69175721 12780587
69175723 12780587
69175725 12780587
69175726 12780587
69182774 12780587
69171931 12780589
69180714 12780590
69171935 12780592
69172138 12780592
69182051 12780593
69182053 12780593
69182052 12780595
69182054 12780597
69173678 12780599
69178319 12780602
69172320 12780606
69176350 12780608
69172324 12780612
69176352 12780615
69174519 12780622
69174520 12780622
69176354 12780624
69174521 12780626
69174522 12780626
69174523 12780626
69174526 12780626
69182699 12780628
69174524 12780629
69176358 12780630
69174527 12780631
69182121 12780633
69174529 12780636
69172961 12780637
69182124 12780639
69182127 12780640
69182128 12780641
69175002 12780643
69172967 12780646
69174956 12780655
69174958 12780655
69174970 12780655
69174972 12780655
69174973 12780655
69175639 12780655
69175641 12780655
69175643 12780655
69175645 12780655
69175647 12780655
69175648 12780655
69177692 12780655
69178524 12780655
69178526 12780655
69178528 12780655
69178534 12780655
69178536 12780655
69178538 12780655
69178540 12780655
69179143 12780655
69180185 12780655
69180186 12780655
69182131 12780655
69182342 12780655
69182343 12780655
69182354 12780655
69182355 12780655
69182790 12780655
69181987 12780657
69172174 12780658
69175294 12780663
69175716 12780663
69172240 12780665
69172243 12780666
69178871 12780668
69181402 12780668
69182040 12780670
69182041 12780670
69182045 12780672
69182046 12780673
69176346 12780674
69176348 12780675
69182110 12780676
69182111 12780676
69182112 12780678
69182113 12780679
69173709 12780682
69173737 12780682
69179382 12780682
69182116 12780683
69171772 12780687
69171774 12780687
69171773 12780688
69171778 12780690
69182756 12780691
69182758 12780691
69181973 12780693
69181974 12780693
69182759 12780694
69181975 12780695
69181978 12780696
69181407 12780697
69171910 12780699
69172239 12780701
69182031 12780702
69182034 12780702
69182035 12780702
69172300 12780703
69176335 12780704
69176337 12780705
69173720 12780707
69176339 12780708
69181896 12780709
69182105 12780710
69172943 12780711
69173729 12780712
69182745 12780714
69181960 12780715
69181966 12780717
69181969 12780718
69172153 12780719
69172157 12780721
69172770 12780724
69172772 12780724
69172774 12780724
69172776 12780724
69172778 12780724
69172780 12780724
69172782 12780724
69172784 12780724
69172786 12780724
69172788 12780724
69172790 12780724
69172792 12780724
69172793 12780724
69180392 12780728
69180393 12780728
69172225 12780729
69171903 12780731
69171904 12780733
69171907 12780735
69171908 12780735
69182022 12780737
69182023 12780738
69176321 12780740
69176322 12780740
69180469 12780742
69181878 12780744
69181881 12780744
69181882 12780744
69176326 12780746
69176329 12780747
69173712 12780748
69179380 12780748
69173713 12780750
69173714 12780750
69173716 12780752
69172939 12780753
69182733 12780755
69171759 12780760
69171760 12780760
69179298 12780760
69180294 12780760
69181951 12780761
69181954 12780761
69181091 12780763
69181957 12780764
69173707 12780766
69174340 12780766
69180447 12780766
69180454 12780766
69180456 12780766
69180606 12780768
69171741 12780769
69171825 12780769
69173569 12780772
69182013 12780774
69172851 12780776
69182016 12780780
69172853 12780783
69182019 12780784
69174190 12780786
69182652 12780789
69182653 12780790
69172041 12780793
69176316 12780793
69173701 12780796
69180448 12780796
69181876 12780797
69181877 12780797
69172922 12780799
69171742 12780800
69171746 12780803
69180527 12780805
69180528 12780807
69171748 12780809
69181943 12780811
69181946 12780813
69173559 12780815
69180369 12780817
69180370 12780817
69181790 12780818
69172205 12780820
69172207 12780821
69181795 12780822
69181796 12780822
69181799 12780823
69172841 12780825
69182006 12780826
69172844 12780827
69172846 12780827
69177196 12780829
69181224 12780831
69172847 12780832
69177199 12780835
69172849 12780837
69174182 12780839
69174184 12780845
69182642 12780846
69171668 12780847
69180282 12780847
69181860 12780848
69182646 12780849
69172051 12780850
69172052 12780851
69172053 12780851
69172058 12780853
69182494 12780855
69182497 12780855
69182569 12780857
69172833 12780859
69172835 12780860
69172837 12780861
69172839 12780864
69174172 12780869
69174173 12780869
69174176 12780869
69174192 12780869
69174422 12780869
69180483 12780869
69174174 12780870
69182632 12780872
69174175 12780877
69181850 12780880
69182706 12780880
69182636 12780884
69174179 12780886
69181857 12780888
69172040 12780893
69172042 12780893
69172043 12780893
69178670 12780894
69178671 12780896
69176074 12780899
69175290 12780903
69172048 12780904
69175293 12780905
69178676 12780906
69177893 12780907
69177894 12780907
69182709 12780910
69176712 12780911
69173589 12780913
69173679 12780913
69173987 12780913
69173990 12780913
69174611 12780916
69177933 12780917
69177129 12780919
69177732 12780919
69175352 12780921
69173677 12780922
69173742 12780924
69172619 12780926
69172974 12780926
69182503 12780932
69182506 12780932
69176727 12780936
69176743 12780936
69176766 12780936
69176795 12780936
69176827 12780936
69176859 12780936
69176894 12780936
69176919 12780936
69176963 12780936
69176982 12780936
69177897 12780936
69180305 12780939
69175959 12780942
69176785 12780943
69176817 12780943
69178977 12780944
69179023 12780944
69177909 12780946
69179301 12780948
69171747 12780949
69171749 12780949
69171750 12780949
69171845 12780949
69171848 12780949
69179300 12780949
69177030 12780950
69176719 12780951
69177231 12780951
69178073 12780953
69180767 12780953
69181696 12780954
69181700 12780956
69181701 12780956
69182474 12780958
69182479 12780959
69182480 12780959
69181174 12780961
69181175 12780961
69171897 12780962
69176788 12780968
69176797 12780968
69176840 12780968
69177702 12780968
69177705 12780968
69177715 12780968
69177808 12780968
69177812 12780968
69177813 12780968
69181512 12780968
69181513 12780968
69173738 12780971
69173772 12780971
69180457 12780971
69173697 12780975
69173777 12780975
69173837 12780975
69173967 12780975
69173969 12780975
69180477 12780975
69172229 12780980
69172230 12780980
69182470 12780984
69182471 12780984
69178258 12780990
69182832 12780991
69178301 12780995
69182514 12780998
69182515 12780998
69176814 12781000
69176905 12781000
69182647 12781003
69179012 12781005
69182729 12781006
69176764 12781011
69176791 12781011
69176825 12781011
69176853 12781011
69176888 12781011
69176915 12781011
69176996 12781011
69177601 12781011
69177895 12781011
69178990 12781013
69171899 12781015
69182735 12781018
69177023 12781021
69177024 12781021
69177026 12781021
69177028 12781021
69177032 12781021
69177035 12781021
69177047 12781021
69178011 12781021
69173721 12781023
69173940 12781023
69177835 12781024
69173673 12781025
69171765 12781026
69171767 12781026
69171902 12781026
69175771 12781029
69179484 12781029
69182550 12781029
69171788 12781030
69173636 12781036
69173637 12781036
69173638 12781036
69173642 12781036
69179913 12781038
69181231 12781040
69175180 12781042
69175183 12781043
69175170 12781047
69175179 12781047
69175181 12781047
69175182 12781047
69175513 12781047
69175849 12781047
69177827 12781050
69181052 12781052
69182095 12781054
69182096 12781054
69182549 12781055
69175330 12781057
69175341 12781057
69174151 12781059
69174325 12781059
69174590 12781059
69181020 12781059
69182007 12781062
69173641 12781068
69173937 12781068
69176639 12781074
69176640 12781074
69177314 12781074
69177696 12781074
69177698 12781074
69178079 12781074
69179872 12781074
69180023 12781074
69179059 12781077
69181401 12781077
69173661 12781081
69173722 12781081
69177002 12781083
69177932 12781083
69173662 12781084
69175238 12781086
69175681 12781086
69181187 12781087
69179939 12781092
69180795 12781097
69181385 12781098
69178583 12781101
69181142 12781101
69178746 12781103
69178606 12781106
69178592 12781108
69178593 12781108
69177082 12781109
69177123 12781109
69176333 12781111
69177779 12781138
69182671 12781138
69173984 12781140
69173985 12781140
69182588 12781142
69178271 12781145
69179892 12781145
69179957 12781145
69180796 12781147
69180797 12781147
69173933 12781149
69171768 12781152
69171769 12781152
69181590 12781154
69178270 12781160
69178433 12781160
69179959 12781160
69181146 12781160
69181150 12781160
69181151 12781160
69173723 12781163
69177157 12781166
69177159 12781166
69171813 12781168
69171886 12781168
69172113 12781172
69172116 12781172
69172117 12781172
69172118 12781172
69172124 12781172
69172161 12781172
69172190 12781172
69180337 12781172
69172120 12781174
69172159 12781174
69180338 12781174
69171875 12781179
69171875 165832104
69171877 12781179
69171877 165832104
69171879 12781179
69171879 165832104
69171881 12781179
69171881 165832104
69171883 12781179
69171883 165832104
69171885 12781179
69171885 165832104
69171887 12781179
69171887 165832104
69171889 12781179
69171889 165832104
69171929 12781179
69171929 165832104
69172140 12781179
69172140 165832104
69172440 12781179
69172440 165832104
69180287 12781179
69180287 165832104
69181315 12781179
69181315 165832104
69181316 12781179
69181316 165832104
69181324 12781179
69181324 165832104
69181325 12781179
69181325 165832104
69172441 12781182
69172441 165832052
69172442 12781182
69172442 165832052
69180286 12781182
69180286 165832052
69180289 12781182
69180289 165832052
69172122 12781183
69181041 12781185
69173660 12781187
69173663 12781187
69173664 12781187
69177713 12781189
69180954 12781191
69175064 12781196
69172823 12781200
69180955 12781200
69171784 12781205
69171806 12781205
69173647 12781205
69181588 12781205
69181589 12781205
69182566 12781205
69177151 12781207
69173659 12781209
69181040 12781209
69177039 12781212
69177757 12781212
69181710 12781214
69171790 12781217
69182702 12781221
69172954 12781224
69182582 12781224
69173710 12781227
69172940 12781233
69179917 12781237
69177097 12781239
69177963 12781239
69177755 12781241
69176730 12781242
69176729 12781244
69178240 12781250
69178368 12781250
69178774 12781250
69178817 12781250
69178950 12781250
69178953 12781250
69178961 12781250
69179088 12781250
69179100 12781250
69179631 12781250
69180790 12781250
69180791 12781250
69182133 12781251
69182134 12781251
69182136 12781254
69179398 12781258
69182609 12781258
69182719 12781258
69182288 12781260
69182289 12781260
69172627 12781261
69177050 12781263
69177760 12781263
69177761 12781263
69173725 12781265
69176966 12781269
69176972 12781269
69176975 12781269
69176976 12781269
69172755 12781282
69172755 165832190
69172757 12781282
69172757 165832190
69172758 12781282
69172758 165832190
69172798 12781282
69172798 165832190
69172865 12781282
69172865 165832190
69173088 12781282
69173088 165832190
69173090 12781282
69173090 165832190
69173092 12781282
69173092 165832190
69173094 12781282
69173094 165832190
69173098 12781282
69173098 165832190
69173208 12781282
69173208 165832190
69174490 12781282
69174490 165832190
69174492 12781282
69174492 165832190
69174494 12781282
69174494 165832190
69174501 12781282
69174501 165832190
69174503 12781282
69174503 165832190
69174505 12781282
69174505 165832190
69174507 12781282
69174507 165832190
69174509 12781282
69174509 165832190
69174510 12781282
69174510 165832190
69179214 12781282
69179214 165832190
69179216 12781282
69179216 165832190
69179364 12781282
69179364 165832190
69180403 12781282
69180403 165832190
69181331 12781282
69181331 165832190
69182414 12781282
69182414 165832190
69182415 12781282
69182415 165832190
69182762 12781282
69182762 165832190
69177585 12781300
69177585 165832060
69177588 12781300
69177588 165832060
69179541 12781300
69179541 165832060
69182983 12781300
69182983 165832060
69182984 12781300
69182984 165832060
69177637 12781306
69177638 12781306
69181284 12781306
69181285 12781306
69182985 12781306
69177547 12781313
69177548 12781313
69177551 12781313
69177553 12781313
69177554 12781313
69178108 12781313
69178207 12781313
69178211 12781313
69181296 12781313
69182108 12781313
69182109 12781313
69182986 12781313
69177612 12781325
69177614 12781325
69178050 12781325
69178517 12781325
69178519 12781325
69178520 12781325
69179121 12781325
69180200 12781325
69180201 12781325
69180774 12781325
69180782 12781325
69182029 12781325
69182030 12781325
69182039 12781325
69182345 12781325
69182346 12781325
69182794 12781325
69177582 12781330
69177583 12781330
69181421 12781330
69182820 12781330
69177513 12781335
69177513 165832108
69177515 12781335
69177515 165832108
69177517 12781335
69177517 165832108
69177519 12781335
69177519 165832108
69177521 12781335
69177521 165832108
69177523 12781335
69177523 165832108
69177525 12781335
69177525 165832108
69177527 12781335
69177527 165832108
69177529 12781335
69177529 165832108
69177531 12781335
69177531 165832108
69177532 12781335
69177532 165832108
69177534 12781335
69177534 165832108
69177536 12781335
69177536 165832108
69177538 12781335
69177538 165832108
69177540 12781335
69177540 165832108
69177542 12781335
69177542 165832108
69177543 12781335
69177543 165832108
69177556 12781335
69177556 165832108
69177558 12781335
69177558 165832108
69177559 12781335
69177559 165832108
69177561 12781335
69177561 165832108
69177562 12781335
69177562 165832108
69177619 12781335
69177619 165832108
69177669 12781335
69177669 165832108
69177770 12781335
69177770 165832108
69178020 12781335
69178020 165832108
69178119 12781335
69178119 165832108
69179570 12781335
69179570 165832108
69177564 12781338
69177566 12781338
69177567 12781338
69181281 12781339
69181282 12781339
69172136 12781346
69172136 165832182
69172142 12781346
69172142 165832182
69172144 12781346
69172144 165832182
69172145 12781346
69172145 165832182
69172180 12781346
69172180 165832182
69176298 12781346
69176298 165832182
69176310 12781346
69176310 165832182
69176312 12781346
69176312 165832182
69176314 12781346
69176314 165832182
69176315 12781346
69176315 165832182
69177574 12781346
69177574 165832182
69177576 12781346
69177576 165832182
69177577 12781346
69177577 165832182
69177578 12781346
69177578 165832182
69177590 12781346
69177590 165832182
69177592 12781346
69177592 165832182
69177594 12781346
69177594 165832182
69177596 12781346
69177596 165832182
69177597 12781346
69177597 165832182
69178184 12781346
69178184 165832182
69179503 12781346
69179503 165832182
69179505 12781346
69179505 165832182
69180336 12781346
69180336 165832182
69181318 12781346
69181318 165832182
69181319 12781346
69181319 165832182
69181361 12781346
69181361 165832182
69181366 12781346
69181366 165832182
69181367 12781346
69181367 165832182
69175635 12781351
69182809 12781353
69172127 12781355
69172129 12781355
69172131 12781355
69172763 12781357
69172764 12781357
69179914 12781361
69182359 12781379
69182361 12781379
69182362 12781379
69179830 12781382
69182135 12781383
69172342 12781387
69179949 12781392
69180800 12781394
69180894 12781399
69178567 12781402
69181871 12781403
69176792 12781406
69177955 12781406
69171930 12781409
69177819 12781412
69173652 12781417
69173895 12781417
69176303 12781417
69182200 12781419
69182201 12781419
69177867 12781421
69181264 12781423
69176832 12781424
69177748 12781424
69179609 12781424
69181885 12781424
69181886 12781424
69178615 12781438
69178643 12781438
69176971 12781443
69176993 12781443
69177786 12781448
69177788 12781448
69182665 12781448
69177210 12781452
69181308 12781453
69176772 12781456
69176804 12781456
69176852 12781456
69176890 12781456
69176965 12781456
69177782 12781458
69177783 12781458
69177784 12781458
69181304 12781458
69181305 12781458
69177193 12781461
69176910 12781465
69182123 12781465
69182125 12781465
69182126 12781465
69172309 12781467
69172314 12781467
69172468 12781467
69179343 12781467
69176691 12781482
69176695 12781482
69177402 12781482
69177778 12781482
69178599 12781482
69178603 12781482
69180707 12781482
69182507 12781482
69182510 12781482
69182511 12781482
69176624 12781484
69181153 12781490
69181159 12781490
69182444 12781490
69182445 12781490
69181786 12781491
69177140 12781492
69178739 12781494
69181732 12781496
69181733 12781496
69176726 12781498
69181163 12781500
69181721 12781500
69181725 12781500
69181726 12781500
69177036 12781501
69181221 12781502
69181222 12781502
69172631 12781504
69180384 12781504
69176879 12781511
69177710 12781511
69182683 12781513
69177804 12781515
69171657 12781516
69171688 12781516
69172279 12781516
69172280 12781516
69172281 12781516
69172438 12781516
69172496 12781516
69179944 12781518
69179945 12781518
69182443 12781520
69180070 12781522
69179850 12781523
69172311 12781526
69172435 12781526
69180068 12781526
69173928 12781528
69173929 12781528
69173930 12781528
69177854 12781530
69177934 12781530
69178026 12781530
69177017 12781532
69178622 12781536
69178595 12781540
69180818 12781540
69175324 12781543
69175338 12781543
69180650 12781546
69180651 12781546
69174793 12781552
69180203 12781552
69180204 12781552
69181936 12781555
69176381 12781557
69181096 12781557
69181097 12781557
69175327 12781559
69181116 12781560
69176622 12781564
69179884 12781564
69180011 12781564
69181166 12781564
69181167 12781564
69181302 12781564
69181535 12781564
69182694 12781564
69182734 12781564
69176077 12781568
69176078 12781568
69176373 12781568
69176378 12781568
69181101 12781568
69182322 12781568
69182323 12781568
69182325 12781568
69182326 12781568
69177152 12781572
69177162 12781572
69177607 12781572
69180016 12781576
69180017 12781576
69180072 12781577
69175335 12781579
69179491 12781579
69174201 12781582
69174433 12781582
69176480 12781587
69176484 12781587
69177817 12781587
69181106 12781587
69181107 12781587
69181842 12781587
69181844 12781587
69181845 12781587
69176486 12781589
69176715 12781590
69176994 12781591
69177999 12781591
69176762 12781596
69176823 12781596
69176911 12781596
69181279 12781596
69172303 12781599
69172307 12781599
69179345 12781599
69175322 12781602
69175325 12781602
69175328 12781602
69177875 12781605
69182792 12781605
69177141 12781607
69180777 12781608
69177709 12781609
69176474 12781612
69176475 12781612
69176476 12781612
69176477 12781612
69176478 12781612
69176487 12781612
69176488 12781612
69176491 12781612
69176492 12781612
69176493 12781612
69177205 12781612
69177348 12781612
69177368 12781612
69177678 12781612
69177773 12781612
69177900 12781612
69177911 12781612
69180787 12781612
69182799 12781612
69182800 12781612
69180060 12781613
69172016 12781614
69172017 12781614
69176414 12781615
69180684 12781615
69175348 12781617
69175758 12781617
69175331 12781619
69175953 12781621
69176833 12781624
69180888 12781624
69181111 12781625
69172149 12781629
69176656 12781629
69177288 12781629
69177334 12781629
69178305 12781643
69178305 12782699
69178311 12781643
69178311 12782699
69178339 12781643
69178339 12782699
69178465 12781643
69178465 12782699
69178477 12781643
69178477 12782699
69178490 12781643
69178490 12782699
69178645 12781643
69178645 12782699
69178695 12781643
69178695 12782699
69178709 12781643
69178709 12782699
69179902 12781643
69179902 12782699
69180820 12781643
69180820 12782699
69182145 12781643
69182145 12782699
69182146 12781643
69182146 12782699
69175313 12781646
69175321 12781646
69181155 12781648
69181094 12781649
69181098 12781651
69181088 12781652
69182567 12781655
69172975 12781656
69181890 12781657
69181893 12781657
69181099 12781658
69172472 12781660
69182175 12781661
69179928 12781662
69179802 12781663
69177138 12781665
69177143 12781665
69177164 12781665
69177169 12781665
69181867 12781666
69176686 12781670
69177434 12781670
69177445 12781670
69177828 12781670
69177830 12781670
69180699 12781670
69176560 12781678
69176562 12781678
69176563 12781678
69176564 12781678
69176565 12781678
69176566 12781678
69176567 12781678
69176568 12781678
69176570 12781678
69177322 12781678
69177926 12781678
69177927 12781678
69180764 12781678
69181201 12781678
69181204 12781678
69182079 12781678
69182661 12781678
69176592 12781682
69176593 12781682
69177048 12781685
69177605 12781685
69181593 12781686
69175343 12781688
69181080 12781690
69181084 12781690
69181085 12781690
69181185 12781690
69181186 12781690
69171954 12781691
69171965 12781691
69176866 12781693
69176876 12781693
69176917 12781693
69176981 12781693
69177968 12781693
69177224 12781698
69177796 12781698
69179558 12781698
69172183 12781700
69180020 12781703
69180021 12781703
69181172 12781703
69181177 12781703
69181178 12781703
69182698 12781703
69176697 12781704
69179447 12781704
69176676 12781708
69176683 12781708
69177799 12781708
69177806 12781708
69179895 12781708
69179935 12781708
69181693 12781708
69182184 12781708
69182185 12781708
69182191 12781708
69182192 12781708
69182198 12781708
69177797 12781709
69181678 12781709
69181679 12781709
69176677 12781716
69181672 12781716
69181675 12781716
69181676 12781716
69182179 12781716
69182464 12781716
69182465 12781716
69177061 12781719
69177103 12781719
69176637 12781721
69176638 12781721
69179572 12781721
69172164 12781722
69181408 12781724
69176674 12781726
69176675 12781726
69177852 12781726
69179566 12781726
69182173 12781726
69182174 12781726
69176610 12781728
69176611 12781728
69177575 12781728
69177587 12781728
69176370 12781730
69176371 12781731
69176379 12781733
69176746 12781735
69179661 12781735
69182814 12781735
69176652 12781742
69176654 12781742
69177486 12781742
69177509 12781742
69177848 12781742
69179560 12781742
69182181 12781742
69182182 12781742
69177066 12781744
69177105 12781744
69172452 12781745
69174759 12781746
69179938 12781748
69176775 12781749
69182119 12781749
69182120 12781749
69176805 12781750
69176809 12781750
69176810 12781750
69176811 12781750
69176813 12781750
69176821 12781750
69176824 12781750
69177991 12781750
69180750 12781750
69181045 12781752
69176722 12781754
69176723 12781756
69175748 12781757
69176735 12781759
69176736 12781759
69176738 12781761
69176739 12781761
69171956 12781762
69182099 12781764
69176956 12781767
69176960 12781767
69176964 12781767
69176968 12781767
69176818 12781769
69177918 12781769
69172855 12781771
69181127 12781773
69172160 12781776
69172162 12781776
69172165 12781778
69181143 12781779
69177075 12781780
69177109 12781780
69178054 12781782
69179848 12781782
69180025 12781782
69177392 12781785
69177995 12781787
69177996 12781787
69177019 12781789
69177043 12781789
69178315 12781797
69181865 12781800
69181866 12781800
69178012 12781803
69182139 12781803
69180780 12781805
69178660 12781809
69178316 12781819
69178495 12781819
69178498 12781819
69178655 12781819
69178657 12781819
69178659 12781819
69178661 12781819
69178282 12781822
69178314 12781822
69182148 12781822
69182157 12781822
69182158 12781822
69177951 12781825
69178267 12781830
69178420 12781830
69177837 12781832
69177012 12781836
69177930 12781836
69177204 12781837
69176995 12781838
69176999 12781838
69177010 12781838
69177018 12781838
69177961 12781838
69178584 12781841
69178585 12781841
69172336 12781844
69172470 12781844
69175031 12781847
69176642 12781852
69176643 12781852
69177256 12781852
69177331 12781852
69177336 12781852
69176538 12781862
69179776 12781866
69179856 12781869
69179891 12781869
69172817 12781872
69176868 12781875
69177871 12781876
69177226 12781880
69177464 12781888
69177467 12781888
69180755 12781888
69176889 12781894
69176895 12781894
69176922 12781894
69176924 12781894
69176930 12781894
69182073 12781896
69172474 12781900
69172475 12781900
69180066 12781901
69181682 12781903
69181683 12781903
69177144 12781904
69177146 12781904
69177148 12781904
69177150 12781904
69175337 12781907
69175360 12781907
69175366 12781907
69175773 12781907
69175774 12781907
69177081 12781909
69177962 12781909
69182574 12781910
69172172 12781913
69176789 12781917
69176815 12781917
69176846 12781917
69176873 12781917
69176909 12781917
69176992 12781917
69177598 12781917
69180295 12781919
69181591 12781919
69173149 12781921
69173150 12781921
69181394 12781921
69172640 12781922
69182101 12781926
69172167 12781929
69182568 12781930
69180741 12781933
69180743 12781933
69182441 12781935
69182717 12781935
69176921 12781936
69171936 12781938
69171937 12781938
69172166 12781938
69172613 12781941
69180713 12781942
69176016 12781946
69176030 12781946
69176207 12781946
69176209 12781946
69176353 12781946
69176357 12781946
69177257 12781946
69182655 12781946
69182939 12781946
69182940 12781946
69180088 12781948
69177190 12781950
69177975 12781950
69182690 12781950
69177073 12781955
69177724 12781955
69181193 12781958
69181194 12781958
69172614 12781963
69172669 12781963
69172860 12781963
69181268 12781963
69181271 12781963
69182401 12781963
69182402 12781963
69182412 12781963
69182413 12781963
69182761 12781963
69177134 12781970
69177136 12781970
69175761 12781972
69176374 12781974
69180648 12781974
69176375 12781975
69171950 12781978
69171953 12781978
69172181 12781978
69182697 12781980
69177040 12781981
69181165 12781982
69181148 12781983
69177573 12781984
69182205 12781985
69182140 12781986
69177186 12781987
69176699 12781990
69176700 12781992
69173604 12781993
69174700 12782020
69174701 12782020
69174773 12782020
69181955 12782020
69181956 12782020
69182387 12782020
69182388 12782020
69171852 12782024
69173602 12782024
69173603 12782024
69173751 12782024
69179798 12782024
69179921 12782024
69180293 12782024
69181577 12782024
69181583 12782024
69181584 12782024
69177923 12782026
69177924 12782027
69176831 12782029
69177063 12782031
69177119 12782031
69176385 12782032
69177862 12782034
69180695 12782035
69182678 12782037
69171940 12782039
69171946 12782039
69171957 12782039
69171959 12782039
69171962 12782039
69172128 12782039
69172133 12782039
69172173 12782039
69177864 12782040
69177865 12782040
69176666 12782041
69177910 12782043
69176665 12782048
69177214 12782048
69177659 12782048
69178194 12782048
69181168 12782049
69180452 12782051
69177718 12782052
69177235 12782055
69177665 12782055
69177891 12782055
69180692 12782055
69181208 12782057
69181218 12782057
69181219 12782057
69176753 12782060
69176768 12782060
69176803 12782060
69176845 12782060
69176881 12782060
69176943 12782060
69176961 12782060
69177320 12782060
69179845 12782062
69179984 12782062
69176000 12782064
69176307 12782064
69176093 12782065
69176080 12782067
69177247 12782073
69177248 12782073
69177249 12782073
69177374 12782073
69177394 12782073
69177400 12782073
69177667 12782073
69177768 12782073
69178018 12782073
69178120 12782073
69177832 12782074
69182160 12782074
69182161 12782075
69177189 12782077
69177125 12782078
69172089 12782081
69180326 12782081
69179772 12782082
69177948 12782084
69176002 12782087
69176003 12782087
69176384 12782087
69181897 12782087
69181898 12782087
69177195 12782090
69177829 12782092
69177326 12782096
69177980 12782096
69177033 12782098
69177756 12782098
69176694 12782101
69177237 12782101
69177657 12782101
69180708 12782101
69180709 12782101
69179771 12782103
69182286 12782105
69182290 12782105
69176664 12782107
69177460 12782107
69176713 12782110
69177815 12782110
69177950 12782112
69175807 12782115
69175810 12782115
69175817 12782115
69175818 12782115
69176006 12782116
69176679 12782122
69177255 12782122
69177651 12782122
69177842 12782122
69180716 12782122
69181836 12782122
69181837 12782122
69181932 12782124
69181933 12782124
69172337 12782127
69175996 12782136
69175997 12782136
69176311 12782136
69181376 12782139
69177915 12782140
69177699 12782143
69181677 12782145
69176079 12782147
69176202 12782147
69176082 12782150
69179507 12782150
69179511 12782150
69176101 12782153
69182657 12782153
69176001 12782154
69181102 12782156
69177734 12782158
69177737 12782158
69176364 12782159
69172305 12782160
69176039 12782164
69181055 12782165
69181149 12782167
69175782 12782168
69177006 12782172
69177584 12782172
69177908 12782172
69177795 12782174
69180646 12782177
69181083 12782178
69181119 12782179
69181120 12782179
69181121 12782181
69181122 12782181
69176382 12782183
69175365 12782187
69175367 12782187
69175370 12782187
69175350 12782189
69175797 12782189
69179513 12782191
69176028 12782193
69176029 12782193
69176076 12782193
69179517 12782193
69181387 12782193
69180710 12782198
69176938 12782199
69179974 12782199
69177988 12782200
69181160 12782202
69181161 12782202
69176646 12782205
69176647 12782205
69177456 12782205
69177938 12782205
69176331 12782206
69182659 12782211
69176767 12782213
69176782 12782213
69177742 12782213
69177743 12782213
69177192 12782218
69182689 12782218
69177712 12782219
69176038 12782220
69177941 12782222
69178013 12782222
69182187 12782223
69182188 12782223
69180540 12782224
69176031 12782229
69176032 12782229
69176033 12782229
69176034 12782229
69176049 12782229
69176050 12782229
69176133 12782229
69176263 12782229
69176271 12782229
69176367 12782229
69176648 12782233
69177480 12782233
69177124 12782235
69173148 12782254
69173419 12782258
69180411 12782258
69180423 12782258
69173330 12782260
69173331 12782260
69173468 12782260
69173326 12782264
69173326 166063585
69173327 12782264
69173327 166063585
69173328 12782264
69173328 166063585
69172057 12782270
69176168 12782270
69179525 12782270
69172487 12782273
69172824 12782275
69173312 12782292
69173313 12782292
69180414 12782292
69182487 12782292
69182495 12782292
69182496 12782292
69172056 12782297
69172100 12782297
69172102 12782297
69172111 12782297
69172156 12782297
69172203 12782297
69180320 12782297
69180321 12782297
69172463 12782307
69173590 12782307
69173596 12782307
69173599 12782307
69173770 12782307
69173970 12782307
69173972 12782307
69173974 12782307
69173976 12782307
69173978 12782307
69178550 12782309
69178551 12782309
69178552 12782309
69173350 12782312
69173470 12782312
69181400 12782312
69176037 12782314
69177929 12782315
69177998 12782317
69173353 12782318
69176261 12782322
69180654 12782322
69180657 12782322
69176086 12782323
69176088 12782323
69176334 12782323
69180058 12782325
69172469 12782327
69177720 12782328
69172568 12782349
69172569 12782349
69172580 12782349
69172740 12782349
69172794 12782349
69174102 12782349
69174105 12782349
69174107 12782349
69174110 12782349
69174111 12782349
69174113 12782349
69174119 12782349
69174224 12782349
69174228 12782349
69174299 12782349
69174360 12782349
69174373 12782349
69174582 12782349
69174597 12782349
69179351 12782349
69180493 12782349
69180494 12782349
69181915 12782349
69181920 12782349
69181921 12782349
69181927 12782349
69182395 12782349
69172572 12782359
69172573 12782359
69172574 12782359
69172575 12782359
69172577 12782359
69172578 12782359
69172667 12782359
69172683 12782359
69172690 12782359
69172710 12782359
69181623 12782359
69181626 12782359
69181597 12782365
69181598 12782365
69173402 12782371
69180415 12782371
69173449 12782373
69180416 12782373
69173319 12782374
69173320 12782374
69173321 12782374
69173322 12782374
69173429 12782374
69175168 12782374
69176324 12782377
69181109 12782380
69181114 12782381
69177223 12782382
69177524 12782382
69181779 12782384
69181780 12782384
69177753 12782385
69176980 12782387
69176983 12782387
69176985 12782387
69176989 12782387
69176990 12782387
69174948 12782388
69181827 12782389
69181828 12782389
69179619 12782392
69176286 12782396
69176328 12782396
69172565 12782405
69172759 12782405
69172888 12782430
69172890 12782430
69173126 12782430
69173165 12782430
69173167 12782430
69173282 12782430
69173527 12782430
69174694 12782430
69174695 12782430
69174696 12782430
69174801 12782430
69174807 12782430
69174816 12782430
69174879 12782430
69175172 12782430
69175174 12782430
69175176 12782430
69175422 12782430
69175467 12782430
69175862 12782430
69175899 12782430
69179176 12782430
69179183 12782430
69181554 12782430
69181822 12782430
69181823 12782430
69181958 12782430
69181959 12782430
69176634 12782434
69176635 12782434
69176636 12782434
69175345 12782437
69175768 12782437
69172875 12782440
69175940 12782440
69181617 12782440
69181618 12782440
69182736 12782440
69182737 12782440
69176926 12782444
69176945 12782444
69177034 12782444
69177730 12782444
69181846 12782450
69176787 12782451
69176599 12782452
69177302 12782452
69175319 12782454
69176657 12782455
69177380 12782455
69179712 12782455
69177128 12782457
69177722 12782457
69180737 12782457
69181270 12782459
69177494 12782460
69177502 12782460
69177640 12782460
69177912 12782461
69172317 12782463
69173345 12782467
69173352 12782467
69173355 12782467
69173388 12782467
69173389 12782467
69173390 12782467
69173413 12782467
69173459 12782467
69173478 12782467
69173517 12782467
69181016 12782467
69175824 12782478
69180974 12782480
69181280 12782482
69175363 12782483
69176771 12782488
69176777 12782488
69176778 12782488
69177176 12782491
69175185 12782497
69175474 12782497
69180580 12782497
69180625 12782497
69175848 12782499
69181230 12782501
69181293 12782503
69173384 12782504
69172326 12782506
69172466 12782506
69181196 12782508
69181197 12782508
69177992 12782510
69177993 12782510
69181278 12782510
69176812 12782515
69176842 12782515
69181198 12782517
69175299 12782519
69175301 12782519
69175302 12782519
69175304 12782519
69175166 12782524
69175500 12782524
69175503 12782524
69175506 12782524
69175511 12782524
69181815 12782524
69174079 12782525
69174249 12782525
69174445 12782525
69179677 12782525
69174180 12782528
69178759 12782532
69178882 12782532
69178884 12782532
69175340 12782534
69175471 12782541
69175482 12782541
69175698 12782541
69180579 12782541
69180626 12782541
69175494 12782554
69175521 12782554
69175527 12782554
69175529 12782554
69175710 12782554
69182773 12782554
69182684 12782555
69175184 12782557
69180581 12782557
69180629 12782557
69171655 12782558
69176496 12782560
69176497 12782560
69176498 12782560
69176519 12782560
69176520 12782560
69176521 12782560
69176522 12782560
69176523 12782560
69176524 12782560
69176525 12782560
69176526 12782560
69176527 12782560
69176529 12782560
69176530 12782560
69177560 12782560
69177563 12782560
69177903 12782560
69181050 12782560
69181051 12782560
69181054 12782560
69181057 12782560
69174924 12782563
69175186 12782566
69175537 12782566
69175540 12782566
69175546 12782566
69175550 12782566
69181820 12782566
69175780 12782567
69181162 12782568
69172028 12782570
69172029 12782570
69172031 12782570
69172033 12782570
69172034 12782570
69172035 12782570
69172037 12782570
69172038 12782570
69172192 12782570
69175988 12782570
69175989 12782570
69175990 12782570
69175991 12782570
69175992 12782570
69175993 12782570
69175994 12782570
69175995 12782570
69176123 12782570
69176130 12782570
69176242 12782570
69176250 12782570
69176338 12782570
69176341 12782570
69176347 12782570
69176349 12782570
69176363 12782570
69176365 12782570
69179324 12782570
69177364 12782585
69177609 12782585
69178230 12782585
69178231 12782585
69178233 12782585
69178238 12782585
69178586 12782585
69178609 12782585
69178611 12782585
69178619 12782585
69178621 12782585
69178663 12782585
69178665 12782585
69178722 12782585
69179621 12782585
69179627 12782585
69179629 12782585
69179877 12782585
69179878 12782585
69179898 12782585
69180712 12782585
69182047 12782585
69182048 12782585
69182203 12782585
69182708 12782585
69175374 12782587
69173027 12782589
69173091 12782589
69182599 12782589
69179847 12782590
69175786 12782591
69176822 12782593
69172912 12782599
69181606 12782599
69181607 12782599
69182593 12782599
69174733 12782603
69174786 12782603
69174901 12782603
69174939 12782603
69175001 12782603
69175040 12782603
69175199 12782603
69175727 12782603
69175729 12782603
69175731 12782603
69175732 12782603
69175649 12782606
69181086 12782607
69181087 12782607
69175041 12782609
69172282 12782611
69172289 12782611
69172492 12782611
69177220 12782612
69173169 12782621
69173171 12782621
69179360 12782621
69181549 12782621
69181550 12782621
69182398 12782621
69182399 12782621
69174898 12782624
69180410 12782624
69179985 12782625
69180015 12782626
69180018 12782626
69182785 12782626
69177919 12782628
69172987 12782631
69173024 12782631
69173039 12782631
69175018 12782639
69178261 12782639
69180179 12782639
69180180 12782639
69182822 12782646
69176997 12782647
69176998 12782647
69177000 12782647
69177003 12782647
69177004 12782647
69177005 12782647
69177007 12782647
69177008 12782647
69177565 12782647
69177905 12782647
69173248 12782648
69182600 12782648
69172620 12782651
69181210 12782652
69175318 12782653
69182775 12782653
69182381 12782657
69182590 12782657
69182596 12782657
69182764 12782657
69173005 12782658
69182595 12782658
69176871 12782660
69176941 12782660
69176957 12782660
69176906 12782662
69176912 12782662
69176916 12782662
69177990 12782662
69176880 12782663
69176891 12782663
69176897 12782663
69179588 12782663
69172882 12782694
69172884 12782694
69172885 12782694
69172887 12782694
69172985 12782694
69172996 12782694
69173047 12782694
69173066 12782694
69173130 12782694
69173132 12782694
69173145 12782694
69173147 12782694
69173163 12782694
69174683 12782694
69174846 12782694
69174849 12782694
69174853 12782694
69174987 12782694
69175061 12782694
69175085 12782694
69180051 12782694
69180052 12782694
69179122 12782699
69179124 12782699
69178300 12782699
69178300 12782703
69178326 12782699
69178326 12782703
69178637 12782699
69178637 12782703
69179901 12782699
69179901 12782703
69179961 12782699
69179961 12782703
69179963 12782699
69179963 12782703
69182020 12782699
69182020 12782703
69182021 12782699
69182021 12782703
69175763 12782705
69181603 12782706
69181604 12782706
69177156 12782707
69177139 12782708
69177145 12782708
69177155 12782708
69177161 12782708
69177172 12782708
69177177 12782708
69177179 12782708
69177183 12782708
69177370 12782708
69177675 12782708
69177978 12782708
69177095 12782710
69177098 12782710
69177557 12782710
69176991 12782711
69176951 12782712
69181184 12782713
69176573 12782714
69176574 12782714
69176575 12782714
69176576 12782714
69176577 12782714
69176578 12782714
69176579 12782714
69176580 12782714
69176581 12782714
69177168 12782714
69177175 12782714
69177372 12782714
69177673 12782714
69178206 12782714
69178210 12782714
69177064 12782715
69177104 12782715
69179995 12782721
69180890 12782723
69182085 12782724
69182732 12782725
69176614 12782728
69176615 12782728
69176616 12782728
69176617 12782728
69181206 12782728
69181211 12782728
69181216 12782728
69181217 12782728
69182819 12782728
69172540 12782729
69172541 12782729
69173718 12782734
69177733 12782735
69176783 12782736
69176793 12782736
69176988 12782737
69176877 12782739
69176724 12782741
69176725 12782741
69182070 12782743
69176829 12782744
69181858 12782749
69181859 12782749
69176554 12782750
69176556 12782750
69176557 12782750
69176558 12782750
69181832 12782752
69172957 12782757
69173159 12782757
69173161 12782757
69175008 12782758
69176755 12782759
69176757 12782759
69176758 12782759
69176760 12782759
69176761 12782759
69176763 12782759
69177989 12782759
69182607 12782759
69177045 12782761
69177056 12782761
69177093 12782761
69177130 12782761
69177914 12782761
69177025 12782762
69176939 12782763
69176946 12782763
69173146 12782764
69175221 12782768
69175292 12782768
69175532 12782768
69176613 12782771
69177376 12782771
69177541 12782771
69177544 12782771
69182686 12782771
69182680 12782774
69177843 12782776
69173175 12782781
69173177 12782781
69173179 12782781
69173181 12782781
69173182 12782781
69179788 12782781
69180033 12782781
69176744 12782783
69176745 12782783
69172621 12782785
69176984 12782786
69173247 12782790
69172956 12782792
69175315 12782793
69175316 12782793
69174920 12782801
69174931 12782801
69174969 12782801
69180545 12782801
69182681 12782803
69181772 12782805
69172473 12782806
69172488 12782806
69180075 12782806
69172902 12782810
69175200 12782813
69175558 12782813
69175914 12782813
69175220 12782819
69175386 12782819
69175576 12782819
69175581 12782819
69175596 12782819
69180592 12782819
69180593 12782819
69180632 12782819
69180637 12782819
69176732 12782820
69176733 12782820
69177982 12782820
69177983 12782820
69177170 12782821
69177171 12782821
69181671 12782824
69179971 12782828
69179968 12782833
69179969 12782833
69180030 12782834
69182672 12782837
69175298 12782838
69182285 12782839
69172476 12782840
69181680 12782841
69172593 12782844
69172711 12782844
69173087 12782844
69180389 12782844
69172944 12782849
69177845 12782874
69182011 12782876
69182012 12782876
69180602 12782879
69172903 12782887
69172904 12782887
69173193 12782887
69173198 12782887
69173199 12782887
69180402 12782887
69181994 12782887
69181995 12782887
69181997 12782887
69181998 12782887
69172907 12782890
69173268 12782890
69179639 12782893
69182026 12782893
69181914 12782895
69172610 12782896
69172820 12782896
69172905 12782901
69173186 12782901
69181967 12782901
69181971 12782901
69181977 12782901
69181991 12782901
69182591 12782901
69182710 12782901
69176601 12782903
69176602 12782903
69182074 12782903
69182075 12782903
69174749 12782907
69175269 12782913
69175270 12782913
69175806 12782913
69175808 12782913
69175809 12782913
69175813 12782913
69175694 12782913
69175694 12782919
69173029 12782923
69182602 12782923
69172618 12782924
69172624 12782924
69180100 12782925
69175372 12782926
69176737 12782927
69176756 12782927
69176819 12782928
69176863 12782928
69181180 12782929
69181182 12782929
69181183 12782929
69176932 12782930
69177751 12782931
69177960 12782931
69176717 12782933
69176718 12782933
69179547 12782933
69182688 12782935
69171738 12782937
69171837 12782937
69171872 12782937
69171894 12782937
69172732 12782940
69172802 12782940
69172834 12782940
69172900 12782940
69180366 12782940
69173099 12782945
69174724 12782945
69174843 12782945
69182634 12782945
69176773 12782947
69179584 12782947
69182114 12782947
69182115 12782947
69172958 12782952
69173190 12782952
69182598 12782952
69172959 12782954
69173188 12782954
69181785 12782955
69172218 12782957
69172219 12782957
69172221 12782957
69172402 12782957
69174745 12782963
69174876 12782963
69175069 12782963
69180548 12782963
69180565 12782963
69181942 12782963
69181945 12782963
69181947 12782963
69181948 12782963
69182429 12782963
69182430 12782963
69182592 12782963
69182635 12782963
69182641 12782963
69182190 12782965
69176908 12782966
69176914 12782966
69176920 12782966
69173123 12782970
69172962 12782971
69172965 12782971
69177068 12782973
69179855 12782973
69180093 12782973
69179990 12782974
69172622 12782977
69172953 12782977
69172977 12782977
69182438 12782977
69181849 12782979
69174751 12782981
69182585 12782983
69181912 12782984
69181913 12782984
69177187 12782986
69177188 12782986
69178010 12782986
69181200 12782988
69181298 12782988
69176630 12782990
69176631 12782990
69182669 12782990
69175310 12782991
69175679 12782991
69175787 12782991
69181766 12782992
69182676 12782994
69182081 12782995
69182082 12782995
69172521 12782996
69172522 12782996
69172701 12782996
69172966 12783001
69172995 12783001
69180398 12783001
69176705 12783004
69181775 12783004
69175226 12783006
69175227 12783006
69172291 12783011
69172292 12783011
69172447 12783011
69172290 12783013
69171733 12783016
69171739 12783016
69171745 12783016
69171751 12783016
69171753 12783016
69171766 12783016
69171771 12783016
69171775 12783016
69171776 12783016
69171780 12783016
69171782 12783016
69171783 12783016
69171793 12783016
69172502 12783016
69179302 12783016
69182208 12783016
69182209 12783016
69171934 12783018
69171945 12783018
69171952 12783018
69171966 12783018
69172141 12783018
69172168 12783018
69172171 12783018
69172182 12783018
69179781 12783020
69180031 12783020
69174030 12783025
69174508 12783025
69181985 12783025
69181986 12783025
69182211 12783025
69182212 12783025
69172259 12783052
69172420 12783052
69173620 12783052
69173621 12783052
69173622 12783052
69173623 12783052
69173624 12783052
69173625 12783052
69173820 12783052
69173834 12783052
69174002 12783052
69180437 12783052
69172723 12783058
69172531 12783060
69172523 12783061
69172685 12783061
69176828 12783062
69176835 12783062
69176843 12783062
69176849 12783062
69176855 12783062
69177001 12783064
69177042 12783064
69177925 12783064
69174863 12783067
69174871 12783067
69181274 12783068
69179766 12783069
69177881 12783070
69179869 12783070
69182103 12783070
69176838 12783071
69176841 12783071
69176844 12783071
69176851 12783071
69176856 12783071
69176858 12783071
69182509 12783074
69171670 12783075
69180279 12783075
69172268 12783085
69172269 12783085
69172270 12783085
69172271 12783085
69172272 12783085
69172273 12783085
69172369 12783085
69172412 12783085
69172461 12783085
69172665 12783085
69179341 12783085
69180350 12783085
69180360 12783085
69172275 12783086
69172276 12783086
69172277 12783086
69172278 12783086
69172478 12783086
69172493 12783086
69176750 12783088
69176531 12783089
69176531 98665605
69176532 12783089
69176532 98665605
69176533 12783089
69176533 98665605
69176534 12783089
69176534 98665605
69176535 12783089
69176535 98665605
69176536 12783089
69176536 98665605
69181303 12783091
69172861 12783092
69180012 12783094
69182371 12783095
69182372 12783095
69174549 12783098
69177805 12783100
69172588 12783102
69172525 12783105
69172646 12783105
69172699 12783105
69172715 12783105
69172694 12783108
69172787 12783108
69180365 12783108
69172591 12783112
69172597 12783112
69172672 12783112
69172848 12783112
69174031 12783113
69174032 12783113
69174033 12783113
69174231 12783113
69174327 12783113
69174500 12783113
69174593 12783113
69174856 12783113
69174858 12783113
69174865 12783113
69172952 12783114
69177022 12783116
69177044 12783116
69177054 12783116
69177088 12783116
69178646 12783117
69178254 12783118
69178480 12783118
69173682 12783120
69174034 12783120
69179428 12783120
69180893 12783121
69180895 12783121
69175354 12783122
69175355 12783122
69175798 12783122
69172339 12783123
69172546 12783125
69172547 12783125
69172548 12783125
69172720 12783125
69172836 12783125
69179783 12783125
69182738 12783125
69174156 12783128
69174159 12783128
69182055 12783128
69182056 12783128
69176731 12783130
69176741 12783130
69176747 12783130
69176752 12783130
69177324 12783130
69182080 12783130
69182077 12783131
69173674 12783134
69173675 12783134
69173818 12783134
69173853 12783134
69181811 12783135
69181812 12783136
69173202 12783137
69173230 12783137
69173234 12783137
69177898 12783139
69177131 12783140
69177137 12783141
69180019 12783142
69174551 12783144
69177716 12783145
69176830 12783147
69176836 12783147
69182448 12783148
69182449 12783148
69172231 12783149
69172232 12783149
69172417 12783149
69173683 12783149
69173684 12783149
69173685 12783149
69173971 12783150
69177077 12783151
69179185 12783152
69179187 12783152
69179118 12783154
69180047 12783154
69177062 12783155
69177065 12783155
69177067 12783155
69177069 12783155
69177074 12783155
69177076 12783155
69177078 12783155
69177079 12783155
69175261 12783157
69175234 12783157
69175234 12783160
69175379 12783157
69175379 12783160
69178768 12783157
69178768 12783160
69179047 12783157
69179047 12783160
69179057 12783157
69179057 12783160
69182778 12783157
69182778 12783160
69173337 12783162
69173340 12783162
69176716 12783163
69174545 12783164
69173686 12783167
69173687 12783167
69173688 12783167
69173851 12783167
69174037 12783167
69174038 12783167
69174317 12783167
69172534 12783169
69172535 12783169
69172746 12783169
69174035 12783169
69174036 12783169
69180551 12783172
69174061 12783182
69174062 12783182
69174063 12783182
69181922 12783186
69181924 12783186
69181925 12783186
69181926 12783189
69174097 12783192
69174610 12783192
69174612 12783192
69175051 12783204
69175054 12783204
69175056 12783204
69180549 12783204
69181048 12783208
69182687 12783208
69182691 12783208
69174570 12783210
69179992 12783212
69179998 12783215
69181292 12783215
69182731 12783215
69174322 12783217
69180486 12783217
69180487 12783217
69174168 12783219
69174571 12783219
69174567 12783220
69181840 12783222
69181841 12783222
69172582 12783229
69172632 12783229
69174040 12783229
69174041 12783229
69174042 12783229
69174312 12783229
69174335 12783229
69174349 12783229
69174935 12783237
69178392 12783237
69172480 12783239
69174568 12783245
69180485 12783245
69175068 12783248
69176769 12783249
69176801 12783249
69176834 12783249
69176862 12783249
69176898 12783249
69176927 12783249
69176970 12783249
69176986 12783249
69177896 12783249
69177711 12783250
69174169 12783254
69174566 12783254
69174166 12783255
69174572 12783255
69174573 12783255
69172532 12783256
69172533 12783256
69172743 12783256
69172769 12783256
69181802 12783258
69181805 12783258
69181806 12783258
69174518 12783260
69181887 12783262
69176774 12783263
69176869 12783265
69176947 12783265
69179846 12783265
69179977 12783265
69172584 12783271
69172660 12783271
69172737 12783271
69174067 12783271
69174068 12783271
69174309 12783271
69182631 12783271
69181267 12783276
69174065 12783286
69182627 12783286
69182628 12783286
69174071 12783294
69174364 12783294
69174554 12783294
69174561 12783296
69177904 12783298
69177906 12783298
69177907 12783298
69174163 12783299
69174556 12783303
69174558 12783303
69174559 12783303
69176571 12783304
69176572 12783304
69181647 12783309
69181650 12783309
69181658 12783309
69181664 12783309
69181665 12783309
69177173 12783310
69175314 12783313
69175803 12783313
69175804 12783313
69176901 12783315
69176934 12783315
69176974 12783315
69182611 12783316
69174044 12783318
69182517 12783320
69172295 12783322
69179112 12783329
69180372 12783329
69175333 12783332
69175342 12783332
69175351 12783332
69175353 12783332
69174077 12783346
69174672 12783346
69174739 12783346
69176702 12783346
69180537 12783346
69181635 12783346
69181636 12783346
69181638 12783346
69181640 12783346
69181643 12783346
69181644 12783346
69181764 12783346
69181765 12783346
69174738 12783349
69174916 12783349
69175022 12783349
69175030 12783349
69179467 12783349
69182638 12783349
69181223 12783351
69171647 12783353
69171676 12783353
69171705 12783353
69172226 12783353
69172354 12783353
69180361 12783353
69172222 12783356
69172223 12783357
69172224 12783357
69174160 12783360
69174550 12783365
69174552 12783365
69179784 12783365
69179807 12783365
69176942 12783367
69177752 12783367
69181202 12783367
69176847 12783368
69176854 12783368
69176860 12783368
69176861 12783368
69176865 12783368
69176875 12783368
69176878 12783369
69176884 12783369
69176885 12783369
69176887 12783369
69179605 12783369
69171652 12783371
69171656 12783371
69171674 12783371
69171692 12783371
69180276 12783371
69174045 12783374
69174046 12783374
69174603 12783374
69181753 12783382
69177736 12783386
69177738 12783386
69178589 12783388
69172450 12783390
69180747 12783393
69177627 12783394
69177636 12783394
69177694 12783396
69172465 12783397
69179774 12783397
69181642 12783400
69173339 12783404
69173297 12783447
69173301 12783447
69173494 12783447
69173558 12783447
69173568 12783447
69175275 12783447
69175280 12783447
69175518 12783447
69175548 12783447
69175841 12783447
69180406 12783447
69180407 12783447
69180409 12783447
69180425 12783447
69180426 12783447
69180598 12783447
69180620 12783447
69178771 12783451
69178772 12783451
69178773 12783451
69178813 12783451
69178958 12783451
69178985 12783451
69178987 12783451
69179003 12783451
69182454 12783451
69182727 12783451
69178545 12783453
69181578 12783455
69178571 12783457
69182214 12783457
69177917 12783459
69180484 12783463
69174073 12783479
69174544 12783479
69174548 12783479
69174720 12783479
69174734 12783479
69174780 12783479
69175024 12783479
69175032 12783479
69180552 12783479
69180555 12783479
69182014 12783479
69182015 12783479
69182017 12783479
69182018 12783479
69181852 12783482
69178642 12783483
69181582 12783486
69180277 12783491
69180845 12783491
69172241 12783495
69172242 12783495
69172244 12783495
69172359 12783495
69177901 12783496
69172615 12783498
69182299 12783498
69174083 12783508
69174084 12783508
69174085 12783508
69174244 12783508
69179437 12783508
69180156 12783508
69180157 12783508
69182435 12783512
69174086 12783515
69179131 12783515
69176057 12783516
69181370 12783518
69176162 12783520
69176290 12783520
69176330 12783520
69180658 12783520
69177046 12783521
69177057 12783521
69177114 12783521
69177132 12783521
69177350 12783521
69172321 12783524
69172388 12783524
69179920 12783526
69176464 12783532
69176464 12783535
69176465 12783532
69176465 12783535
69176466 12783532
69176466 12783535
69176468 12783532
69176468 12783535
69176469 12783532
69176469 12783535
69176471 12783532
69176471 12783535
69177340 12783532
69177340 12783535
69178052 12783532
69178052 12783535
69178580 12783532
69178580 12783535
69178582 12783532
69178582 12783535
69179746 12783532
69179746 12783535
69179836 12783532
69179836 12783535
69180779 12783532
69180779 12783535
69181861 12783532
69181861 12783535
69181862 12783532
69181862 12783535
69182795 12783532
69182795 12783535
69178225 12783535
69178402 12783535
69178418 12783535
69182027 12783535
69182028 12783535
69182340 12783535
69182341 12783535
69176776 12783538
69176808 12783538
69176857 12783538
69176892 12783538
69176955 12783538
69176967 12783538
69176987 12783538
69177569 12783538
69177750 12783538
69173842 12783544
69173944 12783544
69173949 12783544
69180126 12783544
69180127 12783544
69180445 12783544
69180446 12783544
69174540 12783547
69180482 12783547
69174541 12783549
69174543 12783551
69176107 12783552
69182086 12783553
69182087 12783553
69177053 12783556
69177055 12783556
69177058 12783556
69177060 12783556
69177071 12783556
69177072 12783556
69177258 12783557
69177378 12783557
69182090 12783557
69182092 12783558
69174049 12783559
69174050 12783559
69174051 12783559
69174052 12783559
69174057 12783559
69174425 12783559
69174532 12783559
69180481 12783559
69174757 12783562
69175025 12783564
69182416 12783567
69181273 12783568
69177090 12783574
69180006 12783577
69173695 12783581
69173696 12783581
69173698 12783581
69173781 12783581
69173827 12783581
69179404 12783581
69181036 12783581
69175356 12783584
69175357 12783584
69175784 12783586
69173706 12783589
69180453 12783589
69179796 12783593
69179797 12783593
69176714 12783597
69176720 12783597
69181507 12783597
69176711 12783599
69176709 12783600
69181508 12783602
69177087 12783605
69177094 12783605
69177099 12783605
69177102 12783605
69177106 12783605
69177108 12783605
69177110 12783605
69177113 12783605
69177115 12783605
69177116 12783605
69177117 12783605
69177118 12783605
69177120 12783605
69177122 12783605
69177916 12783605
69182741 12783605
69178810 12783617
69177178 12783621
69171659 12783623
69171680 12783623
69171719 12783623
69171736 12783623
69171822 12783623
69171890 12783623
69174056 12783630
69174414 12783630
69174430 12783630
69180057 12783630
69180479 12783630
69181767 12783633
69180239 12783635
69180557 12783635
69182477 12783635
69182478 12783635
69178333 12783651
69178742 12783651
69178861 12783651
69180607 12783651
69174595 12783656
69178288 12783658
69178456 12783658
69178675 12783658
69178413 12783665
69178424 12783665
69179617 12783665
69180804 12783665
69180801 12783669
69180802 12783669
69181152 12783671
69176784 12783672
69176786 12783672
69179265 12783673
69181283 12783673
69180798 12783676
69174075 12783698
69174547 12783698
69174741 12783698
69174742 12783698
69176641 12783698
69179469 12783698
69179794 12783698
69179808 12783698
69180558 12783698
69180568 12783698
69180799 12783698
69172235 12783705
69172236 12783705
69172237 12783705
69172361 12783705
69175964 12783710
69180594 12783710
69181190 12783715
69181853 12783715
69180005 12783717
69178543 12783718
69178544 12783718
69175306 12783725
69178310 12783733
69178312 12783733
69178318 12783739
69174043 12783742
69174053 12783742
69174054 12783742
69174215 12783742
69174239 12783742
69174242 12783742
69174264 12783742
69174399 12783742
69174412 12783742
69174428 12783742
69180169 12783742
69180170 12783742
69178561 12783745
69178563 12783745
69178864 12783760
69179073 12783760
69180831 12783760
69182807 12783760
69173657 12783761
69174006 12783761
69173727 12783764
69182812 12783766
69178249 12783782
69178801 12783782
69178968 12783782
69180792 12783782
69172322 12783783
69172334 12783783
69178779 12783785
69178880 12783785
69173700 12783786
69173760 12783786
69176704 12783788
69177695 12783788
69175973 12783791
69177052 12783794
69177086 12783794
69177142 12783794
69177356 12783794
69177913 12783794
69182106 12783794
69182107 12783794
69175332 12783798
69175603 12783799
69173690 12783800
69173779 12783800
69180029 12783802
69178260 12783810
69180182 12783810
69180183 12783810
69171658 12783813
69171690 12783813
69173914 12783814
69175311 12783815
69175312 12783815
69175857 12783815
69178564 12783817
69175790 12783820
69171720 12783821
69178587 12783823
69173973 12783824
69176816 12783825
69176826 12783825
69176864 12783828
69177920 12783828
69181215 12783830
69173692 12783833
69173693 12783835
69173824 12783835
69175203 12783848
69175204 12783848
69175631 12783848
69178760 12783848
69178873 12783848
69178876 12783848
69179903 12783848
69180028 12783848
69179827 12783851
69178896 12783853
69178983 12783853
69180087 12783856
69172687 12783858
69172717 12783858
69180449 12783861
69181586 12783861
69181919 12783863
69177180 12783865
69181585 12783867
69175821 12783869
69177777 12783871
69178745 12783876
69178351 12783887
69178365 12783887
69178438 12783887
69178755 12783887
69178756 12783887
69178757 12783887
69178758 12783887
69178796 12783887
69178888 12783887
69178900 12783887
69178903 12783887
69178906 12783887
69178909 12783887
69178912 12783887
69178916 12783887
69179032 12783887
69179078 12783887
69179649 12783887
69180803 12783887
69181188 12783891
69173245 12783892
