104172457 106373407
104172457 106373411
104172457 17005317
104172457 17028864
104177855 106373407
104177855 106373411
104177855 17005317
104177855 17028864
104177510 17004301
104177513 17004301
104177833 17004301
104177834 17004301
104177835 17004301
104177836 17004301
104177837 17004301
104177839 17004301
104177842 17004301
104177844 17004301
104178539 17004301
104178540 17004301
104179947 17004301
104179948 17004301
104177478 17004301
104177478 17029326
104177843 17004301
104177843 17029326
104177496 17004497
104177496 17029421
104177498 17004497
104177498 17029421
104177500 17004497
104177500 17029421
104177501 17004497
104177501 17029421
104177849 17004855
104177850 17004855
104177493 17004855
104177493 17027460
104177495 17004855
104177495 17027460
104177856 17005317
104178536 17027460
104178537 17027460
104177845 17029326
104177846 17029423
104177885 17003860
104177885 17031767
104177886 17003860
104177886 17031767
104177120 17004320
104177120 17033251
104177120 99190970
104177870 17005345
104177870 17034113
104177872 17005346
104177872 17034115
104177874 17005346
104177874 17034115
104177876 17005346
104177876 17034115
104177878 17005347
104177878 17034117
104177857 17005349
104177857 17034112
104177858 17005349
104177858 17034112
104177859 17005349
104177859 17034112
104177861 17005349
104177861 17034112
104177863 17005349
104177863 17034112
104177864 17005349
104177864 17034112
104177412 17005351
104177412 17034118
104177413 17005351
104177413 17034118
104177415 17005351
104177415 17034118
104178069 17005351
104178069 17034118
104178070 17005351
104178070 17034118
104179040 17005351
104179040 17034118
104177865 17005355
104177865 17034119
104177867 17005356
104177867 17034121
104177868 17005356
104177868 17034121
104174543 17034112
104177869 17034113
104177871 17034113
104177866 17034119
104177904 17004421
104178220 17004421
104180060 17004421
104180061 17004421
104174934 17004421
104174934 17136655
104177916 17004539
104178226 17004539
104178227 17004539
104178231 17004539
104178232 17004539
104174816 17004539
104174816 17136744
104174794 17004541
104174801 17004541
104174834 17004541
104174846 17004541
104180062 17004541
104180063 17004541
104178547 17004541
104178547 17136743
104178548 17004541
104178548 17136743
104177665 17005221
104177665 17137289
104177931 17005221
104177931 17137289
104172426 17005317
104172498 17005317
104172519 17005317
104177893 17005317
104177894 17005317
104172404 17005317
104172404 17137423
104172412 17005317
104172412 17137423
104177895 17005317
104177895 17137423
104177896 17005317
104177896 17137423
104179831 17005318
104179832 17005318
104180898 17005318
104174895 17005318
104174895 17137424
104174895 44781052
104174895 44781053
104177906 17005318
104177906 17137424
104177906 44781052
104177906 44781053
104177908 17005318
104177908 17137424
104177908 44781052
104177908 44781053
104180897 17005318
104180897 17137424
104180897 44781052
104180897 44781053
104172391 17005319
104172391 17137422
104174904 17005319
104174904 17137422
104174938 17005319
104174938 17137422
104174958 17005319
104174958 17137422
104174990 17005319
104174990 17137422
104174998 17005319
104174998 17137422
104177898 17005319
104177898 17137422
104177899 17005319
104177899 17137422
104177900 17005319
104177900 17137422
104177902 17005319
104177902 17137422
104179827 17005319
104179827 17137422
104179828 17005319
104179828 17137422
104179829 17005319
104179829 17137422
104179830 17005319
104179830 17137422
104174848 17005454
104174848 17137547
104174781 17005455
104174781 17137546
104174807 17137547
104174811 17137547
104174853 17137547
104174863 17137547
104174876 17137547
104174888 17137547
104174917 17137547
104174960 17137547
104174972 17137547
104177910 17137547
104177911 17137547
104177912 17137547
104177913 17137547
104177914 17137547
104179991 17137547
104179992 17137547
104172579 106333322
104172579 17003218
104172581 17003217
104172581 17137790
104178222 17004425
104178222 17004752
104178222 17141221
104178549 17004426
104178549 17004752
104178549 17141220
104172736 17004749
104172736 17141469
104172945 17004749
104172945 17141469
104177925 17004749
104177925 17141469
104177926 17004749
104177926 17141469
104180139 17004750
104180139 17004752
104180139 17141473
104180140 17004750
104180140 17004752
104180140 17141473
104174812 17004752
104174812 17141472
104177917 17004752
104177917 17141472
104177921 17004752
104177921 17141472
104172546 17005217
104172546 17142116
104172544 17005406
104172544 17142371
104177928 17005408
104172732 17005408
104172732 17142374
104172733 17005408
104172733 17142374
104173012 17005408
104173012 17142374
104173215 17005408
104173215 17142374
104177927 17005408
104177927 17142374
104174773 17005549
104174773 17142704
104172731 17137789
104177919 17141472
104177920 17141472
104177922 17141472
104177923 17141472
104177924 17141472
104172492 106365585
104172492 17004527
104173404 106365585
104173404 17004527
104173408 106365585
104173408 17004527
104173648 118337684
104173648 17004922
104173649 118337684
104173649 17004922
104174046 118337684
104174046 17004922
104174047 118337684
104174047 17004922
104174907 118337684
104174907 17004922
104174994 118337684
104174994 17004922
104175007 118337684
104175007 17004922
104176003 119057147
104176003 17004262
104176003 52711550
104176011 119057147
104176011 17004262
104176011 52711550
104176369 119057147
104176369 17004262
104176369 52711550
104180298 119057147
104180298 17004262
104180298 52711550
104180299 119057147
104180299 17004262
104180299 52711550
104172390 119694856
104172390 17003398
104172562 119694856
104172562 17003398
104172722 119694856
104172722 17003398
104173462 119695091
104173462 17003161
104173462 174977971
104173462 174977972
104173462 174977974
104173510 119695091
104173510 17003161
104173510 174977971
104173510 174977972
104173510 174977974
104173533 119695091
104173533 17003161
104173533 174977971
104173533 174977972
104173533 174977974
104173622 119695091
104173622 17003161
104173622 174977971
104173622 174977972
104173622 174977974
104173625 119695091
104173625 17003161
104173625 174977971
104173625 174977972
104173625 174977974
104173401 119695249
104173401 17003847
104175857 160043620
104175857 17003307
104175871 160043620
104175871 17003307
104175893 160043620
104175893 17003307
104175919 160043620
104175919 17003307
104175980 160153033
104175980 17004954
104175980 49246009
104175980 52711549
104175981 160153033
104175981 17004954
104175981 49246009
104175981 52711549
104175983 160153033
104175983 17004954
104175983 49246009
104175983 52711549
104175984 160153033
104175984 17004954
104175984 49246009
104175984 52711549
104175986 160153033
104175986 17004954
104175986 49246009
104175986 52711549
104175989 160153033
104175989 17004954
104175989 49246009
104175989 52711549
104175990 160153033
104175990 17004954
104175990 49246009
104175990 52711549
104175993 160153033
104175993 17004954
104175993 49246009
104175993 52711549
104175994 160153033
104175994 17004954
104175994 49246009
104175994 52711549
104175996 160153033
104175996 17004954
104175996 49246009
104175996 52711549
104176520 160153033
104176520 17004954
104176520 49246009
104176520 52711549
104178829 160153033
104178829 17004954
104178829 49246009
104178829 52711549
104181020 160153033
104181020 17004954
104181020 49246009
104181020 52711549
104175096 160163258
104175096 17005488
104175710 160163258
104175710 17005488
104179866 160169361
104179866 17005286
104181788 160169364
104181788 17004977
104176071 160171363
104176071 17005331
104181060 160171363
104181060 17005331
104176017 160171364
104176017 17005068
104176037 160171364
104176037 17005068
104176051 160171364
104176051 17005068
104176087 160171364
104176087 17005068
104176131 160171364
104176131 17005068
104177173 17003158
104173680 17003164
104179312 17003165
104180321 17003167
104181120 17003167
104181172 17003167
104175781 17003168
104175784 17003168
104176303 17003168
104176504 17003168
104180295 17003168
104180296 17003168
104181303 17003168
104175029 17003170
104175035 17003171
104175038 17003171
104175031 17003172
104180171 17003172
104180172 17003172
104175594 17003173
104175250 17003175
104175259 17003175
104175563 17003175
104173009 17003182
104173010 17003182
104173064 17003182
104173066 17003182
104173068 17003182
104173210 17003182
104172471 17003184
104172472 17003184
104172473 17003184
104176893 17003185
104176970 17003185
104176986 17003185
104177190 17003185
104177202 17003185
104181090 17003185
104181040 17003186
104175966 17003188
104175991 17003188
104176007 17003188
104176026 17003188
104176043 17003188
104176060 17003188
104176075 17003188
104176105 17003188
104176121 17003188
104176379 17003188
104176418 17003188
104176739 17003188
104179979 17003188
104179980 17003188
104180398 17003189
104180399 17003189
104172602 17003190
104172603 17003190
104172604 17003190
104181151 17003190
104175119 17003191
104175547 17003191
104176544 17003192
104176263 17003194
104176307 17003194
104176315 17003194
104176539 17003194
104176541 17003194
104176547 17003194
104176549 17003194
104176668 17003194
104181044 17003194
104176334 17003196
104176641 17003200
104176783 17003200
104177982 17003200
104178054 17003200
104179732 17003200
104179733 17003200
104181876 17003200
104181877 17003200
104174421 17003202
104175087 17003203
104179611 17003205
104176602 17003207
104181068 17003207
104175522 17003210
104175523 17003210
104175524 17003210
104176917 17003212
104177192 17003212
104177194 17003212
104177198 17003212
104181210 17003214
104175811 17003216
104175846 17003216
104178844 17003216
104181063 17003216
104181306 17003216
104180808 17003220
104173580 17003222
104179391 17003222
104179392 17003222
104173396 17003224
104173397 17003224
104173506 17003224
104173584 17003224
104173592 17003224
104175644 17003226
104173586 17003228
104173587 17003228
104173588 17003230
104173589 17003230
104173612 17003230
104173250 17003232
104173252 17003232
104173253 17003232
104173331 17003232
104173251 17003237
104173282 17003237
104173365 17003237
104173366 17003241
104173256 17003245
104173257 17003245
104173305 17003245
104173307 17003245
104173310 17003245
104173367 17003245
104173372 17003245
104173232 17003247
104173254 17003247
104173370 17003247
104173368 17003250
104173255 17003252
104173312 17003252
104173369 17003252
104173258 17003254
104175205 17003255
104173777 17003257
104173897 17003257
104173922 17003257
104173924 17003257
104173925 17003257
104173952 17003257
104174033 17003257
104175620 17003258
104178871 17003258
104178872 17003258
104177070 17003260
104177075 17003260
104177078 17003260
104177183 17003262
104177072 17003263
104176887 17003265
104177298 17003265
104176193 17003271
104177073 17003271
104178620 17003271
104173405 17003274
104173406 17003274
104173456 17003274
104173458 17003274
104177076 17003275
104177077 17003275
104172997 17003287
104173263 17003287
104173289 17003287
104173299 17003287
104173315 17003287
104173346 17003287
104173348 17003287
104173374 17003287
104173375 17003287
104173982 17003288
104173014 17003289
104173244 17003289
104177707 17003289
104177944 17003289
104181270 17003289
104173988 17003290
104173549 17003292
104173961 17003294
104173245 17003302
104173246 17003302
104173247 17003302
104173328 17003302
104177583 17003306
104181455 17003306
104181456 17003306
104177080 17003311
104177083 17003311
104177138 17003311
104177140 17003311
104177149 17003311
104173407 17003314
104173410 17003314
104173452 17003314
104173454 17003314
104177084 17003316
104177141 17003316
104173411 17003317
104173464 17003317
104177142 17003318
104173412 17003321
104173413 17003321
104173414 17003321
104177257 17003322
104177258 17003324
104172861 17003328
104172863 17003328
104172865 17003328
104172867 17003328
104172869 17003328
104172871 17003328
104172873 17003328
104172874 17003328
104173934 17003328
104173936 17003328
104173938 17003328
104173940 17003328
104173944 17003328
104173946 17003328
104173948 17003328
104173950 17003328
104173951 17003328
104178312 17003328
104178313 17003328
104181275 17003328
104173945 17003329
104180550 17003329
104177340 17003331
104177342 17003333
104177344 17003334
104173727 17003335
104181276 17003335
104177346 17003337
104173728 17003339
104177459 17003340
104178362 17003340
104178363 17003340
104173729 17003342
104177235 17003344
104177237 17003344
104173921 17003349
104173923 17003349
104173981 17003349
104177019 17003352
104176647 17003353
104181161 17003353
104176154 17003353
104176154 17003959
104176154 17003962
104176154 17004004
104176155 17003353
104176155 17003959
104176155 17003962
104176155 17004004
104176160 17003353
104176160 17003959
104176160 17003962
104176160 17004004
104176646 17003353
104176646 17003959
104176646 17003962
104176646 17004004
104181162 17003354
104181165 17003355
104181166 17003356
104177109 17003358
104177330 17003358
104181056 17003360
104179730 17003361
104181059 17003361
104175269 17003363
104175283 17003363
104176626 17003363
104177635 17003363
104181479 17003363
104181480 17003363
104175687 17003363
104175687 17004416
104178904 17003363
104178904 17004416
104178905 17003363
104178905 17004416
104181462 17003363
104181462 17004416
104181463 17003363
104181463 17004416
104181868 17003363
104181868 17004416
104181869 17003363
104181869 17004416
104181871 17003363
104181871 17004416
104181872 17003363
104181872 17004416
104177528 17003364
104179153 17003365
104181865 17003367
104181895 17003367
104181896 17003367
104176326 17003369
104181038 17003369
104174007 17003371
104177728 17003371
104181121 17003373
104179993 17003375
104180837 17003378
104181122 17003378
104179998 17003380
104181323 17003382
104179223 17003384
104179336 17003386
104181324 17003387
104181213 17003389
104181104 17003391
104179977 17003392
104181217 17003395
104181218 17003395
104179759 17003396
104181413 17003399
104176185 17003401
104176187 17003401
104176186 17003402
104176188 17003405
104180838 17003405
104180839 17003405
104179734 17003406
104176493 17003409
104176494 17003409
104176498 17003411
104172432 17003412
104172437 17003413
104172439 17003414
104172442 17003414
104176271 17003418
104176271 44779655
104176357 17003418
104176357 44779655
104176483 17003418
104176483 44779655
104176484 17003418
104176484 44779655
104176696 17003418
104176696 44779655
104172416 17003419
104172421 17003419
104172417 17003421
104176200 17003427
104176205 17003427
104176673 17003427
104174282 17003429
104174373 17003429
104174375 17003429
104174507 17003429
104174285 17003430
104176219 17003433
104176329 17003433
104176346 17003433
104172729 17003445
104173267 17003445
104174315 17003445
104174316 17003445
104174318 17003445
104174319 17003445
104174499 17003445
104172505 17003448
104180784 17003448
104180785 17003448
104178086 17003449
104174589 17003456
104174590 17003456
104174684 17003456
104174342 17003458
104174480 17003458
104176194 17003460
104176653 17003460
104176879 17003461
104174595 17003466
104174597 17003466
104174604 17003466
104174605 17003466
104176540 17003468
104176542 17003468
104176545 17003468
104174483 17003470
104174370 17003473
104174413 17003473
104174414 17003473
104174417 17003473
104176543 17003474
104176546 17003474
104174302 17003481
104174484 17003481
104176852 17003481
104177130 17003481
104178100 17003481
104174371 17003484
104174372 17003484
104174416 17003484
104174598 17003487
104178493 17003487
104178494 17003487
104174294 17003489
104174473 17003489
104174485 17003489
104174512 17003489
104178101 17003489
104174486 17003491
104174349 17003495
104174354 17003495
104174355 17003495
104174435 17003495
104174487 17003495
104178448 17003495
104178449 17003495
104178451 17003495
104178454 17003495
104178455 17003495
104178469 17003495
104178470 17003495
104174374 17003496
104174508 17003496
104174488 17003497
104174489 17003498
104180093 17003499
104174152 17003500
104174378 17003501
104174267 17003502
104174155 17003503
104178350 17003503
104174269 17003504
104178068 17003505
104176969 17003506
104174685 17003507
104176857 17003508
104176858 17003508
104176860 17003508
104176864 17003508
104176946 17003508
104176954 17003508
104176968 17003508
104176989 17003508
104177010 17003508
104177012 17003508
104179379 17003508
104179380 17003508
104179387 17003508
104179388 17003508
104181093 17003508
104176859 17003509
104174689 17003511
104178484 17003511
104178485 17003511
104174578 17003518
104174686 17003518
104174690 17003518
104178481 17003518
104178482 17003518
104174345 17003527
104174347 17003527
104174351 17003527
104174352 17003527
104174439 17003527
104178466 17003527
104178467 17003527
104174365 17003534
104174467 17003534
104180071 17003535
104180960 17003535
104180297 17003537
104180072 17003538
104174344 17003546
104174356 17003546
104174366 17003546
104174367 17003546
104174369 17003546
104174132 17003549
104176529 17003551
104178147 17003552
104178150 17003552
104178153 17003552
104178156 17003552
104180078 17003554
104178137 17003556
104178154 17003556
104178155 17003556
104174996 17003558
104174997 17003558
104178044 17003561
104180382 17003562
104180496 17003564
104180271 17003566
104174722 17003572
104178580 17003572
104178684 17003572
104176500 17003573
104180497 17003574
104180498 17003574
104180385 17003575
104180560 17003575
104180972 17003575
104180274 17003576
104176503 17003578
104180499 17003579
104178574 17003581
104174220 17003584
104178576 17003588
104180051 17003590
104180165 17003591
104180166 17003591
104174222 17003593
104174336 17003595
104178349 17003596
104178354 17003596
104178355 17003596
104173426 17003597
104178130 17003597
104178134 17003597
104178135 17003597
104174000 17003599
104178315 17003599
104178316 17003599
104174002 17003601
104174004 17003605
104174229 17003606
104180580 17003608
104178136 17003609
104180583 17003611
104176925 17003612
104174979 17003614
104174982 17003614
104178139 17003615
104180697 17003617
104180698 17003617
104180700 17003617
104180586 17003618
104178661 17003619
104180699 17003620
104174644 17003622
104175660 17003623
104180251 17003623
104180364 17003624
104174311 17003627
104180255 17003631
104180258 17003631
104174312 17003638
104174346 17003638
104174608 17003638
104178473 17003638
104178476 17003638
104178478 17003638
104178479 17003638
104180367 17003639
104178442 17003641
104180143 17003643
104180144 17003643
104180145 17003644
104180032 17003646
104180146 17003649
104178446 17003652
104178447 17003652
104174317 17003654
104180035 17003655
104177801 17003658
104178013 17003658
104178112 17003658
104178113 17003658
104178114 17003659
104174737 17003664
104180343 17003665
104180231 17003666
104174515 17003667
104174308 17003668
104174310 17003668
104174516 17003668
104174517 17003668
104174518 17003669
104180236 17003670
104174519 17003672
104174521 17003672
104180012 17003673
104180086 17003674
104180089 17003674
104180090 17003674
104180986 17003674
104180015 17003676
104180651 17003679
104180878 17003680
104180654 17003682
104174602 17003685
104180658 17003688
104180661 17003688
104180662 17003688
104180663 17003688
104180659 17003690
104174716 17003692
104174606 17003695
104174607 17003698
104180207 17003701
104180208 17003701
104180212 17003701
104180215 17003701
104180216 17003701
104175494 17003703
104180101 17003704
104180102 17003704
104178629 17003705
104180103 17003706
104175678 17003707
104180104 17003707
104180739 17003709
104180740 17003709
104180741 17003710
104180108 17003712
104180855 17003713
104180856 17003713
104180857 17003713
104180746 17003715
104180747 17003715
104180410 17003717
104180749 17003718
104180751 17003718
104175058 17003720
104180637 17003721
104180638 17003721
104180639 17003722
104180302 17003724
104175584 17003725
104180416 17003726
104180307 17003727
104180941 17003730
104173193 17003732
104180721 17003733
104173398 17003735
104173399 17003735
104173400 17003735
104175459 17003736
104180702 17003738
104175129 17003739
104173590 17003740
104175651 17003741
104173593 17003743
104173449 17003746
104173594 17003746
104173596 17003746
104175653 17003747
104175655 17003748
104173371 17003751
104175657 17003752
104173373 17003753
104173260 17003756
104173261 17003756
104173317 17003756
104173262 17003761
104173292 17003761
104173376 17003764
104173264 17003770
104173265 17003770
104175549 17003772
104173266 17003777
104173268 17003785
104173380 17003785
104173573 17003786
104173574 17003786
104173575 17003786
104177082 17003788
104177081 17003791
104177085 17003791
104177086 17003791
104177087 17003791
104177088 17003791
104177090 17003791
104173243 17003799
104173248 17003799
104175307 17003801
104175309 17003801
104175308 17003803
104175616 17003804
104175617 17003804
104173971 17003806
104175922 17003808
104177481 17003810
104173978 17003812
104177261 17003813
104173420 17003814
104173421 17003814
104173548 17003814
104175707 17003816
104181353 17003816
104173204 17003833
104174334 17003833
104174335 17003833
104179295 17003833
104179296 17003833
104173208 17003839
104173209 17003839
104173382 17003839
104174322 17003839
104174323 17003839
104174325 17003839
104178579 17003839
104173956 17003841
104173731 17003844
104173803 17003844
104173959 17003845
104177444 17003846
104177447 17003846
104177468 17003846
104177131 17003848
104173402 17003850
104173403 17003850
104177133 17003851
104177134 17003852
104180506 17003854
104180518 17003854
104180529 17003854
104180530 17003854
104181192 17003854
104181193 17003855
104181194 17003856
104177136 17003858
104177026 17003859
104173409 17003862
104181199 17003863
104177440 17003864
104177441 17003866
104177555 17003869
104177332 17003871
104177445 17003875
104177316 17003878
104177337 17003878
104179297 17003879
104179300 17003879
104181174 17003881
104181175 17003881
104181178 17003881
104177530 17003882
104177533 17003886
104177534 17003886
104177312 17003887
104177317 17003889
104181377 17003890
104181378 17003890
104177957 17003894
104181157 17003896
104172392 17003898
104172393 17003898
104172401 17003898
104172394 17003899
104172399 17003901
104179983 17003902
104179126 17003903
104172460 17003904
104176190 17003906
104174548 17003918
104174665 17003918
104174668 17003918
104178522 17003918
104181536 17003918
104179327 17003920
104172468 17003923
104179218 17003924
104181205 17003926
104181206 17003928
104179742 17003934
104179743 17003934
104181208 17003935
104172993 17003937
104179969 17003938
104172995 17003941
104172440 17003943
104172553 17003944
104179836 17003947
104179837 17003947
104179837 17004335
104176480 17003948
104176482 17003950
104176260 17003951
104176486 17003956
104176487 17003956
104176488 17003957
104172424 17003958
104172538 17003961
104176157 17003962
104172429 17003964
104176574 17003965
104174290 17003966
104176139 17003967
104176404 17003967
104178098 17003968
104176550 17003969
104174498 17003970
104174272 17003971
104174273 17003972
104174274 17003972
104176447 17003973
104178181 17003974
104178182 17003974
104178177 17003976
104178183 17003976
104178184 17003976
104178597 17003976
104178185 17003978
104176861 17003980
104176866 17003980
104176975 17003982
104174691 17003983
104174692 17003983
104174695 17003984
104174696 17003986
104176868 17003987
104176643 17003988
104176531 17003990
104174699 17003991
104174700 17003991
104174586 17003995
104174600 17004001
104174601 17004001
104174642 17004001
104178490 17004001
104178491 17004001
104176648 17004004
104180193 17004005
104174364 17004008
104176536 17004009
104176537 17004009
104180084 17004012
104174368 17004016
104174415 17004016
104176203 17004019
104180088 17004021
104174146 17004024
104174148 17004024
104174219 17004024
104174147 17004027
104174896 17004028
104174984 17004028
104176844 17004029
104174564 17004030
104176511 17004031
104176514 17004032
104176517 17004034
104176518 17004036
104174010 17004038
104174011 17004038
104174985 17004039
104173422 17004042
104173423 17004042
104173540 17004042
104173546 17004042
104178143 17004042
104178144 17004042
104178151 17004042
104178152 17004042
104178030 17004043
104174987 17004044
104178145 17004045
104178146 17004045
104176934 17004046
104173539 17004049
104173541 17004049
104178128 17004049
104178132 17004049
104178133 17004049
104178148 17004049
104178149 17004049
104176710 17004052
104180595 17004053
104176601 17004055
104180372 17004056
104180373 17004056
104180485 17004058
104180598 17004059
104180261 17004060
104174320 17004068
104180150 17004069
104180376 17004070
104174321 17004075
104180266 17004076
104180267 17004076
104180379 17004077
104180043 17004078
104180268 17004079
104180790 17004080
104180046 17004081
104180571 17004083
104178126 17004084
104180575 17004085
104180576 17004085
104178129 17004086
104180577 17004087
104174726 17004090
104174747 17004090
104174522 17004092
104174525 17004093
104180355 17004094
104180356 17004094
104178544 17004095
104178545 17004095
104180357 17004097
104180358 17004097
104174528 17004099
104174529 17004100
104180359 17004102
104180881 17004104
104178213 17004106
104178214 17004106
104174309 17004109
104180773 17004113
104178217 17004114
104174610 17004120
104180778 17004123
104180779 17004123
104178108 17004124
104174500 17004128
104174613 17004132
104174614 17004132
104180222 17004134
104180335 17004135
104180111 17004136
104180001 17004139
104180750 17004140
104180862 17004141
104180004 17004143
104180007 17004144
104180754 17004145
104175065 17004146
104180531 17004147
104180869 17004151
104174702 17004153
104178833 17004154
104174703 17004155
104180310 17004156
104180200 17004157
104180426 17004158
104175483 17004160
104175484 17004160
104178497 17004161
104178501 17004161
104178504 17004161
104178505 17004161
104178506 17004161
104180209 17004163
104180842 17004167
104180844 17004167
104180845 17004167
104175153 17004168
104173094 17004169
104180846 17004170
104180847 17004172
104180848 17004172
104180736 17004173
104180737 17004173
104180849 17004177
104175571 17004179
104180516 17004180
104180408 17004182
104180409 17004182
104175464 17004183
104175465 17004183
104175466 17004184
104175240 17004185
104173185 17004187
104180601 17004188
104175025 17004189
104175026 17004189
104175064 17004189
104175139 17004190
104180604 17004192
104175027 17004193
104180607 17004194
104180608 17004195
104173381 17004197
104175442 17004198
104179607 17004200
104179608 17004200
104179417 17004201
104173419 17004204
104175274 17004207
104181892 17004207
104181893 17004207
104177025 17004208
104180037 17004209
104181484 17004212
104181672 17004212
104176956 17004213
104173021 17004215
104173025 17004215
104173031 17004215
104173038 17004215
104173115 17004215
104173126 17004215
104173130 17004215
104173165 17004215
104180875 17004215
104180876 17004215
104176524 17004216
104174339 17004217
104176074 17004220
104176079 17004220
104176080 17004220
104176083 17004220
104176084 17004220
104176086 17004220
104176090 17004220
104176091 17004220
104176092 17004220
104176094 17004220
104180771 17004220
104180772 17004220
104177301 17004223
104172561 17004225
104173737 17004225
104178082 17004227
104178083 17004227
104173435 17004230
104173030 17004232
104173163 17004232
104180276 17004234
104180277 17004234
104175772 17004235
104177159 17004236
104175500 17004238
104175504 17004238
104179884 17004239
104179892 17004239
104179893 17004239
104181298 17004239
104176926 17004240
104176933 17004240
104176940 17004240
104176948 17004240
104176955 17004240
104176973 17004240
104177308 17004240
104175192 17004242
104175230 17004242
104175337 17004242
104175758 17004242
104175773 17004244
104179308 17004245
104179365 17004246
104175813 17004248
104180724 17004250
104174097 17004254
104174098 17004254
104180304 17004256
104181569 17004257
104181570 17004257
104176914 17004260
104177322 17004260
104176251 17004261
104175285 17004261
104175285 17004266
104181295 17004261
104181295 17004266
104175284 17004261
104175284 17004429
104175585 17004261
104175585 17004429
104178710 17004264
104178969 17004264
104178970 17004264
104181476 17004264
104181477 17004264
104181643 17004264
104181644 17004264
104176296 17004268
104176392 17004268
104175998 17004269
104175999 17004269
104179655 17004270
104179656 17004270
104179674 17004270
104181575 17004271
104181576 17004271
104178887 17004272
104175101 17004273
104175803 17004274
104176714 17004274
104178715 17004274
104177056 17004275
104177061 17004275
104177064 17004275
104177172 17004275
104177174 17004275
104177176 17004275
104181023 17004277
104175197 17004278
104175210 17004278
104175739 17004278
104177210 17004279
104176971 17004280
104175040 17004282
104175074 17004282
104175501 17004282
104178318 17004283
104178319 17004283
104173759 17004284
104180181 17004286
104180182 17004286
104177324 17004287
104179317 17004287
104179318 17004287
104181099 17004287
104173443 17004290
104175147 17004292
104174628 17004293
104174629 17004293
104179005 17004294
104179016 17004294
104178671 17004295
104178672 17004295
104173556 17004297
104175111 17004298
104175114 17004298
104175123 17004298
104175100 17004299
104176784 17004302
104175859 17004303
104175878 17004303
104175880 17004303
104175923 17004303
104175936 17004303
104175971 17004303
104178218 17004304
104178569 17004304
104180488 17004306
104177280 17004307
104175124 17004308
104175135 17004308
104175141 17004308
104175167 17004308
104175541 17004308
104175543 17004308
104175348 17004310
104180652 17004310
104176881 17004311
104176883 17004311
104176885 17004311
104176886 17004311
104176890 17004311
104176922 17004311
104176930 17004311
104176936 17004311
104176938 17004311
104176939 17004311
104177268 17004311
104177270 17004311
104181094 17004311
104177581 17004313
104179731 17004313
104175441 17004316
104175443 17004316
104175445 17004316
104175447 17004316
104175448 17004316
104175450 17004316
104175451 17004316
104175453 17004316
104175455 17004316
104175457 17004316
104175462 17004316
104175593 17004316
104175619 17004316
104175639 17004316
104175659 17004316
104175677 17004316
104177479 17004316
104177634 17004316
104178387 17004316
104178388 17004316
104180850 17004316
104180851 17004316
104176401 17004320
104176401 99190970
104176403 17004320
104176403 99190970
104176405 17004320
104176405 99190970
104176406 17004320
104176406 99190970
104176706 17004320
104176706 99190970
104176720 17004320
104176720 99190970
104177124 17004320
104177124 99190970
104177126 17004320
104177126 99190970
104177127 17004320
104177127 99190970
104177129 17004320
104177129 99190970
104177234 17004320
104177234 99190970
104176415 17004323
104176417 17004323
104176419 17004323
104181051 17004323
104181052 17004323
104181058 17004324
104176413 17004326
104176413 17004327
104176413 44780069
104176413 44780070
104176413 99190964
104176448 17004326
104176448 17004327
104176448 44780069
104176448 44780070
104176448 99190964
104176449 17004326
104176449 17004327
104176449 44780069
104176449 44780070
104176449 99190964
104176450 17004326
104176450 17004327
104176450 44780069
104176450 44780070
104176450 99190964
104176376 17004327
104176457 17004327
104176458 17004327
104176459 17004327
104176410 17004330
104176410 99190973
104176411 17004330
104176411 99190973
104176412 17004330
104176412 99190973
104175432 17004331
104175434 17004331
104178960 17004331
104178961 17004331
104181333 17004331
104175726 17004332
104181022 17004332
104181332 17004332
104176391 17004333
104176395 17004334
104176374 17004337
104176375 17004337
104176466 17004338
104176467 17004338
104176468 17004339
104178963 17004340
104178964 17004340
104179707 17004341
104177269 17004342
104176605 17004345
104180014 17004346
104180017 17004346
104179821 17004347
104175847 17004348
104176300 17004348
104181034 17004348
104177161 17004349
104180226 17004350
104180232 17004350
104180233 17004350
104180194 17004352
104180197 17004352
104180220 17004352
104180229 17004352
104181170 17004352
104176747 17004354
104175949 17004355
104173708 17004357
104177430 17004359
104177430 17004360
104177432 17004359
104177432 17004360
104177434 17004359
104177434 17004360
104172527 17004360
104172529 17004360
104172531 17004360
104172532 17004360
104177422 17004360
104177424 17004360
104177428 17004360
104177461 17004360
104177464 17004360
104177470 17004360
104177482 17004360
104178365 17004360
104178366 17004360
104178729 17004360
104178730 17004360
104177429 17004360
104177429 17005288
104179382 17004362
104179383 17004362
104179385 17004362
104179386 17004362
104175047 17004364
104175528 17004364
104178935 17004364
104178023 17004366
104180198 17004367
104180199 17004367
104178743 17004368
104175037 17004370
104175072 17004370
104175157 17004370
104175497 17004370
104175498 17004370
104176896 17004371
104175244 17004372
104175558 17004372
104175562 17004372
104181085 17004374
104179351 17004375
104174391 17004376
104174410 17004377
104177044 17004378
104177051 17004378
104177212 17004379
104173431 17004380
104173448 17004380
104173559 17004380
104180405 17004382
104180406 17004382
104178870 17004384
104179384 17004385
104181113 17004385
104177185 17004387
104176877 17004389
104176889 17004389
104176894 17004389
104176920 17004389
104176935 17004389
104177266 17004389
104175209 17004391
104175209 49246010
104175209 49246011
104175209 52711548
104175212 17004391
104175212 49246010
104175212 49246011
104175212 52711548
104175221 17004391
104175221 49246010
104175221 49246011
104175221 52711548
104175223 17004391
104175223 49246010
104175223 49246011
104175223 52711548
104175224 17004391
104175224 49246010
104175224 49246011
104175224 52711548
104175229 17004391
104175229 49246010
104175229 49246011
104175229 52711548
104175231 17004391
104175231 49246010
104175231 49246011
104175231 52711548
104175232 17004391
104175232 49246010
104175232 49246011
104175232 52711548
104178616 17004391
104178616 49246010
104178616 49246011
104178616 52711548
104181292 17004391
104181292 49246010
104181292 49246011
104181292 52711548
104172610 17004393
104172611 17004393
104172612 17004393
104173181 17004393
104172977 17004394
104178645 17004394
104178662 17004394
104178618 17004395
104179865 17004397
104179701 17004398
104172642 17004399
104172643 17004399
104172644 17004399
104172645 17004399
104178002 17004400
104178003 17004400
104178004 17004403
104177414 17004405
104179036 17004405
104176099 17004406
104176100 17004406
104176103 17004406
104176104 17004406
104176106 17004406
104176109 17004406
104176110 17004406
104176113 17004406
104179281 17004408
104177191 17004410
104180458 17004412
104180459 17004412
104181224 17004412
104181225 17004412
104175273 17004413
104175364 17004413
104175548 17004413
104180493 17004419
104181057 17004420
104179809 17004423
104179814 17004423
104179824 17004423
104181525 17004423
104181526 17004423
104181535 17004423
104181881 17004423
104181882 17004423
104175089 17004427
104175520 17004427
104180644 17004427
104181124 17004427
104175143 17004430
104175184 17004430
104176506 17004432
104179408 17004433
104177187 17004434
104175800 17004435
104179970 17004435
104179971 17004435
104181062 17004435
104175125 17004437
104180094 17004437
104180096 17004437
104180135 17004437
104175339 17004438
104175491 17004438
104175493 17004438
104175499 17004438
104178751 17004438
104172651 17004441
104172652 17004441
104172655 17004441
104172657 17004441
104172659 17004441
104172745 17004441
104172759 17004441
104173017 17004441
104173018 17004441
104180919 17004441
104178024 17004443
104178027 17004443
104180797 17004443
104180798 17004443
104180806 17004443
104180807 17004443
104179683 17004445
104173551 17004447
104173554 17004447
104175054 17004449
104175082 17004449
104175581 17004451
104180235 17004451
104181167 17004451
104181286 17004451
104179359 17004453
104181651 17004454
104177406 17004455
104181103 17004455
104176120 17004456
104176127 17004456
104176122 17004457
104176123 17004457
104176128 17004457
104176130 17004457
104175902 17004458
104175902 44780128
104176264 17004458
104176264 44780128
104177976 17004458
104177976 44780128
104175901 17004460
104173553 17004462
104173555 17004462
104179282 17004464
104179283 17004464
104181473 17004464
104181615 17004464
104181522 17004465
104181523 17004465
104172409 17004466
104172411 17004466
104175287 17004466
104175288 17004466
104175598 17004466
104180611 17004466
104180612 17004466
104173179 17004467
104178572 17004467
104174121 17004469
104179302 17004469
104175475 17004471
104174283 17004473
104179103 17004473
104175084 17004475
104175099 17004475
104175115 17004475
104175122 17004475
104175128 17004475
104175138 17004475
104175150 17004475
104175169 17004475
104180133 17004475
104180134 17004475
104175879 17004476
104176707 17004476
104180369 17004476
104180891 17004476
104181049 17004476
104181073 17004476
104172697 17004478
104172698 17004478
104172829 17004478
104172862 17004478
104173037 17004478
104173040 17004478
104173041 17004478
104174793 17004478
104174795 17004478
104174837 17004478
104174844 17004478
104180924 17004478
104180926 17004478
104174566 17004479
104174567 17004479
104177348 17004479
104177360 17004479
104179018 17004479
104179037 17004479
104179528 17004481
104180054 17004481
104176984 17004484
104176997 17004484
104181327 17004484
104176945 17004487
104176961 17004487
104176962 17004487
104181326 17004487
104181114 17004488
104178915 17004491
104180727 17004493
104180729 17004493
104175318 17004495
104175449 17004495
104175463 17004495
104175654 17004495
104176208 17004495
104181018 17004495
104174340 17004499
104174357 17004499
104174359 17004499
104174361 17004499
104174419 17004499
104174420 17004499
104174495 17004499
104178444 17004499
104175930 17004502
104175932 17004502
104176497 17004502
104176590 17004502
104181072 17004503
104181278 17004506
104177057 17004508
104177178 17004508
104177180 17004508
104177352 17004510
104177409 17004510
104181102 17004510
104176137 17004511
104177935 17004511
104180097 17004511
104180098 17004511
104176132 17004512
104176133 17004512
104177305 17004513
104176902 17004529
104176927 17004529
104176952 17004529
104176963 17004529
104176972 17004529
104176985 17004529
104176992 17004529
104177011 17004529
104181341 17004530
104175009 17004533
104175013 17004533
104178759 17004533
104180565 17004533
104180566 17004533
104177154 17004535
104177156 17004535
104177158 17004535
104177162 17004535
104177166 17004535
104174494 17004536
104179210 17004536
104177208 17004538
104180397 17004543
104180419 17004543
104180490 17004543
104177356 17004545
104177366 17004545
104177370 17004545
104177373 17004545
104177378 17004545
104177386 17004545
104179043 17004545
104179068 17004545
104177278 17004547
104174288 17004548
104174289 17004548
104179755 17004549
104175898 17004550
104178714 17004550
104178848 17004550
104179746 17004551
104177274 17004552
104174135 17004553
104175110 17004554
104177197 17004555
104175140 17004556
104175171 17004556
104179000 17004558
104179001 17004558
104173663 17004559
104174008 17004559
104174890 17004559
104174891 17004559
104174925 17004559
104173660 17004563
104173661 17004563
104173688 17004563
104173690 17004563
104173823 17004563
104173935 17004563
104174140 17004563
104174141 17004563
104180509 17004563
104180514 17004563
104180515 17004563
104180526 17004563
104180527 17004563
104175333 17004565
104175393 17004565
104181143 17004566
104172968 17004567
104174798 17004569
104174825 17004571
104178432 17004571
104178601 17004571
104172638 17004573
104172639 17004573
104181820 17004574
104180361 17004576
104180344 17004577
104175895 17004580
104175899 17004580
104176718 17004580
104180345 17004580
104180346 17004580
104180351 17004580
104180352 17004580
104180348 17004582
104180349 17004582
104179996 17004584
104180425 17004584
104180927 17004584
104174797 17004586
104174779 17004589
104174817 17004589
104174821 17004589
104174827 17004589
104174830 17004589
104175330 17004590
104175405 17004590
104172446 17004592
104172447 17004592
104172448 17004592
104172449 17004592
104172450 17004592
104172451 17004592
104172453 17004592
104172496 17004592
104172514 17004592
104175321 17004592
104175323 17004592
104175325 17004592
104175331 17004592
104175391 17004592
104175645 17004592
104175652 17004592
104180789 17004592
104179974 17004594
104176999 17004596
104177001 17004596
104175326 17004600
104175395 17004600
104175569 17004602
104181746 17004606
104178334 17004611
104178590 17004611
104180605 17004611
104180606 17004611
104179004 17004614
104179007 17004614
104179010 17004614
104179013 17004614
104179014 17004614
104175559 17004615
104175220 17004617
104179704 17004619
104177199 17004620
104175132 17004622
104174079 17004624
104174205 17004624
104172710 17004626
104172837 17004626
104178215 17004626
104172687 17004627
104172721 17004630
104172823 17004630
104172915 17004630
104172670 17004631
104180542 17004631
104174080 17004634
104174109 17004634
104174209 17004634
104178347 17004634
104180600 17004634
104180602 17004634
104181277 17004634
104179474 17004635
104175078 17004636
104175934 17004638
104177271 17004639
104172749 17004640
104172782 17004640
104172601 17004641
104180541 17004641
104179861 17004643
104179862 17004643
104179863 17004643
104179945 17004643
104175545 17004644
104174636 17004646
104179008 17004646
104179017 17004646
104176198 17004649
104176671 17004649
104176216 17004651
104176220 17004651
104176337 17004651
104177512 17004651
104177524 17004651
104178411 17004651
104178412 17004651
104181043 17004651
104174076 17004652
104176201 17004655
104176209 17004655
104176311 17004655
104176685 17004655
104175771 17004658
104172653 17004661
104172769 17004661
104172808 17004661
104180540 17004661
104172818 17004662
104179719 17004663
104176600 17004664
104177201 17004666
104179266 17004668
104172654 17004669
104172767 17004669
104172692 17004671
104172801 17004671
104174569 17004674
104174570 17004674
104181000 17004674
104181100 17004674
104174074 17004677
104180033 17004677
104180034 17004677
104181033 17004677
104174400 17004679
104174401 17004679
104174506 17004679
104180029 17004679
104174619 17004681
104174620 17004681
104181101 17004681
104174096 17004686
104174153 17004686
104174520 17004686
104173203 17004695
104174163 17004695
104174164 17004695
104173751 17004697
104173770 17004697
104179197 17004697
104179199 17004697
104172693 17004700
104172699 17004700
104172820 17004700
104172832 17004700
104179200 17004703
104172658 17004705
104172674 17004705
104172675 17004705
104178558 17004705
104178561 17004705
104180148 17004705
104180539 17004705
104176888 17004706
104176895 17004706
104176937 17004706
104177003 17004706
104177015 17004706
104177027 17004706
104177094 17004706
104177196 17004706
104177252 17004706
104181092 17004706
104178630 17004707
104172969 17004709
104173023 17004709
104173034 17004709
104173124 17004709
104173129 17004709
104173167 17004709
104173047 17004710
104173101 17004710
104178649 17004710
104177704 17004712
104176181 17004714
104173748 17004717
104179171 17004717
104180597 17004717
104178863 17004718
104180066 17004718
104175206 17004719
104175219 17004719
104177294 17004720
104179183 17004721
104179187 17004722
104179189 17004722
104179204 17004722
104180588 17004722
104180591 17004722
104180948 17004722
104180593 17004724
104180594 17004724
104177079 17004729
104177089 17004729
104177093 17004729
104177552 17004729
104181329 17004729
104176874 17004730
104180048 17004730
104178622 17004733
104173273 17004734
104179298 17004734
104179299 17004734
104179776 17004735
104172989 17004738
104178657 17004738
104172622 17004739
104172623 17004739
104172624 17004739
104172625 17004739
104175933 17004740
104174903 17004742
104174986 17004742
104181006 17004742
104179569 17004743
104173444 17004745
104173939 17004747
104173997 17004747
104177062 17004753
104177063 17004753
104180417 17004753
104176918 17004755
104176977 17004755
104177042 17004755
104177049 17004755
104177121 17004755
104177182 17004755
104177807 17004755
104178011 17004755
104177177 17004757
104178117 17004758
104179668 17004759
104178812 17004760
104175002 17004761
104178074 17004761
104175440 17004763
104176143 17004763
104176145 17004763
104180471 17004763
104180472 17004763
104181321 17004763
104174625 17004765
104174626 17004765
104180999 17004765
104181002 17004765
104175795 17004766
104176748 17004766
104175380 17004768
104175446 17004768
104181017 17004768
104179735 17004770
104172999 17004772
104173000 17004772
104174125 17004772
104174126 17004772
104174127 17004772
104174129 17004773
104179811 17004775
104179723 17004776
104175502 17004779
104175503 17004779
104175850 17004781
104178091 17004781
104175860 17004784
104175881 17004784
104175908 17004784
104175937 17004784
104175955 17004784
104175982 17004784
104177981 17004785
104179766 17004785
104176085 17004786
104176115 17004786
104176738 17004786
104176068 17004788
104176780 17004788
104174791 17004789
104174802 17004790
104174808 17004790
104174855 17004790
104175542 17004791
104173393 17004792
104178803 17004793
104173568 17004794
104173569 17004794
104179002 17004795
104179015 17004795
104179791 17004798
104179789 17004800
104177214 17004801
104178659 17004802
104176179 17004803
104173432 17004805
104173560 17004805
104179521 17004805
104179538 17004805
104179539 17004805
104180956 17004805
104176854 17004807
104176899 17004809
104177302 17004809
104176907 17004811
104177032 17004813
104177287 17004813
104174130 17004815
104179729 17004817
104172431 17004818
104175313 17004818
104175315 17004818
104175316 17004818
104175630 17004818
104175647 17004818
104175650 17004818
104177436 17004821
104177437 17004821
104177474 17004821
104177477 17004821
104175861 17004823
104175862 17004823
104175867 17004823
104175869 17004823
104175870 17004823
104175872 17004823
104176604 17004823
104178628 17004823
104180555 17004823
104175170 17004826
104175172 17004826
104175175 17004826
104175176 17004826
104175179 17004826
104175180 17004826
104175181 17004826
104175183 17004826
104175186 17004826
104175187 17004826
104175188 17004826
104175190 17004826
104179986 17004826
104179987 17004826
104180584 17004826
104181163 17004826
104180988 17004828
104181081 17004828
104175874 17004829
104179576 17004830
104179580 17004830
104179583 17004830
104179586 17004830
104179587 17004830
104181138 17004830
104177052 17004832
104177160 17004832
104176891 17004833
104176915 17004833
104177300 17004833
104181188 17004835
104174081 17004837
104174082 17004837
104174084 17004837
104174086 17004837
104174237 17004837
104178748 17004837
104180076 17004837
104180544 17004837
104180545 17004837
104179545 17004838
104176280 17004839
104178623 17004839
104176928 17004840
104176960 17004840
104179710 17004841
104179852 17004842
104174545 17004843
104174546 17004843
104178975 17004843
104177065 17004844
104177147 17004844
104177151 17004844
104177155 17004845
104178697 17004846
104179941 17004847
104180308 17004847
104180309 17004847
104177181 17004849
104174621 17004850
104174622 17004850
104174623 17004850
104177350 17004850
104177361 17004850
104177368 17004850
104175938 17004851
104175939 17004851
104175941 17004851
104175942 17004851
104175945 17004851
104175948 17004851
104175951 17004851
104175953 17004851
104176250 17004851
104177795 17004851
104177977 17004851
104180992 17004852
104181077 17004852
104175900 17004853
104180766 17004853
104180767 17004853
104176993 17004856
104177009 17004856
104177205 17004856
104177207 17004856
104177209 17004856
104175786 17004857
104175036 17004858
104175069 17004858
104175155 17004858
104175189 17004859
104181336 17004859
104180300 17004860
104180301 17004860
104175195 17004861
104175213 17004861
104175235 17004863
104175557 17004863
104175228 17004864
104175554 17004864
104180642 17004864
104181293 17004864
104180641 17004865
104172422 17004867
104172423 17004867
104172425 17004867
104172427 17004867
104175293 17004867
104175298 17004867
104175300 17004867
104175301 17004867
104175607 17004867
104180161 17004867
104180552 17004867
104175303 17004867
104175303 17004869
104175612 17004867
104175612 17004869
104177760 17004867
104177760 17004869
104180401 17004867
104180401 17004869
104180402 17004867
104180402 17004869
104180483 17004867
104180483 17004869
104180484 17004867
104180484 17004869
104175888 17004870
104175912 17004870
104175943 17004870
104175960 17004870
104175977 17004870
104176034 17004872
104176055 17004872
104176089 17004872
104176098 17004872
104176118 17004872
104176163 17004872
104176622 17004872
104179946 17004872
104181317 17004872
104179420 17004874
104177153 17004876
104175808 17004877
104179972 17004877
104179973 17004877
104181055 17004877
104180091 17004880
104180092 17004880
104179252 17004881
104175156 17004882
104175158 17004882
104175160 17004882
104181415 17004882
104181416 17004882
104181434 17004882
104181435 17004882
104181578 17004882
104180993 17004884
104181076 17004884
104174279 17004886
104179116 17004886
104176584 17004887
104176586 17004887
104174280 17004889
104174496 17004890
104174384 17004891
104173780 17004895
104173783 17004895
104178277 17004895
104180010 17004895
104181272 17004895
104181273 17004895
104173765 17004898
104179944 17004899
104179477 17004900
104179698 17004901
104177265 17004903
104178806 17004904
104176929 17004905
104179554 17004906
104179556 17004906
104179562 17004906
104179565 17004906
104179570 17004906
104179571 17004906
104177055 17004908
104181084 17004908
104175044 17004910
104175045 17004910
104175049 17004910
104175050 17004910
104175051 17004910
104175053 17004910
104175681 17004910
104175823 17004911
104176257 17004911
104176610 17004911
104176743 17004911
104180272 17004911
104181335 17004911
104180936 17004912
104175538 17004914
104177647 17004914
104179848 17004914
104179849 17004914
104173016 17004915
104177013 17004916
104175952 17004917
104175952 44780114
104175831 17004927
104177996 17004927
104181586 17004928
104181572 17004929
104181573 17004929
104180811 17004930
104177309 17004931
104172665 17004932
104173022 17004932
104173169 17004932
104180940 17004932
104172669 17004934
104172882 17004934
104172883 17004934
104174780 17004934
104180572 17004934
104181268 17004934
104180735 17004935
104178896 17004936
104172647 17004938
104172971 17004938
104172972 17004938
104181150 17004938
104177282 17004939
104177144 17004940
104176096 17004941
104176138 17004941
104176293 17004941
104176402 17004941
104177030 17004941
104177036 17004941
104177048 17004941
104177067 17004941
104177233 17004941
104178012 17004941
104178105 17004941
104178106 17004941
104180049 17004941
104180050 17004941
104181083 17004941
104177066 17004942
104175844 17004943
104177999 17004947
104178039 17004947
104181311 17004947
104175278 17004948
104175356 17004948
104172398 17004950
104172400 17004950
104172402 17004950
104172403 17004950
104175266 17004950
104175268 17004950
104175376 17004950
104178660 17004951
104180994 17004952
104181075 17004952
104174377 17004953
104174382 17004953
104174363 17004955
104179860 17004956
104172979 17004957
104172980 17004957
104178653 17004957
104173564 17004959
104177297 17004960
104179619 17004961
104179622 17004961
104179625 17004961
104179626 17004961
104176947 17004963
104176953 17004963
104172962 17004967
104172963 17004967
104173110 17004967
104173189 17004967
104173217 17004967
104173219 17004967
104173220 17004967
104173221 17004967
104173222 17004967
104178673 17004967
104180492 17004967
104173714 17004968
104173831 17004968
104173837 17004968
104180400 17004969
104180403 17004970
104175587 17004972
104179342 17004973
104181888 17004975
104181845 17004980
104181846 17004980
104173743 17004982
104173744 17004982
104175080 17004983
104178874 17004984
104178876 17004984
104178877 17004984
104179311 17004986
104176932 17004987
104176950 17004987
104176996 17004987
104177244 17004987
104179323 17004987
104179324 17004987
104179370 17004987
104179373 17004987
104179374 17004987
104181096 17004987
104176180 17004989
104176174 17004990
104176176 17004990
104176178 17004990
104179722 17004991
104181088 17004993
104173565 17004994
104175842 17004996
104177017 17004998
104177033 17004998
104177040 17004998
104177046 17004998
104177050 17004998
104177054 17004998
104177058 17004998
104177123 17004998
104180418 17004998
104176654 17004999
104179326 17005003
104179331 17005003
104181082 17005003
104181111 17005003
104175685 17005004
104181230 17005004
104181231 17005004
104181567 17005004
104181568 17005004
104175243 17005006
104175974 17005008
104176381 17005008
104176422 17005008
104181053 17005008
104176897 17005010
104176906 17005010
104176931 17005010
104176974 17005010
104176988 17005010
104177007 17005010
104177016 17005010
104177022 17005010
104177023 17005010
104177095 17005010
104177289 17005010
104178810 17005012
104178811 17005012
104178799 17005014
104180427 17005014
104180624 17005014
104181095 17005015
104173501 17005017
104173577 17005017
104178160 17005017
104178161 17005017
104179691 17005017
104179699 17005017
104179702 17005017
104179703 17005017
104179927 17005017
104179929 17005017
104179930 17005017
104180957 17005017
104181128 17005017
104178691 17005020
104179705 17005020
104179715 17005020
104179717 17005020
104179718 17005020
104179938 17005020
104180731 17005020
104180733 17005020
104180734 17005020
104181115 17005020
104181129 17005020
104181132 17005020
104179473 17005021
104179475 17005021
104179476 17005021
104179478 17005021
104179479 17005021
104179721 17005021
104179724 17005021
104179727 17005021
104180704 17005021
104180909 17005021
104179690 17005023
104175102 17005024
104181105 17005024
104176659 17005027
104181211 17005027
104181212 17005027
104176663 17005029
104178055 17005030
104178889 17005032
104178891 17005032
104178892 17005032
104179676 17005034
104179679 17005034
104179680 17005034
104181148 17005034
104178353 17005036
104178443 17005036
104177363 17005037
104177376 17005037
104177380 17005037
104177384 17005037
104177389 17005037
104177401 17005037
104179102 17005037
104180997 17005037
104174631 17005038
104179019 17005038
104174630 17005039
104175222 17005040
104175385 17005042
104175774 17005042
104176499 17005042
104181011 17005042
104176603 17005045
104176603 44780202
104176603 44780203
104180441 17005045
104180441 44780202
104180441 44780203
104180442 17005045
104180442 44780202
104180442 44780203
104180447 17005045
104180447 44780202
104180447 44780203
104181756 17005045
104181756 44780202
104181756 44780203
104181757 17005045
104181757 44780202
104181757 44780203
104181764 17005045
104181764 44780202
104181764 44780203
104181765 17005045
104181765 44780202
104181765 44780203
104173672 17005047
104173858 17005047
104173987 17005047
104180482 17005049
104174231 17005050
104179726 17005051
104173570 17005053
104180908 17005054
104175492 17005056
104176702 17005061
104176702 44778628
104176702 44778629
104177503 17005061
104177503 44778628
104177503 44778629
104177516 17005061
104177516 44778628
104177516 44778629
104177535 17005061
104177535 44778628
104177535 44778629
104177537 17005061
104177537 44778628
104177537 44778629
104180414 17005061
104180414 44778628
104180414 44778629
104180415 17005061
104180415 44778628
104180415 44778629
104172986 17005062
104172987 17005062
104181107 17005062
104174329 17005065
104179293 17005065
104179294 17005065
104172626 17005066
104172627 17005066
104172628 17005066
104172629 17005066
104172636 17005066
104172637 17005066
104175863 17005067
104175883 17005067
104175909 17005067
104175935 17005067
104175956 17005067
104175976 17005067
104180732 17005070
104179470 17005071
104179471 17005071
104177288 17005073
104175865 17005075
104175890 17005075
104175915 17005075
104175944 17005075
104175962 17005075
104175987 17005075
104176039 17005078
104176049 17005078
104176093 17005078
104176101 17005078
104176119 17005078
104179120 17005078
104179121 17005078
104181036 17005078
104173436 17005079
104173484 17005079
104178172 17005079
104179934 17005079
104180722 17005079
104180725 17005079
104181110 17005079
104181135 17005079
104181071 17005081
104172811 17005083
104176923 17005084
104176943 17005084
104177323 17005084
104174232 17005085
104181196 17005088
104178824 17005089
104174649 17005092
104179548 17005093
104179367 17005094
104179368 17005094
104172649 17005096
104172926 17005096
104172983 17005096
104172984 17005096
104172985 17005096
104181108 17005096
104172630 17005099
104172631 17005099
104172632 17005099
104172633 17005099
104172634 17005099
104172635 17005099
104174124 17005100
104174332 17005100
104175516 17005102
104175517 17005102
104179850 17005102
104179853 17005102
104179854 17005102
104180626 17005104
104173428 17005107
104173486 17005107
104173550 17005107
104173617 17005107
104179552 17005107
104179602 17005107
104179623 17005107
104179624 17005107
104179638 17005107
104179643 17005107
104179644 17005107
104179677 17005107
104173230 17005111
104173231 17005111
104173323 17005111
104173233 17005114
104173235 17005114
104173301 17005114
104178577 17005114
104176964 17005115
104176976 17005115
104177004 17005115
104179319 17005116
104175070 17005117
104175071 17005117
104175075 17005117
104175077 17005117
104177043 17005118
104177213 17005118
104178702 17005120
104181310 17005121
104180706 17005122
104176900 17005124
104177304 17005124
104177306 17005124
104178850 17005125
104174393 17005126
104174395 17005127
104174403 17005128
104174405 17005128
104179540 17005129
104176965 17005131
104176966 17005131
104173427 17005142
104173429 17005142
104173433 17005142
104173434 17005142
104173437 17005142
104173439 17005142
104173441 17005142
104173442 17005142
104173445 17005142
104173562 17005142
104173563 17005142
104173566 17005142
104173571 17005142
104173581 17005142
104173602 17005142
104179559 17005142
104179568 17005142
104179574 17005142
104179592 17005142
104179606 17005142
104179615 17005142
104179616 17005142
104179667 17005142
104179682 17005142
104179685 17005142
104177206 17005146
104178913 17005147
104178914 17005147
104175168 17005148
104180250 17005149
104180248 17005150
104180249 17005150
104174850 17005152
104178606 17005152
104180000 17005152
104179405 17005153
104177005 17005154
104177259 17005154
104177273 17005154
104178090 17005155
104179306 17005155
104179307 17005155
104178809 17005156
104176942 17005157
104178158 17005159
104178159 17005159
104173105 17005161
104178669 17005161
104178670 17005161
104173067 17005164
104175081 17005166
104175136 17005167
104175148 17005167
104175182 17005167
104173004 17005169
104173205 17005169
104178667 17005169
104175789 17005171
104175790 17005171
104175791 17005171
104175792 17005171
104176554 17005171
104176557 17005171
104178022 17005171
104173077 17005172
104173214 17005172
104177943 17005174
104181098 17005175
104179150 17005179
104179151 17005179
104180477 17005179
104180478 17005179
104173684 17005181
104174018 17005181
104179415 17005182
104179418 17005182
104179419 17005182
104179421 17005182
104179422 17005182
104179932 17005182
104179936 17005182
104180707 17005182
104180708 17005182
104180711 17005183
104180720 17005183
104181133 17005183
104181202 17005183
104179720 17005184
104179042 17005185
104179579 17005186
104180713 17005188
104177018 17005189
104179340 17005189
104179343 17005189
104179349 17005189
104179352 17005189
104179355 17005189
104179356 17005189
104175146 17005190
104175178 17005190
104177993 17005191
104178849 17005191
104173070 17005193
104173090 17005193
104180581 17005193
104180582 17005193
104173036 17005195
104173043 17005195
104173055 17005195
104173065 17005195
104173096 17005195
104173107 17005195
104173117 17005195
104180942 17005195
104176919 17005196
104178890 17005197
104179325 17005198
104176884 17005199
104179361 17005199
104179363 17005199
104179364 17005199
104176028 17005200
104176044 17005200
104176062 17005200
104176077 17005200
104176107 17005200
104176124 17005200
104175968 17005202
104175968 49246008
104180275 17005204
104176192 17005205
104176196 17005205
104176398 17005205
104176722 17005205
104180375 17005205
104180378 17005205
104180380 17005205
104180381 17005205
104178045 17005207
104178032 17005209
104178033 17005209
104176898 17005210
104176921 17005210
104177264 17005210
104176066 17005213
104176081 17005213
104176111 17005213
104176125 17005213
104176740 17005213
104174131 17005214
104179215 17005214
104179219 17005214
104180647 17005219
104177171 17005222
104173026 17005224
104174784 17005226
104179337 17005228
104179338 17005228
104177319 17005230
104176158 17005233
104176159 17005233
104176162 17005233
104176164 17005233
104176512 17005233
104179119 17005233
104180558 17005233
104181322 17005233
104181796 17005233
104174635 17005234
104178996 17005234
104180703 17005235
104177193 17005236
104180016 17005238
104176509 17005240
104176510 17005240
104175821 17005242
104181307 17005242
104176924 17005243
104177020 17005243
104177125 17005243
104181328 17005243
104179334 17005245
104179335 17005245
104175199 17005248
104175211 17005248
104175737 17005248
104173440 17005249
104174637 17005252
104174639 17005252
104178985 17005252
104178997 17005252
104177021 17005253
104177291 17005253
104177293 17005253
104177295 17005253
104176941 17005254
104176967 17005254
104177311 17005254
104177313 17005255
104177314 17005255
104181086 17005256
104175011 17005257
104175820 17005259
104175822 17005259
104176566 17005259
104176569 17005259
104175826 17005260
104177960 17005261
104179985 17005261
104179988 17005262
104177390 17005263
104179067 17005263
104173053 17005265
104173061 17005265
104173062 17005265
104173074 17005265
104173098 17005265
104179560 17005266
104179561 17005266
104175836 17005267
104176978 17005269
104176987 17005269
104177002 17005269
104179310 17005269
104179346 17005269
104179347 17005269
104179357 17005269
104179358 17005269
104181112 17005271
104177204 17005272
104175194 17005273
104175214 17005273
104175233 17005273
104180966 17005274
104175116 17005275
104175118 17005275
104175121 17005275
104175006 17005276
104175471 17005276
104179044 17005278
104174379 17005279
104179104 17005279
104179110 17005279
104180056 17005280
104178017 17005282
104178019 17005282
104178608 17005282
104174360 17005284
104179211 17005284
104176006 17005285
104176008 17005285
104181045 17005285
104175802 17005289
104175832 17005289
104176712 17005289
104174271 17005291
104174503 17005291
104174527 17005291
104174577 17005291
104179423 17005292
104173723 17005295
104175005 17005295
104175010 17005295
104175014 17005295
104179258 17005295
104179261 17005295
104179262 17005295
104181204 17005298
104177203 17005300
104176979 17005302
104177200 17005302
104177267 17005303
104177175 17005305
104176882 17005306
104176901 17005306
104177318 17005306
104174392 17005307
104174402 17005309
104179322 17005311
104176189 17005312
104176661 17005312
104175892 17005313
104175916 17005313
104175965 17005313
104175988 17005313
104176005 17005313
104176024 17005313
104176040 17005313
104176059 17005313
104176073 17005313
104176102 17005313
104176152 17005313
104176153 17005313
104176377 17005313
104176416 17005313
104176507 17005313
104176508 17005313
104177975 17005313
104178047 17005313
104178885 17005313
104178886 17005313
104179981 17005313
104179982 17005313
104181318 17005313
104173051 17005314
104173052 17005314
104173059 17005314
104178654 17005314
104175225 17005315
104179533 17005316
104179536 17005316
104179537 17005316
104174571 17005320
104174572 17005320
104174573 17005320
104177351 17005320
104177411 17005320
104175875 17005321
104175877 17005321
104176588 17005321
104176589 17005321
104175798 17005322
104175805 17005322
104175815 17005322
104177292 17005323
104172463 17005325
104172467 17005325
104172474 17005325
104172509 17005325
104172530 17005325
104172537 17005325
104172434 17005326
104178719 17005326
104180646 17005327
104174110 17005329
104174167 17005329
104174168 17005329
104174189 17005329
104174215 17005329
104174565 17005333
104174687 17005333
104174694 17005333
104179716 17005334
104173654 17005335
104173655 17005335
104173657 17005335
104173861 17005335
104173665 17005339
104173666 17005339
104173667 17005339
104173844 17005339
104173919 17005339
104174913 17005339
104180548 17005339
104176658 17005340
104179395 17005342
104179400 17005342
104179401 17005342
104174396 17005353
104174397 17005353
104174398 17005353
104174383 17005357
104174394 17005357
104174412 17005357
104179109 17005357
104173527 17005359
104178141 17005359
104173415 17005361
104173418 17005361
104178125 17005361
104173416 17005362
104173425 17005364
104178581 17005366
104172533 17005368
104172541 17005368
104172395 17005369
104176010 17005371
104181014 17005371
104176015 17005372
104176016 17005372
104176019 17005372
104176021 17005372
104176023 17005372
104176025 17005372
104176029 17005372
104176030 17005372
104176460 17005372
104174358 17005373
104181155 17005374
104174240 17005375
104174254 17005375
104174255 17005375
104174256 17005375
104174464 17005375
104174470 17005375
104174481 17005375
104173768 17005376
104180064 17005376
104180967 17005376
104178664 17005377
104173792 17005379
104174886 17005379
104176847 17005381
104176849 17005381
104176850 17005381
104176851 17005381
104177371 17005381
104175297 17005382
104175306 17005382
104175310 17005382
104175322 17005382
104175596 17005382
104175622 17005382
104175643 17005382
104175389 17005384
104173669 17005385
104173842 17005385
104173914 17005385
104173958 17005385
104175003 17005385
104175024 17005385
104175059 17005385
104175242 17005385
104175267 17005385
104175353 17005385
104178079 17005385
104178084 17005385
104178085 17005385
104180480 17005385
104180481 17005385
104180980 17005385
104173558 17005386
104181309 17005389
104173850 17005392
104173917 17005392
104174050 17005392
104178087 17005392
104180549 17005392
104175312 17005393
104175324 17005393
104175624 17005393
104178722 17005393
104178725 17005393
104178728 17005393
104178731 17005393
104179582 17005395
104177272 17005397
104173675 17005400
104173972 17005400
104174035 17005400
104175422 17005400
104179264 17005400
104180563 17005400
104180564 17005400
104175602 17005401
104179564 17005402
104180667 17005403
104181392 17005403
104181393 17005403
104173224 17005405
104173225 17005405
104173226 17005405
104173496 17005405
104178575 17005405
104172545 17005406
104181074 17005410
104179931 17005411
104175582 17005413
104176035 17005414
104176036 17005414
104176038 17005414
104176041 17005414
104176042 17005414
104176045 17005414
104176046 17005414
104176048 17005414
104176224 17005414
104181037 17005414
104174287 17005416
104178053 17005417
104173656 17005418
104173658 17005418
104173659 17005418
104173818 17005418
104173821 17005418
104173863 17005418
104173964 17005418
104180547 17005418
104178973 17005419
104181281 17005419
104172640 17005420
104172641 17005420
104172482 17005421
104181330 17005422
104177307 17005423
104176980 17005424
104176994 17005424
104178632 17005424
104173673 17005426
104173859 17005426
104174027 17005426
104174338 17005427
104177041 17005428
104177236 17005428
104175098 17005430
104175126 17005430
104175134 17005430
104175723 17005430
104175763 17005430
104179845 17005430
104179846 17005430
104175151 17005432
104180280 17005434
104180283 17005434
104180285 17005434
104180287 17005434
104180286 17005435
104177157 17005436
104177179 17005438
104177006 17005439
104175245 17005440
104175247 17005440
104175561 17005440
104180649 17005442
104180650 17005442
104176681 17005443
104174137 17005444
104178200 17005444
104177433 17005447
104177439 17005447
104177443 17005447
104177276 17005448
104176533 17005449
104176903 17005450
104176904 17005450
104176905 17005450
104179389 17005450
104179390 17005450
104181147 17005452
104179588 17005453
104174407 17005456
104174409 17005456
104174411 17005456
104179115 17005456
104178089 17005457
104178771 17005458
104181668 17005460
104181670 17005460
104172839 17005464
104175094 17005465
104175079 17005466
104175083 17005466
104175085 17005466
104175088 17005466
104175090 17005466
104175091 17005466
104175092 17005466
104175093 17005466
104175095 17005466
104175527 17005466
104175529 17005466
104175546 17005466
104177958 17005466
104181299 17005466
104181398 17005470
104175566 17005471
104174864 17005472
104174258 17005473
104174260 17005473
104174261 17005473
104174262 17005473
104174263 17005473
104174264 17005473
104174265 17005473
104174266 17005473
104176082 17005474
104176112 17005474
104176990 17005476
104176991 17005476
104177275 17005476
104177277 17005476
104177279 17005476
104176910 17005479
104176912 17005479
104176913 17005479
104179362 17005480
104177195 17005482
104172981 17005483
104173201 17005483
104178656 17005483
104173678 17005485
104173815 17005485
104173955 17005485
104174003 17005485
104178582 17005485
104174905 17005486
104178072 17005486
104176001 17005489
104178207 17005491
104178208 17005491
104176944 17005492
104177281 17005492
104177290 17005493
104172815 17005495
104173032 17005495
104173186 17005495
104173212 17005495
104174789 17005495
104174832 17005495
104177680 17005495
104177936 17005495
104178602 17005495
104178604 17005495
104178192 17005496
104178193 17005496
104179847 17005497
104175371 17005498
104175374 17005498
104175570 17005498
104178893 17005500
104177315 17005501
104179339 17005502
104176235 17005504
104178744 17005505
104180860 17005505
104180861 17005505
104173764 17005506
104180009 17005506
104172690 17005508
104172797 17005508
104172702 17005509
104172709 17005509
104179713 17005510
104175314 17005512
104175626 17005512
104175400 17005514
104178378 17005514
104178379 17005514
104177570 17005517
104174064 17005518
104174065 17005518
104174191 17005518
104174203 17005518
104174230 17005518
104180486 17005518
104180487 17005518
104174301 17005524
104174497 17005524
104178104 17005524
104172650 17005526
104175801 17005527
104175807 17005527
104176581 17005528
104180175 17005529
104174385 17005530
104180934 17005530
104174386 17005531
104174387 17005531
104174388 17005531
104174389 17005531
104174390 17005531
104179597 17005532
104179600 17005532
104179603 17005532
104179609 17005532
104179610 17005532
104179612 17005532
104179613 17005532
104181561 17005534
104181562 17005534
104175215 17005535
104175216 17005535
104175217 17005535
104175218 17005535
104175910 17005535
104175913 17005535
104175914 17005535
104175917 17005535
104175918 17005535
104175920 17005535
104175921 17005535
104175924 17005535
104175925 17005535
104180991 17005537
104181078 17005537
104173271 17005538
104173272 17005538
104174328 17005538
104174330 17005538
104174333 17005538
104178666 17005538
104179303 17005538
104176593 17005539
104176595 17005539
104176596 17005539
104176949 17005540
104175023 17005542
104175030 17005542
104175068 17005542
104175191 17005542
104175272 17005542
104175290 17005542
104175358 17005542
104175424 17005542
104178868 17005542
104180203 17005542
104180204 17005542
104181025 17005542
104181041 17005542
104181283 17005542
104175401 17005545
104175665 17005545
104177431 17005545
104178381 17005545
104178382 17005545
104175292 17005546
104175295 17005546
104175609 17005546
104180239 17005546
104180240 17005546
104180774 17005546
104180775 17005546
104177296 17005548
104175198 17005550
104175200 17005550
104175202 17005550
104175203 17005550
104180989 17005551
104181080 17005551
104175876 17005552
104175906 17005552
104175931 17005552
104173002 17005553
104173005 17005553
104173207 17005553
104174122 17005554
104174123 17005554
104175193 17005555
104175882 17005556
104175884 17005556
104175885 17005556
104175887 17005556
104175889 17005556
104175891 17005556
104175894 17005556
104173984 17005557
104175076 17005558
104175161 17005558
104180112 17005560
104175886 17005565
104175911 17005565
104175940 17005565
104175959 17005565
104175985 17005565
104176373 17005565
104176409 17005565
104176414 17005565
104176456 17005565
104178859 17005566
104172676 17005567
104173029 17005567
104172677 17005568
104172717 17005568
104172803 17005568
104179371 17005569
104179572 17005570
104175207 17005571
104175670 17005574
104175671 17005574
104173756 17005576
104175263 17005577
104181422 17005577
104172596 17005582
104172597 17005582
104172598 17005582
104172599 17005582
104172787 17005582
104172947 17005582
104172948 17005582
104173092 17005582
104174061 17005582
104174062 17005582
104174186 17005582
104175817 17005582
104177971 17005582
104178067 17005582
104179132 17005582
104179134 17005582
104179135 17005582
104179786 17005582
104179787 17005582
104179975 17005582
104179976 17005582
104180559 17005582
104180867 17005582
104180868 17005582
104181209 17005582
104173003 17005585
104173206 17005585
104173269 17005585
104178651 17005586
104178652 17005586
104178655 17005586
104179354 17005587
104177321 17005588
104177184 17005590
104177186 17005590
104177188 17005590
104181089 17005590
104181727 17005592
104181728 17005592
104176232 17005593
104176728 17005593
