89058412 112472379
89058412 9047689
89068663 112472379
89068663 9047689
89068664 112472379
89068664 9047689
89058425 112472379
89058425 9047689
89058425 9347878
89059410 112472379
89059410 9047689
89059410 9347878
89059411 112472379
89059411 9047689
89059411 9347878
89053144 9046590
89053144 9346711
89053103 9048586
89053103 9348636
89055100 9049117
89055100 9348947
89055101 9049117
89055101 9348947
89055250 9049117
89055250 9348947
89055251 9049117
89055251 9348947
89068622 9049117
89068622 9348947
89068605 9050051
89068605 9350060
89068606 9050051
89068606 9350060
89058758 9348582
17974450 9048399
17974450 9348716
17974449 9049694
17974449 9348714
17978677 9346253
17978678 9346253
55658739 9046138
55658739 9448698
55658740 9046138
55658740 9448698
55658741 9046138
55658741 9448698
55632622 9049523
55632618 9049523
55632618 9450845
55632620 9049523
55632620 9450845
55632630 9049523
55632630 9450845
55632771 9049523
55632771 9450845
55632807 9049523
55632807 9450845
55632893 9049523
55632893 9450845
55632936 9049523
55632936 9450845
55658734 9049523
55658734 9450845
55658735 9049523
55658735 9450845
55658736 9049523
55658736 9450845
55658737 9049523
55658737 9450845
55632601 9049526
55632937 9049526
55632937 9450846
55632959 9049526
55632959 9450846
55633031 9049526
55633031 9450846
18071576 9047112
18071576 9460991
18071578 9047112
18071578 9460991
18092860 9047112
18092860 9460991
99380335 112409039
99380335 132057960
99380335 9049073
99386668 112409039
99386668 132057960
99386668 9049073
99378884 112472450
99378884 9049774
99378942 112472450
99378942 9049774
99379818 112472450
99379818 9049774
99379823 112472450
99379823 9049774
99379832 112472450
99379832 9049774
99379838 112472450
99379838 9049774
99379867 112472450
99379867 9049774
99379873 112472450
99379873 9049774
99379885 112472450
99379885 9049774
99379950 112472450
99379950 9049774
99379958 112472450
99379958 9049774
99385746 112472450
99385746 9049774
99387065 112472450
99387065 9049774
99387066 112472450
99387066 9049774
99387073 112472450
99387073 9049774
99387074 112472450
99387074 9049774
99387155 112472450
99387155 9049774
99387156 112472450
99387156 9049774
99376997 119972420
99376997 119972421
99376997 51973180
99376997 9043663
99377034 119972420
99377034 119972421
99377034 51973180
99377034 9043663
99377049 119972420
99377049 119972421
99377049 51973180
99377049 9043663
99377058 119972420
99377058 119972421
99377058 51973180
99377058 9043663
99377076 119972420
99377076 119972421
99377076 51973180
99377076 9043663
99377078 119972420
99377078 119972421
99377078 51973180
99377078 9043663
99377090 119972420
99377090 119972421
99377090 51973180
99377090 9043663
99377099 119972420
99377099 119972421
99377099 51973180
99377099 9043663
99377159 119972420
99377159 119972421
99377159 51973180
99377159 9043663
99377185 119972420
99377185 119972421
99377185 51973180
99377185 9043663
99377371 119972420
99377371 119972421
99377371 51973180
99377371 9043663
99377378 119972420
99377378 119972421
99377378 51973180
99377378 9043663
99377386 119972420
99377386 119972421
99377386 51973180
99377386 9043663
99377394 119972420
99377394 119972421
99377394 51973180
99377394 9043663
99377400 119972420
99377400 119972421
99377400 51973180
99377400 9043663
99378048 119972420
99378048 119972421
99378048 51973180
99378048 9043663
99378331 119972420
99378331 119972421
99378331 51973180
99378331 9043663
99378545 119972420
99378545 119972421
99378545 51973180
99378545 9043663
99378746 119972420
99378746 119972421
99378746 51973180
99378746 9043663
99384290 119972420
99384290 119972421
99384290 51973180
99384290 9043663
99385636 119972420
99385636 119972421
99385636 51973180
99385636 9043663
99373811 132057942
99373811 9048509
99373829 132057942
99373829 9048509
99373839 132057942
99373839 9048509
99374144 132057942
99374144 9048509
99374166 132057942
99374166 9048509
99374171 132057942
99374171 9048509
99374173 132057942
99374173 9048509
99374187 132057942
99374187 9048509
99374204 132057942
99374204 9048509
99374414 132057942
99374414 9048509
99374436 132057942
99374436 9048509
99374458 132057942
99374458 9048509
99374464 132057942
99374464 9048509
99375914 132057942
99375914 9048509
99375933 132057942
99375933 9048509
99390181 132057942
99390181 9048509
99390183 132057942
99390183 9048509
99390184 132057942
99390184 9048509
99390395 132057942
99390395 9048509
99390396 132057942
99390396 9048509
99390399 132057942
99390399 9048509
99390400 132057942
99390400 9048509
99390420 132057942
99390420 9048509
99390423 132057942
99390423 9048509
99390424 132057942
99390424 9048509
99390425 132057942
99390425 9048509
99390427 132057942
99390427 9048509
99390428 132057942
99390428 9048509
99373950 132057989
99373950 9047545
99373952 132057989
99373952 9047545
99373987 132057989
99373987 9047545
99373998 132057989
99373998 9047545
99374037 132057989
99374037 9047545
99374038 132057989
99374038 9047545
99374077 132057989
99374077 9047545
99374089 132057989
99374089 9047545
99374096 132057989
99374096 9047545
99374109 132057989
99374109 9047545
99374154 132057989
99374154 9047545
99374168 132057989
99374168 9047545
99374197 132057989
99374197 9047545
99374270 132057989
99374270 9047545
99374348 132057989
99374348 9047545
99374376 132057989
99374376 9047545
99374431 132057989
99374431 9047545
99374483 132057989
99374483 9047545
99374487 132057989
99374487 9047545
99382751 132057989
99382751 9047545
99382770 132057989
99382770 9047545
99382776 132057989
99382776 9047545
99385380 132057989
99385380 9047545
99390163 132057989
99390163 9047545
99390164 132057989
99390164 9047545
99390891 132057989
99390891 9047545
99390892 132057989
99390892 9047545
99394499 132057989
99394499 9047545
99393669 164664150
99393669 9049892
99393670 164664150
99393670 9049892
99393671 164664150
99393671 9049892
99393672 164664150
99393672 9049892
99378055 164664153
99378055 51975547
99378055 9047560
99378055 9049892
99378057 164664153
99378057 51975547
99378057 9047560
99378057 9049892
99378059 164664153
99378059 51975547
99378059 9047560
99378059 9049892
99386532 164664153
99386532 51975547
99386532 9047560
99386532 9049892
99386757 164664153
99386757 51975547
99386757 9047560
99386757 9049892
99379356 164664176
99379356 9047205
99379358 164664176
99379358 9047205
99379360 164664176
99379360 9047205
99379362 164664176
99379362 9047205
99379364 164664176
99379364 9047205
99379366 164664176
99379366 9047205
99379370 164664176
99379370 9047205
99379373 164664176
99379373 9047205
99379388 164664176
99379388 9047205
99380300 164664176
99380300 9047205
99380301 164664176
99380301 9047205
99380310 164664176
99380310 9047205
99380314 164664176
99380314 9047205
99380316 164664176
99380316 9047205
99380318 164664176
99380318 9047205
99380320 164664176
99380320 9047205
99380321 164664176
99380321 9047205
99380556 164664176
99380556 9047205
99383387 164664176
99383387 9047205
99383388 164664176
99383388 9047205
99387079 164664176
99387079 9047205
99387081 164664176
99387081 9047205
99387082 164664176
99387082 9047205
99387279 164664176
99387279 9047205
99387280 164664176
99387280 9047205
99387895 164664176
99387895 9047205
99387897 164664176
99387897 9047205
99387898 164664176
99387898 9047205
99371024 174284848
99371024 174284849
99371024 174284850
99371024 174284851
99371024 174284852
99371024 174284877
99371024 174284885
99371024 51973176
99371024 51973177
99371024 9049539
99371415 174284848
99371415 174284849
99371415 174284850
99371415 174284851
99371415 174284852
99371415 174284877
99371415 174284885
99371415 51973176
99371415 51973177
99371415 9049539
99371841 174284848
99371841 174284849
99371841 174284850
99371841 174284851
99371841 174284852
99371841 174284877
99371841 174284885
99371841 51973176
99371841 51973177
99371841 9049539
99382622 174284848
99382622 174284849
99382622 174284850
99382622 174284851
99382622 174284852
99382622 174284877
99382622 174284885
99382622 51973176
99382622 51973177
99382622 9049539
99382663 174284848
99382663 174284849
99382663 174284850
99382663 174284851
99382663 174284852
99382663 174284877
99382663 174284885
99382663 51973176
99382663 51973177
99382663 9049539
99385182 174284848
99385182 174284849
99385182 174284850
99385182 174284851
99385182 174284852
99385182 174284877
99385182 174284885
99385182 51973176
99385182 51973177
99385182 9049539
99386168 174284848
99386168 174284849
99386168 174284850
99386168 174284851
99386168 174284852
99386168 174284877
99386168 174284885
99386168 51973176
99386168 51973177
99386168 9049539
99389295 174284848
99389295 174284849
99389295 174284850
99389295 174284851
99389295 174284852
99389295 174284877
99389295 174284885
99389295 51973176
99389295 51973177
99389295 9049539
99389296 174284848
99389296 174284849
99389296 174284850
99389296 174284851
99389296 174284852
99389296 174284877
99389296 174284885
99389296 51973176
99389296 51973177
99389296 9049539
99390021 174284848
99390021 174284849
99390021 174284850
99390021 174284851
99390021 174284852
99390021 174284877
99390021 174284885
99390021 51973176
99390021 51973177
99390021 9049539
99390022 174284848
99390022 174284849
99390022 174284850
99390022 174284851
99390022 174284852
99390022 174284877
99390022 174284885
99390022 51973176
99390022 51973177
99390022 9049539
99368057 51973175
99368057 9048342
99368075 51973175
99368075 9048342
99368089 51973175
99368089 9048342
99368102 51973175
99368102 9048342
99368120 51973175
99368120 9048342
99368144 51973175
99368144 9048342
99368160 51973175
99368160 9048342
99371268 51973175
99371268 9048342
99371290 51973175
99371290 9048342
99371299 51973175
99371299 9048342
99371541 51973175
99371541 9048342
99371560 51973175
99371560 9048342
99381510 51973175
99381510 9048342
99382087 51973175
99382087 9048342
99382089 51973175
99382089 9048342
99382090 51973175
99382090 9048342
99382637 51973175
99382637 9048342
99384893 51973175
99384893 9048342
99386186 51973175
99386186 9048342
99386190 51973175
99386190 9048342
99387615 51973175
99387615 9048342
99396203 51973175
99396203 9048342
99377075 51973181
99377075 9047903
99378656 51973181
99378656 9047903
99384610 51973181
99384610 9047903
99385576 51973181
99385576 9047903
99396188 51973181
99396188 9047903
99369375 51976796
99369375 51976800
99369375 9048440
99369698 51976796
99369698 51976800
99369698 9048440
99369831 51976796
99369831 51976800
99369831 9048440
99383476 51976796
99383476 51976800
99383476 9048440
99383477 51976796
99383477 51976800
99383477 9048440
99396252 51976796
99396252 51976800
99396252 9048440
99370911 51976821
99370911 51976822
99370911 9049008
99378670 51976821
99378670 51976822
99378670 9049008
99378672 51976821
99378672 51976822
99378672 9049008
99378674 51976821
99378674 51976822
99378674 9049008
99384063 51976821
99384063 51976822
99384063 9049008
99384064 51976821
99384064 51976822
99384064 9049008
99384360 51976821
99384360 51976822
99384360 9049008
99384371 51976821
99384371 51976822
99384371 9049008
99384372 51976821
99384372 51976822
99384372 9049008
99385127 51976821
99385127 51976822
99385127 9049008
99389967 51976821
99389967 51976822
99389967 9049008
99389968 51976821
99389968 51976822
99389968 9049008
99370639 52021089
99370639 9044067
99372541 52021089
99372541 9044067
99372543 52021089
99372543 9044067
99372545 52021089
99372545 9044067
99372546 52021089
99372546 9044067
99371573 52021090
99371573 9043733
99371575 52021090
99371575 9043733
99371577 52021090
99371577 9043733
99371579 52021090
99371579 9043733
99371581 52021090
99371581 9043733
99371583 52021090
99371583 9043733
99371596 52021090
99371596 9043733
99372547 52021090
99372547 9043733
99390039 52021090
99390039 9043733
99390040 52021090
99390040 9043733
99390071 52021090
99390071 9043733
99390072 52021090
99390072 9043733
99390081 52021090
99390081 9043733
99390083 52021090
99390083 9043733
99390085 52021090
99390085 9043733
99390086 52021090
99390086 9043733
99372257 88141704
99372257 9049860
99378332 88141704
99378332 9049860
99377328 88141705
99377328 88624022
99377328 9049856
99377432 88141705
99377432 88624022
99377432 9049856
99377497 88141705
99377497 88624022
99377497 9049856
99377506 88141705
99377506 88624022
99377506 9049856
99377507 88141705
99377507 88624022
99377507 9049856
99377525 88141705
99377525 88624022
99377525 9049856
99377530 88141705
99377530 88624022
99377530 9049856
99377860 88141705
99377860 88624022
99377860 9049856
99377895 88141705
99377895 88624022
99377895 9049856
99377902 88141705
99377902 88624022
99377902 9049856
99378078 88141705
99378078 88624022
99378078 9049856
99378380 88141705
99378380 88624022
99378380 9049856
99381071 88141705
99381071 88624022
99381071 9049856
99383012 88141705
99383012 88624022
99383012 9049856
99389213 88141705
99389213 88624022
99389213 9049856
99389214 88141705
99389214 88624022
99389214 9049856
99389225 88141705
99389225 88624022
99389225 9049856
99389226 88141705
99389226 88624022
99389226 9049856
99389229 88141705
99389229 88624022
99389229 9049856
99389230 88141705
99389230 88624022
99389230 9049856
99389233 88141705
99389233 88624022
99389233 9049856
99389234 88141705
99389234 88624022
99389234 9049856
99389247 88141705
99389247 88624022
99389247 9049856
99389248 88141705
99389248 88624022
99389248 9049856
99389513 88141705
99389513 88624022
99389513 9049856
99389514 88141705
99389514 88624022
99389514 9049856
99389525 88141705
99389525 88624022
99389525 9049856
99389526 88141705
99389526 88624022
99389526 9049856
99384266 9043637
99384267 9043637
99380028 9043642
99387077 9043642
99387078 9043642
99375544 9043644
99370187 9043649
99370278 9043649
99370495 9043649
99379494 9043650
99379501 9043650
99379502 9043650
99379506 9043650
99379510 9043650
99379596 9043650
99379601 9043650
99379610 9043650
99379796 9043650
99385722 9043650
99372732 9043651
99385301 9043651
99393271 9043651
99378040 9043653
99378482 9043653
99378483 9043653
99378485 9043653
99385666 9043653
99385959 9043653
99385960 9043653
99386680 9043653
99382689 9043654
99385910 9043655
99389969 9043657
99389970 9043657
99393666 9043657
99375970 9043668
99376733 9043668
99389830 9043668
99396768 9043668
99374963 9043674
99385441 9043674
99378416 9043677
99378417 9043677
99369315 9043683
99369332 9043683
99369480 9043686
99378953 9043689
99378955 9043689
99379375 9043689
99379377 9043689
99379381 9043689
99379387 9043689
99379389 9043689
99379391 9043689
99379393 9043689
99379485 9043689
99387529 9043689
99387531 9043689
99387532 9043689
99387659 9043689
99387661 9043689
99387662 9043689
99387669 9043689
99387671 9043689
99387673 9043689
99387674 9043689
99387909 9043689
99387910 9043689
99387911 9043689
99387913 9043689
99387914 9043689
99387915 9043689
99387916 9043689
99393501 9043720
99395150 9043720
99373465 9043725
99373620 9043725
99375866 9043728
99386053 9043728
99386061 9043728
99386062 9043728
99379951 9043735
99379851 9043738
99379902 9043738
99379955 9043738
99368321 9043749
99368326 9043749
99379783 9043749
99379787 9043749
99379789 9043749
99379791 9043749
99379797 9043749
99379799 9043749
99379801 9043749
99379809 9043749
99383115 9043749
99384901 9043749
99387595 9043749
99387597 9043749
99387598 9043749
99387599 9043749
99387600 9043749
99387735 9043749
99387736 9043749
99388195 9043749
99388196 9043749
99378474 9043754
99379808 9043757
99379810 9043757
99379812 9043757
99379814 9043757
99379816 9043757
99387737 9043757
99387739 9043757
99387741 9043757
99387742 9043757
99388211 9043757
99388212 9043757
99369378 9043763
99374728 9043768
99386806 9043768
99394526 9043768
99383998 9043769
99374896 9043772
99378344 9043774
99379842 9043777
99383711 9043779
99393456 9043790
99393464 9043790
99395081 9043790
99395083 9043790
99378368 9043793
99383881 9043796
99382348 9043798
99385501 9043798
99378231 9043799
99379739 9043801
99379740 9043801
99396456 9043815
99373116 9043818
99392875 9043832
99383621 9043835
99385586 9043835
99379776 9043837
99378298 9043838
99378299 9043838
99373171 9043840
99378147 9043843
99382129 9043847
99392463 9043847
99374564 9043848
99396217 9043852
99371635 9043858
99371637 9043858
99371639 9043858
99371641 9043858
99371645 9043858
99371646 9043858
99371796 9043858
99388653 9043858
99388654 9043858
99374581 9043861
99375916 9043875
99385534 9043875
99393585 9043875
99393832 9043875
99392653 9043878
99373493 9043885
99386269 9043885
99394593 9043885
99396255 9043885
99370791 9043893
99370814 9043893
99380817 9043893
99385118 9043893
99375959 9043896
99373089 9043899
99375802 9043902
99375371 9043908
99375373 9043908
99375375 9043908
99375381 9043908
99378063 9043908
99378065 9043908
99378067 9043908
99378071 9043908
99378073 9043908
99378075 9043908
99378077 9043908
99378079 9043908
99389519 9043908
99389521 9043908
99389522 9043908
99389927 9043908
99389928 9043908
99390289 9043908
99390543 9043908
99390544 9043908
99390545 9043908
99390547 9043908
99390549 9043908
99390551 9043908
99390553 9043908
99390554 9043908
99390831 9043908
99390832 9043908
99375960 9043919
99375971 9043919
99376025 9043919
99376416 9043919
99386376 9043919
99379915 9043936
99379916 9043936
99380331 9043936
99380333 9043936
99380338 9043936
99380352 9043936
99380354 9043936
99380356 9043936
99380358 9043936
99380549 9043936
99380562 9043936
99383068 9043936
99386558 9043936
99386991 9043936
99386993 9043936
99386995 9043936
99386996 9043936
99387019 9043936
99387020 9043936
99387063 9043936
99387064 9043936
99387067 9043936
99387068 9043936
99387105 9043936
99387107 9043936
99387108 9043936
99387123 9043936
99387124 9043936
99375789 9043938
99375829 9043938
99370263 9043945
99370701 9043945
99390615 9043945
99390617 9043945
99390618 9043945
99391067 9043958
99394474 9043958
99391069 9043967
99375846 9043970
99371907 9043977
99371914 9043977
99379460 9043979
99376637 9043990
99376639 9043990
99378091 9043990
99378093 9043990
99378101 9043990
99378105 9043990
99378107 9043990
99385605 9043990
99388457 9043990
99388458 9043990
99388479 9043990
99388480 9043990
99388869 9043990
99388870 9043990
99388871 9043990
99388872 9043990
99388881 9043990
99388882 9043990
99389241 9043990
99389243 9043990
99389244 9043990
99389245 9043990
99389246 9043990
99375710 9043991
99371924 9044004
99371933 9044004
99371934 9044004
99393913 9044004
99379482 9044007
99375640 9044010
99375739 9044010
99375787 9044010
99370337 9044013
99370769 9044013
99370609 9044021
99370611 9044021
99370613 9044021
99370615 9044021
99370619 9044021
99370621 9044021
99370622 9044021
99370628 9044021
99370630 9044021
99370632 9044021
99370633 9044021
99370637 9044021
99370757 9044021
99382602 9044021
99385098 9044021
99390375 9044021
99390376 9044021
99370780 9044027
99370784 9044027
99370785 9044027
99370788 9044027
99396179 9044027
99375757 9044033
99375796 9044033
99388365 9044033
99388366 9044033
99375668 9044040
99375672 9044040
99375680 9044040
99375755 9044040
99375758 9044040
99370787 9044042
99393978 9044062
99374126 9044070
99374130 9044070
99374129 9044071
99375614 9044085
99375621 9044085
99375629 9044085
99375726 9044085
99371406 9044105
99371839 9044105
99389655 9044105
99389657 9044105
99389658 9044105
99393459 9044105
99374148 9044109
99379399 9044115
99370509 9044154
99385922 9044158
99375645 9044159
99375831 9044159
99370777 9044164
99380805 9044164
99382974 9044174
99383110 9044174
99375667 9044178
99375675 9044178
99370390 9044180
99370694 9044180
99370695 9044184
99370755 9044184
99386766 9044184
99394099 9044184
99390087 9044228
99390088 9044228
99393717 9044228
99393718 9044228
99393719 9044228
99393738 9044228
99393739 9044228
99395145 9044228
99374016 9044235
99370546 9044247
99370548 9044247
99370550 9044247
99383301 9044247
99383302 9044247
99386781 9044247
99371719 9044251
99371720 9044251
99393736 9044255
99393743 9044255
99384635 9044259
99386254 9044259
99371014 9044262
99371892 9044262
99371894 9044262
99393756 9044289
99372807 9044303
99384651 9044303
99386246 9044303
99372051 9044333
99393758 9044333
99393759 9044333
99370576 9044352
99370578 9044352
99370580 9044352
99370586 9044352
99386792 9044352
99370589 9044374
99386783 9044374
99390611 9044374
99390613 9044374
99390614 9044374
99371613 9044389
99371615 9044389
99371617 9044389
99371623 9044389
99371648 9044389
99371650 9044389
99371651 9044389
99371657 9044389
99371659 9044389
99371718 9044389
99385167 9044389
99389637 9044389
99389638 9044389
99389639 9044389
99389640 9044389
99370049 9044425
99370433 9044425
99370596 9044425
99371611 9044431
99371654 9044431
99390025 9044431
99390027 9044431
99390028 9044431
99375577 9044433
99384521 9044436
99384529 9044438
99386585 9044438
99370062 9044446
99370452 9044446
99371626 9044450
99371633 9044450
99385169 9044450
99388019 9044479
99388020 9044479
99370307 9044481
99370537 9044481
99371658 9044521
99385179 9044521
99393232 9044521
99370306 9044549
99370308 9044549
99370320 9044549
99370331 9044549
99370353 9044549
99370357 9044549
99370362 9044549
99370363 9044549
99370367 9044549
99370767 9044549
99370768 9044549
99370774 9044549
99386683 9044549
99386787 9044549
99390603 9044549
99390604 9044549
99390627 9044549
99390628 9044549
99394098 9044549
99396176 9044549
99370328 9044553
99371500 9044566
99392792 9044566
99375583 9044605
99376061 9044605
99393513 9044605
99370188 9044700
99370492 9044700
99371672 9044707
99393687 9044727
99393688 9044727
99393689 9044727
99393690 9044727
99393691 9044727
99393698 9044727
99394666 9044727
99370343 9044748
99370347 9044748
99370350 9044748
99370696 9044748
99370760 9044748
99370761 9044748
99370762 9044748
99370763 9044748
99393915 9044748
99396385 9044748
99389557 9044753
99389558 9044753
99396763 9044753
99370345 9044757
99370772 9044757
99370346 9044760
99370352 9044760
99370354 9044760
99375481 9044762
99393308 9044782
99393309 9044782
99393532 9044782
99393533 9044782
99395095 9044782
99375487 9044790
99375489 9044798
99379085 9044811
99379233 9044811
99371692 9044818
99371693 9044822
99370361 9044828
99369799 9044839
99370597 9044839
99370599 9044839
99370601 9044839
99370603 9044839
99370606 9044839
99382556 9044839
99384954 9044839
99385615 9044839
99391369 9044839
99391370 9044839
99370368 9044845
99386765 9044845
99396174 9044845
99384454 9044848
99384459 9044849
99384304 9044853
99370230 9044865
99394239 9044865
99395314 9044865
99370234 9044896
99370240 9044896
99370541 9044896
99390600 9044896
99394085 9044896
99394086 9044896
99394670 9044896
99370235 9044904
99380515 9044912
99368934 9044922
99385502 9044925
99384490 9044928
99392284 9044948
99394773 9044948
99370255 9044963
99370259 9044963
99370262 9044963
99370275 9044963
99370699 9044963
99396177 9044963
99384497 9044966
99384498 9044966
99371450 9044976
99393446 9044976
99384341 9044981
99384342 9044981
99368801 9044993
99368819 9044993
99384344 9044998
99384346 9044998
99384345 9045002
99394623 9045022
99394625 9045022
99368792 9045029
99368803 9045029
99394624 9045048
99395445 9045048
99395651 9045048
99395653 9045048
99368805 9045062
99368809 9045062
99387849 9045062
99387850 9045062
99394626 9045071
99395447 9045071
99368806 9045079
99368808 9045079
99368811 9045079
99368812 9045079
99387847 9045079
99387848 9045079
99394587 9045096
99394627 9045096
99368791 9045110
99368807 9045110
99370260 9045116
99370274 9045116
99371058 9045145
99389327 9045145
99389329 9045145
99389330 9045145
99393458 9045157
99393460 9045157
99393461 9045157
99393465 9045157
99393466 9045157
99395082 9045157
99371132 9045194
99389331 9045194
99393017 9045194
99393245 9045194
99393462 9045228
99389335 9045253
99393467 9045258
99371106 9045293
99389332 9045293
99389336 9045293
99393244 9045293
99384364 9045298
99384365 9045298
99393311 9045301
99393312 9045301
99372800 9045304
99376762 9045320
99376764 9045327
99376765 9045327
99376766 9045335
99376768 9045335
99376767 9045351
99376769 9045351
99376618 9045371
99393574 9045371
99393575 9045371
99393830 9045371
99376141 9045379
99385564 9045379
99372823 9045388
99368783 9045394
99368864 9045394
99380449 9045401
99370011 9045472
99394529 9045498
99394530 9045498
99395404 9045498
99394527 9045521
99394528 9045521
99394531 9045521
99394491 9045534
99394533 9045534
99393202 9045537
99376649 9045545
99376650 9045545
99376651 9045549
99375006 9045574
99394551 9045603
99394408 9045632
99395363 9045632
99395364 9045632
99395365 9045632
99395366 9045632
99394574 9045652
99394674 9045652
99395419 9045652
99393239 9045657
99393240 9045657
99393241 9045657
99376529 9045662
99376689 9045662
99393246 9045677
99369291 9045699
99369293 9045699
99369958 9045699
99385478 9045699
99386139 9045699
99368770 9045716
99368771 9045716
99384952 9045716
99380359 9045720
99368777 9045728
99368778 9045728
99385498 9045732
99394440 9045735
99394441 9045735
99394412 9045759
99394413 9045759
99394431 9045759
99394432 9045759
99394433 9045759
99394434 9045759
99394435 9045759
99394442 9045759
99394443 9045759
99394444 9045759
99394449 9045759
99395372 9045759
99395374 9045759
99385349 9045769
99368793 9045771
99373653 9045785
99373657 9045785
99373659 9045785
99373661 9045785
99373667 9045785
99373669 9045785
99373671 9045785
99373677 9045785
99373679 9045785
99373681 9045785
99373685 9045785
99373687 9045785
99373689 9045785
99381874 9045785
99381875 9045785
99381912 9045785
99386275 9045785
99386276 9045785
99386278 9045785
99391395 9045785
99391396 9045785
99391421 9045785
99391422 9045785
99384186 9045788
99376027 9045807
99376052 9045807
99376415 9045807
99372622 9045810
99386863 9045842
99394483 9045842
99394484 9045842
99394485 9045842
99394486 9045842
99394487 9045842
99394488 9045842
99394489 9045842
99394490 9045842
99376587 9045846
99394317 9045873
99394318 9045873
99395342 9045873
99395343 9045873
99395344 9045873
99395345 9045873
99395350 9045873
99370446 9045916
99370448 9045916
99386866 9045916
99394493 9045916
99394532 9045916
99396158 9045916
99396419 9045916
99396455 9045916
99394363 9045929
99394477 9045929
99394478 9045929
99394479 9045929
99394480 9045929
99394481 9045929
99377766 9045932
99394482 9045937
99371146 9045949
99371155 9045949
99393022 9045949
99393023 9045949
99371169 9045951
99381766 9045954
99386115 9045954
99384073 9045957
99386503 9045957
99371005 9045959
99371012 9045959
99391070 9045965
99394357 9045965
99368550 9045969
99394010 9045998
99394011 9045998
99394224 9045998
99394225 9045998
99370317 9046008
99370336 9046008
99370351 9046008
99370359 9046008
99370369 9046008
99370378 9046008
99370399 9046008
99370539 9046008
99370753 9046008
99370764 9046008
99386777 9046008
99386778 9046008
99390601 9046008
99390602 9046008
99394097 9046008
99394392 9046045
99394399 9046045
99394393 9046051
99371051 9046053
99371057 9046059
99371068 9046059
99371101 9046059
99371113 9046059
99371468 9046059
99377524 9046063
99394240 9046092
99370265 9046103
99370266 9046103
99390605 9046103
99390606 9046103
99370408 9046110
99370612 9046110
99380801 9046110
99382610 9046110
99390607 9046110
99390608 9046110
99396175 9046110
99370264 9046112
99390609 9046112
99390610 9046112
99375904 9046130
99375907 9046130
99376367 9046130
99376571 9046130
99376782 9046130
99376784 9046130
99376785 9046130
99380023 9046134
99380473 9046134
99390620 9046146
99390633 9046146
99390635 9046146
99390636 9046146
99390637 9046146
99390638 9046146
99394267 9046158
99390629 9046171
99390631 9046171
99390632 9046171
99394108 9046197
99394109 9046197
99394110 9046197
99394111 9046197
99395260 9046197
99394280 9046234
99395351 9046242
99395614 9046242
99385111 9046248
99390377 9046248
99390378 9046248
99390639 9046248
99390640 9046248
99382206 9046252
99383001 9046252
99386513 9046252
99386514 9046255
99368468 9046257
99369960 9046262
99381543 9046280
99388066 9046280
99377413 9046282
99368313 9046284
99378919 9046291
99378977 9046291
99394512 9046301
99395421 9046301
99395638 9046301
99395644 9046301
99395645 9046301
99395646 9046301
99395639 9046308
99369985 9046312
99394152 9046328
99394153 9046328
99394588 9046361
99394589 9046361
99395432 9046361
99395650 9046361
99395448 9046372
99395449 9046372
99395652 9046372
99373812 9046388
99373813 9046388
99373827 9046388
99373840 9046388
99390397 9046388
99390398 9046388
99373814 9046390
99373854 9046390
99373815 9046393
99373816 9046393
99378954 9046395
99368088 9046403
99368201 9046403
99373833 9046407
99382744 9046407
99394190 9046412
99373834 9046416
99368371 9046419
99369476 9046422
99369721 9046422
99377498 9046425
99377499 9046425
99386442 9046427
99381479 9046436
99369449 9046464
99369462 9046464
99390589 9046464
99390590 9046464
99376183 9046471
99391812 9046476
99391813 9046476
99390599 9046489
99390621 9046489
99390623 9046489
99390625 9046489
99390626 9046489
99394074 9046489
99394675 9046489
99396173 9046489
99385139 9046501
99371241 9046506
99372242 9046506
99372252 9046506
99380835 9046508
99382654 9046508
99385150 9046508
99395431 9046521
99395433 9046521
99368288 9046528
99373760 9046532
99378738 9046536
99372068 9046557
99372113 9046557
99377252 9046560
99381387 9046578
99386370 9046578
99394468 9046578
99394469 9046578
99394470 9046578
99394471 9046578
99387855 9046580
99369801 9046582
99371598 9046582
99371600 9046582
99371602 9046582
99371604 9046582
99371606 9046582
99386200 9046582
99387856 9046588
99392332 9046588
99374714 9046590
99378758 9046596
99378759 9046596
99387705 9046620
99387707 9046620
99387708 9046620
99378604 9046623
99377293 9046628
99378526 9046628
99389569 9046628
99389571 9046628
99389572 9046628
99373658 9046630
99368099 9046633
99368199 9046633
99369548 9046658
99394583 9046658
99377163 9046665
99395212 9046682
99378661 9046685
99378001 9046696
99378663 9046696
99383018 9046696
99389963 9046696
99389964 9046696
99385660 9046706
99390247 9046706
99390248 9046724
99390939 9046735
99390940 9046735
99394436 9046735
99395370 9046735
99395381 9046735
99395382 9046735
99394429 9046751
99394430 9046751
99394447 9046751
99394448 9046751
99394452 9046751
99395383 9046751
99395384 9046751
99395392 9046751
99372048 9046756
99369412 9046758
99369687 9046758
99378429 9046759
99390263 9046759
99390264 9046759
99390267 9046762
99390268 9046762
99378535 9046764
99386151 9046766
99373416 9046768
99374958 9046770
99378557 9046772
99378558 9046774
99378401 9046776
99374946 9046778
99374979 9046778
99391053 9046778
99391054 9046778
99378572 9046779
99384373 9046780
99390001 9046780
99390002 9046780
99373451 9046782
99391451 9046782
99391452 9046782
99373452 9046783
99395149 9046789
99378597 9046790
99378440 9046791
99378462 9046792
99378464 9046793
99378466 9046794
99374718 9046795
99383838 9046799
99378334 9046801
99378335 9046801
99378336 9046801
99378337 9046802
99373367 9046803
99373368 9046805
99374608 9046806
99369278 9046810
99369281 9046810
99369649 9046810
99383895 9046812
99378396 9046815
99369292 9046819
99369959 9046819
99374641 9046820
99382220 9046822
99383762 9046824
99383764 9046826
99396464 9046831
99373124 9046834
99369169 9046839
99374936 9046839
99374976 9046839
99374977 9046839
99374984 9046839
99394355 9046839
99394356 9046839
99394364 9046839
99394365 9046839
99379768 9046841
99378288 9046843
99373163 9046846
99373164 9046846
99373165 9046848
99396200 9046850
99382136 9046853
99382137 9046853
99370930 9046856
99378171 9046857
99370868 9046859
99381846 9046859
99396245 9046859
99379691 9046861
99375948 9046866
99376732 9046866
99389821 9046866
99389822 9046866
99382022 9046870
99391015 9046876
99394451 9046876
99391016 9046884
99375967 9046886
99376404 9046886
99379414 9046887
99382060 9046888
99374206 9046889
99384977 9046895
99370754 9046897
99379490 9046899
99379499 9046901
99370316 9046903
99370771 9046903
99370773 9046904
99370775 9046904
99392466 9046906
99370620 9046921
99370778 9046921
99370779 9046921
99370792 9046921
99394087 9046921
99394088 9046921
99396172 9046921
99370793 9046922
99388351 9046923
99388352 9046923
99386580 9046924
99389853 9046924
99389854 9046924
99375617 9046925
99375630 9046930
99375631 9046930
99375632 9046930
99375633 9046930
99375634 9046930
99370667 9046932
99371840 9046933
99371843 9046934
99385933 9046935
99384608 9046938
99384770 9046939
99383122 9046941
99371712 9046942
99371713 9046942
99371714 9046943
99384081 9046945
99385809 9046945
99375690 9046947
99370224 9046961
99370237 9046961
99370238 9046961
99370249 9046961
99370559 9046961
99371730 9046963
99371008 9046965
99371731 9046965
99382670 9046965
99370400 9046967
99389781 9046973
99389782 9046973
99370281 9046977
99370575 9046977
99370283 9046982
99370294 9046982
99370577 9046982
99370282 9046988
99370291 9046988
99370579 9046988
99372036 9046995
99393757 9046995
99393760 9046995
99392283 9047000
99375415 9047001
99387769 9047009
99387771 9047009
99387772 9047009
99388003 9047009
99388004 9047009
99375586 9047026
99375588 9047026
99375590 9047026
99375597 9047026
99389397 9047026
99389398 9047026
99384535 9047029
99384536 9047029
99371792 9047030
99393502 9047036
99375456 9047038
99393503 9047051
99393504 9047051
99395460 9047051
99384403 9047055
99384404 9047057
99377464 9047060
99389543 9047060
99389544 9047060
99384427 9047061
99384429 9047063
99371176 9047066
99371686 9047066
99371687 9047068
99384595 9047070
99370358 9047072
99368941 9047074
99385776 9047074
99384440 9047076
99368920 9047078
99393418 9047079
99393419 9047083
99376866 9047085
99384481 9047086
99370244 9047089
99368948 9047092
99376880 9047095
99376734 9047098
99376737 9047100
99389325 9047105
99389326 9047105
99368813 9047107
99368875 9047107
99396850 9047107
99376751 9047108
99368987 9047112
99386785 9047114
99394100 9047114
99394652 9047114
99384375 9047116
99384376 9047116
99368836 9047120
99372815 9047128
99384397 9047130
99394462 9047138
99394472 9047138
99394524 9047138
99394525 9047138
99376796 9047140
99376799 9047142
99390901 9047207
99390902 9047207
99377997 9047209
99377998 9047209
99377999 9047209
99376574 9047211
99376663 9047211
99376855 9047211
99376664 9047213
99393385 9047214
99380323 9047215
99380324 9047215
99394565 9047220
99376123 9047222
99376126 9047222
99389097 9047222
99389099 9047222
99389100 9047222
99380493 9047224
99394581 9047225
99394582 9047226
99394584 9047228
99394585 9047228
99389125 9047230
99389126 9047230
99394437 9047239
99394438 9047239
99394439 9047239
99393275 9047243
99393276 9047243
99394455 9047246
99394456 9047246
99395385 9047246
99395390 9047246
99395391 9047246
99394300 9047257
99394301 9047257
99394302 9047257
99394303 9047257
99394304 9047257
99394305 9047257
99394306 9047257
99394319 9047257
99394409 9047257
99394410 9047257
99394411 9047257
99394414 9047257
99395346 9047257
99395367 9047257
99395368 9047257
99395369 9047257
99395375 9047257
99394307 9047263
99394494 9047271
99394495 9047271
99394496 9047271
99394497 9047271
99368676 9047273
99386729 9047275
99393070 9047275
99381478 9047276
99381601 9047276
99381602 9047276
99368696 9047277
99371021 9047279
99382671 9047279
99394366 9047283
99394367 9047283
99394368 9047283
99371023 9047285
99394369 9047289
99389075 9047291
99389076 9047291
99377514 9047293
99394235 9047298
99394236 9047298
99394237 9047307
99394238 9047307
99395313 9047307
99395615 9047307
99368417 9047311
99368418 9047312
99368419 9047314
99380012 9047317
99372411 9047320
99372562 9047320
99372563 9047321
99381513 9047322
99378854 9047333
99378901 9047333
99378852 9047334
99378903 9047334
99395339 9047343
99395621 9047343
99395622 9047343
99395626 9047343
99394291 9047346
99395333 9047346
99394284 9047355
99395331 9047355
99395623 9047355
99394292 9047362
99395332 9047362
99395337 9047362
99395338 9047362
99395624 9047367
99395625 9047367
99394293 9047369
99395336 9047369
99395627 9047370
99368490 9047371
99382900 9047372
99377460 9047373
99368381 9047375
99368385 9047375
99369880 9047376
99369881 9047376
99394057 9047377
99386457 9047378
99378853 9047379
99378858 9047379
99372231 9047380
99369755 9047381
99369757 9047382
99395420 9047383
99394090 9047384
99394091 9047384
99394095 9047384
99396773 9047384
99385145 9047386
99386499 9047387
99368292 9047388
99395446 9047390
99386342 9047393
99395315 9047394
99386213 9047395
99378764 9047396
99378766 9047397
99378767 9047398
99382745 9047399
99395371 9047400
99395373 9047401
99377022 9047402
99395393 9047404
99372050 9047412
99372057 9047412
99395399 9047417
99368094 9047418
99382672 9047420
99383709 9047422
99383710 9047422
99375899 9047426
99385511 9047426
99393820 9047426
99368397 9047428
99384804 9047429
99376832 9047430
99387145 9047432
99396183 9047432
99370954 9047434
99384428 9047435
99384432 9047435
99394338 9047437
99370032 9047440
99385114 9047440
99378855 9047441
99378857 9047441
99378859 9047441
99378906 9047441
99378952 9047441
99378971 9047441
99373876 9047447
99385903 9047447
99391350 9047447
99377361 9047448
99371029 9047450
99371842 9047450
99371844 9047450
99370975 9047451
99374692 9047452
99374694 9047453
99374695 9047453
99384405 9047455
99368151 9047465
99368152 9047465
99368229 9047465
99368242 9047465
99378639 9047471
99373093 9047472
99385275 9047472
99377385 9047474
99385678 9047474
99378086 9047486
99378172 9047486
99393189 9047486
99368431 9047488
99368437 9047488
99368689 9047488
99388057 9047488
99388058 9047488
99369094 9047491
99369107 9047491
99369109 9047491
99369112 9047491
99369113 9047491
99369117 9047491
99385024 9047491
99391365 9047491
99391366 9047491
99393644 9047492
99396446 9047494
99393645 9047500
99389965 9047502
99374079 9047506
99386298 9047506
99390467 9047506
99390468 9047506
99390723 9047506
99390724 9047506
99377046 9047508
99377104 9047508
99373050 9047509
99396169 9047509
99371174 9047510
99371480 9047510
99393009 9047510
99384294 9047511
99380974 9047515
99383883 9047515
99374756 9047517
99374759 9047517
99382831 9047517
99376849 9047527
99379005 9047527
99379014 9047527
99379039 9047527
99379047 9047527
99379070 9047527
99379092 9047527
99379213 9047527
99379299 9047527
99379357 9047527
99379390 9047527
99379966 9047527
99379985 9047527
99380159 9047527
99380259 9047527
99380492 9047527
99380535 9047527
99383150 9047527
99386547 9047527
99387075 9047527
99387076 9047527
99387277 9047527
99387278 9047527
99387881 9047527
99387883 9047527
99387884 9047527
99388403 9047527
99388404 9047527
99376083 9047531
99376125 9047531
99376148 9047531
99376448 9047531
99376462 9047531
99376472 9047531
99376895 9047531
99382389 9047531
99382390 9047531
99384286 9047531
99389077 9047531
99389078 9047531
99389079 9047531
99389080 9047531
99389081 9047531
99389082 9047531
99389117 9047531
99389118 9047531
99376869 9047533
99373934 9047548
99386170 9047551
99371003 9047553
99393457 9047553
99378005 9047556
99378007 9047556
99378011 9047556
99378015 9047556
99378321 9047556
99386028 9047556
99386745 9047556
99389297 9047556
99389298 9047556
99389567 9047556
99389568 9047556
99389623 9047556
99389624 9047556
99380287 9047571
99380289 9047571
99380291 9047571
99380293 9047571
99380295 9047571
99383119 9047571
99386945 9047571
99386946 9047571
99396191 9047571
99368269 9047576
99368271 9047576
99368273 9047576
99368275 9047576
99368277 9047576
99368278 9047576
99388253 9047576
99388254 9047576
99375361 9047580
99380687 9047580
99390537 9047580
99390538 9047580
99390567 9047580
99390568 9047580
99374435 9047588
99376615 9047588
99376619 9047588
99376630 9047588
99378019 9047588
99378021 9047588
99378023 9047588
99378029 9047588
99378031 9047588
99378033 9047588
99378035 9047588
99378037 9047588
99378041 9047588
99378068 9047588
99378428 9047588
99383014 9047588
99386750 9047588
99389893 9047588
99389894 9047588
99389895 9047588
99389896 9047588
99389925 9047588
99389926 9047588
99390201 9047588
99390202 9047588
99390245 9047588
99390246 9047588
99390249 9047588
99386753 9047590
99386754 9047590
99380540 9047594
99380540 9049899
99386943 9047594
99386943 9049899
99386944 9047594
99386944 9049899
99386965 9047594
99386965 9049899
99386966 9047594
99386966 9049899
99396185 9047596
99392866 9047597
99392867 9047598
99380045 9047601
99380047 9047601
99380048 9047601
99380051 9047601
99380483 9047601
99380560 9047601
99385763 9047601
99386977 9047601
99386979 9047601
99373525 9047604
99373668 9047604
99378369 9047606
99380931 9047609
99382854 9047609
99368398 9047611
99377332 9047613
99386511 9047613
99383925 9047615
99383928 9047615
99383931 9047615
99386969 9047615
99386970 9047615
99368469 9047618
99368479 9047618
99377372 9047619
99378591 9047619
99377137 9047620
99384176 9047620
99385577 9047620
99383723 9047621
99383046 9047623
99385727 9047623
99389113 9047624
99389114 9047624
99389115 9047624
99396210 9047624
99381516 9047625
99369501 9047627
99369501 9049742
99369506 9047627
99369506 9049742
99369761 9047627
99369761 9049742
99370817 9047627
99370817 9049742
99370838 9047627
99370838 9049742
99371746 9047627
99371746 9049742
99385020 9047627
99385020 9049742
99369287 9047638
99369428 9047638
99369435 9047638
99369441 9047638
99369458 9047638
99369461 9047638
99369465 9047638
99369471 9047638
99369472 9047638
99369488 9047638
99369489 9047638
99369490 9047638
99369491 9047638
99369970 9047638
99370043 9047638
99370052 9047638
99370060 9047638
99370064 9047638
99370600 9047638
99370663 9047638
99370736 9047638
99370740 9047638
99380783 9047638
99381329 9047638
99382607 9047638
99385060 9047638
99391197 9047638
99391198 9047638
99390344 9047643
99390344 9049742
99386222 9047645
99384243 9047647
99384256 9047647
99384258 9047647
99370967 9047648
99384307 9047650
99389945 9047651
99389946 9047651
99393637 9047655
99376859 9047656
99376863 9047656
99393310 9047659
99384281 9047661
99384282 9047661
99393087 9047661
99396890 9047663
99385544 9047667
99388751 9047667
99388752 9047667
99378244 9047669
99378698 9047669
99378247 9047670
99393386 9047670
99377283 9047672
99384400 9047673
99373824 9047677
99373825 9047677
99373846 9047677
99375553 9047677
99375555 9047677
99375558 9047677
99375713 9047677
99385858 9047677
99390119 9047677
99390120 9047677
99396194 9047677
99376228 9047684
99376241 9047684
99376243 9047684
99388459 9047684
99388460 9047684
99388853 9047684
99388854 9047684
99369463 9047687
99369481 9047687
99369787 9047687
99384744 9047687
99384749 9047687
99390593 9047687
99390594 9047687
99383878 9047691
99384789 9047694
99384790 9047694
99372219 9047696
99372221 9047696
99372244 9047696
99372249 9047696
99372554 9047696
99372217 9047697
99384314 9047698
99384315 9047698
99375975 9047700
99376043 9047700
99376867 9047700
99376876 9047700
99375996 9047702
99376041 9047702
99384464 9047705
99380537 9047707
99380538 9047709
99368706 9047710
99381271 9047716
99374019 9047720
99374021 9047720
99374273 9047720
99382785 9047720
99386286 9047720
99390861 9047720
99390862 9047720
99396247 9047722
99373978 9047723
99383783 9047725
99371927 9047727
99371947 9047727
99371949 9047727
99384727 9047727
99371822 9047732
99383836 9047732
99383837 9047732
99385129 9047732
99384796 9047734
99379083 9047738
99385709 9047738
99377701 9047749
99377739 9047749
99377755 9047749
99378361 9047749
99379497 9047749
99379532 9047749
99379536 9047749
99379568 9047749
99379647 9047749
99379673 9047749
99383055 9047749
99385734 9047749
99385886 9047749
99386489 9047749
99388213 9047749
99388214 9047749
99377418 9047750
99379899 9047751
99379903 9047751
99379904 9047751
99379956 9047751
99386695 9047751
99386893 9047751
99386895 9047751
99386897 9047751
99386898 9047751
99373645 9047752
99373645 9453879
99373676 9047752
99373676 9453879
99373801 9047752
99373801 9453879
99381888 9047752
99381888 9453879
99381889 9047752
99381889 9453879
99383340 9047752
99383340 9453879
99383341 9047752
99383341 9453879
99383346 9047752
99383346 9453879
99391393 9047752
99391393 9453879
99391394 9047752
99391394 9453879
99369735 9047780
99369737 9047780
99380791 9047780
99382585 9047780
99396253 9047780
99396168 9047786
99371565 9047791
99371567 9047791
99371569 9047791
99371667 9047791
99381739 9047791
99381740 9047791
99381261 9047793
99381262 9047793
99381265 9047793
99381802 9047793
99384316 9047795
99396241 9047800
99387273 9047806
99387275 9047806
99387276 9047806
99377309 9047808
99375957 9047810
99385234 9047814
99373880 9047817
99385900 9047817
99384052 9047818
99376163 9047824
99376494 9047824
99389093 9047824
99389094 9047824
99389127 9047824
99389128 9047824
99384724 9047825
99378518 9047827
99378519 9047827
99378521 9047828
99378609 9047829
99385669 9047829
99368139 9047830
99368231 9047830
99368311 9047830
99373898 9047832
99384815 9047832
99384816 9047832
99375934 9047834
99381881 9047839
99391383 9047839
99391384 9047839
99385896 9047841
99372654 9047853
99372691 9047853
99372943 9047853
99385246 9047853
99389729 9047853
99389730 9047853
99375341 9047857
99375359 9047857
99375380 9047857
99375525 9047857
99376912 9047857
99386347 9047857
99386348 9047857
99370951 9047858
99378499 9047860
99378502 9047860
99389595 9047860
99389596 9047860
99379433 9047861
99378630 9047865
99385670 9047865
99370815 9047869
99369521 9047871
99368460 9047881
99368492 9047881
99382121 9047881
99382123 9047881
99382124 9047881
99384923 9047881
99369300 9047885
99369309 9047885
99369312 9047885
99369330 9047885
99369342 9047885
99369343 9047885
99369355 9047885
99369366 9047885
99369367 9047885
99369368 9047885
99372873 9047888
99377354 9047891
99396225 9047891
99377198 9047893
99377207 9047893
99378504 9047893
99378506 9047893
99389953 9047893
99389954 9047893
99371072 9047894
99371620 9047894
99372877 9047901
99373038 9047901
99373064 9047901
99373113 9047901
99384639 9047901
99385288 9047901
99388729 9047901
99388730 9047901
99368753 9047904
99368756 9047904
99372876 9047904
99384939 9047904
99384460 9047905
99384461 9047905
99377037 9047906
99383238 9047907
99383241 9047907
99380056 9047908
99385768 9047908
99384312 9047909
99369750 9047919
99369752 9047919
99369754 9047919
99369756 9047919
99369758 9047919
99369760 9047919
99369762 9047919
99369764 9047919
99369766 9047919
99369768 9047919
99369770 9047919
99369772 9047919
99369780 9047919
99369782 9047919
99369784 9047919
99369786 9047919
99369788 9047919
99370534 9047919
99370560 9047919
99370562 9047919
99370564 9047919
99370566 9047919
99380809 9047919
99383277 9047919
99383278 9047919
99383280 9047919
99383281 9047919
99385779 9047919
99374973 9047921
99374982 9047921
99368762 9047924
99383798 9047925
99376246 9047935
99376248 9047935
99376257 9047935
99376301 9047935
99376564 9047935
99388451 9047935
99388452 9047935
99368698 9047936
99382138 9047936
99383801 9047937
99374839 9047938
99375205 9047938
99372334 9047943
99373520 9047959
99373526 9047959
99373536 9047959
99373652 9047959
99391435 9047959
99391436 9047959
99391440 9047959
99376008 9047962
99376009 9047962
99376012 9047962
99376014 9047962
99376579 9047962
99376862 9047962
99372251 9047963
99372314 9047963
99372844 9047968
99382964 9047971
99379123 9047975
99379128 9047975
99379129 9047975
99379337 9047975
99379693 9047975
99379699 9047975
99385712 9047975
99383627 9047976
99383628 9047976
99384195 9047978
99384202 9047978
99384204 9047980
99378868 9047989
99378872 9047989
99378873 9047989
99378877 9047989
99387329 9047989
99387330 9047989
99387331 9047989
99387332 9047989
99373734 9047991
99394614 9047991
99394616 9047991
99396193 9047991
99377129 9047992
99377162 9047992
99377182 9047992
99377652 9047993
99377679 9047993
99377698 9047993
99384470 9047993
99384471 9047993
99388541 9047993
99388542 9047993
99372256 9047995
99373537 9047996
99381872 9047996
99381873 9047996
99375652 9047999
99369310 9048002
99369313 9048002
99369328 9048002
99385014 9048002
99380122 9048003
99383220 9048003
99372079 9048004
99381472 9048005
99372141 9048009
99372165 9048009
99372468 9048009
99372480 9048009
99380854 9048009
99393614 9048013
99393615 9048013
99393616 9048013
99393617 9048013
99393618 9048013
99393630 9048013
99393631 9048013
99393632 9048013
99393633 9048013
99395128 9048013
99378495 9048015
99378496 9048015
99378497 9048015
99374076 9048021
99374083 9048021
99390411 9048021
99396199 9048021
99378637 9048024
99380002 9048039
99380022 9048039
99380030 9048039
99380174 9048039
99380177 9048039
99380225 9048039
99380237 9048039
99380341 9048039
99380448 9048039
99380459 9048039
99385750 9048039
99386983 9048039
99386984 9048039
99387101 9048039
99387103 9048039
99387104 9048039
99387113 9048039
99387114 9048039
99387229 9048039
99387230 9048039
99369350 9048041
99375016 9048041
99375022 9048041
99375024 9048041
99375036 9048041
99375037 9048041
99375039 9048041
99375041 9048041
99375044 9048041
99375269 9048041
99375293 9048041
99375372 9048041
99386343 9048041
99390813 9048041
99390814 9048041
99368687 9048042
99368434 9048043
99368688 9048043
99388055 9048043
99388056 9048043
99368445 9048044
99382133 9048044
99382134 9048044
99369120 9048053
99369574 9048053
99383681 9048053
99391269 9048053
99391270 9048053
99378564 9048054
99378565 9048054
99385303 9048055
99377179 9048056
99377199 9048056
99377220 9048056
99377240 9048056
99377260 9048056
99377314 9048056
99378533 9048056
99372227 9048057
99372238 9048057
99375973 9048059
99376856 9048059
99381853 9048059
99381854 9048059
99389813 9048062
99389814 9048062
99372634 9048063
99378406 9048065
99378614 9048065
99385766 9048067
99387315 9048067
99387317 9048067
99387318 9048067
99384251 9048068
99384728 9048069
99384491 9048070
99385176 9048070
99379855 9048074
99379972 9048074
99383072 9048074
99384254 9048075
99372213 9048076
99372216 9048076
99372223 9048076
99372245 9048076
99372319 9048076
99372417 9048076
99385223 9048076
99386221 9048076
99368420 9048077
99368691 9048077
99381817 9048078
99374757 9048079
99374764 9048079
99384198 9048079
99382069 9048080
99382070 9048080
99377391 9048083
99378747 9048083
99382071 9048083
99386446 9048083
99377405 9048085
99368365 9048089
99383887 9048089
99386112 9048089
99388001 9048089
99388002 9048089
99392580 9048089
99384848 9048090
99374765 9048093
99374795 9048093
99377951 9048098
99378618 9048098
99378621 9048098
99388183 9048098
99388184 9048098
99375993 9048105
99376005 9048105
99376058 9048105
99376112 9048105
99376119 9048105
99376129 9048105
99376136 9048105
99376168 9048105
99376195 9048105
99376877 9048105
99381963 9048105
99389151 9048105
99389152 9048105
99389429 9048105
99389430 9048105
99389433 9048105
99389434 9048105
99393147 9048105
99384270 9048107
99384272 9048107
99370254 9048109
99370292 9048109
99370386 9048109
99370404 9048109
99370529 9048109
99370565 9048109
99370631 9048109
99371908 9048109
99371931 9048109
99371278 9048122
99371638 9048122
99388623 9048122
99388625 9048122
99388626 9048122
99387751 9048124
99387752 9048124
99380059 9048128
99380069 9048128
99380080 9048128
99380095 9048128
99380135 9048128
99380140 9048128
99380161 9048128
99380296 9048128
99380332 9048128
99380494 9048128
99380498 9048128
99380554 9048128
99382163 9048128
99382164 9048128
99384801 9048128
99384811 9048128
99368517 9048130
99380740 9048130
99372655 9048141
99372661 9048141
99372694 9048141
99372700 9048141
99372729 9048141
99372744 9048141
99373096 9048141
99373186 9048141
99384398 9048141
99384399 9048141
99384762 9048141
99384763 9048141
99385852 9048141
99383797 9048143
99369494 9048146
99369753 9048146
99370832 9048146
99368066 9048149
99371552 9048149
99370021 9048153
99370034 9048153
99370730 9048153
99385055 9048153
99385100 9048153
99385784 9048153
99396192 9048158
99376607 9048164
99376850 9048164
99388123 9048164
99388124 9048164
99371395 9048169
99371572 9048169
99371978 9048169
99371984 9048169
99372000 9048169
99372389 9048169
99369264 9048171
99383698 9048171
99384985 9048171
99377113 9048173
99378658 9048174
99384118 9048174
99384119 9048174
99385587 9048182
99393190 9048182
99383616 9048183
99385580 9048184
99380062 9048186
99396204 9048187
99396205 9048187
99378508 9048189
99380965 9048189
99383598 9048192
99384463 9048192
99385144 9048192
99384288 9048193
99396221 9048194
99380150 9048195
99380152 9048195
99380153 9048195
99380521 9048195
99382153 9048195
99382191 9048195
99382192 9048195
99371911 9048199
99371912 9048199
99372007 9048199
99383537 9048199
99383538 9048199
99385243 9048199
99373891 9048203
99373892 9048203
99373895 9048203
99374223 9048203
99374646 9048203
99374649 9048203
99380507 9048206
99386953 9048206
99386954 9048206
99374671 9048208
99385347 9048208
99391329 9048208
99391331 9048208
99391333 9048208
99383485 9048209
99381736 9048210
99372211 9048215
99372748 9048215
99373007 9048215
99373182 9048215
99385298 9048215
99377265 9048216
99378514 9048216
99380963 9048216
99378649 9048218
99379069 9048220
99379076 9048220
99379080 9048220
99379245 9048220
99379253 9048220
99379258 9048220
99379363 9048220
99386545 9048220
99387547 9048220
99387548 9048220
99374915 9048226
99374920 9048226
99381694 9048226
99386336 9048226
99386337 9048226
99373885 9048229
99368425 9048232
99368450 9048232
99368459 9048232
99368477 9048232
99379001 9048237
99379168 9048237
99388145 9048237
99388146 9048237
99382151 9048239
99383067 9048240
99380060 9048241
99380089 9048241
99383472 9048242
99377212 9048243
99377221 9048243
99377226 9048243
99377236 9048243
99368113 9048245
99368115 9048245
99368117 9048245
99368118 9048245
99379519 9048245
99385911 9048245
99373351 9048246
99386261 9048246
99391133 9048248
99391134 9048248
99388979 9048252
99388980 9048252
99383578 9048253
99368382 9048256
99368401 9048256
99368415 9048256
99381928 9048256
99381929 9048256
99392464 9048256
99370169 9048261
99377442 9048263
99369464 9048265
99369466 9048265
99377300 9048266
99378512 9048266
99384120 9048267
99384121 9048267
99377106 9048270
99378659 9048270
99384116 9048270
99384117 9048270
99374752 9048279
99374760 9048279
99374768 9048279
99386368 9048279
99375192 9048280
99377145 9048281
99378042 9048281
99384392 9048282
99384393 9048282
99378538 9048283
99378561 9048283
99378562 9048283
99378995 9048285
99378999 9048285
99379012 9048285
99379020 9048285
99379182 9048285
99379188 9048285
99379195 9048285
99379527 9048285
99388163 9048285
99388165 9048285
99388166 9048285
99374020 9048286
99374023 9048287
99374024 9048287
99371235 9048289
99372180 9048289
99372185 9048289
99372195 9048289
99372198 9048289
99372201 9048289
99372204 9048289
99372206 9048289
99372215 9048289
99372220 9048289
99385217 9048289
99371170 9048291
99371193 9048291
99371210 9048291
99372145 9048291
99380833 9048291
99384249 9048292
99384252 9048292
99384253 9048292
99384274 9048292
99368416 9048298
99368423 9048298
99368574 9048298
99368702 9048298
99368823 9048298
99368826 9048298
99382528 9048298
99384578 9048298
99384588 9048298
99384917 9048298
99386114 9048298
99388035 9048298
99392450 9048298
99388037 9048299
99388038 9048299
99373726 9048300
99369549 9048307
99369795 9048307
99369998 9048307
99370009 9048307
99370012 9048307
99370425 9048307
99370724 9048307
99370727 9048307
99382545 9048307
99382546 9048307
99384960 9048307
99384961 9048307
99385056 9048307
99386128 9048307
99391359 9048307
99391360 9048307
99391361 9048307
99391362 9048307
99391363 9048307
99391364 9048307
99391371 9048307
99391372 9048307
99380827 9048308
99380098 9048310
99380065 9048312
99383380 9048312
99383914 9048312
99383920 9048312
99383921 9048312
99391496 9048312
99368400 9048313
99396236 9048313
99371232 9048315
99371673 9048315
99371674 9048315
99388621 9048315
99388622 9048315
99377013 9048317
99377064 9048317
99377072 9048317
99377149 9048317
99378050 9048317
99385997 9048317
99389943 9048317
99389944 9048317
99377190 9048318
99377208 9048318
99377237 9048318
99378510 9048318
99370909 9048322
99370929 9048322
99371016 9048322
99371032 9048322
99385183 9048322
99386156 9048322
99389659 9048322
99389661 9048322
99389663 9048322
99389692 9048322
99389693 9048322
99389694 9048322
99396885 9048322
99374373 9048326
99375894 9048326
99375941 9048326
99376620 9048326
99385369 9048326
99386374 9048326
99390449 9048326
99390451 9048326
99390453 9048326
99390454 9048326
99382652 9048329
99377071 9048332
99386416 9048332
99383236 9048333
99373729 9048334
99382020 9048336
99382021 9048336
99382202 9048336
99389591 9048336
99389592 9048336
99368158 9048337
99373965 9048338
99374488 9048338
99374738 9048339
99368364 9048340
99386230 9048340
99382205 9048341
99383000 9048341
99389627 9048341
99376042 9048343
99376044 9048343
99376048 9048343
99376581 9048343
99376798 9048343
99376858 9048343
99372781 9048345
99372795 9048345
99389025 9048345
99389026 9048345
99374172 9048348
99374175 9048348
99374179 9048348
99383064 9048351
99368359 9048359
99368608 9048359
99372286 9048359
99372426 9048359
99372440 9048359
99383886 9048359
99386116 9048359
99388011 9048359
99388012 9048359
99371745 9048361
99379126 9048362
99374408 9048364
99383519 9048365
99386229 9048366
99371739 9048367
99381890 9048369
99378472 9048372
99383232 9048372
99383234 9048372
99383240 9048372
99384051 9048372
99384053 9048372
99384348 9048372
99373873 9048373
99382006 9048374
99382007 9048374
99374366 9048376
99374689 9048376
99379106 9048383
99379307 9048383
99385702 9048383
99386550 9048383
99387359 9048383
99387360 9048383
99378580 9048384
99378582 9048385
99378587 9048386
99378588 9048386
99379852 9048387
99380092 9048387
99380109 9048387
99380112 9048387
99380315 9048387
99382158 9048387
99386937 9048387
99386938 9048387
99396235 9048387
99378752 9048388
99378690 9048389
99380115 9048390
99368393 9048391
99377242 9048392
99377358 9048392
99377367 9048392
99382181 9048392
99382182 9048392
99386440 9048392
99396182 9048392
99373923 9048393
99385902 9048393
99375542 9048394
99396258 9048395
99383714 9048396
99384263 9048397
99384264 9048397
99382511 9048398
99380104 9048400
99380107 9048400
99380162 9048400
99380313 9048400
99382139 9048400
99382160 9048400
99382161 9048400
99386935 9048400
99386936 9048400
99377471 9048401
99381055 9048401
99383172 9048401
99386535 9048401
99386588 9048401
99378707 9048402
99373082 9048403
99373091 9048403
99385286 9048403
99388731 9048403
99388732 9048403
99378272 9048404
99384042 9048404
99394579 9048405
99383653 9048407
99383654 9048407
99383655 9048408
99375686 9048413
99375767 9048413
99375815 9048413
99382846 9048413
99385500 9048413
99388367 9048413
99388368 9048413
99384418 9048414
99383478 9048417
99377122 9048418
99377160 9048418
99378245 9048418
99382963 9048418
99368082 9048419
99371001 9048422
99371890 9048422
99371002 9048423
99379827 9048428
99379868 9048428
99380027 9048428
99380033 9048428
99380038 9048428
99380482 9048428
99384305 9048428
99384306 9048428
99387071 9048428
99387072 9048428
99386435 9048431
99372614 9048432
99385062 9048433
99396248 9048434
99382145 9048435
99377006 9048436
99377026 9048436
99384090 9048436
99384159 9048436
99384169 9048436
99384356 9048436
99384358 9048436
99385628 9048436
99385682 9048436
99373901 9048441
99373909 9048441
99374221 9048441
99383588 9048443
99386136 9048446
99370924 9048453
99370943 9048453
99383850 9048453
99383852 9048453
99383853 9048453
99385873 9048453
99368156 9048455
99368159 9048455
99368258 9048455
99384891 9048455
99379537 9048459
99387731 9048459
99387732 9048459
99377286 9048462
99378255 9048462
99378529 9048462
99381851 9048464
99381852 9048466
99381861 9048466
99396242 9048466
99375983 9048467
99376007 9048467
99376050 9048467
99381859 9048467
99381860 9048467
99368074 9048469
99371307 9048469
99371321 9048469
99372015 9048470
99389721 9048470
99389722 9048470
99383228 9048472
99383229 9048472
99384104 9048472
99384108 9048472
99384115 9048472
99386163 9048472
99389981 9048472
99389982 9048472
99389997 9048472
99389998 9048472
99389999 9048472
99390000 9048472
99396243 9048472
99394586 9048473
99375995 9048476
99375997 9048476
99376000 9048476
99376001 9048476
99376003 9048476
99376004 9048476
99376577 9048476
99375601 9048488
99375608 9048488
99375615 9048488
99375618 9048488
99375620 9048488
99375624 9048488
99375719 9048488
99375724 9048488
99375732 9048488
99375773 9048488
99375845 9048488
99376424 9048488
99385503 9048488
99385514 9048488
99386379 9048488
99389045 9048488
99389046 9048488
99389389 9048488
99389390 9048488
99389405 9048488
99389406 9048488
99370867 9048511
99373498 9048517
99373574 9048517
99373590 9048517
99373887 9048517
99374489 9048517
99380994 9048517
99381877 9048517
99381878 9048517
99384823 9048517
99384824 9048517
99385895 9048517
99385929 9048517
99385943 9048517
99386573 9048517
99386590 9048517
99391445 9048517
99391460 9048517
99396256 9048517
99376029 9048518
99376031 9048518
99376033 9048518
99376037 9048519
99373107 9048520
99384632 9048520
99388721 9048520
99388722 9048520
99383786 9048521
99384934 9048527
99388070 9048527
99384036 9048528
99380001 9048530
99380186 9048530
99385748 9048530
99387221 9048530
99387222 9048530
99385917 9048531
99379895 9048536
99387051 9048536
99387052 9048536
99387057 9048536
99387058 9048536
99383676 9048539
99385832 9048539
99384765 9048541
99384766 9048541
99383715 9048543
99379145 9048547
99379305 9048547
99379322 9048547
99379327 9048547
99383934 9048547
99378511 9048548
99383814 9048551
99383595 9048552
99371172 9048561
99371243 9048561
99371262 9048561
99371265 9048561
99371267 9048561
99371566 9048561
99385155 9048561
99385170 9048561
99385884 9048561
99388585 9048561
99388586 9048561
99384395 9048564
99384396 9048564
99368060 9048570
99368062 9048570
99368065 9048570
99384883 9048570
99384884 9048570
99378256 9048574
99378530 9048574
99382011 9048574
99382012 9048574
99381911 9048576
99384067 9048578
99386643 9048578
99386644 9048578
99385707 9048580
99383689 9048582
99383693 9048583
99377155 9048585
99377233 9048585
99368424 9048588
99392478 9048588
99396638 9048588
99380527 9048590
99380075 9048593
99386961 9048593
99386962 9048593
99383917 9048595
99386967 9048595
99386968 9048595
99391497 9048595
99386265 9048596
99377153 9048598
99368519 9048600
99368531 9048600
99368635 9048600
99384910 9048600
99384924 9048600
99386117 9048603
99371219 9048607
99371508 9048607
99372228 9048607
99372240 9048607
99372295 9048607
99372420 9048607
99386216 9048607
99386592 9048607
99379127 9048611
99379130 9048611
99379155 9048611
99379157 9048611
99379971 9048611
99379978 9048611
99380008 9048611
99380200 9048611
99387152 9048611
99387241 9048611
99387242 9048611
99387243 9048611
99387244 9048611
99396184 9048611
99384607 9048614
99375655 9048617
99380910 9048617
99385830 9048617
99374657 9048619
99374658 9048619
99373920 9048620
99372139 9048622
99372482 9048622
99372484 9048622
99386279 9048624
99383480 9048626
99383483 9048626
99384735 9048626
99371161 9048630
99371691 9048630
99388951 9048630
99388952 9048630
99371183 9048631
99371190 9048633
99371205 9048633
99371266 9048633
99379034 9048663
99379038 9048663
99379043 9048663
99385694 9048663
99387565 9048663
99387566 9048663
99387573 9048663
99387574 9048663
99393667 9048671
99383487 9048677
99384990 9048677
99386775 9048677
99385833 9048679
99396231 9048684
99368839 9048698
99396167 9048698
99372189 9048704
99373009 9048704
99373183 9048704
99374668 9048708
99373030 9048714
99373294 9048714
99373297 9048714
99373300 9048714
99373302 9048714
99385321 9048714
99382586 9048720
99382603 9048720
99384966 9048720
99384222 9048722
99377448 9048736
99381044 9048736
99381746 9048736
99383729 9048736
99386646 9048736
99386649 9048736
99386650 9048736
99386655 9048736
99379488 9048751
99379489 9048751
99379500 9048751
99379512 9048751
99379522 9048751
99379545 9048751
99379547 9048751
99379554 9048751
99379564 9048751
99379643 9048751
99379716 9048751
99379775 9048751
99379792 9048751
99385724 9048751
99385725 9048751
99385729 9048751
99385741 9048751
99387467 9048751
99387468 9048751
99377079 9048752
99377109 9048752
99377117 9048752
99377120 9048752
99377125 9048752
99377132 9048752
99384518 9048752
99384520 9048752
99386679 9048752
99389949 9048752
99389950 9048752
99389957 9048752
99389958 9048752
99372772 9048755
99373099 9048755
99373100 9048755
99374081 9048761
99390731 9048761
99390732 9048761
99383217 9048763
99384185 9048765
99384926 9048765
99385816 9048767
99384096 9048768
99385915 9048775
99368253 9048785
99372826 9048793
99378554 9048795
99378563 9048795
99376226 9048802
99376236 9048802
99376277 9048802
99376287 9048802
99388817 9048802
99388818 9048802
99396220 9048805
99368146 9048808
99368274 9048808
99368092 9048812
99374762 9048868
99374859 9048868
99375350 9048868
99376995 9048868
99377521 9048868
99377532 9048868
99377583 9048868
99377666 9048868
99377885 9048868
99378022 9048868
99378398 9048868
99378400 9048868
99378765 9048868
99382814 9048868
99385482 9048868
99385581 9048868
99385590 9048868
99385623 9048868
99386349 9048868
99386410 9048868
99389249 9048868
99389250 9048868
99389867 9048868
99389868 9048868
99390783 9048868
99390784 9048868
99391170 9048868
99396251 9048868
99368539 9048881
99368540 9048881
99368830 9048881
99368831 9048881
99384798 9048881
99384949 9048881
99377752 9048893
99377753 9048893
99377980 9048893
99378343 9048893
99382051 9048893
99382170 9048893
99382171 9048893
99382629 9048893
99386191 9048893
99388561 9048893
99388562 9048893
99388581 9048893
99388582 9048893
99368832 9048905
99387505 9048905
99387506 9048905
99369329 9048915
99369337 9048915
99369358 9048915
99369365 9048915
99369980 9048915
99385039 9048915
99368514 9048919
99368606 9048919
99368613 9048919
99378436 9048925
99378438 9048925
99381820 9048925
99381824 9048925
99390265 9048925
99390266 9048925
99396206 9048925
99385136 9048929
99390035 9048929
99390036 9048929
99384326 9048932
99385839 9048934
99378470 9048936
99378471 9048936
99378477 9048936
99378473 9048938
99378489 9048938
99383013 9048938
99389939 9048938
99384706 9048941
99375483 9048943
99383825 9048944
99384890 9048946
99374751 9048949
99382832 9048949
99384199 9048949
99383791 9048950
99383796 9048950
99383811 9048950
99383812 9048950
99369507 9048951
99374115 9048965
99374119 9048965
99374122 9048965
99374123 9048965
99374127 9048965
99374128 9048965
99374131 9048965
99374132 9048965
99374141 9048965
99374353 9048965
99374453 9048965
99374503 9048965
99374511 9048965
99375079 9048965
99375088 9048965
99375346 9048965
99375354 9048965
99385388 9048965
99386350 9048965
99390447 9048965
99390448 9048965
99390469 9048965
99390481 9048965
99390683 9048965
99390685 9048965
99390686 9048965
99390725 9048965
99390726 9048965
99386305 9048966
99378490 9048968
99378492 9048968
99370963 9048969
99385894 9048971
99368897 9048973
99389597 9048976
99374022 9048978
99374027 9048978
99390869 9048978
99390872 9048978
99391087 9048978
99391088 9048978
99368880 9048981
99384948 9048981
99371000 9048987
99370819 9048988
99385043 9048990
99384269 9048992
99376315 9048996
99376555 9048996
99376638 9048996
99377760 9048996
99388173 9048996
99388175 9048996
99388176 9048996
99388481 9048996
99388482 9048996
99388505 9048996
99388506 9048996
99368087 9048998
99388006 9048998
99372082 9049006
99372115 9049006
99372961 9049006
99372965 9049006
99368150 9049009
99387745 9049009
99387746 9049009
99380138 9049011
99380180 9049016
99380443 9049016
99380444 9049016
99396230 9049016
99389985 9049018
99389986 9049018
99374044 9049021
99374400 9049021
99377148 9049023
99377173 9049023
99377186 9049023
99377197 9049023
99384246 9049025
99384247 9049025
99377225 9049026
99384626 9049026
99389625 9049026
99389626 9049026
99369321 9049028
99382077 9049029
99377373 9049031
99393416 9049031
99377038 9049032
99377050 9049032
99385995 9049032
99372803 9049039
99383893 9049039
99378573 9049041
99383827 9049043
99373285 9049046
99373296 9049046
99388738 9049048
99396237 9049048
99385010 9049049
99368344 9049054
99368348 9049054
99368370 9049054
99368373 9049054
99368374 9049054
99368384 9049055
99373918 9049058
99382159 9049061
99382165 9049061
99382166 9049061
99376275 9049063
99383198 9049063
99386537 9049064
99378553 9049065
99375524 9049066
99383249 9049067
99383250 9049067
99372239 9049069
99368411 9049070
99382516 9049070
99376021 9049074
99376860 9049074
99384059 9049075
99384065 9049075
99393942 9049077
99393943 9049077
99370890 9049081
99370894 9049081
99370936 9049081
99383884 9049082
99396214 9049084
99377123 9049085
99393619 9049085
99396365 9049085
99383255 9049087
99384436 9049089
99385850 9049089
99388341 9049093
99377092 9049094
99383342 9049097
99394631 9049097
99394632 9049097
99396257 9049097
99383482 9049098
99373475 9049102
99380113 9049103
99380066 9049106
99380071 9049106
99384451 9049106
99383553 9049108
99383856 9049108
99383857 9049109
99375687 9049117
99375785 9049117
99382836 9049117
99382840 9049117
99385491 9049117
99385499 9049117
99369736 9049120
99383230 9049122
99384265 9049123
99383930 9049126
99377297 9049128
99383909 9049130
99383929 9049130
99380732 9049131
99382517 9049131
99368470 9049132
99368482 9049132
99382114 9049132
99368455 9049133
99379805 9049134
99385731 9049134
99377259 9049135
99377264 9049135
99377277 9049135
99377295 9049135
99385973 9049135
99368547 9049138
99368644 9049138
99373518 9049148
99373523 9049148
99375201 9049148
99383832 9049150
99380103 9049151
99380145 9049151
99380058 9049152
99380063 9049152
99380311 9049152
99383911 9049152
99383912 9049152
99383923 9049152
99383924 9049152
99386567 9049152
99386959 9049152
99386960 9049152
99380524 9049153
99379821 9049154
99379833 9049154
99387165 9049154
99387166 9049154
99383227 9049155
99369413 9049156
99369422 9049156
99371909 9049158
99371938 9049158
99372064 9049158
99385202 9049158
99386208 9049158
99375563 9049162
99375565 9049162
99375566 9049162
99375711 9049162
99375946 9049162
99375950 9049162
99385506 9049162
99389751 9049162
99389752 9049162
99389753 9049162
99389755 9049162
99389756 9049162
99390105 9049162
99390106 9049162
99372118 9049168
99372123 9049171
99387609 9049173
99387610 9049173
99375526 9049174
99375541 9049175
99384205 9049175
99377303 9049176
99377284 9049177
99378876 9049187
99378878 9049187
99378880 9049187
99378882 9049187
99378883 9049187
99378944 9049187
99379146 9049187
99379371 9049187
99387271 9049187
99387272 9049187
99372735 9049189
99385485 9049191
99376066 9049202
99376079 9049202
99376143 9049202
99376752 9049202
99382859 9049202
99389149 9049202
99389150 9049202
99389167 9049202
99389168 9049202
99389439 9049202
99389440 9049202
99389449 9049202
99389450 9049202
99369399 9049208
99369691 9049208
99370113 9049208
99370114 9049208
99370117 9049208
99370148 9049208
99370159 9049208
99370176 9049208
99370479 9049208
99385068 9049208
99385408 9049210
99383514 9049212
99383823 9049212
99383824 9049212
99378540 9049215
99382175 9049215
99382176 9049215
99382982 9049215
99386520 9049215
99386521 9049215
99389589 9049215
99389590 9049215
99386526 9049217
99383542 9049218
99382127 9049219
99386719 9049219
99392465 9049219
99386714 9049220
99383522 9049221
99394590 9049224
99369083 9049228
99385952 9049228
99385955 9049228
99386810 9049228
99371520 9049231
99388967 9049231
99388968 9049231
99374690 9049233
99374691 9049233
99374693 9049233
99386506 9049234
99384784 9049236
99384785 9049236
99384786 9049236
99376773 9049240
99382899 9049240
99396244 9049240
99370928 9049244
99369317 9049246
99369318 9049246
99369319 9049248
99388741 9049250
99388742 9049250
99374674 9049251
99383831 9049252
99383833 9049252
99373922 9049254
99374220 9049254
99374654 9049254
99374656 9049254
99380997 9049254
99383623 9049254
99391273 9049254
99391274 9049254
99382142 9049255
99376265 9049256
99376266 9049256
99376597 9049256
99383147 9049256
99383203 9049256
99388743 9049256
99388744 9049256
99372753 9049258
99372762 9049258
99372771 9049258
99385294 9049258
99377425 9049260
99382014 9049260
99382015 9049260
99389555 9049260
99389556 9049260
99382131 9049261
99383424 9049262
99383690 9049263
99377096 9049264
99377105 9049264
99377110 9049264
99378684 9049264
99378686 9049264
99377089 9049266
99386417 9049266
99386586 9049267
99370822 9049270
99370823 9049270
99390359 9049270
99390360 9049270
99377091 9049271
99377492 9049272
99368680 9049273
99385280 9049275
99385370 9049277
99385375 9049277
99390175 9049277
99390176 9049277
99390445 9049277
99390446 9049277
99374686 9049278
99374687 9049278
99372782 9049279
99385261 9049279
99388289 9049282
99388290 9049282
99382149 9049283
99382150 9049283
99382154 9049283
99369502 9049287
99369532 9049287
99370818 9049287
99370820 9049287
99370821 9049287
99371749 9049287
99384820 9049288
99384821 9049288
99375077 9049289
99383719 9049289
99369286 9049291
99376017 9049295
99376062 9049295
99385513 9049295
99375540 9049297
99368301 9049299
99383582 9049301
99385920 9049301
99386812 9049302
99381500 9049303
99386538 9049303
99389583 9049303
99389584 9049303
99377441 9049304
99382208 9049304
99382215 9049304
99382216 9049304
99382217 9049304
99382225 9049304
99382234 9049304
99382988 9049304
99386451 9049304
99386587 9049304
99386651 9049305
99386652 9049305
99384339 9049306
99376219 9049309
99376252 9049309
99376258 9049309
99388839 9049309
99388840 9049309
99378513 9049310
99382531 9049314
99380518 9049317
99380117 9049321
99380146 9049321
99380250 9049321
99380281 9049321
99380299 9049321
99380505 9049321
99380517 9049321
99385774 9049321
99386955 9049321
99386956 9049321
99378088 9049323
99396219 9049323
99376217 9049325
99389179 9049325
99389180 9049325
99370940 9049332
99370945 9049332
99370952 9049332
99370953 9049332
99370965 9049332
99386164 9049332
99386165 9049332
99386166 9049332
99383541 9049334
99383544 9049334
99383545 9049334
99384854 9049335
99384712 9049336
99374040 9049343
99374051 9049343
99374095 9049343
99385373 9049343
99390661 9049343
99390663 9049343
99390664 9049343
99390681 9049343
99390682 9049343
99390911 9049343
99390912 9049343
99373406 9049346
99371824 9049347
99383163 9049347
99385172 9049347
99390097 9049347
99390098 9049347
99372763 9049350
99373178 9049350
99385293 9049350
99373951 9049355
99373960 9049355
99374039 9049355
99374056 9049355
99374102 9049355
99374113 9049355
99374290 9049355
99374300 9049355
99374343 9049355
99374380 9049355
99374388 9049355
99374510 9049355
99374537 9049355
99381012 9049355
99382752 9049355
99382775 9049355
99384324 9049355
99385396 9049355
99385421 9049355
99390721 9049355
99390722 9049355
99391209 9049355
99391210 9049355
99378697 9049357
99378699 9049357
99378700 9049357
99380149 9049358
99373463 9049366
99373479 9049366
99373538 9049366
99373542 9049366
99373546 9049366
99373569 9049366
99373579 9049366
99373656 9049366
99391433 9049366
99391434 9049366
99369277 9049369
99373108 9049370
99377748 9049371
99377759 9049371
99377793 9049371
99379516 9049371
99379518 9049371
99379551 9049371
99379567 9049371
99379737 9049371
99379779 9049371
99384465 9049371
99385732 9049371
99386482 9049371
99387479 9049371
99387480 9049371
99387969 9049371
99387970 9049371
99384469 9049372
99368266 9049375
99386103 9049375
99382113 9049376
99383885 9049377
99383810 9049378
99383813 9049378
99370856 9049380
99370857 9049380
99371601 9049380
99384055 9049381
99383793 9049382
99373953 9049385
99373955 9049385
99374246 9049385
99374390 9049385
99382753 9049385
99383867 9049387
99385210 9049387
99377325 9049388
99377357 9049388
99377369 9049388
99377395 9049388
99377397 9049388
99377402 9049388
99378253 9049388
99378559 9049388
99378570 9049388
99378586 9049388
99383222 9049388
99378579 9049390
99378494 9049391
99380076 9049395
99380077 9049395
99380091 9049395
99380105 9049395
99380128 9049395
99380139 9049395
99386957 9049395
99386958 9049395
99374720 9049398
99374972 9049398
99374988 9049398
99385875 9049398
99385899 9049398
99391041 9049398
99377746 9049406
99378106 9049406
99378122 9049406
99388483 9049406
99388484 9049406
99388487 9049406
99388488 9049406
99385853 9049409
99385196 9049411
99371231 9049413
99376854 9049414
99379973 9049416
99385773 9049416
99379929 9049417
99380084 9049418
99380087 9049418
99386581 9049419
99378476 9049420
99378478 9049420
99372857 9049424
99380867 9049424
99370415 9049426
99370531 9049426
99370608 9049426
99381914 9049428
99377600 9049430
99377622 9049430
99377626 9049430
99377627 9049430
99377919 9049430
99378297 9049430
99384455 9049430
99384456 9049430
99388901 9049430
99388902 9049430
99388197 9049432
99388198 9049432
99383855 9049435
99384182 9049436
99384047 9049438
99381270 9049439
99377692 9049447
99377695 9049447
99386185 9049447
99383879 9049448
99378651 9049449
99386317 9049450
99377762 9049452
99378624 9049452
99388223 9049452
99388224 9049452
99388231 9049452
99388232 9049452
99384776 9049454
99383735 9049457
99396238 9049457
99396239 9049457
99383557 9049458
99378996 9049460
99386492 9049460
99386583 9049469
99396234 9049469
99371671 9049472
99377694 9049472
99377700 9049472
99377982 9049472
99382636 9049472
99384466 9049472
99386674 9049473
99384799 9049474
99368287 9049477
99368324 9049477
99387481 9049477
99387482 9049477
99383932 9049478
99382997 9049480
99378754 9049481
99379552 9049483
99384078 9049484
99384079 9049484
99384080 9049484
99372774 9049498
99372778 9049498
99372787 9049498
99372811 9049498
99372824 9049498
99393277 9049498
99396190 9049498
99373237 9049501
99373314 9049501
99373324 9049507
99373146 9049515
99373148 9049515
99393068 9049515
99384126 9049517
99373782 9049523
99373418 9049526
99376817 9049527
99378426 9049527
99375944 9049529
99376377 9049529
99376819 9049529
99377787 9049534
99377789 9049534
99377791 9049534
99377794 9049534
99377987 9049534
99388215 9049534
99388216 9049534
99382062 9049535
99385147 9049535
99384183 9049536
99379361 9049541
99385720 9049541
99396226 9049541
99381569 9049543
99379207 9049548
99383044 9049548
99385692 9049548
99396186 9049553
99372002 9049557
99383520 9049557
99383521 9049557
99386092 9049557
99386093 9049557
99390099 9049557
99390100 9049557
99384772 9049559
99384773 9049559
99383221 9049560
99393643 9049562
99368829 9049563
99392311 9049563
99385517 9049564
99369072 9049573
99369076 9049573
99369995 9049573
99391375 9049573
99391376 9049573
99384793 9049574
99383488 9049576
99383716 9049576
99383717 9049576
99390839 9049578
99390840 9049578
99370214 9049594
99370215 9049594
99370216 9049594
99370217 9049594
99370221 9049594
99370223 9049594
99370229 9049594
99370309 9049594
99370322 9049594
99371936 9049594
99381590 9049594
99384723 9049594
99385107 9049594
99385786 9049594
99385872 9049594
99386145 9049594
99396249 9049594
99374192 9049597
99379016 9049602
99379051 9049602
99379061 9049602
99379229 9049602
99379392 9049602
99384769 9049602
99387675 9049602
99387676 9049602
99387677 9049602
99387678 9049602
99384458 9049603
99385174 9049603
99368063 9049610
99368076 9049610
99368105 9049610
99368107 9049610
99368177 9049610
99368196 9049610
99371186 9049610
99371233 9049610
99371256 9049610
99371269 9049610
99371497 9049610
99371855 9049610
99385156 9049610
99385194 9049610
99386675 9049610
99374579 9049619
99374580 9049619
99375003 9049619
99375007 9049619
99375031 9049619
99375252 9049619
99375260 9049619
99375414 9049619
99382777 9049619
99386288 9049619
99390787 9049619
99390788 9049619
99390941 9049619
99390943 9049619
99390945 9049619
99390947 9049619
99390948 9049619
99391001 9049619
99391002 9049619
99391135 9049619
99391136 9049619
99368970 9049623
99374719 9049627
99374721 9049627
99374730 9049627
99383670 9049627
99391255 9049627
99368690 9049629
99375408 9049632
99386334 9049632
99374046 9049633
99376082 9049642
99376139 9049642
99376746 9049642
99376822 9049642
99382903 9049642
99382904 9049642
99386383 9049642
99386385 9049642
99384767 9049643
99387303 9049644
99387304 9049644
99376833 9049645
99376835 9049645
99383564 9049645
99386523 9049646
99382730 9049647
99369496 9049649
99369498 9049649
99369897 9049649
99369905 9049649
99386673 9049651
99370808 9049654
99385345 9049654
99369837 9049657
99383712 9049657
99383713 9049657
99384995 9049658
99373914 9049661
99373917 9049661
99373926 9049661
99374672 9049661
99374994 9049665
99391035 9049665
99391036 9049665
99396211 9049665
99375529 9049666
99375530 9049666
99378851 9049667
99396232 9049667
99378595 9049668
99383430 9049669
99371310 9049672
99371312 9049672
99371644 9049672
99388270 9049672
99375591 9049685
99375599 9049685
99375626 9049685
99375644 9049685
99375654 9049685
99375717 9049685
99389055 9049685
99389056 9049685
99389375 9049685
99389377 9049685
99389378 9049685
99371197 9049686
99373929 9049693
99373948 9049693
99373971 9049693
99373975 9049693
99373979 9049693
99374217 9049693
99374253 9049693
99374640 9049693
99381004 9049693
99382254 9049693
99382755 9049693
99382756 9049693
99385401 9049693
99386284 9049693
99391114 9049693
99391115 9049693
99391116 9049693
99391231 9049693
99391232 9049693
99391247 9049693
99391248 9049693
99396898 9049693
99396899 9049693
99373286 9049696
99373344 9049696
99371078 9049697
99371444 9049697
99372127 9049697
99372130 9049697
99372135 9049697
99372136 9049697
99372146 9049697
99372150 9049697
99372166 9049697
99396904 9049699
99396905 9049699
99383776 9049702
99383777 9049702
99386171 9049702
99383781 9049703
99383782 9049703
99377166 9049704
99377192 9049704
99378631 9049704
99384422 9049705
99384423 9049706
99370618 9049707
99370417 9049708
99370042 9049729
99370044 9049729
99370047 9049729
99370061 9049729
99370127 9049729
99370130 9049729
99370132 9049729
99370138 9049729
99370457 9049729
99372642 9049729
99372644 9049729
99372658 9049729
99372664 9049729
99372685 9049729
99372951 9049729
99373370 9049729
99382713 9049729
99382714 9049729
99382724 9049729
99383802 9049729
99385251 9049729
99385300 9049729
99385312 9049729
99390379 9049729
99390380 9049729
99382073 9049732
99377143 9049733
99377267 9049733
99377276 9049733
99377306 9049733
99378044 9049733
99378522 9049733
99378523 9049733
99389951 9049733
99389952 9049733
99373732 9049735
99370858 9049742
99370860 9049742
99381598 9049742
99390341 9049742
99381512 9049743
99371239 9049744
99368114 9049750
99368126 9049750
99368135 9049750
99368138 9049750
99368145 9049750
99368224 9049750
99375977 9049751
99375979 9049752
99377191 9049753
99375057 9049759
99375068 9049759
99375078 9049759
99375089 9049759
99375486 9049759
99375488 9049759
99382805 9049759
99390505 9049759
99371244 9049765
99371255 9049765
99371284 9049765
99371526 9049765
99388259 9049765
99388260 9049765
99388597 9049765
99388598 9049765
99383244 9049766
99368463 9049770
99368515 9049770
99368579 9049770
99368582 9049770
99368615 9049770
99377045 9049771
99377077 9049771
99380054 9049772
99380057 9049772
99380123 9049772
99380126 9049772
99380129 9049772
99380130 9049772
99380221 9049772
99380236 9049772
99380536 9049772
99387028 9049772
99396195 9049772
99369254 9049778
99369964 9049778
99378843 9049789
99378845 9049789
99379011 9049789
99379025 9049789
99379353 9049789
99383038 9049789
99385686 9049789
99385691 9049789
99385706 9049789
99387709 9049789
99387710 9049789
99370081 9049795
99383787 9049795
99396250 9049795
99385961 9049797
99378693 9049798
99377411 9049800
99373510 9049805
99373639 9049805
99373660 9049805
99373707 9049805
99373718 9049805
99380132 9049807
99380137 9049807
99380251 9049807
99380317 9049807
99382155 9049807
99382156 9049807
99373613 9049811
99386507 9049813
99384541 9049815
99384542 9049815
99380121 9049817
99369115 9049825
99369595 9049825
99396254 9049825
99370000 9049826
99370001 9049826
99370002 9049826
99370004 9049826
99370006 9049826
99376209 9049827
99376225 9049827
99376471 9049827
99376701 9049827
99376702 9049827
99383179 9049827
99385560 9049827
99385802 9049827
99386689 9049828
99378887 9049830
99378938 9049830
99387163 9049830
99387164 9049830
99387195 9049830
99387196 9049830
99387269 9049830
99387270 9049830
99372822 9049834
99372830 9049834
99373170 9049834
99384654 9049834
99368532 9049836
99368534 9049836
99368619 9049836
99382530 9049836
99396166 9049836
99369225 9049846
99369228 9049846
99369296 9049846
99369394 9049846
99369409 9049846
99369418 9049846
99369451 9049846
99369460 9049846
99369468 9049846
99369626 9049846
99369637 9049846
99369874 9049846
99372020 9049846
99372029 9049846
99372031 9049846
99372039 9049846
99372040 9049846
99372049 9049846
99372052 9049846
99372384 9049846
99381226 9049846
99385745 9049846
99386130 9049846
99386137 9049846
99373438 9049850
99373636 9049850
99386263 9049850
99375660 9049851
99375661 9049851
99375662 9049851
99375665 9049851
99375750 9049851
99375793 9049851
99368814 9049864
99368828 9049864
99368878 9049864
99368902 9049864
99387843 9049864
99387844 9049864
99375903 9049869
99375955 9049869
99376384 9049869
99390185 9049869
99390187 9049869
99390188 9049869
99392848 9049870
99384421 9049872
99384351 9049873
99368101 9049879
99368596 9049879
99382518 9049879
99384487 9049880
99377302 9049881
99377327 9049881
99378610 9049881
99383808 9049882
99378479 9049883
99378480 9049883
99384866 9049883
99391596 9049886
99391597 9049886
99393638 9049888
99393639 9049888
99393640 9049888
99393641 9049888
99394066 9049896
99394067 9049896
99394068 9049896
99394069 9049896
99394081 9049896
99394082 9049896
99394083 9049896
99394084 9049896
99394669 9049896
99394076 9049898
99394077 9049898
99394079 9049898
99396750 9049898
99391498 9049899
99391527 9049899
99393918 9049900
99394092 9049900
99394667 9049900
99396393 9049900
99393635 9049902
99393636 9049902
99394070 9049905
99394071 9049905
99379007 9049907
99379021 9049907
99379173 9049907
99379191 9049907
99379376 9049907
99376292 9049917
99376300 9049917
99376311 9049917
99376540 9049917
99377536 9049917
99377539 9049917
99377567 9049917
99377605 9049917
99377645 9049917
99377660 9049917
99377663 9049917
99377942 9049917
99380946 9049917
99388455 9049917
99388456 9049917
99388861 9049917
99388862 9049917
99389217 9049917
99389218 9049917
99396212 9049917
99368443 9049921
99382130 9049921
99385439 9049922
99377251 9049924
99377261 9049924
99377270 9049924
99377279 9049924
99377287 9049924
99377296 9049924
99377298 9049924
99377301 9049924
99377312 9049924
99377853 9049924
99378527 9049924
99384045 9049924
99384336 9049924
99386430 9049924
99386431 9049924
99386433 9049924
99373295 9049927
99382167 9049930
99383913 9049934
99383916 9049934
99383919 9049934
99379015 9049936
99375917 9049945
99375949 9049945
99375953 9049945
99375954 9049945
99376382 9049945
99376387 9049945
99376775 9049945
99384718 9049948
99384721 9049948
99385835 9049949
99384317 9049950
99377070 9049951
99377088 9049951
99369320 9049952
99383467 9049952
99376972 9049956
99376989 9049956
99383445 9049956
99383446 9049956
99372669 9049958
99368442 9049959
99368447 9049959
99368454 9049959
99368458 9049959
99386717 9049959
99368692 9049962
99368475 9049963
99377169 9049964
99377216 9049964
99378230 9049964
99378652 9049964
99371748 9049966
99371750 9049966
99387451 9049969
99387453 9049969
99396228 9049969
99384484 9049970
99369415 9049976
99369429 9049976
99369781 9049976
99370883 9049976
99370893 9049976
99370927 9049976
99371393 9049976
99371403 9049976
99371574 9049976
99371679 9049976
99371680 9049976
99371772 9049976
99371850 9049976
99383517 9049976
99383518 9049976
99384794 9049976
99384795 9049976
99385189 9049976
99389713 9049976
99389714 9049976
99373440 9049982
99373477 9049982
99373488 9049982
99373634 9049982
99373670 9049982
99381894 9049982
99381895 9049982
99383585 9049982
99385350 9049982
99386264 9049982
99391399 9049982
99391400 9049982
99382210 9049983
99378599 9049985
99368162 9049987
99368163 9049987
99368164 9049987
99368261 9049987
99368319 9049987
99387593 9049987
99387594 9049987
99377215 9049988
99378695 9049988
99385805 9049988
99379042 9049994
99379058 9049994
99379078 9049994
99385693 9049994
99393668 9049995
99368486 9049996
99368491 9049996
99368493 9049996
99368472 9049997
99386746 9049998
99396233 9050000
99378484 9050001
99377127 9050003
99377157 9050003
99377183 9050003
99377194 9050003
99377204 9050003
99378006 9050003
99378236 9050003
99378632 9050003
99378634 9050003
99378635 9050003
99378685 9050003
99386419 9050003
99376696 9050004
99383800 9050005
99384438 9050006
99384442 9050006
99384443 9050008
99382111 9050010
99382112 9050010
99379110 9050015
99379122 9050015
99379286 9050015
99379289 9050015
99379424 9050015
99373749 9050018
99373750 9050018
99384213 9050020
99368523 9050023
99368590 9050023
99386504 9050025
99378026 9050027
99382912 9050027
99383725 9050029
99379013 9050037
99383745 9050040
99371037 9050041
99376634 9050046
99388463 9050046
99388464 9050046
99373863 9050051
99386292 9050051
99390643 9050051
99390644 9050051
99390893 9050051
99390894 9050051
99384210 9050053
99374736 9050058
99374737 9050058
99372300 9050060
99369372 9050061
99369700 9050061
99372272 9050062
99372279 9050062
99372282 9050062
99372296 9050062
99372312 9050062
99372316 9050062
99386595 9050062
99377015 9050063
99377030 9050063
99396764 9050063
99380085 9050065
99380099 9050065
99383703 9050067
99383821 9050069
99383822 9050069
99383829 9050069
99383830 9050069
99373931 9050071
99385414 9050071
99376105 9050074
99376109 9050074
99376132 9050074
99376151 9050074
99380141 9050076
99380143 9050076
99382144 9050076
99372065 9050082
99372067 9050082
99372069 9050082
99372074 9050082
99372076 9050082
99372096 9050082
99372104 9050082
99372509 9050082
99372613 9050082
99382684 9050082
99386210 9050082
99386214 9050082
99378486 9050085
99374824 9050087
99370561 9050088
99383816 9050088
99375091 9050090
99382807 9050090
99390241 9050090
99390243 9050090
99390244 9050090
99376064 9050094
99376747 9050094
99383780 9050096
99383648 9050099
99369187 9050100
99373360 9050103
99385320 9050103
99377184 9050106
99378410 9050106
99378613 9050106
99378731 9050106
99382915 9050106
99382993 9050106
99385582 9050106
99385143 9050108
99378863 9050120
99378947 9050120
99379091 9050120
99385688 9050120
99385690 9050120
99385715 9050120
99385718 9050120
99385864 9050120
99386549 9050120
99387425 9050120
99387427 9050120
99387428 9050120
99387431 9050120
99396227 9050120
99372727 9050127
99372742 9050127
99372970 9050127
99372977 9050127
99385297 9050127
99372659 9050129
99372668 9050129
99372706 9050129
99393500 9050131
99382802 9050132
99386346 9050132
99386671 9050133
99372692 9050136
99386262 9050138
99386096 9050140
99386097 9050140
99386324 9050140
99386325 9050140
99391153 9050140
99391154 9050140
99369467 9050147
99370269 9050147
99370305 9050147
99370310 9050147
99370321 9050147
99370326 9050147
99386148 9050147
99372073 9050151
99372075 9050151
99383864 9050153
99396180 9050156
99387630 9050161
99372093 9050166
99372106 9050166
99386563 9050173
99387111 9050173
99387112 9050173
99387223 9050173
99387224 9050173
99380021 9050176
99380460 9050176
99373444 9050178
99376267 9050180
99376274 9050180
99376829 9050180
99376834 9050180
99383199 9050180
99383207 9050180
99388773 9050180
99388775 9050180
99388777 9050180
99388778 9050180
99368389 9050181
99368422 9050181
99378687 9050182
99377146 9050184
99377174 9050184
99377195 9050184
99377209 9050184
99377282 9050184
99378694 9050184
99384122 9050184
99384123 9050184
99384394 9050185
99372703 9050188
99372709 9050188
99386653 9050189
99372624 9050190
99368768 9050192
99377423 9050194
99382018 9050194
99382019 9050194
99389587 9050194
99389588 9050194
99390321 9050197
99390322 9050197
99381264 9050199
99383740 9050202
99370988 9050204
99370991 9050204
99370995 9050204
99371022 9050204
99371026 9050204
99371816 9050204
99381114 9050204
99383127 9050204
99376919 9050205
99381834 9050205
99386404 9050205
99372766 9050206
99381474 9050207
99381475 9050207
99385845 9050207
99377463 9050221
99377489 9050221
99377561 9050221
99377612 9050221
99377621 9050221
99377720 9050221
99377747 9050221
99377761 9050221
99377929 9050221
99377937 9050221
99378133 9050221
99378279 9050221
99378295 9050221
99378736 9050221
99382931 9050221
99383614 9050221
99383615 9050221
99383617 9050221
99383618 9050221
99383731 9050221
99385624 9050221
99386439 9050221
99386484 9050221
99388177 9050221
99388178 9050221
99388533 9050221
99388535 9050221
99388536 9050221
99383649 9050227
99383650 9050227
99385204 9050230
99380953 9050234
99385672 9050234
99382008 9050236
99384030 9050238
99371736 9050239
99375989 9050240
99376002 9050240
99376795 9050240
99378593 9050241
99386527 9050241
99373430 9050250
99373459 9050250
99373485 9050250
99373508 9050250
99373717 9050250
99373789 9050250
99385323 9050250
99386267 9050250
99391475 9050250
99391476 9050250
99396765 9050250
99368511 9050251
99373497 9050259
99373502 9050259
99373535 9050259
99373561 9050259
99373684 9050259
99373764 9050259
99381876 9050259
99385935 9050259
99386814 9050259
99394594 9050259
99373562 9050261
99369402 9050262
99369403 9050262
99369406 9050262
99369426 9050262
99369431 9050262
99369438 9050262
99369473 9050262
99385126 9050263
99379543 9050268
99379553 9050268
99379767 9050268
99379769 9050268
99387719 9050268
99387721 9050268
99387723 9050268
99387724 9050268
99379836 9050274
99379990 9050274
99386559 9050274
99386560 9050274
99387185 9050274
99387187 9050274
99387188 9050274
99378547 9050276
99378548 9050276
99378550 9050276
99378712 9050276
99386522 9050276
99378647 9050278
99386681 9050278
99389990 9050278
99384447 9050281
99369261 9050285
99368784 9050289
99368790 9050289
99396170 9050289
99384445 9050292
99384950 9050292
99391190 9050297
99383077 9050301
99396171 9050301
99376049 9050302
99376801 9050302
99376802 9050302
99384488 9050306
99384489 9050306
99385317 9050310
99368386 9050311
99368387 9050311
99383540 9050312
99373571 9050314
99373578 9050314
99385292 9050329
99369379 9050333
99382143 9050335
