6118860 9046825
6118860 9054091
16046495 9054540
16046495 9202509
17760424 164682714
17760424 9056459
17760425 164682714
17760425 9056459
17752050 164682720
17752050 9056690
17752172 164682720
17752172 9056690
17756700 164682720
17756700 9056690
17756701 164682720
17756701 9056690
17756725 164682720
17756725 9056690
17756729 164682720
17756729 9056690
17756732 164682720
17756732 9056690
17756734 164682720
17756734 9056690
17756738 164682720
17756738 9056690
17757266 164682720
17757266 9056690
17757269 164682720
17757269 9056690
17757300 164682720
17757300 9056690
17757301 164682720
17757301 9056690
17757706 164682720
17757706 9056690
17758206 164682720
17758206 9056690
17758207 164682720
17758207 9056690
17758295 164682720
17758295 9056690
17758296 164682720
17758296 9056690
17760630 164682720
17760630 9056690
17760631 164682720
17760631 9056690
17760648 164682720
17760648 9056690
17760649 164682720
17760649 9056690
17760668 164682720
17760668 9056690
17760669 164682720
17760669 9056690
17760676 164682720
17760676 9056690
17760677 164682720
17760677 9056690
17754046 181378865
17754046 9056458
17754056 181378865
17754056 9056458
17757850 181378865
17757850 9056458
17757851 181378865
17757851 9056458
17760108 181378865
17760108 9056458
17760109 181378865
17760109 9056458
17760110 181378865
17760110 9056458
17760111 181378865
17760111 9056458
17753644 37391614
17753644 37391615
17753644 9055845
17753681 37391614
17753681 37391615
17753681 9055845
17753682 37391614
17753682 37391615
17753682 9055845
17753820 37391614
17753820 37391615
17753820 9055845
17755382 37391614
17755382 37391615
17755382 9055845
17757854 37391614
17757854 37391615
17757854 9055845
17757859 37391614
17757859 37391615
17757859 9055845
17757860 37391614
17757860 37391615
17757860 9055845
17757883 37391614
17757883 37391615
17757883 9055845
17757884 37391614
17757884 37391615
17757884 9055845
17752081 37391741
17752081 9055425
17752113 37391741
17752113 9055425
17752114 37391741
17752114 9055425
17757889 37391741
17757889 9055425
17757890 37391741
17757890 9055425
17758044 37391741
17758044 9055425
17758238 37391741
17758238 9055425
17751668 37391772
17751668 37391775
17751668 37391779
17751668 37391780
17751668 37391926
17751668 37391927
17751668 37392019
17751668 37392020
17751668 37392027
17751668 37392028
17751668 9055551
17751723 37391772
17751723 37391775
17751723 37391779
17751723 37391780
17751723 37391926
17751723 37391927
17751723 37392019
17751723 37392020
17751723 37392027
17751723 37392028
17751723 9055551
17751726 37391772
17751726 37391775
17751726 37391779
17751726 37391780
17751726 37391926
17751726 37391927
17751726 37392019
17751726 37392020
17751726 37392027
17751726 37392028
17751726 9055551
17751829 37391772
17751829 37391775
17751829 37391779
17751829 37391780
17751829 37391926
17751829 37391927
17751829 37392019
17751829 37392020
17751829 37392027
17751829 37392028
17751829 9055551
17751937 37391772
17751937 37391775
17751937 37391779
17751937 37391780
17751937 37391926
17751937 37391927
17751937 37392019
17751937 37392020
17751937 37392027
17751937 37392028
17751937 9055551
17752006 37391772
17752006 37391775
17752006 37391779
17752006 37391780
17752006 37391926
17752006 37391927
17752006 37392019
17752006 37392020
17752006 37392027
17752006 37392028
17752006 9055551
17752007 37391772
17752007 37391775
17752007 37391779
17752007 37391780
17752007 37391926
17752007 37391927
17752007 37392019
17752007 37392020
17752007 37392027
17752007 37392028
17752007 9055551
17752115 37391772
17752115 37391775
17752115 37391779
17752115 37391780
17752115 37391926
17752115 37391927
17752115 37392019
17752115 37392020
17752115 37392027
17752115 37392028
17752115 9055551
17758807 37391772
17758807 37391775
17758807 37391779
17758807 37391780
17758807 37391926
17758807 37391927
17758807 37392019
17758807 37392020
17758807 37392027
17758807 37392028
17758807 9055551
17762141 37391772
17762141 37391775
17762141 37391779
17762141 37391780
17762141 37391926
17762141 37391927
17762141 37392019
17762141 37392020
17762141 37392027
17762141 37392028
17762141 9055551
17762287 37391772
17762287 37391775
17762287 37391779
17762287 37391780
17762287 37391926
17762287 37391927
17762287 37392019
17762287 37392020
17762287 37392027
17762287 37392028
17762287 9055551
17762300 37391772
17762300 37391775
17762300 37391779
17762300 37391780
17762300 37391926
17762300 37391927
17762300 37392019
17762300 37392020
17762300 37392027
17762300 37392028
17762300 9055551
17762318 37391772
17762318 37391775
17762318 37391779
17762318 37391780
17762318 37391926
17762318 37391927
17762318 37392019
17762318 37392020
17762318 37392027
17762318 37392028
17762318 9055551
17762332 37391772
17762332 37391775
17762332 37391779
17762332 37391780
17762332 37391926
17762332 37391927
17762332 37392019
17762332 37392020
17762332 37392027
17762332 37392028
17762332 9055551
17762336 37391772
17762336 37391775
17762336 37391779
17762336 37391780
17762336 37391926
17762336 37391927
17762336 37392019
17762336 37392020
17762336 37392027
17762336 37392028
17762336 9055551
17762353 37391772
17762353 37391775
17762353 37391779
17762353 37391780
17762353 37391926
17762353 37391927
17762353 37392019
17762353 37392020
17762353 37392027
17762353 37392028
17762353 9055551
17762465 37391772
17762465 37391775
17762465 37391779
17762465 37391780
17762465 37391926
17762465 37391927
17762465 37392019
17762465 37392020
17762465 37392027
17762465 37392028
17762465 9055551
17762466 37391772
17762466 37391775
17762466 37391779
17762466 37391780
17762466 37391926
17762466 37391927
17762466 37392019
17762466 37392020
17762466 37392027
17762466 37392028
17762466 9055551
17762479 37391772
17762479 37391775
17762479 37391779
17762479 37391780
17762479 37391926
17762479 37391927
17762479 37392019
17762479 37392020
17762479 37392027
17762479 37392028
17762479 9055551
17762480 37391772
17762480 37391775
17762480 37391779
17762480 37391780
17762480 37391926
17762480 37391927
17762480 37392019
17762480 37392020
17762480 37392027
17762480 37392028
17762480 9055551
17762481 37391772
17762481 37391775
17762481 37391779
17762481 37391780
17762481 37391926
17762481 37391927
17762481 37392019
17762481 37392020
17762481 37392027
17762481 37392028
17762481 9055551
17762490 37391772
17762490 37391775
17762490 37391779
17762490 37391780
17762490 37391926
17762490 37391927
17762490 37392019
17762490 37392020
17762490 37392027
17762490 37392028
17762490 9055551
17762504 37391772
17762504 37391775
17762504 37391779
17762504 37391780
17762504 37391926
17762504 37391927
17762504 37392019
17762504 37392020
17762504 37392027
17762504 37392028
17762504 9055551
17762505 37391772
17762505 37391775
17762505 37391779
17762505 37391780
17762505 37391926
17762505 37391927
17762505 37392019
17762505 37392020
17762505 37392027
17762505 37392028
17762505 9055551
17762508 37391772
17762508 37391775
17762508 37391779
17762508 37391780
17762508 37391926
17762508 37391927
17762508 37392019
17762508 37392020
17762508 37392027
17762508 37392028
17762508 9055551
17763886 37391772
17763886 37391775
17763886 37391779
17763886 37391780
17763886 37391926
17763886 37391927
17763886 37392019
17763886 37392020
17763886 37392027
17763886 37392028
17763886 9055551
17763895 37391772
17763895 37391775
17763895 37391779
17763895 37391780
17763895 37391926
17763895 37391927
17763895 37392019
17763895 37392020
17763895 37392027
17763895 37392028
17763895 9055551
17766191 37391772
17766191 37391775
17766191 37391779
17766191 37391780
17766191 37391926
17766191 37391927
17766191 37392019
17766191 37392020
17766191 37392027
17766191 37392028
17766191 9055551
17752070 37391776
17752070 37391777
17752070 37391781
17752070 37391782
17752070 37391924
17752070 37391925
17752070 37392017
17752070 37392018
17752070 37392025
17752070 37392026
17752070 9055569
17752072 37391776
17752072 37391777
17752072 37391781
17752072 37391782
17752072 37391924
17752072 37391925
17752072 37392017
17752072 37392018
17752072 37392025
17752072 37392026
17752072 9055569
17752074 37391776
17752074 37391777
17752074 37391781
17752074 37391782
17752074 37391924
17752074 37391925
17752074 37392017
17752074 37392018
17752074 37392025
17752074 37392026
17752074 9055569
17752076 37391776
17752076 37391777
17752076 37391781
17752076 37391782
17752076 37391924
17752076 37391925
17752076 37392017
17752076 37392018
17752076 37392025
17752076 37392026
17752076 9055569
17752110 37391776
17752110 37391777
17752110 37391781
17752110 37391782
17752110 37391924
17752110 37391925
17752110 37392017
17752110 37392018
17752110 37392025
17752110 37392026
17752110 9055569
17752263 37391776
17752263 37391777
17752263 37391781
17752263 37391782
17752263 37391924
17752263 37391925
17752263 37392017
17752263 37392018
17752263 37392025
17752263 37392026
17752263 9055569
17752268 37391776
17752268 37391777
17752268 37391781
17752268 37391782
17752268 37391924
17752268 37391925
17752268 37392017
17752268 37392018
17752268 37392025
17752268 37392026
17752268 9055569
17752901 37391776
17752901 37391777
17752901 37391781
17752901 37391782
17752901 37391924
17752901 37391925
17752901 37392017
17752901 37392018
17752901 37392025
17752901 37392026
17752901 9055569
17753277 37391776
17753277 37391777
17753277 37391781
17753277 37391782
17753277 37391924
17753277 37391925
17753277 37392017
17753277 37392018
17753277 37392025
17753277 37392026
17753277 9055569
17753623 37391776
17753623 37391777
17753623 37391781
17753623 37391782
17753623 37391924
17753623 37391925
17753623 37392017
17753623 37392018
17753623 37392025
17753623 37392026
17753623 9055569
17753624 37391776
17753624 37391777
17753624 37391781
17753624 37391782
17753624 37391924
17753624 37391925
17753624 37392017
17753624 37392018
17753624 37392025
17753624 37392026
17753624 9055569
17753851 37391776
17753851 37391777
17753851 37391781
17753851 37391782
17753851 37391924
17753851 37391925
17753851 37392017
17753851 37392018
17753851 37392025
17753851 37392026
17753851 9055569
17754468 37391776
17754468 37391777
17754468 37391781
17754468 37391782
17754468 37391924
17754468 37391925
17754468 37392017
17754468 37392018
17754468 37392025
17754468 37392026
17754468 9055569
17754469 37391776
17754469 37391777
17754469 37391781
17754469 37391782
17754469 37391924
17754469 37391925
17754469 37392017
17754469 37392018
17754469 37392025
17754469 37392026
17754469 9055569
17754537 37391776
17754537 37391777
17754537 37391781
17754537 37391782
17754537 37391924
17754537 37391925
17754537 37392017
17754537 37392018
17754537 37392025
17754537 37392026
17754537 9055569
17755693 37391776
17755693 37391777
17755693 37391781
17755693 37391782
17755693 37391924
17755693 37391925
17755693 37392017
17755693 37392018
17755693 37392025
17755693 37392026
17755693 9055569
17755694 37391776
17755694 37391777
17755694 37391781
17755694 37391782
17755694 37391924
17755694 37391925
17755694 37392017
17755694 37392018
17755694 37392025
17755694 37392026
17755694 9055569
17758057 37391776
17758057 37391777
17758057 37391781
17758057 37391782
17758057 37391924
17758057 37391925
17758057 37392017
17758057 37392018
17758057 37392025
17758057 37392026
17758057 9055569
17760050 37391776
17760050 37391777
17760050 37391781
17760050 37391782
17760050 37391924
17760050 37391925
17760050 37392017
17760050 37392018
17760050 37392025
17760050 37392026
17760050 9055569
17760051 37391776
17760051 37391777
17760051 37391781
17760051 37391782
17760051 37391924
17760051 37391925
17760051 37392017
17760051 37392018
17760051 37392025
17760051 37392026
17760051 9055569
17760136 37391776
17760136 37391777
17760136 37391781
17760136 37391782
17760136 37391924
17760136 37391925
17760136 37392017
17760136 37392018
17760136 37392025
17760136 37392026
17760136 9055569
17760137 37391776
17760137 37391777
17760137 37391781
17760137 37391782
17760137 37391924
17760137 37391925
17760137 37392017
17760137 37392018
17760137 37392025
17760137 37392026
17760137 9055569
17760174 37391776
17760174 37391777
17760174 37391781
17760174 37391782
17760174 37391924
17760174 37391925
17760174 37392017
17760174 37392018
17760174 37392025
17760174 37392026
17760174 9055569
17760175 37391776
17760175 37391777
17760175 37391781
17760175 37391782
17760175 37391924
17760175 37391925
17760175 37392017
17760175 37392018
17760175 37392025
17760175 37392026
17760175 9055569
17767142 37391776
17767142 37391777
17767142 37391781
17767142 37391782
17767142 37391924
17767142 37391925
17767142 37392017
17767142 37392018
17767142 37392025
17767142 37392026
17767142 9055569
17767143 37391776
17767143 37391777
17767143 37391781
17767143 37391782
17767143 37391924
17767143 37391925
17767143 37392017
17767143 37392018
17767143 37392025
17767143 37392026
17767143 9055569
17767145 37391776
17767145 37391777
17767145 37391781
17767145 37391782
17767145 37391924
17767145 37391925
17767145 37392017
17767145 37392018
17767145 37392025
17767145 37392026
17767145 9055569
17767146 37391776
17767146 37391777
17767146 37391781
17767146 37391782
17767146 37391924
17767146 37391925
17767146 37392017
17767146 37392018
17767146 37392025
17767146 37392026
17767146 9055569
17753636 37391778
17753636 9053832
17753993 37391778
17753993 9053832
17754016 37391930
17754016 37391931
17754016 9055869
17754025 37391930
17754025 37391931
17754025 9055869
17754032 37391930
17754032 37391931
17754032 9055869
17754068 37391930
17754068 37391931
17754068 9055869
17754083 37391930
17754083 37391931
17754083 9055869
17754090 37391930
17754090 37391931
17754090 9055869
17754095 37391930
17754095 37391931
17754095 9055869
17754099 37391930
17754099 37391931
17754099 9055869
17754117 37391930
17754117 37391931
17754117 9055869
17754310 37391930
17754310 37391931
17754310 9055869
17757128 37391930
17757128 37391931
17757128 9055869
17757129 37391930
17757129 37391931
17757129 9055869
17757146 37391930
17757146 37391931
17757146 9055869
17757147 37391930
17757147 37391931
17757147 9055869
17759788 37391930
17759788 37391931
17759788 9055869
17760154 37391930
17760154 37391931
17760154 9055869
17760156 37391930
17760156 37391931
17760156 9055869
17760158 37391930
17760158 37391931
17760158 9055869
17760159 37391930
17760159 37391931
17760159 9055869
17752769 37391932
17752769 9056316
17752893 37391932
17752893 9056316
17752894 37391932
17752894 9056316
17753514 37391932
17753514 9056316
17754535 37391932
17754535 9056316
17755820 37391932
17755820 9056316
17760164 37391932
17760164 9056316
17760165 37391932
17760165 9056316
17760190 37391932
17760190 9056316
17767144 37391932
17767144 9056316
17752526 37392021
17752526 37392022
17752526 9056524
17752548 37392021
17752548 37392022
17752548 9056524
17752812 37392021
17752812 37392022
17752812 9056524
17753291 37392021
17753291 37392022
17753291 9056524
17754045 37392021
17754045 37392022
17754045 9056524
17754073 37392021
17754073 37392022
17754073 9056524
17756355 37392021
17756355 37392022
17756355 9056524
17756356 37392021
17756356 37392022
17756356 9056524
17756358 37392021
17756358 37392022
17756358 9056524
17756359 37392021
17756359 37392022
17756359 9056524
17756362 37392021
17756362 37392022
17756362 9056524
17756365 37392021
17756365 37392022
17756365 9056524
17756868 37392021
17756868 37392022
17756868 9056524
17757752 37392021
17757752 37392022
17757752 9056524
17757753 37392021
17757753 37392022
17757753 9056524
17757758 37392021
17757758 37392022
17757758 9056524
17757835 37392021
17757835 37392022
17757835 9056524
17757836 37392021
17757836 37392022
17757836 9056524
17758087 37392021
17758087 37392022
17758087 9056524
17758162 37392021
17758162 37392022
17758162 9056524
17759840 37392021
17759840 37392022
17759840 9056524
17759841 37392021
17759841 37392022
17759841 9056524
17759846 37392021
17759846 37392022
17759846 9056524
17760236 37392021
17760236 37392022
17760236 9056524
17760237 37392021
17760237 37392022
17760237 9056524
17760516 37392021
17760516 37392022
17760516 9056524
17760517 37392021
17760517 37392022
17760517 9056524
17767410 37392021
17767410 37392022
17767410 9056524
17751245 37392023
17751245 37392024
17751245 9056482
17751249 37392023
17751249 37392024
17751249 9056482
17751363 37392023
17751363 37392024
17751363 9056482
17751628 37392023
17751628 37392024
17751628 9056482
17751639 37392023
17751639 37392024
17751639 9056482
17751644 37392023
17751644 37392024
17751644 9056482
17751646 37392023
17751646 37392024
17751646 9056482
17751670 37392023
17751670 37392024
17751670 9056482
17751700 37392023
17751700 37392024
17751700 9056482
17751740 37392023
17751740 37392024
17751740 9056482
17751756 37392023
17751756 37392024
17751756 9056482
17751778 37392023
17751778 37392024
17751778 9056482
17751809 37392023
17751809 37392024
17751809 9056482
17751840 37392023
17751840 37392024
17751840 9056482
17751889 37392023
17751889 37392024
17751889 9056482
17751914 37392023
17751914 37392024
17751914 9056482
17755529 37392023
17755529 37392024
17755529 9056482
17755530 37392023
17755530 37392024
17755530 9056482
17755645 37392023
17755645 37392024
17755645 9056482
17757963 37392023
17757963 37392024
17757963 9056482
17757964 37392023
17757964 37392024
17757964 9056482
17759314 37392023
17759314 37392024
17759314 9056482
17759316 37392023
17759316 37392024
17759316 9056482
17759317 37392023
17759317 37392024
17759317 9056482
17759620 37392023
17759620 37392024
17759620 9056482
17759621 37392023
17759621 37392024
17759621 9056482
17759880 37392023
17759880 37392024
17759880 9056482
17759881 37392023
17759881 37392024
17759881 9056482
17752730 88621567
17752730 9056688
17752732 88621567
17752732 9056688
17752734 88621567
17752734 9056688
17752739 88621567
17752739 9056688
17753393 88621567
17753393 9056688
17760426 88621567
17760426 9056688
17760427 88621567
17760427 9056688
17754672 9053751
17761370 9053751
17761371 9053751
17752773 9053752
17752815 9053752
17752527 9053754
17756032 9053754
17756033 9053754
17752530 9053755
17752266 9053756
17753633 9053756
17753634 9053756
17751283 9053757
17760794 9053757
17760796 9053757
17760797 9053757
17752560 9053758
17752566 9053758
17753705 9053760
17753710 9053760
17753834 9053760
17753843 9053760
17754066 9053761
17757197 9053761
17757198 9053761
17757200 9053761
17757201 9053761
17752568 9053762
17752569 9053762
17752572 9053762
17756428 9053762
17756436 9053762
17756437 9053762
17751104 9053764
17752348 9053765
17757740 9053770
17758137 9053772
17755462 9053775
17756746 9053775
17756747 9053775
17755835 9053778
17755836 9053778
17763080 9053778
17751218 9053779
17751228 9053779
17757222 9053780
17767432 9053781
17767429 9053782
17759736 9053783
17759738 9053783
17759739 9053783
17754686 9053784
17756767 9053784
17758355 9053784
17761416 9053784
17761418 9053784
17761419 9053784
17756221 9053785
17756222 9053785
17766205 9053785
17751643 9053789
17756227 9053789
17757906 9053790
17757907 9053790
17753712 9053792
17752525 9053794
17751298 9053795
17763213 9053797
17758779 9053799
17758202 9053801
17758203 9053803
17754903 9053806
17761168 9053808
17761171 9053808
17763538 9053808
17754905 9053809
17754043 9053813
17754549 9053813
17754796 9053816
17754906 9053816
17754036 9053818
17754044 9053818
17757428 9053819
17754633 9053820
17755461 9053820
17756248 9053821
17756249 9053821
17755464 9053823
17755465 9053823
17762936 9053826
17763060 9053826
17766228 9053826
17755466 9053827
17753635 9053829
17753645 9053829
17753658 9053829
17759742 9053829
17759746 9053829
17759747 9053829
17762242 9053829
17755469 9053830
17753637 9053833
17759712 9053833
17759713 9053833
17761234 9053834
17761235 9053834
17763068 9053835
17756885 9053836
17756888 9053836
17756889 9053836
17754113 9053837
17754308 9053837
17760457 9053839
17764328 9053839
17764329 9053839
17751500 9053840
17754119 9053842
17756674 9053843
17758050 9053843
17755532 9053845
17757765 9053845
17757770 9053845
17757771 9053845
17760251 9053845
17762529 9053845
17762542 9053845
17758054 9053846
17751507 9053847
17755539 9053849
17763135 9053853
17763136 9053853
17763140 9053853
17766110 9053853
17766348 9053853
17751097 9053855
17756090 9053855
17761304 9053858
17761305 9053858
17756093 9053859
17762355 9053860
17756958 9053865
17756961 9053865
17756967 9053865
17756969 9053865
17756096 9053867
17756097 9053868
17759970 9053870
17759972 9053870
17759975 9053870
17762359 9053870
17766232 9053870
17755599 9053873
17755600 9053873
17755811 9053873
17762991 9053876
17762992 9053876
17758027 9053877
17761080 9053877
17761081 9053877
17761946 9053878
17755604 9053879
17757345 9053881
17757346 9053881
17763205 9053885
17763981 9053885
17763207 9053888
17763208 9053888
17756162 9053889
17756165 9053890
17755385 9053892
17753552 9053895
17758316 9053895
17758769 9053897
17752771 9053898
17757411 9053899
17761158 9053900
17757415 9053901
17754037 9053902
17761792 9053907
17757189 9053908
17757190 9053908
17757191 9053909
17762897 9053912
17763050 9053912
17763051 9053912
17763942 9053912
17761799 9053914
17761800 9053914
17761801 9053914
17761802 9053914
17762581 9053914
17762585 9053914
17757196 9053915
17757199 9053917
17756874 9053919
17756878 9053919
17757513 9053919
17766199 9053919
17756875 9053921
17756876 9053921
17756877 9053922
17761851 9053925
17761855 9053925
17761856 9053925
17761860 9053925
17761862 9053925
17761876 9053925
17761877 9053925
17762017 9053925
17762561 9053925
17762621 9053925
17762622 9053925
17762624 9053925
17762625 9053925
17756306 9053927
17757261 9053928
17757264 9053929
17756082 9053930
17760512 9053934
17760515 9053934
17763107 9053934
17756085 9053936
17760518 9053938
17760519 9053938
17761923 9053945
17761924 9053945
17761932 9053945
17761933 9053945
17762580 9053945
17762648 9053945
17762650 9053945
17762951 9053945
17762980 9053945
17763907 9053945
17761797 9053949
17761798 9053949
17762586 9053949
17762587 9053949
17762956 9053949
17762965 9053949
17762981 9053949
17762993 9053949
17753477 9053951
17754976 9053951
17763768 9053952
17761935 9053953
17762652 9053953
17766223 9053953
17756600 9053954
17756601 9053954
17766289 9053954
17757330 9053956
17761078 9053957
17761079 9053957
17757336 9053958
17756152 9053959
17757339 9053960
17756156 9053961
17767135 9053962
17756159 9053963
17761140 9053964
17761141 9053964
17756791 9053965
17754599 9053966
17756794 9053968
17751983 9053969
17757405 9053970
17751988 9053972
17757408 9053973
17756223 9053974
17751901 9053976
17751903 9053976
17751905 9053976
17751907 9053976
17751909 9053976
17751911 9053976
17751915 9053976
17751917 9053976
17751923 9053976
17756246 9053976
17756247 9053976
17756883 9053976
17756884 9053976
17759572 9053976
17759866 9053976
17759868 9053976
17759869 9053976
17759873 9053976
17759874 9053976
17759875 9053976
17759894 9053976
17759896 9053976
17759898 9053976
17759899 9053976
17760294 9053976
17760296 9053976
17760298 9053976
17760299 9053976
17761784 9053978
17761786 9053978
17761898 9053978
17757181 9053980
17754664 9053981
17757108 9053982
17757185 9053982
17757922 9053982
17757923 9053982
17762260 9053984
17762261 9053984
17757186 9053988
17756861 9053989
17756864 9053991
17751671 9053994
17751811 9053994
17756865 9053994
17756866 9053994
17756867 9053995
17763683 9053996
17763684 9053996
17761850 9053999
17762610 9053999
17755510 9054002
17755511 9054002
17758030 9054003
17755512 9054006
17755513 9054006
17759838 9054006
17759839 9054006
17758033 9054007
17755514 9054008
17755515 9054008
17758035 9054009
17762330 9054010
17762331 9054010
17762333 9054010
17762334 9054010
17762335 9054010
17756070 9054012
17757258 9054014
17756073 9054016
17756918 9054017
17756936 9054017
17756954 9054017
17756963 9054017
17756965 9054017
17756966 9054017
17758178 9054017
17757891 9054019
17756079 9054020
17757894 9054021
17753465 9054022
17756990 9054024
17756992 9054024
17756994 9054024
17758101 9054024
17755299 9054025
17753467 9054027
17752451 9054029
17752456 9054029
17752462 9054029
17753038 9054029
17753040 9054029
17753062 9054029
17753468 9054029
17753469 9054030
17766279 9054032
17761928 9054033
17761929 9054033
17762651 9054033
17762966 9054033
17757324 9054034
17754806 9054036
17761459 9054036
17756140 9054038
17757327 9054039
17751126 9054041
17756141 9054041
17756142 9054041
17752079 9054042
17762402 9054042
17756143 9054043
17756146 9054044
17757962 9054046
17753533 9054048
17757965 9054049
17754584 9054050
17756758 9054050
17756759 9054050
17756781 9054051
17756782 9054053
17756788 9054055
17760354 9054056
17760355 9054056
17756211 9054057
17756212 9054058
17756217 9054059
17760990 9054061
17760992 9054061
17760993 9054061
17760994 9054062
17760995 9054062
17755437 9054063
17754656 9054066
17763715 9054066
17756857 9054068
17756858 9054068
17751181 9054069
17753381 9054070
17753571 9054070
17761380 9054072
17761381 9054072
17763670 9054072
17758020 9054074
17755500 9054075
17755501 9054075
17758025 9054077
17762895 9054078
17762896 9054079
17758026 9054080
17757609 9054081
17757612 9054081
17758028 9054081
17758029 9054081
17758952 9054083
17758953 9054083
17759078 9054083
17759079 9054083
17763109 9054084
17756064 9054085
17756067 9054087
17753450 9054090
17757885 9054093
17757886 9054093
17757887 9054095
17757888 9054095
17759266 9054096
17759269 9054096
17761917 9054096
17757310 9054097
17757313 9054099
17760394 9054099
17760395 9054099
17756131 9054101
17752104 9054103
17751150 9054105
17756135 9054105
17756136 9054105
17752108 9054107
17759982 9054107
17759983 9054107
17756137 9054108
17755353 9054110
17757091 9054111
17757080 9054112
17757081 9054112
17757083 9054112
17757084 9054112
17757093 9054112
17757955 9054112
17757956 9054112
17758184 9054112
17757094 9054113
17757957 9054114
17756772 9054115
17761993 9054118
17761994 9054118
17762680 9054118
17763000 9054118
17766338 9054118
17755990 9054119
17756775 9054120
17755993 9054122
17755473 9054124
17758041 9054124
17760986 9054124
17763429 9054124
17764038 9054124
17764372 9054124
17764373 9054124
17764374 9054124
17756778 9054125
17755996 9054126
17751969 9054127
17755999 9054128
17758804 9054129
17762319 9054129
17759852 9054130
17759853 9054130
17757161 9054131
17752287 9054150
17752289 9054150
17752291 9054150
17752295 9054150
17752297 9054150
17752298 9054150
17753335 9054150
17753337 9054150
17753341 9054150
17753343 9054150
17753345 9054150
17753349 9054150
17753351 9054150
17753353 9054150
17755378 9054150
17757618 9054150
17757637 9054150
17760696 9054150
17760698 9054150
17760700 9054150
17760702 9054150
17760703 9054150
17760868 9054150
17760870 9054150
17760872 9054150
17760873 9054150
17760984 9054150
17760985 9054150
17760987 9054151
17753372 9054152
17763804 9054154
17764446 9054154
17764447 9054154
17766077 9054154
17766078 9054154
17761834 9054155
17754708 9054156
17754710 9054156
17756899 9054157
17766189 9054157
17754718 9054161
17756909 9054163
17756914 9054163
17756934 9054163
17757944 9054163
17757945 9054163
17758177 9054163
17756052 9054165
17756055 9054167
17751241 9054169
17756058 9054171
17761324 9054172
17761326 9054172
17761332 9054172
17761333 9054172
17763735 9054172
17763738 9054172
17762583 9054175
17762952 9054175
17762953 9054175
17756691 9054178
17756694 9054178
17756712 9054178
17756713 9054178
17758851 9054178
17760624 9054178
17760625 9054178
17761904 9054180
17761908 9054180
17762646 9054180
17761905 9054181
17762645 9054181
17752663 9054183
17762954 9054185
17756693 9054187
17762582 9054190
17762955 9054190
17762958 9054191
17757302 9054193
17757305 9054195
17756121 9054196
17751316 9054198
17756122 9054198
17756123 9054198
17756124 9054199
17755340 9054200
17756128 9054201
17757943 9054202
17757946 9054202
17757947 9054202
17757082 9054203
17757085 9054204
17757948 9054205
17754020 9054206
17754566 9054206
17757122 9054206
17757123 9054206
17758086 9054206
17756763 9054207
17756766 9054208
17761116 9054209
17751092 9054210
17756769 9054211
17751094 9054212
17755987 9054214
17761755 9054217
17762588 9054217
17762957 9054217
17766310 9054217
17757159 9054218
17766177 9054218
17751161 9054220
17757792 9054221
17764263 9054222
17764436 9054222
17753362 9054223
17764437 9054225
17753364 9054226
17761814 9054230
17761821 9054230
17766235 9054230
17766312 9054230
17752581 9054232
17753336 9054232
17755849 9054232
17759050 9054233
17759052 9054233
17759054 9054233
17759055 9054233
17757798 9054234
17757799 9054234
17753369 9054235
17766179 9054236
17759046 9054237
17759048 9054237
17759049 9054237
17759056 9054237
17759058 9054237
17759063 9054237
17756903 9054239
17756904 9054240
17756905 9054240
17756908 9054241
17757861 9054242
17757866 9054244
17757867 9054244
17756681 9054245
17751827 9054248
17758036 9054248
17766246 9054248
17766247 9054249
17756684 9054250
17758233 9054252
17760250 9054252
17762532 9054252
17762533 9054252
17752658 9054254
17760252 9054255
17756111 9054257
17756470 9054260
17761668 9054260
17761670 9054260
17761680 9054260
17761682 9054260
17761684 9054260
17761688 9054260
17761689 9054260
17766299 9054260
17756114 9054261
17751303 9054263
17756116 9054266
17756117 9054266
17751304 9054267
17757930 9054268
17758196 9054268
17760890 9054269
17760891 9054269
17756118 9054270
17757931 9054272
17757932 9054272
17757070 9054273
17757933 9054275
17761679 9054276
17753505 9054278
17757073 9054279
17766314 9054280
17753508 9054281
17756751 9054282
17756995 9054284
17757077 9054284
17757078 9054284
17757079 9054287
17756754 9054288
17755970 9054291
17760772 9054291
17760773 9054291
17760774 9054291
17760775 9054291
17755972 9054292
17756757 9054294
17755975 9054295
17751556 9054296
17766098 9054296
17759834 9054297
17766099 9054298
17757141 9054301
17766220 9054301
17760968 9054304
17760969 9054304
17754625 9054309
17754626 9054309
17754629 9054309
17754632 9054309
17761530 9054309
17761531 9054309
17766294 9054309
17756821 9054311
17754627 9054312
17757148 9054313
17757786 9054315
17757789 9054317
17761816 9054320
17761817 9054320
17766313 9054320
17766169 9054322
17761818 9054323
17761819 9054323
17757212 9054325
17753992 9054326
17759728 9054326
17759729 9054326
17757217 9054327
17752004 9054328
17752005 9054328
17753741 9054329
17753897 9054329
17753999 9054329
17756036 9054330
17752008 9054331
17752009 9054331
17757621 9054333
17766230 9054333
17756039 9054334
17757852 9054335
17757857 9054337
17757858 9054337
17756671 9054338
17756672 9054338
17756675 9054339
17756678 9054340
17757750 9054343
17758834 9054343
17760244 9054343
17760245 9054343
17760246 9054343
17760247 9054343
17760248 9054344
17760249 9054344
17762531 9054344
17756106 9054345
17756107 9054345
17756108 9054347
17756605 9054351
17760876 9054351
17760878 9054351
17760879 9054351
17760880 9054351
17760881 9054351
17763398 9054354
17763498 9054354
17763499 9054354
17763500 9054354
17766301 9054355
17756604 9054363
17760882 9054363
17760883 9054363
17764017 9054363
17766193 9054363
17757924 9054365
17757061 9054367
17757064 9054370
17756741 9054371
17757067 9054373
17751930 9054376
17756745 9054378
17755962 9054380
17755963 9054380
17756748 9054382
17751936 9054383
17755969 9054385
17763563 9054389
17751079 9054391
17763569 9054393
17757131 9054396
17757132 9054396
17757133 9054397
17757134 9054397
17757135 9054400
17756811 9054402
17756814 9054405
17756817 9054406
17756818 9054408
17757772 9054411
17757775 9054411
17757779 9054411
17757764 9054413
17757774 9054413
17752024 9054417
17752028 9054417
17756590 9054417
17756592 9054417
17756593 9054417
17756591 9054419
17757202 9054420
17756599 9054422
17753983 9054424
17756427 9054424
17756022 9054425
17756492 9054430
17756493 9054430
17761458 9054430
17763709 9054430
17763714 9054430
17764197 9054430
17753987 9054432
17756024 9054433
17751213 9054438
17756028 9054439
17756881 9054441
17757842 9054441
17758174 9054441
17766221 9054442
17766222 9054443
17757845 9054444
17757846 9054444
17756663 9054445
17756664 9054447
17756665 9054447
17756668 9054448
17763481 9054450
17754963 9054451
17757040 9054451
17757050 9054451
17757051 9054451
17757914 9054453
17757915 9054453
17757052 9054454
17757916 9054455
17757055 9054456
17756730 9054457
17757919 9054458
17756733 9054459
17757058 9054461
17755951 9054463
17756736 9054464
17755954 9054466
17756739 9054468
17757691 9054469
17755957 9054470
17757697 9054471
17760940 9054473
17760941 9054473
17767417 9054473
17752484 9054475
17757124 9054477
17756802 9054479
17762189 9054484
17762190 9054484
17762201 9054484
17757430 9054485
17760084 9054485
17760087 9054485
17762433 9054485
17756805 9054486
17757837 9054487
17759590 9054487
17751130 9054488
17756808 9054489
17757760 9054491
17751133 9054493
17757761 9054494
17762840 9054496
17766216 9054496
17756582 9054497
17762844 9054500
17756585 9054501
17756588 9054503
17756011 9054504
17756012 9054506
17756013 9054506
17754790 9054507
17761572 9054507
17761573 9054507
17761578 9054507
17761579 9054507
17755231 9054508
17756016 9054509
17756019 9054510
17751922 9054516
17754079 9054516
17754959 9054516
17755654 9054516
17755655 9054516
17757832 9054516
17757833 9054516
17762138 9054516
17762298 9054516
17762304 9054516
17762791 9054516
17762793 9054516
17757834 9054519
17763433 9054522
17763434 9054522
17763438 9054522
17766212 9054522
17755236 9054523
17757838 9054524
17756651 9054526
17756654 9054528
17756659 9054529
17755876 9054530
17757900 9054531
17759734 9054533
17759735 9054533
17757905 9054534
17757042 9054535
17756727 9054537
17757682 9054538
17763542 9054539
17757111 9054541
17751692 9054542
17751696 9054542
17751698 9054542
17757114 9054544
17757395 9054545
17760076 9054545
17760077 9054545
17753745 9054547
17753895 9054547
17753940 9054547
17759022 9054547
17759023 9054547
17761490 9054549
17759582 9054550
17759584 9054550
17759585 9054550
17766128 9054551
17766129 9054551
17766132 9054551
17756999 9054553
17757002 9054553
17759588 9054553
17759589 9054553
17757756 9054555
17757757 9054555
17754150 9054557
17754374 9054557
17754437 9054557
17756570 9054559
17756573 9054561
17756576 9054562
17756579 9054563
17756004 9054564
17756007 9054565
17754440 9054566
17757823 9054568
17754158 9054579
17754414 9054579
17754441 9054579
17758960 9054579
17758961 9054579
17761569 9054589
17767182 9054589
17757826 9054590
17756640 9054592
17756637 9054593
17756641 9054593
17757829 9054594
17762907 9054598
17763192 9054598
17763194 9054598
17752390 9054599
17752422 9054602
17763467 9054602
17763468 9054602
17763469 9054602
17761634 9054605
17761635 9054605
17752394 9054606
17757030 9054607
17757032 9054608
17757035 9054608
17757037 9054608
17757038 9054608
17757033 9054609
17757036 9054610
17751900 9054612
17756714 9054613
17757039 9054614
17761161 9054615
17763530 9054615
17763536 9054615
17755076 9054617
17754765 9054619
17757675 9054619
17758228 9054619
17756494 9054620
17752468 9054622
17756497 9054625
17753751 9054628
17753883 9054628
17753901 9054628
17753910 9054628
17759466 9054628
17760068 9054629
17760069 9054629
17757743 9054630
17753315 9054632
17756558 9054633
17756561 9054633
17766126 9054635
17757749 9054636
17756564 9054637
17756567 9054640
17751640 9054647
17751754 9054647
17763387 9054648
17755212 9054651
17760770 9054653
17760771 9054653
17757817 9054654
17756630 9054656
17756631 9054656
17754438 9054657
17756634 9054658
17757577 9054659
17757596 9054659
17761992 9054660
17762675 9054660
17762677 9054661
17757024 9054662
17757027 9054663
17756705 9054664
17751673 9054667
17756488 9054669
17751101 9054670
17759564 9054671
17759567 9054671
17762104 9054671
17766113 9054673
17756550 9054674
17752522 9054676
17753134 9054676
17756553 9054677
17751625 9054679
17751626 9054679
17751745 9054679
17752053 9054685
17752182 9054685
17756685 9054685
17758298 9054685
17760356 9054685
17760357 9054685
17760644 9054685
17760645 9054685
17757800 9054686
17757801 9054687
17757802 9054687
17757803 9054688
17757807 9054689
17754425 9054690
17756622 9054691
17756625 9054692
17758361 9054702
17766820 9054705
17761947 9054707
17762660 9054707
17762661 9054707
17762662 9054707
17762663 9054707
17757578 9054708
17757588 9054708
17757012 9054710
17759708 9054712
17759709 9054712
17757018 9054713
17755050 9054714
17757652 9054715
17757653 9054715
17759488 9054717
17759491 9054717
17762052 9054717
17757656 9054718
17756475 9054719
17758889 9054721
17760032 9054721
17760034 9054721
17760036 9054721
17760038 9054721
17760040 9054721
17760042 9054721
17760043 9054721
17763289 9054723
17763290 9054723
17763291 9054723
17757720 9054724
17760684 9054725
17760685 9054725
17766106 9054726
17752515 9054727
17753142 9054727
17756544 9054728
17751728 9054729
17751734 9054729
17755646 9054729
17756547 9054730
17758285 9054733
17758288 9054735
17762584 9054736
17754416 9054737
17754417 9054737
17756616 9054738
17756619 9054739
17757572 9054741
17758357 9054742
17758358 9054744
17758359 9054747
17752361 9054749
17756536 9054749
17756537 9054749
17756538 9054749
17752362 9054751
17755900 9054752
17755903 9054752
17755906 9054752
17755909 9054752
17753683 9054756
17756404 9054756
17756405 9054756
17759476 9054756
17759479 9054758
17756460 9054760
17752431 9054762
17757648 9054764
17757649 9054764
17758226 9054764
17756463 9054765
17754267 9054766
17757711 9054767
17760670 9054769
17760671 9054769
17760672 9054772
17760673 9054772
17760674 9054774
17760675 9054774
17756532 9054776
17756529 9054777
17756533 9054777
17756534 9054777
17752508 9054778
17756539 9054779
17759610 9054780
17759611 9054780
17756602 9054781
17757569 9054782
17756383 9054783
17752357 9054785
17762647 9054787
17756389 9054788
17759464 9054789
17761376 9054790
17760018 9054792
17760020 9054792
17760022 9054792
17760023 9054792
17762385 9054792
17754891 9054793
17758198 9054795
17754894 9054796
17762485 9054797
17762491 9054797
17754898 9054799
17754899 9054800
17757703 9054801
17755108 9054803
17756521 9054804
17761510 9054805
17761511 9054805
17759600 9054807
17759601 9054807
17759602 9054808
17759606 9054809
17753695 9054811
17762075 9054814
17753699 9054816
17752342 9054817
17756372 9054818
17752344 9054819
17756375 9054820
17751563 9054821
17751564 9054821
17756378 9054822
17763190 9054827
17764013 9054827
17763191 9054828
17761366 9054830
17761367 9054830
17756440 9054831
17756443 9054833
17756446 9054834
17767422 9054835
17754879 9054836
17754880 9054836
17754881 9054838
17754882 9054838
17762464 9054841
17762478 9054841
17762482 9054841
17763894 9054841
17756512 9054843
17756515 9054845
17756290 9054846
17756295 9054848
17756298 9054849
17754161 9054852
17755562 9054854
17758328 9054854
17752330 9054855
17756360 9054856
17752332 9054857
17763407 9054859
17762623 9054861
17763408 9054862
17756363 9054864
17751550 9054865
17758962 9054866
17758963 9054866
17762626 9054867
17751552 9054868
17756369 9054869
17763182 9054871
17763183 9054871
17763186 9054871
17763187 9054871
17763188 9054871
17766351 9054871
17757610 9054873
17763189 9054876
17764014 9054876
17757613 9054877
17757616 9054878
17752404 9054881
17752950 9054881
17758068 9054881
17756432 9054882
17756435 9054882
17756438 9054882
17758170 9054885
17752409 9054887
17758173 9054888
17754872 9054889
17751629 9054890
17754874 9054891
17757399 9054892
17760642 9054893
17760643 9054893
17760646 9054894
17760647 9054894
17756500 9054896
17756503 9054897
17758243 9054898
17758244 9054899
17757460 9054900
17757463 9054901
17754082 9054903
17757466 9054904
17756283 9054905
17753670 9054906
17753802 9054906
17757533 9054907
17762611 9054910
17762612 9054910
17762613 9054912
17751540 9054913
17751542 9054914
17752328 9054916
17756357 9054917
17754254 9054919
17758097 9054919
17758098 9054919
17756421 9054921
17756426 9054922
17767406 9054923
17763241 9054924
17763242 9054924
17758169 9054925
17761412 9054926
17761413 9054926
17755138 9054928
17758821 9054928
17762462 9054928
17762463 9054928
17762500 9054928
17762501 9054928
17767148 9054928
17757389 9054929
17757449 9054932
17757450 9054932
17757452 9054933
17758239 9054935
17757457 9054936
17756270 9054938
17756272 9054939
17763319 9054941
17756275 9054942
17753663 9054943
17753657 9054945
17753665 9054945
17755499 9054946
17757522 9054947
17757525 9054948
17756340 9054949
17756344 9054949
17756341 9054951
17756345 9054951
17763111 9054951
17766217 9054951
17754146 9054963
17756342 9054964
17753929 9054970
17753931 9054970
17753950 9054970
17754388 9054970
17754390 9054970
17754391 9054970
17754394 9054970
17754396 9054970
17754398 9054970
17756976 9054970
17756979 9054970
17756980 9054970
17759038 9054970
17759040 9054970
17759041 9054970
17759044 9054970
17759045 9054970
17759070 9054970
17759072 9054970
17759073 9054970
17759242 9054970
17759243 9054970
17759248 9054970
17759249 9054970
17763163 9054972
17763165 9054972
17756968 9054974
17756972 9054974
17756978 9054974
17756981 9054974
17756984 9054974
17756985 9054974
17756986 9054974
17756987 9054974
17751375 9054975
17755631 9054975
17756416 9054976
17756417 9054976
17758152 9054978
17756418 9054979
17764012 9054980
17755635 9054981
17757371 9054983
17764015 9054984
17764016 9054985
17757377 9054988
17757378 9054988
17757379 9054989
17751383 9054990
17760626 9054991
17760627 9054991
17760628 9054992
17760629 9054992
17757509 9054994
17758218 9054994
17758220 9054994
17757444 9054996
17758229 9054997
17756260 9054998
17756259 9054999
17756265 9054999
17763941 9055000
17763943 9055002
17753654 9055003
17757514 9055004
17757519 9055005
17756334 9055007
17756335 9055007
17758164 9055007
17751529 9055008
17757295 9055009
17757296 9055009
17757299 9055010
17762372 9055012
17762373 9055012
17762376 9055012
17756406 9055014
17757360 9055015
17758149 9055017
17757365 9055019
17757368 9055020
17767160 9055022
17758217 9055023
17760392 9055024
17760393 9055024
17752221 9055027
17752225 9055027
17760338 9055027
17760339 9055027
17756250 9055028
17756253 9055028
17756256 9055028
17756257 9055029
17753640 9055030
17755475 9055031
17763071 9055032
17754693 9055033
17763073 9055034
17752862 9055035
17761242 9055036
17761243 9055036
17762291 9055037
17756897 9055039
17757505 9055040
17762297 9055041
17756322 9055042
17751511 9055043
17755541 9055044
17758062 9055045
17758065 9055047
17751293 9055048
17752706 9055049
17752450 9055050
17753702 9055051
17754005 9055051
17751072 9055053
17754909 9055053
17761516 9055055
17766121 9055055
17766122 9055055
17766125 9055055
17751635 9055056
17757221 9055057
17756204 9055058
17757640 9055058
17757531 9055059
17757645 9055059
17758155 9055059
17757646 9055060
17752382 9055062
17752391 9055062
17755910 9055063
17753649 9055066
17753774 9055066
17757903 9055066
17757904 9055066
17755194 9055068
17755839 9055068
17757544 9055068
17758131 9055068
17755405 9055069
17755795 9055069
17752367 9055074
17754709 9055074
17754711 9055074
17756773 9055074
17756774 9055074
17756351 9055075
17755761 9055076
17752537 9055077
17757304 9055077
17757307 9055077
17754689 9055079
17754703 9055079
17754713 9055079
17754816 9055079
17754694 9055080
17754696 9055080
17757414 9055081
17755550 9055084
17753687 9055087
17752574 9055088
17752885 9055090
17753278 9055090
17753507 9055090
17752363 9055092
17753361 9055092
17752852 9055094
17754620 9055097
17756743 9055097
17756744 9055097
17755826 9055100
17760446 9055100
17760447 9055100
17755710 9055102
17753703 9055107
17753711 9055107
17753716 9055107
17753726 9055107
17753738 9055107
17753744 9055107
17753840 9055107
17753881 9055107
17753922 9055107
17753982 9055107
17754006 9055107
17756398 9055107
17756413 9055107
17757908 9055107
17757909 9055107
17758331 9055107
17759730 9055107
17759731 9055107
17759732 9055107
17759733 9055107
17755247 9055108
17755414 9055108
17756200 9055108
17758080 9055108
17758148 9055108
17752639 9055109
17752640 9055109
17752644 9055109
17752656 9055109
17753259 9055109
17753396 9055109
17755832 9055109
17755833 9055109
17752147 9055110
17752327 9055110
17756626 9055110
17756627 9055110
17752472 9055113
17756617 9055113
17756620 9055113
17756623 9055113
17756624 9055113
17756656 9055113
17756657 9055113
17756658 9055113
17760682 9055113
17760683 9055113
17756337 9055115
17760552 9055115
17760553 9055115
17756419 9055117
17756420 9055117
17766227 9055118
17754065 9055120
17754069 9055120
17757960 9055121
17757961 9055121
17751891 9055124
17757095 9055124
17757096 9055124
17759477 9055126
17759478 9055126
17762034 9055126
17751186 9055128
17755625 9055128
17754615 9055140
17754721 9055140
17755769 9055140
17756474 9055140
17761630 9055140
17761632 9055140
17761633 9055140
17752496 9055142
17755374 9055142
17756666 9055142
17756667 9055142
17752499 9055143
17757747 9055143
17758309 9055143
17752703 9055144
17754900 9055147
17756464 9055147
17756465 9055147
17766134 9055147
17766135 9055147
17754827 9055151
17754624 9055154
17756447 9055154
17756448 9055154
17757670 9055154
17752016 9055156
17767433 9055157
17752880 9055158
17752882 9055158
17752477 9055159
17752486 9055159
17760944 9055159
17760945 9055159
17767438 9055161
17767439 9055161
17752026 9055163
17755117 9055164
17753676 9055166
17759698 9055166
17759699 9055166
17755129 9055168
17755135 9055168
17760184 9055168
17760185 9055168
17755125 9055169
17754049 9055173
17756388 9055173
17758166 9055173
17757384 9055174
17757385 9055174
17758840 9055176
17757547 9055177
17753480 9055181
17756638 9055181
17756639 9055181
17761028 9055181
17761029 9055181
17753632 9055183
17755664 9055183
17757862 9055183
17757863 9055183
17753625 9055184
17757869 9055184
17757874 9055184
17757875 9055184
17760452 9055187
17760453 9055187
17752030 9055188
17755164 9055190
17755837 9055190
17756742 9055193
17754610 9055194
17754611 9055195
17751089 9055196
17751091 9055196
17751093 9055196
17751095 9055196
17751096 9055196
17751103 9055196
17751258 9055196
17752426 9055196
17752429 9055196
17752435 9055196
17752457 9055196
17753007 9055196
17753010 9055196
17756091 9055196
17756092 9055196
17761052 9055196
17761053 9055196
17763069 9055199
17763070 9055199
17760748 9055200
17760750 9055200
17760751 9055200
17757387 9055201
17757388 9055201
17753731 9055203
17759164 9055203
17759166 9055203
17759167 9055203
17753724 9055204
17753725 9055204
17758335 9055204
17751703 9055207
17751987 9055207
17751999 9055207
17757068 9055207
17757069 9055207
17759014 9055207
17759015 9055207
17759016 9055207
17759018 9055207
17759019 9055207
17766248 9055207
17751688 9055213
17751690 9055213
17751695 9055213
17751699 9055213
17757025 9055213
17757026 9055213
17757054 9055213
17757057 9055213
17757060 9055213
17757065 9055213
17757066 9055213
17757071 9055213
17757072 9055213
17757099 9055213
17757972 9055213
17757973 9055213
17759300 9055213
17759301 9055213
17759310 9055213
17759311 9055213
17759312 9055213
17759313 9055213
17754074 9055219
17754075 9055219
17754076 9055219
17754078 9055219
17754366 9055219
17756890 9055219
17756891 9055219
17756902 9055219
17757010 9055219
17757011 9055219
17757014 9055219
17757016 9055219
17757028 9055219
17757029 9055219
17757178 9055219
17757179 9055219
17757180 9055219
17757939 9055219
17757940 9055219
17758339 9055219
17766204 9055219
17751686 9055221
17751675 9055223
17751677 9055223
17759340 9055223
17759341 9055223
17756799 9055224
17753440 9055225
17752774 9055226
17753515 9055226
17752764 9055229
17752768 9055229
17752775 9055229
17752776 9055229
17752777 9055229
17752870 9055230
17752873 9055230
17752890 9055233
17757442 9055233
17757443 9055233
17757445 9055233
17757446 9055233
17757447 9055233
17751231 9055234
17751247 9055234
17751595 9055234
17751623 9055234
17767405 9055234
17751200 9055235
17751203 9055235
17751403 9055235
17752692 9055236
17752698 9055236
17752708 9055236
17757496 9055236
17760488 9055236
17760489 9055236
17763085 9055236
17763082 9055238
17763083 9055238
17763084 9055238
17753513 9055239
17752720 9055240
17755638 9055241
17755639 9055242
17752561 9055243
17752565 9055243
17757603 9055246
17752723 9055247
17755112 9055248
17755701 9055248
17751212 9055249
17751219 9055249
17751209 9055250
17756160 9055250
17756161 9055250
17753680 9055252
17759718 9055252
17759719 9055252
17753535 9055253
17752355 9055254
17752356 9055254
17752922 9055254
17761142 9055254
17761143 9055254
17754658 9055256
17752375 9055258
17755429 9055258
17755430 9055258
17757718 9055258
17757719 9055258
17758142 9055258
17752588 9055259
17752591 9055259
17752595 9055259
17752596 9055259
17755105 9055260
17755106 9055260
17752829 9055265
17752831 9055265
17752837 9055265
17752838 9055265
17752840 9055265
17753387 9055265
17753509 9055265
17755369 9055265
17755892 9055265
17755893 9055265
17755115 9055266
17752091 9055267
17757746 9055268
17753673 9055270
17759692 9055270
17759693 9055270
17754003 9055273
17752700 9055276
17752702 9055276
17752705 9055276
17752712 9055276
17752772 9055276
17753191 9055276
17753380 9055276
17753498 9055276
17753512 9055276
17753573 9055276
17760404 9055276
17760405 9055276
17754143 9055281
17754151 9055281
17754452 9055281
17766234 9055281
17752399 9055285
17753359 9055285
17754812 9055285
17755467 9055285
17755468 9055285
17756481 9055285
17756482 9055285
17756487 9055285
17756489 9055285
17756490 9055285
17756510 9055285
17756511 9055285
17756545 9055285
17756546 9055285
17756551 9055285
17756552 9055285
17756559 9055285
17756560 9055285
17761462 9055285
17761463 9055285
17761646 9055285
17761647 9055285
17761648 9055285
17761664 9055285
17761665 9055285
17761666 9055285
17761667 9055285
17766295 9055285
17757700 9055286
17757480 9055288
17757476 9055289
17758221 9055289
17757479 9055290
17752576 9055294
17752578 9055294
17751115 9055298
17751124 9055298
17751265 9055298
17751279 9055298
17755632 9055298
17756112 9055298
17756113 9055298
17760954 9055298
17760955 9055298
17761082 9055298
17761083 9055298
17752859 9055299
17752875 9055299
17752359 9055300
17752360 9055300
17752944 9055300
17754291 9055304
17754294 9055304
17759238 9055304
17759240 9055304
17759241 9055304
17752854 9055305
17755596 9055306
17752879 9055309
17755824 9055309
17757510 9055311
17755365 9055312
17752590 9055314
17757624 9055314
17760414 9055314
17760416 9055314
17760418 9055314
17760419 9055314
17766102 9055314
17766103 9055314
17757619 9055315
17757620 9055315
17756571 9055316
17766290 9055316
17763065 9055317
17763066 9055317
17763067 9055317
17752410 9055319
17752412 9055319
17752414 9055319
17753025 9055319
17752057 9055320
17752061 9055320
17752230 9055320
17752233 9055320
17752542 9055321
17753432 9055321
17755866 9055322
17752602 9055324
17751123 9055327
17759688 9055328
17759691 9055328
17762204 9055328
17755915 9055330
17756303 9055332
17751206 9055334
17751214 9055334
17756147 9055334
17756148 9055334
17752369 9055343
17753002 9055343
17756787 9055343
17756790 9055343
17756793 9055343
17756795 9055343
17756798 9055343
17756801 9055343
17756804 9055343
17756807 9055343
17756810 9055343
17756812 9055343
17756813 9055343
17756815 9055343
17756816 9055343
17756822 9055343
17756823 9055343
17756828 9055343
17756829 9055343
17756830 9055343
17756833 9055343
17756834 9055343
17757701 9055343
17758307 9055343
17761138 9055343
17761139 9055343
17767440 9055343
17767441 9055343
17756752 9055349
17757688 9055349
17761420 9055349
17761421 9055349
17761422 9055349
17761423 9055349
17761570 9055349
17761571 9055349
17754089 9055366
17754121 9055366
17754126 9055366
17754144 9055366
17754145 9055366
17754156 9055366
17754157 9055366
17754281 9055366
17754336 9055366
17754387 9055366
17755091 9055366
17757106 9055366
17757107 9055366
17757138 9055366
17757192 9055366
17757193 9055366
17758122 9055366
17758341 9055366
17758345 9055366
17759537 9055366
17759542 9055366
17759804 9055366
17759805 9055366
17766251 9055366
17766253 9055366
17766254 9055366
17767147 9055366
17760707 9055368
17752600 9055372
17753407 9055372
17751217 9055386
17751222 9055386
17751227 9055386
17751230 9055386
17751369 9055386
17751557 9055386
17752766 9055386
17752813 9055386
17753451 9055386
17753499 9055386
17755522 9055386
17757768 9055386
17757769 9055386
17757784 9055386
17757787 9055386
17757790 9055386
17757791 9055386
17757793 9055386
17757795 9055386
17758274 9055386
17758892 9055386
17758893 9055386
17760454 9055386
17760455 9055386
17760506 9055386
17766218 9055386
17767442 9055386
17767443 9055386
17752062 9055393
17752064 9055393
17752067 9055393
17752343 9055393
17753209 9055393
17753215 9055393
17753280 9055393
17755674 9055393
17757381 9055393
17757391 9055393
17757417 9055393
17757418 9055393
17757455 9055393
17757456 9055393
17757458 9055393
17757461 9055393
17757464 9055393
17757465 9055393
17757898 9055393
17759994 9055393
17759995 9055393
17760012 9055393
17760013 9055393
17760072 9055393
17760073 9055393
17760088 9055393
17760089 9055393
17766265 9055393
17752754 9055397
17752757 9055397
17752759 9055397
17753198 9055397
17757520 9055397
17757521 9055397
17760438 9055397
17760439 9055397
17760892 9055401
17760893 9055401
17752373 9055405
17756541 9055405
17756542 9055405
17756543 9055405
17753933 9055412
17757920 9055412
17753433 9055416
17757490 9055416
17754148 9055420
17759082 9055420
17759083 9055420
17753700 9055429
17755570 9055437
17757341 9055437
17757342 9055437
17757350 9055437
17757356 9055437
17757363 9055437
17758212 9055437
17766273 9055437
17757726 9055443
17757738 9055443
17757739 9055443
17758171 9055443
17758154 9055446
17752609 9055449
17752621 9055449
17752647 9055449
17752681 9055449
17752738 9055450
17753309 9055450
17751116 9055456
17756577 9055459
17756578 9055459
17756580 9055459
17756583 9055459
17756584 9055459
17766291 9055459
17756049 9055461
17752393 9055465
17752423 9055465
17752977 9055465
17756525 9055465
17756526 9055465
17756531 9055465
17756862 9055465
17756863 9055465
17762270 9055466
17762271 9055469
17755095 9055470
17751068 9055478
17757658 9055478
17761514 9055478
17761515 9055478
17751069 9055480
17752689 9055483
17752709 9055483
17752753 9055483
17753299 9055483
17753656 9055485
17756393 9055485
17756394 9055485
17753661 9055488
17753664 9055488
17756401 9055488
17756402 9055488
17752397 9055491
17754059 9055498
17754062 9055498
17759480 9055498
17759481 9055498
17756134 9055499
17752580 9055500
17754982 9055500
17756215 9055504
17757614 9055504
17757615 9055504
17760276 9055504
17760277 9055504
17751622 9055513
17762854 9055513
17762855 9055513
17751634 9055517
17756370 9055517
17756371 9055517
17754699 9055520
17761322 9055520
17761323 9055520
17752583 9055523
17752623 9055523
17753326 9055523
17757467 9055523
17757468 9055523
17756244 9055526
17758108 9055526
17766280 9055573
17754671 9055576
17754697 9055576
17754714 9055576
17752519 9055579
17755249 9055582
17757534 9055582
17760724 9055583
17760727 9055585
17760729 9055585
17752346 9055586
17756612 9055590
17756614 9055590
17756615 9055590
17760422 9055592
17760423 9055592
17753472 9055594
17758052 9055594
17763064 9055596
17763074 9055596
17755818 9055599
17755821 9055599
17755822 9055599
17753516 9055602
17753517 9055602
17759694 9055607
17759695 9055607
17751658 9055613
17751660 9055613
17751661 9055613
17751794 9055613
17752398 9055618
17752406 9055618
17752413 9055618
17752954 9055618
17753027 9055618
17752388 9055626
17758835 9055627
17762845 9055627
17756262 9055629
17758031 9055629
17751559 9055632
17752697 9055634
17752745 9055634
17753303 9055634
17751233 9055635
17752699 9055636
17752654 9055638
17754100 9055639
17754081 9055650
17754101 9055650
17754103 9055650
17754273 9055650
17754312 9055650
17757156 9055650
17757204 9055650
17757207 9055650
17757208 9055650
17759236 9055650
17759237 9055650
17754072 9055656
17754080 9055656
17754232 9055656
17754447 9055656
17754448 9055656
17752863 9055664
17753247 9055664
17754175 9055664
17754569 9055664
17755380 9055664
17755778 9055664
17757343 9055664
17757344 9055664
17758323 9055664
17766196 9055664
17751702 9055667
17751705 9055667
17751706 9055667
17751838 9055667
17762935 9055670
17752856 9055671
17752874 9055671
17761214 9055673
17761215 9055673
17753437 9055676
17758067 9055677
17752690 9055679
17755831 9055680
17755792 9055683
17758129 9055683
17767409 9055688
17751428 9055689
17758271 9055689
17751198 9055696
17751510 9055696
17751610 9055696
17756132 9055699
17756133 9055699
17756138 9055699
17756139 9055699
17751173 9055705
17751180 9055705
17756144 9055705
17760558 9055705
17760559 9055705
17757483 9055708
17757484 9055708
17763248 9055711
17751202 9055714
17751205 9055714
17751207 9055714
17751210 9055714
17751405 9055714
17758121 9055714
17752441 9055718
17752442 9055718
17760556 9055720
17760557 9055720
17753189 9055723
17753511 9055723
17757210 9055723
17757211 9055723
17755854 9055725
17752783 9055726
17752869 9055728
17751897 9055733
17756228 9055733
17753346 9055739
17756649 9055739
17756650 9055739
17758134 9055739
17755367 9055743
17760686 9055743
17766283 9055743
17753707 9055746
17753709 9055746
17752791 9055756
17752814 9055756
17755546 9055756
17755548 9055756
17757326 9055756
17757329 9055756
17757334 9055756
17757337 9055756
17757338 9055756
17757709 9055756
17758064 9055756
17758069 9055756
17758210 9055756
17758211 9055756
17754607 9055767
17754612 9055767
17761702 9055767
17761703 9055767
17766302 9055767
17751656 9055770
17756273 9055775
17758287 9055775
17759622 9055775
17756373 9055777
17756374 9055777
17754668 9055781
17754892 9055785
17754893 9055785
17756485 9055785
17757661 9055788
17758365 9055788
17758366 9055788
17753394 9055790
17754134 9055796
17756376 9055796
17756377 9055796
17759064 9055796
17759066 9055796
17759067 9055796
17759068 9055796
17759069 9055796
17754385 9055799
17754093 9055804
17754096 9055804
17754120 9055804
17754122 9055804
17754443 9055804
17754139 9055806
17753849 9055808
17752469 9055817
17753466 9055817
17756077 9055817
17756078 9055817
17752844 9055820
17752846 9055820
17757213 9055820
17752803 9055823
17752828 9055823
17752845 9055823
17751234 9055831
17755537 9055831
17756317 9055831
17756320 9055831
17756321 9055831
17763072 9055832
17753752 9055835
17753918 9055835
17753930 9055835
17753954 9055835
17754127 9055835
17753443 9055836
17753445 9055836
17752395 9055860
17752420 9055860
17752470 9055860
17752480 9055860
17752489 9055860
17752490 9055860
17753054 9055860
17754577 9055860
17754598 9055860
17754604 9055860
17754605 9055860
17755331 9055860
17755375 9055860
17755659 9055860
17756635 9055860
17756636 9055860
17756819 9055860
17756820 9055860
17758305 9055860
17758786 9055860
17761016 9055860
17761017 9055860
17761120 9055860
17761121 9055860
17766197 9055875
17766214 9055881
17755939 9055884
17761180 9055884
17761181 9055884
17752724 9055886
17753397 9055887
17752672 9055890
17760428 9055890
17760430 9055890
17760431 9055890
17752614 9055891
17752619 9055893
17757523 9055893
17757524 9055893
17752312 9055894
17751147 9055902
17751545 9055902
17751547 9055902
17755048 9055902
17755342 9055902
17758862 9055902
17763295 9055902
17751578 9055904
17752396 9055912
17752935 9055912
17763478 9055917
17761184 9055924
17761185 9055924
17763546 9055924
17752370 9055926
17752740 9055927
17753642 9055931
17753655 9055931
17753660 9055931
17753666 9055931
17759714 9055931
17759715 9055931
17760044 9055931
17760045 9055931
17757397 9055939
17757403 9055939
17760080 9055939
17760082 9055939
17760083 9055939
17754030 9055941
17754555 9055941
17754033 9055949
17754534 9055949
17754553 9055949
17755714 9055949
17751215 9055951
17758056 9055952
17753428 9055954
17755883 9055956
17755884 9055956
17751676 9055961
17754038 9055971
17756367 9055971
17756368 9055971
17759854 9055971
17759855 9055971
17753708 9055982
17753720 9055982
17753836 9055982
17753864 9055982
17759156 9055985
17759157 9055985
17751572 9055988
17758286 9055988
17752688 9055990
17752674 9055994
17752675 9055994
17758216 9055996
17758042 9055998
17757438 9056009
17760332 9056009
17760334 9056009
17760336 9056009
17760337 9056009
17752567 9056012
17752587 9056012
17755873 9056014
17755874 9056014
17751650 9056016
17752801 9056018
17752830 9056018
17758199 9056018
17752756 9056019
17751632 9056021
17755328 9056023
17755404 9056023
17756597 9056026
17756598 9056026
17766292 9056026
17753371 9056033
17756037 9056033
17756038 9056033
17753460 9056038
17767413 9056038
17752559 9056039
17752562 9056039
17751223 9056042
17751149 9056045
17753669 9056051
17753677 9056051
17753800 9056051
17752589 9056059
17752601 9056059
17753156 9056059
17753163 9056059
17753569 9056059
17756642 9056059
17756643 9056059
17756652 9056059
17756653 9056059
17758136 9056059
17752717 9056061
17753401 9056063
17753404 9056063
17753405 9056063
17753406 9056063
17754986 9056063
17756325 9056066
17756326 9056066
17756484 9056068
17752788 9056071
17752807 9056071
17752849 9056071
17752868 9056071
17760440 9056071
17760441 9056071
17752461 9056087
17752487 9056087
17752510 9056087
17753109 9056087
17753146 9056087
17753457 9056087
17755997 9056087
17755998 9056087
17757259 9056087
17757260 9056087
17760762 9056087
17760763 9056087
17753073 9056091
17753082 9056091
17752611 9056094
17752612 9056096
17752613 9056096
17753395 9056096
17752467 9056099
17755755 9056101
17758338 9056101
17752701 9056103
17752737 9056103
17756854 9056105
17756859 9056105
17756860 9056105
17756851 9056107
17753357 9056111
17756848 9056111
17758061 9056111
17755851 9056113
17758138 9056123
17753643 9056127
17755296 9056130
17756439 9056130
17753754 9056134
17753919 9056134
17753927 9056134
17753952 9056134
17751187 9056136
17751191 9056136
17751204 9056136
17751350 9056136
17751505 9056136
17752011 9056143
17752021 9056143
17752023 9056143
17752296 9056143
17756586 9056143
17756587 9056143
17767180 9056143
17758063 9056145
17767434 9056149
17767435 9056149
17756076 9056151
17753417 9056153
17755684 9056156
17753033 9056160
17756053 9056160
17756054 9056160
17756056 9056160
17756057 9056160
17754617 9056168
17754619 9056168
17754623 9056168
17754746 9056168
17756750 9056168
17761616 9056168
17761617 9056168
17754616 9056170
17755263 9056172
17755877 9056175
17757487 9056176
17755800 9056179
17753023 9056185
17756074 9056185
17756075 9056185
17761050 9056185
17761051 9056185
17757910 9056189
17758332 9056189
17752083 9056191
17758071 9056191
17752054 9056211
17752066 9056211
17752205 9056211
17752207 9056211
17752210 9056211
17752339 9056211
17756676 9056211
17756679 9056211
17756680 9056211
17757406 9056211
17757407 9056211
17760070 9056211
17760071 9056211
17760374 9056211
17760375 9056211
17755986 9056217
17755989 9056217
17755992 9056217
17755995 9056217
17761060 9056217
17761061 9056217
17752452 9056223
17752592 9056226
17752636 9056226
17752669 9056226
17752726 9056226
17753399 9056226
17758782 9056226
17754675 9056233
17754904 9056233
17753389 9056234
17755901 9056234
17762461 9056234
17755907 9056236
17755908 9056236
17753859 9056242
17753988 9056242
17759467 9056242
17752012 9056251
17752018 9056251
17752121 9056251
17752132 9056251
17756568 9056251
17756569 9056251
17751201 9056253
17751406 9056271
17751410 9056271
17751412 9056271
17753290 9056271
17753292 9056271
17753294 9056271
17753296 9056271
17753298 9056271
17753300 9056271
17753302 9056271
17753304 9056271
17753306 9056271
17753308 9056271
17753310 9056271
17753312 9056271
17753314 9056271
17753452 9056271
17753526 9056271
17753529 9056271
17754936 9056271
17757494 9056271
17758139 9056271
17758219 9056271
17758318 9056271
17760524 9056271
17760525 9056271
17760554 9056271
17760555 9056271
17761246 9056275
17761247 9056275
17757511 9056278
17752553 9056284
17752557 9056284
17752571 9056284
17753267 9056284
17753330 9056284
17753422 9056284
17753438 9056284
17756029 9056284
17758311 9056284
17766200 9056284
17752666 9056286
17756840 9056296
17756842 9056296
17756843 9056296
17752416 9056298
17752551 9056300
17755282 9056300
17752626 9056302
17752627 9056302
17755361 9056305
17755419 9056305
17751208 9056306
17753486 9056312
17753487 9056312
17755284 9056312
17757230 9056312
17757568 9056312
17758201 9056312
17758785 9056312
17754118 9056322
17755712 9056322
17758099 9056322
17755349 9056329
17760874 9056329
17760875 9056329
17751160 9056337
17751166 9056337
17751175 9056337
17751195 9056337
17751342 9056337
17755624 9056337
17756163 9056337
17756164 9056337
17760600 9056337
17760601 9056337
17752419 9056339
17751339 9056345
17751436 9056345
17753153 9056345
17756126 9056345
17756127 9056345
17754160 9056352
17754423 9056352
17758950 9056352
17758951 9056352
17754636 9056359
17761574 9056359
17761577 9056359
17761628 9056359
17761629 9056359
17763814 9056359
17753948 9056362
17756034 9056369
17758312 9056369
17752594 9056374
17758784 9056374
17760450 9056374
17760451 9056376
17753674 9056382
17753686 9056382
17753698 9056382
17753792 9056382
17753662 9056388
17753671 9056388
17753847 9056388
17766195 9056389
17755812 9056390
17754104 9056395
17755177 9056399
17755401 9056399
17758130 9056399
17757543 9056401
17754042 9056404
17754064 9056404
17755389 9056404
17755391 9056404
17757113 9056404
17757115 9056404
17757116 9056404
17751122 9056405
17751490 9056405
17756086 9056405
17756087 9056405
17751491 9056406
17751489 9056407
17751631 9056410
17751636 9056410
17751641 9056410
17751642 9056410
17751654 9056410
17751662 9056410
17751729 9056410
17751730 9056410
17751731 9056410
17751751 9056410
17751904 9056410
17756280 9056410
17756281 9056410
17752892 9056411
17756562 9056412
17756563 9056412
17753679 9056413
17753602 9056414
17753603 9056414
17757431 9056414
17758214 9056414
17758300 9056414
17751216 9056416
17758273 9056416
17752765 9056417
17755842 9056421
17763079 9056421
17754061 9056422
17756109 9056423
17756110 9056423
17761062 9056423
17761063 9056423
17761230 9056429
17761231 9056429
17761414 9056429
17761415 9056429
17754662 9056430
17754665 9056430
17754669 9056430
17755007 9056430
17754663 9056432
17756755 9056432
17756761 9056432
17756762 9056432
17753436 9056433
17753439 9056433
17757604 9056434
17753989 9056436
17755496 9056437
17756407 9056437
17759482 9056437
17759487 9056437
17762046 9056437
17763892 9056437
17759034 9056439
17759036 9056439
17759037 9056439
17758128 9056440
17753675 9056442
17753701 9056442
17753729 9056442
17753740 9056442
17753838 9056442
17753866 9056442
17753944 9056442
17756410 9056442
17756411 9056442
17759200 9056442
17759201 9056442
17759438 9056442
17759439 9056442
17752059 9056444
17752059 9207212
17752086 9056444
17752086 9207212
17752217 9056444
17752217 9207212
17753601 9056444
17753601 9207212
17753614 9056444
17753614 9207212
17757436 9056444
17757436 9207212
17757437 9056444
17757437 9207212
17760000 9056444
17760000 9207212
17760001 9056444
17760001 9207212
17760030 9056444
17760030 9207212
17760031 9056444
17760031 9207212
17767181 9056444
17767181 9207212
17755286 9056446
17757695 9056447
17757696 9056447
17756044 9056449
17766287 9056449
17756045 9056451
17751764 9056452
17751773 9056452
17751906 9056452
17751968 9056452
17751199 9056453
17752798 9056454
17752889 9056455
17755823 9056455
17762484 9056456
17757367 9056457
17757370 9056457
17757137 9056463
17766226 9056463
17752637 9056465
17752365 9056466
17752928 9056466
17752937 9056466
17754716 9056466
17755471 9056466
17756776 9056466
17756777 9056466
17761226 9056466
17761227 9056466
17761228 9056466
17761229 9056466
17761236 9056466
17761237 9056466
17761302 9056466
17761303 9056466
17767176 9056466
17752377 9056468
17752379 9056468
17752383 9056468
17752384 9056468
17752386 9056468
17752392 9056468
17752403 9056468
17752979 9056468
17753470 9056468
17754389 9056470
17757166 9056470
17763229 9056473
17755197 9056474
17752707 9056476
17758317 9056476
17763249 9056478
17766213 9056478
17751861 9056486
17751982 9056486
17762474 9056487
17759716 9056488
17759717 9056488
17755272 9056489
17766211 9056489
17756424 9056490
17756425 9056490
17759682 9056490
17759683 9056490
17753742 9056493
17759182 9056493
17759183 9056493
17754152 9056497
17754155 9056497
17751131 9056504
17751135 9056504
17751137 9056504
17751141 9056504
17751321 9056504
17751354 9056504
17752501 9056504
17752504 9056504
17752514 9056504
17752516 9056504
17752517 9056504
17753137 9056504
17753140 9056504
17753462 9056504
17753494 9056504
17756129 9056504
17756130 9056504
17757818 9056504
17757821 9056504
17757822 9056504
17757824 9056504
17757827 9056504
17757828 9056504
17758267 9056504
17760782 9056504
17760783 9056504
17760818 9056504
17766285 9056504
17752531 9056505
17752761 9056507
17752786 9056507
17752805 9056507
17752818 9056507
17752847 9056507
17752867 9056507
17757117 9056508
17752808 9056509
17752811 9056509
17751107 9056511
17751475 9056511
17751478 9056511
17756094 9056511
17756095 9056511
17755875 9056512
17755880 9056512
17760420 9056512
17760421 9056512
17766206 9056513
17754704 9056514
17754840 9056516
17758070 9056516
17756846 9056517
17756850 9056517
17758189 9056518
17754706 9056519
17757194 9056520
17757195 9056520
17752789 9056526
17752794 9056526
17752027 9056529
17752015 9056531
17761232 9056532
17761233 9056532
17761172 9056537
17761175 9056537
17766164 9056537
17767444 9056538
17752564 9056539
17752575 9056539
17755846 9056539
17752605 9056541
17752509 9056544
17758310 9056544
17751119 9056546
17755976 9056546
17755977 9056546
17756099 9056547
17752025 9056551
17752142 9056551
17751655 9056553
17751933 9056553
17754978 9056554
17756566 9056554
17761006 9056554
17761008 9056554
17761009 9056554
17753414 9056555
17752758 9056556
17752866 9056557
17753385 9056557
17756017 9056559
17756018 9056559
17756020 9056559
17756021 9056559
17753730 9056560
17752400 9056561
17752741 9056562
17752748 9056562
17752770 9056562
17752780 9056562
17752799 9056563
17752836 9056563
17753453 9056564
17753455 9056564
17751168 9056566
17751434 9056566
17752800 9056567
17752802 9056567
17752804 9056567
17752806 9056567
17752464 9056570
17753049 9056570
17753088 9056570
17753350 9056570
17752821 9056571
17752823 9056571
17752827 9056571
17755686 9056571
17757689 9056571
17757690 9056571
17760198 9056571
17760199 9056571
17752447 9056574
17752458 9056574
17752460 9056574
17752506 9056574
17753368 9056574
17753504 9056574
17755955 9056574
17755958 9056574
17755959 9056574
17756066 9056574
17756068 9056574
17756069 9056574
17756081 9056574
17756083 9056574
17756084 9056574
17756554 9056574
17756555 9056574
17757741 9056574
17757742 9056574
17758113 9056574
17754674 9056575
17754651 9056577
17754652 9056577
17754655 9056578
17754690 9056580
17755409 9056581
17753434 9056582
17755402 9056583
17766209 9056583
17755176 9056584
17763081 9056585
17752781 9056587
17752782 9056587
17752787 9056587
17753196 9056587
17753412 9056588
17753409 9056590
17756291 9056590
17756292 9056590
17751152 9056591
17751120 9056598
17752466 9056598
17752474 9056598
17755965 9056598
17755973 9056598
17755974 9056598
17756100 9056598
17756101 9056598
17756157 9056606
17760576 9056606
17760577 9056606
17751102 9056625
17751105 9056625
17751106 9056625
17751110 9056625
17751111 9056625
17751113 9056625
17751125 9056625
17751127 9056625
17751129 9056625
17751138 9056625
17751153 9056625
17751159 9056625
17751292 9056625
17751424 9056625
17751499 9056625
17752405 9056625
17752408 9056625
17752415 9056625
17752988 9056625
17753012 9056625
17753064 9056625
17754953 9056625
17756119 9056625
17756120 9056625
17757815 9056625
17757816 9056625
17761058 9056625
17761059 9056625
17756502 9056628
17756504 9056628
17756505 9056628
17752493 9056632
17752529 9056632
17752554 9056632
17752573 9056632
17752606 9056632
17752632 9056632
17753132 9056632
17753562 9056632
17755277 9056632
17755356 9056632
17756050 9056632
17756051 9056632
17756195 9056632
17756196 9056632
17757654 9056632
17757655 9056632
17757744 9056632
17754731 9056634
17751220 9056635
17760590 9056636
17760591 9056636
17751192 9056637
17751193 9056637
17760583 9056638
17760578 9056642
17754613 9056643
17754915 9056643
17766303 9056643
17751056 9056648
17751058 9056648
17751071 9056648
17751086 9056648
17754908 9056648
17756441 9056648
17756444 9056648
17756445 9056648
17752345 9056651
17754677 9056651
17754687 9056651
17754800 9056651
17754819 9056651
17761492 9056651
17761493 9056651
17754641 9056654
17756453 9056654
17756455 9056654
17756456 9056654
17756476 9056654
17756478 9056654
17756479 9056654
17757678 9056654
17757679 9056654
17752686 9056655
17760650 9056657
17760651 9056659
17752653 9056661
17753501 9056661
17753651 9056666
17753990 9056666
17756391 9056666
17756395 9056666
17756396 9056666
17759740 9056666
17759741 9056666
17755436 9056668
17756397 9056670
17756403 9056670
17759710 9056670
17762228 9056670
17762229 9056670
17752857 9056671
17752858 9056671
17752864 9056671
17766267 9056671
17753423 9056672
17751190 9056673
17752833 9056673
17751169 9056676
17751177 9056676
17751182 9056676
17751184 9056676
17751413 9056676
17751432 9056676
17751538 9056676
17751539 9056676
17751560 9056676
17751561 9056676
17758269 9056676
17760790 9056676
17760791 9056676
17752731 9056677
17752598 9056678
17752603 9056678
17752735 9056678
17753311 9056678
17753408 9056678
17756002 9056678
17760448 9056678
17760449 9056678
17755848 9056680
17751624 9056682
17757409 9056683
17757410 9056683
17756740 9056684
17752907 9056685
17754717 9056685
17754838 9056685
17756770 9056685
17757687 9056685
17757692 9056685
17757693 9056685
17757698 9056685
17757699 9056685
17758114 9056685
17758787 9056685
17759246 9056686
17759247 9056686
17759270 9056686
17759271 9056686
17754026 9056689
17754215 9056689
17758828 9056689
17752555 9056691
