93844509 9052576
93844509 9103720
93844510 9052576
93844510 9103720
93844479 9053071
93844500 9053575
93844500 9105944
93844616 9053575
93844616 9105944
93844529 9053666
93844529 9106077
93844665 9053666
93844665 9106077
93848755 9053666
93848755 9106077
93848756 9053666
93848756 9106077
93844549 9053711
93844549 9106103
93862449 9103767
93862449 9193396
93861394 9103806
93861394 9443082
93861418 9103806
93861418 9443082
93862570 9103806
93862570 9443082
93862571 9103806
93862571 9443082
93864639 9103806
93864639 9443082
93864640 9103806
93864640 9443082
93861403 9104361
93861403 9443322
93861417 9106098
93861417 9443853
93864638 9106098
93864638 9443853
89096839 9103679
89096839 9444209
89101565 9103679
89101565 9444209
89101566 9103679
89101566 9444209
89096817 9105534
89096819 9105534
89101539 9105534
89101569 9105534
89101570 9105534
89096876 9105933
89096876 9446943
89101563 9105933
89101563 9446943
89101564 9105933
89101564 9446943
93862067 112325132
93862067 112325145
93862067 163862621
93862067 9105976
93862077 112325132
93862077 112325145
93862077 163862621
93862077 9105976
93862085 112325132
93862085 112325145
93862085 163862621
93862085 9105976
93862087 112325132
93862087 112325145
93862087 163862621
93862087 9105976
93862302 112325132
93862302 112325145
93862302 163862621
93862302 9105976
93862377 112325132
93862377 112325145
93862377 163862621
93862377 9105976
93862381 112325132
93862381 112325145
93862381 163862621
93862381 9105976
93862383 112325132
93862383 112325145
93862383 163862621
93862383 9105976
93862639 112325132
93862639 112325145
93862639 163862621
93862639 9105976
93863278 112325132
93863278 112325145
93863278 163862621
93863278 9105976
93860567 133092879
93860567 9106067
93860572 133092879
93860572 9106067
93860581 133092879
93860581 9106067
93860592 133092879
93860592 9106067
93860595 133092879
93860595 9106067
93860596 133092879
93860596 9106067
93860712 133092879
93860712 9106067
93860739 133092879
93860739 9106067
93860812 133092879
93860812 9106067
93860828 133092879
93860828 9106067
93860848 133092879
93860848 9106067
93860854 133092879
93860854 9106067
93860882 133092879
93860882 9106067
93862196 133092879
93862196 9106067
93863332 133092879
93863332 9106067
93863653 133092879
93863653 9106067
93863746 133092879
93863746 9106067
93863747 133092879
93863747 9106067
93863810 133092879
93863810 9106067
93863811 133092879
93863811 9106067
93862143 133093038
93862143 9105488
93861165 169758668
93861165 9106136
93860960 169760689
93860960 51816047
93860960 51816058
93860960 9105556
93860975 169760689
93860975 51816047
93860975 51816058
93860975 9105556
93860982 169760689
93860982 51816047
93860982 51816058
93860982 9105556
93860985 169760689
93860985 51816047
93860985 51816058
93860985 9105556
93860992 169760689
93860992 51816047
93860992 51816058
93860992 9105556
93861179 169760689
93861179 51816047
93861179 51816058
93861179 9105556
93862900 169760689
93862900 51816047
93862900 51816058
93862900 9105556
93863326 169760689
93863326 51816047
93863326 51816058
93863326 9105556
93863674 169760689
93863674 51816047
93863674 51816058
93863674 9105556
93863722 169760689
93863722 51816047
93863722 51816058
93863722 9105556
93863723 169760689
93863723 51816047
93863723 51816058
93863723 9105556
93864678 169760689
93864678 51816047
93864678 51816058
93864678 9105556
93860907 51816038
93860907 51816056
93860907 9105815
93860915 51816038
93860915 51816056
93860915 9105815
93860919 51816038
93860919 51816056
93860919 9105815
93860933 51816038
93860933 51816056
93860933 9105815
93860937 51816038
93860937 51816056
93860937 9105815
93860953 51816038
93860953 51816056
93860953 9105815
93861037 51816038
93861037 51816056
93861037 9105815
93861134 51816038
93861134 51816056
93861134 9105815
93861164 51816038
93861164 51816056
93861164 9105815
93861171 51816038
93861171 51816056
93861171 9105815
93862933 51816038
93862933 51816056
93862933 9105815
93863771 51816038
93863771 51816056
93863771 9105815
93863830 51816038
93863830 51816056
93863830 9105815
93863831 51816038
93863831 51816056
93863831 9105815
93864018 51816038
93864018 51816056
93864018 9105815
93864020 51816038
93864020 51816056
93864020 9105815
93864022 51816038
93864022 51816056
93864022 9105815
93864023 51816038
93864023 51816056
93864023 9105815
93864050 51816038
93864050 51816056
93864050 9105815
93864578 51816038
93864578 51816056
93864578 9105815
93861130 51816051
93861130 9105577
93862912 51816051
93862912 9105577
93863311 51816051
93863311 9105577
93863314 51816051
93863314 9105577
93863714 51816051
93863714 9105577
93863715 51816051
93863715 9105577
93864575 9053426
93864575 9105722
93861546 9103677
93861893 9103677
93861933 9103677
93861934 9103678
93860904 9103682
93861012 9103682
93863647 9103683
93861508 9103685
93861573 9103687
93861592 9103687
93861939 9103687
93860520 9103692
93860521 9103692
93860524 9103692
93860525 9103692
93860526 9103692
93860528 9103692
93860529 9103692
93860534 9103692
93860536 9103692
93860537 9103692
93860539 9103692
93860540 9103692
93860651 9103692
93860656 9103692
93860880 9103692
93860906 9103692
93860908 9103692
93861140 9103692
93861149 9103692
93862949 9103692
93862950 9103692
93863552 9103692
93863587 9103692
93863676 9103692
93864008 9103692
93864009 9103692
93864010 9103692
93864011 9103692
93861568 9103696
93861569 9103696
93864072 9103696
93864073 9103699
93863227 9103702
93864068 9103702
93864069 9103702
93863222 9103705
93862687 9103706
93861903 9103708
93863233 9103708
93863229 9103710
93863619 9103710
93862388 9103711
93861555 9103716
93861747 9103716
93862878 9103716
93861558 9103718
93861559 9103718
93861760 9103718
93864071 9103718
93861556 9103719
93861904 9103719
93864070 9103719
93861560 9103721
93860548 9103724
93860668 9103724
93860821 9103724
93860484 9103737
93860488 9103737
93860492 9103737
93862732 9103737
93863540 9103737
93864166 9103737
93864168 9103737
93864169 9103737
93862305 9103738
93864490 9103740
93864522 9103740
93864407 9103742
93864489 9103742
93864492 9103742
93864493 9103742
93862309 9103743
93864495 9103744
93864228 9103745
93861696 9103752
93864229 9103758
93864441 9103758
93862130 9103762
93863609 9103762
93864266 9103762
93864561 9103762
93862442 9103767
93862558 9103767
93864563 9103767
93864564 9103768
93863604 9103769
93864566 9103769
93862648 9103770
93861587 9103774
93863629 9103774
93864567 9103774
93864568 9103776
93864569 9103776
93862981 9103777
93863750 9103788
93863751 9103788
93861516 9103792
93862541 9103792
93863687 9103792
93864423 9103792
93864633 9103794
93862984 9103795
93861835 9103796
93862985 9103797
93862986 9103797
93863631 9103797
93861899 9103799
93861900 9103799
93862987 9103800
93862719 9103801
93861838 9103802
93861839 9103802
93860779 9103803
93860829 9103803
93860831 9103803
93860833 9103803
93861141 9103803
93861143 9103803
93861145 9103803
93861146 9103803
93862717 9103803
93863702 9103803
93863704 9103803
93863706 9103803
93863707 9103803
93863884 9103803
93863886 9103803
93863887 9103803
93863942 9103803
93863944 9103803
93863945 9103803
93863954 9103803
93863955 9103803
93863956 9103803
93863957 9103803
93861901 9103804
93863618 9103804
93863620 9103804
93862988 9103805
93863067 9103809
93862299 9103811
93862363 9103816
93863603 9103816
93863131 9103817
93863134 9103818
93863138 9103819
93863139 9103819
93861551 9103820
93864352 9103821
93862435 9103822
93862437 9103822
93862436 9103823
93861621 9103824
93861622 9103824
93861889 9103825
93861890 9103825
93861891 9103825
93864199 9103826
93864200 9103826
93864201 9103826
93864424 9103826
93864177 9103827
93864425 9103827
93863081 9103828
93863154 9103828
93863372 9103828
93863544 9103828
93864190 9103830
93864428 9103830
93863611 9103831
93864076 9103833
93864077 9103833
93864140 9103837
93864141 9103837
93864550 9103838
93864553 9103838
93863402 9103839
93860440 9103842
93864552 9103842
93863658 9103850
93863672 9103850
93861351 9103858
93863673 9103858
93864570 9103858
93862638 9103859
93861541 9103887
93864383 9103887
93864557 9103887
93864558 9103903
93863736 9103912
93863738 9103912
93863740 9103912
93863742 9103912
93863743 9103912
93861825 9103915
93862975 9103917
93862978 9103919
93863748 9103936
93863052 9103940
93861203 9103960
93864270 9103981
93864271 9103981
93864460 9103981
93864003 9103988
93864005 9103988
93864351 9103988
93864004 9103990
93863389 9103993
93863390 9103993
93863123 9103996
93863124 9103996
93863392 9103998
93863125 9104001
93861476 9104005
93864276 9104027
93864277 9104032
93864458 9104032
93863128 9104034
93864278 9104039
93864279 9104039
93862090 9104041
93864343 9104041
93864344 9104043
93864345 9104045
93864346 9104045
93860881 9104048
93861610 9104050
93864372 9104050
93864347 9104051
93864348 9104051
93861611 9104053
93861615 9104053
93864411 9104074
93864610 9104074
93864412 9104079
93864413 9104079
93861613 9104102
93862622 9104102
93861305 9104123
93864414 9104123
93861614 9104141
93864402 9104160
93864415 9104160
93864416 9104160
93864418 9104169
93861886 9104172
93862071 9104175
93864419 9104220
93863602 9104248
93863870 9104281
93863871 9104281
93861958 9104306
93862243 9104306
93861959 9104338
93862144 9104340
93863184 9104343
93863185 9104346
93863189 9104350
93864202 9104357
93864203 9104357
93864204 9104357
93864246 9104357
93863322 9104365
93864275 9104393
93864463 9104393
93864472 9104393
93864476 9104393
93864477 9104393
93864205 9104420
93864310 9104498
93864312 9104498
93864313 9104498
93864468 9104498
93864470 9104498
93864471 9104498
93864473 9104498
93864474 9104498
93864602 9104498
93861871 9104512
93862623 9104512
93862629 9104521
93864391 9104601
93864392 9104601
93864394 9104601
93864405 9104601
93864549 9104601
93864551 9104601
93864556 9104601
93864613 9104608
93864614 9104629
93864461 9104646
93864462 9104646
93864616 9104646
93864617 9104653
93863041 9104660
93864191 9104666
93861393 9104678
93864192 9104691
93864193 9104696
93864194 9104713
93862341 9104730
93862998 9104730
93864571 9104730
93863047 9104734
93863808 9104776
93863111 9104787
93863112 9104787
93864176 9104794
93864197 9104794
93863809 9104800
93864267 9104800
93864198 9104822
93863113 9104826
93863382 9104831
93862114 9104849
93862117 9104849
93862410 9104849
93862412 9104849
93863116 9104857
93861530 9104860
93860535 9104867
93863385 9104868
93864268 9104876
93862113 9104896
93862119 9104896
93862408 9104896
93862414 9104896
93863388 9104900
93863453 9104904
93861597 9104911
93862750 9104911
93861603 9104928
93864404 9104937
93864406 9104942
93861606 9104946
93861608 9104946
93861609 9104946
93861932 9104946
93861186 9104947
93862132 9104948
93862297 9104953
93863928 9104953
93863930 9104953
93863931 9104953
93863933 9104959
93863173 9104961
93860590 9104963
93863174 9104965
93864389 9104990
93864390 9104990
93861594 9104991
93864397 9104995
93864399 9104995
93861521 9104996
93862543 9104996
93863646 9104996
93861598 9104997
93864398 9104999
93860594 9105011
93860731 9105011
93860732 9105011
93864527 9105017
93864530 9105017
93864269 9105036
93864457 9105036
93864514 9105036
93864531 9105036
93864532 9105036
93864538 9105036
93863652 9105043
93864539 9105044
93862953 9105046
93861804 9105048
93864604 9105051
93863982 9105055
93863983 9105055
93863984 9105055
93863986 9105055
93863988 9105055
93863989 9105055
93863992 9105055
93863994 9105055
93863995 9105055
93863997 9105055
93864565 9105055
93860938 9105065
93861111 9105065
93864609 9105068
93862096 9105069
93863996 9105069
93863032 9105071
93863035 9105073
93863036 9105075
93863037 9105075
93863100 9105077
93863038 9105080
93863103 9105081
93864189 9105085
93860786 9105091
93860788 9105091
93860790 9105091
93860792 9105091
93860794 9105091
93860796 9105091
93860798 9105091
93860800 9105091
93860802 9105091
93860804 9105091
93860806 9105091
93860808 9105091
93862259 9105091
93862716 9105091
93863106 9105093
93864319 9105099
93864320 9105099
93864321 9105100
93863376 9105103
93864322 9105116
93864323 9105116
93860527 9105124
93864324 9105139
93864325 9105139
93864326 9105139
93864475 9105139
93860861 9105144
93864594 9105162
93864327 9105163
93864328 9105169
93864329 9105169
93862678 9105170
93864380 9105173
93864663 9105173
93860932 9105176
93862747 9105177
93861172 9105178
93862120 9105179
93862121 9105180
93863093 9105181
93861241 9105182
93862118 9105187
93862123 9105187
93863096 9105188
93862125 9105192
93862126 9105192
93863924 9105192
93862127 9105194
93862128 9105200
93864110 9105203
93863925 9105216
93864299 9105216
93864300 9105216
93864562 9105216
93860583 9105217
93861578 9105222
93861580 9105222
93861581 9105222
93861582 9105222
93861848 9105222
93863169 9105223
93864381 9105227
93862467 9105228
93863300 9105230
93864386 9105231
93864241 9105233
93864243 9105233
93864244 9105233
93864450 9105233
93864506 9105233
93864388 9105234
93864242 9105235
93864451 9105235
93864508 9105235
93864520 9105237
93864521 9105237
93864459 9105241
93864516 9105241
93863579 9105243
93862940 9105245
93862943 9105246
93863648 9105247
93862946 9105248
93860372 9105257
93860813 9105261
93860815 9105261
93860818 9105261
93860819 9105261
93860822 9105261
93860824 9105261
93860825 9105261
93860874 9105261
93862240 9105261
93862242 9105261
93862244 9105261
93862246 9105261
93862248 9105261
93862250 9105261
93862252 9105261
93862254 9105261
93862260 9105261
93862310 9105261
93862400 9105261
93862473 9105261
93863814 9105261
93863816 9105261
93863818 9105261
93863820 9105261
93863821 9105261
93862255 9105262
93862258 9105262
93862323 9105262
93862325 9105262
93860378 9105264
93860443 9105264
93862699 9105264
93860444 9105266
93864238 9105267
93864240 9105267
93864446 9105267
93860446 9105268
93860448 9105272
93860513 9105275
93863366 9105276
93864314 9105278
93864315 9105278
93864316 9105279
93864317 9105279
93864318 9105279
93864467 9105279
93861518 9105283
93863500 9105285
93860855 9105287
93861852 9105288
93861854 9105290
93861431 9105294
93863505 9105294
93860859 9105299
93862526 9105299
93861856 9105300
93862042 9105301
93861161 9105302
93861858 9105303
93861163 9105304
93863082 9105305
93862111 9105306
93861168 9105307
93862382 9105308
93864034 9105312
93864035 9105312
93864364 9105312
93863152 9105313
93862385 9105315
93860573 9105321
93861303 9105323
93861432 9105323
93864102 9105324
93864103 9105324
93864371 9105325
93862455 9105326
93862457 9105327
93864374 9105334
93864377 9105334
93863494 9105335
93864378 9105336
93863497 9105337
93864379 9105338
93864442 9105339
93864443 9105345
93864504 9105345
93864505 9105345
93864444 9105350
93864445 9105350
93864515 9105350
93864447 9105352
93864448 9105357
93864449 9105357
93863568 9105358
93863633 9105360
93860355 9105361
93860360 9105361
93860364 9105363
93860366 9105364
93863012 9105365
93860431 9105368
93860368 9105372
93863015 9105373
93862312 9105374
93860435 9105376
93862313 9105378
93864230 9105386
93864231 9105386
93864235 9105386
93864236 9105386
93864232 9105390
93864233 9105390
93864234 9105390
93864237 9105390
93861500 9105393
93862318 9105395
93864301 9105396
93861503 9105398
93864239 9105400
93864303 9105406
93864304 9105408
93864272 9105412
93864273 9105412
93864274 9105412
93864305 9105412
93864306 9105412
93861506 9105417
93864307 9105418
93864308 9105419
93864309 9105420
93864641 9105421
93862991 9105422
93861847 9105423
93861849 9105424
93863070 9105425
93862100 9105426
93861156 9105427
93863073 9105428
93862102 9105434
93862103 9105434
93863932 9105434
93864350 9105434
93861159 9105436
93863076 9105438
93863140 9105439
93862106 9105441
93862373 9105442
93862375 9105443
93863143 9105444
93860563 9105445
93862378 9105446
93863146 9105447
93863149 9105448
93863480 9105449
93864363 9105450
93864365 9105451
93861630 9105453
93864366 9105457
93864367 9105458
93864368 9105461
93863489 9105463
93864503 9105464
93860977 9105466
93864507 9105467
93860353 9105468
93860356 9105468
93860354 9105469
93862303 9105470
93863009 9105472
93861291 9105473
93862591 9105473
93862592 9105473
93864586 9105473
93860480 9105476
93861994 9105492
93862033 9105492
93862052 9105492
93862080 9105492
93862328 9105492
93863256 9105492
93863592 9105492
93864000 9105492
93864001 9105492
93860593 9105494
93862356 9105495
93861811 9105496
93864401 9105497
93864129 9105498
93864608 9105499
93863034 9105500
93860589 9105508
93860602 9105508
93860725 9105508
93860860 9105508
93862433 9105508
93862454 9105508
93862456 9105508
93862955 9105508
93863246 9105508
93863247 9105508
93863657 9105508
93862038 9105509
93862627 9105509
93862628 9105509
93862654 9105509
93862655 9105509
93863182 9105509
93863183 9105509
93861984 9105511
93862851 9105512
93862063 9105513
93862138 9105516
93862214 9105516
93860458 9105517
93860458 9445941
93864032 9105519
93860888 9105525
93860988 9105525
93861173 9105525
93863708 9105525
93864417 9105532
93862357 9105533
93860530 9105534
93860543 9105534
93860547 9105534
93860658 9105534
93860665 9105534
93862951 9105534
93862952 9105534
93863889 9105534
93863894 9105534
93863896 9105534
93863898 9105534
93863900 9105534
93863901 9105534
93864158 9105541
93864587 9105541
93861490 9105543
93862840 9105543
93863068 9105543
93863069 9105543
93863013 9105545
93863014 9105545
93863019 9105545
93863665 9105545
93862973 9105547
93862974 9105547
93860347 9105549
93862358 9105550
93862359 9105550
93861815 9105551
93861816 9105551
93864211 9105552
93860961 9105557
93861181 9105557
93862721 9105558
93863677 9105560
93863127 9105565
93863132 9105565
93863133 9105565
93863135 9105565
93863610 9105565
93864579 9105565
93860965 9105569
93860969 9105569
93862729 9105569
93863347 9105569
93863351 9105569
93863754 9105569
93863755 9105569
93860532 9105572
93860654 9105572
93860918 9105572
93860921 9105572
93860923 9105572
93860925 9105572
93861048 9105572
93861137 9105572
93861162 9105572
93863948 9105572
93863950 9105572
93863951 9105572
93863958 9105572
93863959 9105572
93863961 9105572
93863962 9105572
93863963 9105572
93863972 9105572
93863973 9105572
93863562 9105574
93860450 9105578
93860358 9105598
93860361 9105598
93860362 9105598
93860365 9105598
93860430 9105598
93860432 9105598
93860434 9105598
93860436 9105598
93861544 9105598
93861545 9105598
93861550 9105598
93861571 9105598
93861617 9105598
93861870 9105598
93861950 9105598
93862745 9105598
93863030 9105598
93863031 9105598
93863383 9105598
93863384 9105598
93862101 9105603
93862163 9105603
93860973 9105604
93860976 9105604
93861118 9105604
93863386 9105605
93863387 9105605
93863613 9105605
93860549 9105609
93862104 9105609
93862184 9105609
93862741 9105610
93861449 9105611
93862384 9105613
93862904 9105614
93862910 9105615
93862916 9105615
93862922 9105615
93862931 9105615
93862934 9105615
93863760 9105615
93863761 9105615
93863766 9105615
93863768 9105615
93863769 9105615
93861806 9105616
93861075 9105620
93861083 9105620
93861166 9105620
93861167 9105620
93863492 9105620
93863493 9105620
93863659 9105620
93863660 9105620
93863675 9105620
93860369 9105629
93860374 9105629
93864078 9105629
93864079 9105629
93864088 9105629
93864580 9105629
93864555 9105633
93861963 9105636
93861965 9105636
93864046 9105639
93864047 9105640
93861837 9105641
93864086 9105654
93864087 9105654
93860553 9105657
93861280 9105659
93861283 9105659
93861308 9105659
93861341 9105659
93861367 9105659
93861440 9105659
93861448 9105659
93861462 9105659
93861652 9105659
93861873 9105659
93861874 9105659
93863006 9105659
93863008 9105659
93864120 9105659
93864121 9105659
93864096 9105660
93864097 9105660
93862360 9105661
93861584 9105662
93861772 9105662
93863632 9105662
93863684 9105662
93864122 9105664
93864123 9105664
93861309 9105673
93862535 9105673
93862838 9105706
93864058 9105706
93864059 9105706
93864062 9105706
93864063 9105706
93861434 9105719
93861441 9105719
93861445 9105719
93861446 9105719
93861468 9105719
93861474 9105719
93861481 9105719
93861647 9105719
93861656 9105719
93861857 9105719
93864132 9105719
93864133 9105719
93864134 9105719
93864136 9105719
93864138 9105719
93864139 9105719
93861471 9105721
93863666 9105723
93862084 9105724
93862091 9105725
93863978 9105725
93863980 9105725
93863981 9105725
93863990 9105725
93863991 9105726
93861174 9105727
93861276 9105735
93861285 9105735
93861290 9105735
93861292 9105735
93861294 9105735
93861298 9105735
93861302 9105735
93861306 9105735
93861392 9105735
93861406 9105735
93861437 9105735
93861447 9105735
93861475 9105735
93861482 9105735
93861535 9105735
93861543 9105735
93861690 9105735
93861730 9105735
93863027 9105735
93863114 9105735
93863115 9105735
93863432 9105735
93863433 9105735
93863451 9105735
93863452 9105735
93863478 9105735
93863479 9105735
93863580 9105735
93861590 9105754
93861593 9105754
93861607 9105754
93861629 9105754
93861962 9105754
93862961 9105754
93862962 9105754
93862964 9105754
93862967 9105754
93862968 9105754
93862989 9105754
93862990 9105754
93863258 9105754
93864054 9105754
93864055 9105754
93864056 9105754
93864057 9105754
93862369 9105755
93862041 9105756
93862045 9105756
93862047 9105756
93862008 9105757
93862024 9105757
93862636 9105757
93862637 9105757
93860978 9105758
93860981 9105758
93861117 9105758
93862044 9105759
93861438 9105760
93861966 9105761
93861970 9105761
93864040 9105761
93864041 9105761
93861990 9105762
93861996 9105762
93861998 9105762
93861999 9105762
93862330 9105762
93862094 9105763
93862099 9105763
93863245 9105764
93863248 9105764
93861833 9105766
93862969 9105767
93860349 9105771
93863207 9105771
93863569 9105771
93861625 9105773
93861631 9105773
93861957 9105773
93864033 9105773
93861810 9105775
93861814 9105775
93863040 9105775
93863429 9105775
93863430 9105775
93862617 9105776
93862608 9105778
93862609 9105778
93861301 9105779
93863157 9105780
93863160 9105780
93863161 9105780
93860986 9105782
93862249 9105783
93862311 9105783
93861177 9105784
93863315 9105784
93863328 9105784
93861511 9105785
93863800 9105786
93864572 9105786
93861554 9105788
93864074 9105788
93864075 9105788
93861961 9105790
93862371 9105790
93861976 9105791
93861977 9105791
93862026 9105791
93862040 9105791
93862068 9105791
93863605 9105791
93860538 9105798
93860636 9105798
93860642 9105798
93861964 9105799
93862027 9105802
93862314 9105802
93862316 9105802
93862556 9105802
93863267 9105802
93864576 9105802
93863271 9105804
93863330 9105806
93863772 9105806
93863773 9105806
93863774 9105806
93863776 9105806
93863778 9105806
93863779 9105806
93864342 9105808
93862073 9105809
93861222 9105816
93862055 9105817
93863164 9105817
93862001 9105818
93862003 9105818
93863498 9105821
93864630 9105821
93861055 9105824
93863355 9105824
93863360 9105824
93860930 9105825
93861085 9105825
93862944 9105825
93862945 9105825
93861549 9105827
93861894 9105827
93861896 9105830
93861300 9105831
93861364 9105831
93861304 9105832
93862631 9105833
93863166 9105833
93863167 9105833
93863296 9105833
93863190 9105835
93863191 9105835
93863192 9105838
93861968 9105840
93861969 9105840
93861895 9105841
93862051 9105843
93862053 9105843
93863444 9105847
93860911 9105850
93860924 9105850
93860928 9105850
93861043 9105850
93862935 9105850
93862936 9105850
93863572 9105852
93863394 9105853
93863454 9105853
93861557 9105855
93862966 9105860
93862963 9105864
93863065 9105868
93863066 9105868
93860373 9105880
93860375 9105880
93860377 9105880
93860408 9105880
93860413 9105880
93860421 9105880
93861604 9105880
93861612 9105880
93861618 9105880
93861620 9105880
93861784 9105880
93861787 9105880
93861952 9105880
93862959 9105880
93862960 9105880
93863538 9105880
93864060 9105880
93864061 9105880
93862062 9105886
93863641 9105886
93861450 9105890
93862740 9105890
93863357 9105893
93863780 9105894
93863781 9105894
93862845 9105899
93863098 9105899
93863101 9105899
93863102 9105899
93863234 9105902
93863667 9105902
93863236 9105903
93861910 9105906
93863221 9105906
93862938 9105907
93862939 9105907
93860552 9105908
93860675 9105908
93862958 9105910
93861913 9105911
93863434 9105912
93863060 9105914
93863571 9105914
93863178 9105915
93862970 9105916
93862971 9105916
93862972 9105917
93860872 9105918
93861808 9105920
93861467 9105935
93861818 9105935
93861820 9105935
93861821 9105935
93863902 9105936
93863903 9105936
93861575 9105937
93862979 9105937
93862980 9105937
93862005 9105939
93862012 9105939
93862013 9105939
93862018 9105939
93862019 9105939
93862332 9105939
93863431 9105941
93862000 9105942
93862082 9105946
93860940 9105948
93861067 9105948
93861072 9105948
93861160 9105948
93861515 9105953
93861524 9105953
93861527 9105953
93861533 9105953
93861534 9105953
93861699 9105953
93861882 9105953
93863104 9105953
93863105 9105953
93862618 9105959
93862850 9105961
93862957 9105961
93861638 9105965
93862738 9105965
93863395 9105966
93863456 9105967
93863636 9105969
93863168 9105970
93862023 9105972
93861744 9105979
93861493 9105981
93861822 9105981
93861860 9105981
93863055 9105992
93863578 9105992
93863058 9105994
93863788 9105997
93862718 9105998
93862326 9105999
93864038 9105999
93864039 9105999
93863063 9106000
93863064 9106000
93863001 9106001
93863689 9106001
93864396 9106001
93861278 9106006
93861293 9106006
93861299 9106006
93861404 9106006
93864583 9106006
93860554 9106014
93860577 9106014
93860801 9106014
93863335 9106014
93863822 9106014
93863823 9106014
93863826 9106014
93863827 9106014
93863872 9106014
93863874 9106014
93863876 9106014
93863877 9106014
93863878 9106014
93863880 9106014
93863881 9106014
93864006 9106014
93864007 9106014
93863059 9106017
93862086 9106018
93861591 9106021
93863195 9106021
93863628 9106021
93864128 9106022
93860515 9106024
93860517 9106024
93860522 9106024
93860626 9106024
93860891 9106024
93863541 9106024
93862105 9106025
93863177 9106026
93861978 9106027
93861980 9106027
93862372 9106027
93863380 9106028
93863375 9106029
93863381 9106029
93861570 9106032
93861572 9106032
93861576 9106032
93861577 9106032
93861585 9106032
93861763 9106032
93861770 9106032
93861846 9106032
93862982 9106032
93862983 9106032
93860588 9106036
93862135 9106036
93862137 9106036
93862216 9106036
93863804 9106036
93863805 9106036
93863806 9106036
93863807 9106036
93864582 9106040
93861175 9106042
93862917 9106042
93863758 9106042
93863759 9106042
93860744 9106044
93860967 9106044
93861180 9106044
93860916 9106046
93860917 9106046
93861045 9106046
93861155 9106046
93861157 9106046
93861158 9106046
93861282 9106047
93860574 9106049
93860719 9106049
93860832 9106049
93860952 9106049
93861114 9106049
93862941 9106049
93863350 9106049
93863661 9106049
93863828 9106049
93863829 9106049
93863848 9106049
93863849 9106049
93863890 9106049
93864573 9106049
93860929 9106050
93862937 9106051
93864554 9106053
93862011 9106054
93862376 9106054
93860562 9106057
93860576 9106057
93860696 9106057
93862706 9106057
93863337 9106057
93863752 9106057
93863753 9106057
93863882 9106057
93863883 9106057
93863172 9106059
93863401 9106060
93861126 9106061
93861231 9106061
93861465 9106069
93861807 9106069
93860561 9106075
93860679 9106075
93864165 9106078
93860533 9106079
93860546 9106079
93864577 9106080
93860371 9106081
93860510 9106082
93863437 9106083
93863144 9106086
93863147 9106086
93863148 9106086
93863370 9106086
93863373 9106087
93860501 9106089
93863048 9106090
93863050 9106090
93863051 9106090
93864387 9106091
93862947 9106093
93861985 9106094
93860910 9106097
93863361 9106097
93863209 9106099
93861495 9106101
93861507 9106101
93861510 9106101
93861513 9106101
93861529 9106101
93861884 9106101
93863071 9106101
93863072 9106101
93863150 9106101
93863151 9106101
93864094 9106101
93864095 9106101
93861458 9106102
93860946 9106103
93861094 9106103
93861185 9106103
93862724 9106103
93864559 9106103
93863210 9106104
93860980 9106105
93860984 9106105
93860987 9106105
93862580 9106105
93862581 9106105
93863091 9106106
93863092 9106108
93861279 9106110
93862533 9106110
93864148 9106110
93864149 9106110
93864589 9106110
93861883 9106111
93864584 9106113
93863308 9106114
93860544 9106117
93860550 9106117
93860670 9106117
93860783 9106117
93861152 9106120
93860566 9106123
93862004 9106124
93862022 9106124
93862025 9106124
93862028 9106124
93862030 9106124
93862032 9106124
93862037 9106124
93862306 9106124
93862308 9106124
93862334 9106124
93863254 9106124
93863274 9106124
93860582 9106125
93863345 9106126
93863108 9106128
93863109 9106129
93861881 9106131
93863651 9106131
93861974 9106132
93861982 9106132
93862015 9106132
93862031 9106132
93862048 9106132
93862675 9106132
93862676 9106132
93860551 9106133
93860555 9106133
93860807 9106133
