9514305 9027135
9514305 9167934
9514024 9027346
9514024 9169322
9540304 9028820
9540304 9171427
9540306 9028820
9540306 9171427
9540307 9028820
9540307 9171427
9514300 9028860
9514300 9171530
9540308 9028860
9540308 9171530
9513765 9172280
9513765 9364827
9540448 9172280
9540448 9364827
9540447 9172280
9540447 9364828
9515700 9166958
9521517 9166958
9521518 9166958
9515577 9166958
9515577 9439222
9515781 9167924
9515781 9438884
9530151 9169939
9530151 9439215
9530152 9169939
9530152 9439215
9515592 9171206
9515592 9439017
9515788 9171215
9515788 9439624
9515554 9171375
9515554 9439486
9515696 9171375
9515696 9439486
9515798 9171375
9515798 9439486
9515555 9172348
9515555 9439199
9515558 9172348
9515558 9439199
9530575 9172348
9530575 9439199
9530577 9172348
9530577 9439199
9530579 9172348
9530579 9439199
9530581 9172348
9530581 9439199
9530583 9172348
9530583 9439199
9530584 9172348
9530584 9439199
9514577 9172410
9514577 9439540
9515491 9172410
9515491 9439540
9515492 9172411
9515492 9439541
9515546 9439388
9515593 9439388
9515749 9439388
9531067 9439388
9531068 9439388
9472269 9169507
9472269 9480965
9472472 9169511
9461771 9172124
9472473 9172124
9472482 9172124
9472485 9172124
9472703 9172124
9479231 9172124
9479232 9172124
9462020 9172124
9462020 9482867
9462020 95907683
9472480 9172124
9472480 9482867
9472480 95907683
9472484 9172124
9472484 9482867
9472484 95907683
9472702 9172124
9472702 9482867
9472702 95907683
9461776 9172126
9461824 9172126
9472268 9172126
9472278 9172126
9472281 9172126
9472280 9172126
9472280 9482871
9472280 95907684
9466697 9172129
9466697 9482865
9466697 95907684
9466778 9172129
9466778 9482865
9466778 95907684
9473048 9172129
9473048 9482865
9473048 95907684
9464615 9172129
9464615 95907684
9466654 9172129
9466654 95907684
9469662 9172130
9469661 9172130
9469661 9482863
9467271 9172581
9467271 9483237
9467272 9172581
9467272 9483237
9479229 9480957
9479230 9480957
9526538 100762259
9526538 100762265
9526538 112573077
9526538 112573102
9526538 9172303
9513221 100817200
9513221 9171526
9513468 100817200
9513468 9171526
9528273 100817200
9528273 9171526
9528825 100817200
9528825 9171526
9528826 100817200
9528826 9171526
9513845 102173025
9513845 9167442
9516413 112386932
9516413 9172752
9516553 112386979
9516553 9170709
9516774 112386979
9516774 9170709
9528071 112386979
9528071 9170709
9517009 112386995
9517009 178257066
9517009 50256280
9517009 51892918
9517009 9171093
9517010 112386995
9517010 178257066
9517010 50256280
9517010 51892918
9517010 9171093
9517500 112386995
9517500 178257066
9517500 50256280
9517500 51892918
9517500 9171093
9518021 112472398
9518021 9166984
9518040 112472398
9518040 9166984
9518042 112472398
9518042 9166984
9518095 112472398
9518095 9166984
9518141 112472398
9518141 9166984
9518142 112472398
9518142 9166984
9518196 112472398
9518196 9166984
9518318 112472398
9518318 9166984
9518348 112472398
9518348 9166984
9518508 112472398
9518508 9166984
9518554 112472398
9518554 9166984
9518556 112472398
9518556 9166984
9518629 112472398
9518629 9166984
9520638 112472398
9520638 9166984
9520640 112472398
9520640 9166984
9520667 112472398
9520667 9166984
9520668 112472398
9520668 9166984
9521064 112472398
9521064 9166984
9521172 112472398
9521172 9166984
9522310 112472398
9522310 9166984
9524953 112472398
9524953 9166984
9526619 112472398
9526619 9166984
9528027 112472398
9528027 9166984
9529055 112472398
9529055 9166984
9529056 112472398
9529056 9166984
9529429 112472398
9529429 9166984
9513167 112573078
9513167 9172701
9513174 112573078
9513174 9172701
9513178 112573078
9513178 9172701
9513184 112573078
9513184 9172701
9513199 112573078
9513199 9172701
9513292 112573078
9513292 9172701
9513414 112573078
9513414 9172701
9513529 112573078
9513529 9172701
9519958 112573078
9519958 9172701
9528763 112573078
9528763 9172701
9528765 112573078
9528765 9172701
9528953 112573078
9528953 9172701
9513141 112573085
9513141 112573118
9513141 9171726
9513143 112573085
9513143 112573118
9513143 9171726
9513160 112573085
9513160 112573118
9513160 9171726
9513179 112573085
9513179 112573118
9513179 9171726
9513187 112573085
9513187 112573118
9513187 9171726
9513201 112573085
9513201 112573118
9513201 9171726
9513207 112573085
9513207 112573118
9513207 9171726
9513219 112573085
9513219 112573118
9513219 9171726
9513229 112573085
9513229 112573118
9513229 9171726
9513325 112573085
9513325 112573118
9513325 9171726
9513422 112573085
9513422 112573118
9513422 9171726
9513427 112573085
9513427 112573118
9513427 9171726
9513494 112573085
9513494 112573118
9513494 9171726
9520150 112573085
9520150 112573118
9520150 9171726
9528229 112573085
9528229 112573118
9528229 9171726
9528773 112573085
9528773 112573118
9528773 9171726
9528774 112573085
9528774 112573118
9528774 9171726
9528785 112573085
9528785 112573118
9528785 9171726
9528786 112573085
9528786 112573118
9528786 9171726
9514261 112664749
9514261 9172594
9514267 112664749
9514267 9172594
9514269 112664749
9514269 9172594
9528266 112664749
9528266 9172594
9539613 112664749
9539613 9172594
9539614 112664749
9539614 9172594
9513914 112664752
9513914 112664763
9513914 9170226
9513918 112664753
9513918 9171294
9513923 112664753
9513923 9171294
9513930 112664753
9513930 9171294
9514490 160308072
9514490 9167984
9514492 160308072
9514492 9167984
9514496 160308072
9514496 9167984
9515052 160308072
9515052 9167984
9515054 160308072
9515054 9167984
9515056 160308072
9515056 9167984
9515063 160308072
9515063 9167984
9515065 160308072
9515065 9167984
9515076 160308072
9515076 9167984
9515078 160308072
9515078 9167984
9521078 160308072
9521078 9167984
9521079 160308072
9521079 9167984
9524100 160308072
9524100 9167984
9524103 160308072
9524103 9167984
9524629 160308072
9524629 9167984
9525129 160308072
9525129 9167984
9525191 160308072
9525191 9167984
9527956 160308072
9527956 9167984
9531857 160308072
9531857 9167984
9531858 160308072
9531858 9167984
9531873 160308072
9531873 9167984
9531874 160308072
9531874 9167984
9531889 160308072
9531889 9167984
9531890 160308072
9531890 9167984
9532125 160308072
9532125 9167984
9532126 160308072
9532126 9167984
9532287 160308072
9532287 9167984
9532289 160308072
9532289 9167984
9532294 160308072
9532294 9167984
9532301 160308072
9532301 9167984
9532303 160308072
9532303 9167984
9532304 160308072
9532304 9167984
9530501 16206338
9530501 33248579
9530501 33248592
9530501 33249086
9530501 33249099
9530501 33249289
9530501 33249302
9516275 178257019
9516275 50256281
9516275 9170313
9516435 178257019
9516435 50256281
9516435 9170313
9517366 178257019
9517366 50256281
9517366 9170313
9517369 178257019
9517369 50256281
9517369 9170313
9539612 178257023
9539612 178257024
9539612 178257025
9539612 178257026
9539612 178257027
9539612 88147057
9539612 9172591
9514792 178257028
9514792 88147078
9514792 9172224
9515221 178257028
9515221 88147078
9515221 9172224
9515259 178257028
9515259 88147078
9515259 9172224
9515296 178257028
9515296 88147078
9515296 9172224
9521911 178257028
9521911 88147078
9521911 9172224
9521912 178257028
9521912 88147078
9521912 9172224
9527964 178257028
9527964 88147078
9527964 9172224
9515528 178257031
9515528 51892556
9515528 51892917
9515528 9171622
9515748 178257031
9515748 51892556
9515748 51892917
9515748 9171622
9515755 178257031
9515755 51892556
9515755 51892917
9515755 9171622
9515757 178257031
9515757 51892556
9515757 51892917
9515757 9171622
9516177 178257031
9516177 51892556
9516177 51892917
9516177 9171622
9516234 178257031
9516234 51892556
9516234 51892917
9516234 9171622
9516705 178257031
9516705 51892556
9516705 51892917
9516705 9171622
9519701 178257031
9519701 51892556
9519701 51892917
9519701 9171622
9528245 178257031
9528245 51892556
9528245 51892917
9528245 9171622
9531105 178257031
9531105 51892556
9531105 51892917
9531105 9171622
9531106 178257031
9531106 51892556
9531106 51892917
9531106 9171622
9539598 178257031
9539598 51892556
9539598 51892917
9539598 9171622
9516582 178257055
9516582 178257056
9516582 9172294
9517141 178257055
9517141 178257056
9517141 9172294
9517149 178257055
9517149 178257056
9517149 9172294
9518674 178257055
9518674 178257056
9518674 9172294
9521565 178257055
9521565 178257056
9521565 9172294
9521566 178257055
9521566 178257056
9521566 9172294
9521742 178257055
9521742 178257056
9521742 9172294
9521750 178257055
9521750 178257056
9521750 9172294
9521751 178257055
9521751 178257056
9521751 9172294
9522531 178257055
9522531 178257056
9522531 9172294
9522584 178257055
9522584 178257056
9522584 9172294
9524235 178257055
9524235 178257056
9524235 9172294
9527976 178257055
9527976 178257056
9527976 9172294
9528026 178257055
9528026 178257056
9528026 9172294
9530465 178257055
9530465 178257056
9530465 9172294
9530467 178257055
9530467 178257056
9530467 9172294
9530941 178257055
9530941 178257056
9530941 9172294
9530944 178257055
9530944 178257056
9530944 9172294
9516094 178257078
9516094 9172185
9517528 178257078
9517528 9172185
9517530 178257078
9517530 9172185
9517534 178257078
9517534 9172185
9517537 178257078
9517537 9172185
9517547 178257078
9517547 9172185
9517550 178257078
9517550 9172185
9517551 178257078
9517551 9172185
9517672 178257078
9517672 9172185
9517688 178257078
9517688 9172185
9517693 178257078
9517693 9172185
9517906 178257078
9517906 9172185
9517907 178257078
9517907 9172185
9517939 178257078
9517939 9172185
9519799 178257078
9519799 9172185
9520327 178257078
9520327 9172185
9527636 178257078
9527636 9172185
9527682 178257078
9527682 9172185
9528260 178257078
9528260 9172185
9531287 178257078
9531287 9172185
9531288 178257078
9531288 9172185
9531563 178257078
9531563 9172185
9531564 178257078
9531564 9172185
9521406 51892557
9521406 9171384
9526642 51892557
9526642 9171384
9531131 51892557
9531131 9171384
9531132 51892557
9531132 9171384
9516108 51892920
9516108 51892921
9516108 88147062
9516108 9172753
9516111 51892920
9516111 51892921
9516111 88147062
9516111 9172753
9516121 51892920
9516121 51892921
9516121 88147062
9516121 9172753
9516130 51892920
9516130 51892921
9516130 88147062
9516130 9172753
9516169 51892920
9516169 51892921
9516169 88147062
9516169 9172753
9516185 51892920
9516185 51892921
9516185 88147062
9516185 9172753
9516197 51892920
9516197 51892921
9516197 88147062
9516197 9172753
9516250 51892920
9516250 51892921
9516250 88147062
9516250 9172753
9516867 51892920
9516867 51892921
9516867 88147062
9516867 9172753
9521373 51892920
9521373 51892921
9521373 88147062
9521373 9172753
9528251 51892920
9528251 51892921
9528251 88147062
9528251 9172753
9528254 51892920
9528254 51892921
9528254 88147062
9528254 9172753
9528414 51892920
9528414 51892921
9528414 88147062
9528414 9172753
9539540 51892920
9539540 51892921
9539540 88147062
9539540 9172753
9539546 51892920
9539546 51892921
9539546 88147062
9539546 9172753
9523222 51892922
9523222 51892923
9523222 9171493
9523223 51892922
9523223 51892923
9523223 9171493
9539600 51892922
9539600 51892923
9539600 9171493
9519891 9166927
9514235 9166929
9520220 9166929
9517061 9166932
9513958 9166933
9513975 9166933
9513982 9166933
9513579 9166934
9513592 9166934
9513593 9166934
9520195 9166934
9530797 9166934
9539592 9166934
9514008 9166949
9514010 9166949
9514015 9166949
9514082 9166949
9514234 9166949
9514237 9166949
9514256 9166949
9514360 9166949
9514591 9166949
9514598 9166949
9514600 9166949
9514613 9166949
9514622 9166949
9514812 9166949
9514823 9166949
9514842 9166949
9520737 9166949
9520820 9166949
9520821 9166949
9522318 9166949
9532541 9166949
9532542 9166949
9532551 9166949
9532552 9166949
9532569 9166949
9532675 9166949
9532676 9166949
9532685 9166949
9532686 9166949
9532705 9166949
9532706 9166949
9535541 9166949
9523530 9166952
9517047 9166953
9521351 9166954
9521351 99284993
9521352 9166954
9521352 99284993
9521022 9166955
9518701 9166956
9521529 9166956
9521773 9166956
9522443 9166957
9520101 9166960
9524648 9166961
9524649 9166962
9520431 9166963
9527923 9166965
9527923 9482458
9515828 9166966
9527317 9166966
9540298 9166969
9517170 9166970
9514227 9166986
9522085 9166999
9528485 9166999
9528487 9166999
9528489 9166999
9539563 9166999
9539568 9167011
9525906 9167013
9530188 9167020
9539554 9167020
9520896 9167023
9514268 9167026
9539615 9167026
9515806 9167028
9516888 9167028
9516953 9167028
9515390 9167029
9515393 9167030
9515394 9167030
9539610 9167030
9533443 9167038
9533444 9167038
9515399 9167041
9515400 9167041
9520872 9167042
9518692 9167043
9519051 9167043
9533469 9167044
9533470 9167044
9533319 9167045
9533341 9167052
9533480 9167052
9515112 9167056
9515114 9167058
9533487 9167067
9536027 9167067
9525715 9167069
9520742 9167072
9537128 9167073
9535307 9167074
9537129 9167074
9520748 9167075
9515132 9167078
9535308 9167080
9537140 9167080
9515136 9167093
9520760 9167096
9520766 9167097
9533353 9167099
9533354 9167112
9539731 9167112
9515153 9167115
9537167 9167118
9535349 9167122
9537168 9167122
9520783 9167124
9528062 9167126
9520786 9167129
9532199 9167132
9532200 9167132
9520789 9167133
9528068 9167134
9515175 9167135
9528087 9167138
9528088 9167138
9533392 9167146
9533393 9167146
9533394 9167146
9534746 9167147
9534747 9167147
9539730 9167155
9539732 9167164
9524161 9167165
9533582 9167170
9536028 9167170
9539733 9167170
9539753 9167170
9534240 9167173
9539736 9167173
9521910 9167177
9516566 9167179
9521913 9167180
9533282 9167181
9533289 9167181
9521915 9167183
9521918 9167184
9528659 9167188
9533130 9167188
9540864 9167188
9517912 9167189
9521930 9167191
9521933 9167193
9516587 9167197
9517934 9167201
9521951 9167203
9521954 9167204
9521957 9167206
9521801 9167207
9533173 9167210
9533182 9167210
9525400 9167212
9533174 9167215
9533175 9167215
9533183 9167215
9521970 9167217
9521973 9167218
9521976 9167219
9530921 9167221
9525575 9167222
9521822 9167223
9533194 9167225
9533197 9167225
9533195 9167226
9533196 9167227
9521990 9167228
9516322 9167230
9521993 9167233
9516323 9167234
9516366 9167234
9534353 9167239
9539669 9167239
9521996 9167240
9520301 9167242
9521846 9167244
9531451 9167244
9531452 9167244
9534400 9167246
9539680 9167246
9534376 9167248
9534396 9167248
9534397 9167248
9534401 9167248
9534402 9167248
9534409 9167248
9539681 9167248
9522043 9167250
9534443 9167250
9534462 9167250
9539683 9167250
9539531 9167256
9534414 9167257
9534415 9167260
9534416 9167260
9534417 9167260
9534418 9167260
9534419 9167260
9534420 9167260
9539552 9167264
9521882 9167265
9539557 9167268
9539558 9167269
9534584 9167271
9521886 9167272
9521887 9167272
9534585 9167274
9521888 9167276
9521737 9167277
9539577 9167280
9530843 9167281
9530844 9167281
9530855 9167281
9530856 9167281
9521752 9167283
9521601 9167284
9521604 9167286
9521765 9167287
9521770 9167287
9521771 9167288
9522405 9167289
9530879 9167289
9530880 9167289
9517605 9167296
9530509 9167296
9530510 9167296
9530721 9167296
9530722 9167296
9516271 9167299
9522371 9167299
9521620 9167301
9521623 9167301
9517586 9167304
9517606 9167304
9529181 9167308
9529182 9167308
9521790 9167309
9517777 9167312
9517780 9167312
9534080 9167312
9521794 9167313
9521798 9167315
9517622 9167324
9521642 9167326
9520861 9167328
9520862 9167328
9526897 9167328
9521649 9167330
9521652 9167330
9539489 9167333
9526744 9167334
9530759 9167336
9530760 9167336
9518319 9167346
9529053 9167346
9529054 9167346
9521660 9167348
9530621 9167351
9534363 9167351
9534364 9167351
9539541 9167351
9521665 9167353
9521510 9167354
9526761 9167355
9521513 9167356
9535752 9167357
9521516 9167358
9517128 9167360
9520142 9167360
9520143 9167360
9520146 9167362
9521688 9167363
9532735 9167371
9535525 9167371
9535526 9167371
9535604 9167371
9534102 9167378
9534228 9167378
9534229 9167378
9534230 9167378
9535770 9167379
9537483 9167379
9537484 9167379
9521533 9167381
9521536 9167381
9521538 9167381
9521539 9167381
9530639 9167382
9530640 9167382
9529089 9167384
9529091 9167384
9529093 9167384
9529094 9167384
9519293 9167385
9535620 9167385
9521748 9167387
9528300 9167387
9534254 9167387
9521402 9167388
9521403 9167389
9521404 9167389
9513644 9167390
9513648 9167390
9513820 9167390
9513821 9167390
9513836 9167390
9520187 9167390
9530375 9167390
9530376 9167390
9530545 9167390
9530546 9167390
9513652 9167392
9520188 9167392
9534103 9167396
9521405 9167399
9521408 9167402
9521575 9167403
9530527 9167407
9534183 9167407
9530529 9167414
9530530 9167414
9534184 9167414
9519962 9167418
9521590 9167418
9528795 9167418
9539524 9167418
9522924 9167420
9534296 9167423
9518965 9167431
9529607 9167431
9529608 9167431
9534141 9167432
9518817 9167439
9513847 9167444
9513849 9167450
9533945 9167450
9534161 9167451
9521309 9167458
9521310 9167458
9521312 9167458
9521315 9167458
9521325 9167458
9527635 9167458
9521313 9167460
9530419 9167461
9530420 9167461
9531909 9167463
9531910 9167463
9521481 9167464
9534182 9167467
9521484 9167468
9513715 9167469
9517313 9167471
9521332 9167473
9517317 9167474
9521335 9167475
9521356 9167476
9521356 99284997
9522293 9167476
9522293 99284997
9521358 9167477
9521358 99284995
9522292 9167477
9522292 99284995
9530470 9167484
9527995 9167485
9521208 9167486
9521323 9167487
9522700 9167487
9530479 9167489
9530480 9167489
9521377 9167490
9530360 9167494
9534076 9167494
9536505 9167494
9526303 9167495
9530348 9167497
9534077 9167497
9534078 9167500
9536507 9167500
9537671 9167500
9521220 9167502
9513771 9167506
9521226 9167508
9526476 9167510
9521229 9167511
9517370 9167513
9521390 9167515
9522724 9167518
9534950 9167521
9536968 9167521
9531993 9167522
9531994 9167522
9536969 9167523
9521399 9167524
9530345 9167525
9530347 9167525
9517226 9167526
9526490 9167528
9528347 9167528
9514439 9167530
9531841 9167530
9531842 9167530
9539530 9167530
9518612 9167531
9518614 9167532
9513635 9167536
9513643 9167536
9513767 9167536
9518618 9167538
9518783 9167540
9518787 9167545
9518795 9167545
9518788 9167548
9519154 9167548
9521264 9167549
9515098 9167551
9531859 9167551
9531860 9167551
9518630 9167552
9521112 9167554
9535350 9167564
9535355 9167564
9513662 9167568
9520181 9167568
9530769 9167568
9530770 9167568
9530781 9167568
9530783 9167568
9530785 9167568
9530787 9167568
9530788 9167568
9530789 9167568
9530790 9167568
9530799 9167568
9530800 9167568
9521115 9167570
9530389 9167571
9530390 9167571
9521287 9167573
9513450 9167575
9513516 9167575
9517114 9167576
9521130 9167577
9521133 9167578
9521136 9167578
9521139 9167580
9521142 9167580
9535378 9167582
9522630 9167584
9518499 9167588
9518502 9167588
9529123 9167588
9529124 9167588
9529138 9167588
9532919 9167590
9532920 9167590
9517138 9167591
9518677 9167594
9521154 9167596
9522650 9167598
9535244 9167605
9539746 9167605
9530269 9167607
9530270 9167607
9535245 9167610
9535247 9167615
9528099 9167617
9540871 9167617
9534952 9167625
9540873 9167625
9522503 9167627
9522504 9167627
9521174 9167628
9521179 9167631
9517005 9167632
9522679 9167633
9521028 9167635
9522522 9167636
9521190 9167637
9540895 9167638
9521193 9167639
9521196 9167641
9521199 9167641
9535115 9167642
9517021 9167644
9518561 9167646
9517023 9167647
9521040 9167649
9513590 9167650
9517027 9167651
9517030 9167651
9521043 9167652
9518568 9167653
9521047 9167655
9531645 9167659
9531647 9167659
9531649 9167659
9531650 9167659
9517191 9167661
9522547 9167662
9513441 9167664
9516572 9167668
9526144 9167668
9519912 9167671
9519913 9167671
9531922 9167671
9517043 9167674
9528131 9167674
9528132 9167674
9519915 9167680
9531921 9167680
9532993 9167683
9532996 9167683
9535788 9167683
9521060 9167684
9518587 9167686
9521069 9167687
9522562 9167690
9522563 9167693
9522565 9167695
9513460 9167697
9513462 9167698
9513469 9167700
9519935 9167702
9521077 9167704
9521080 9167704
9521081 9167704
9531519 9167705
9531520 9167705
9521086 9167707
9536506 9167709
9519780 9167712
9531531 9167712
9533938 9167717
9536508 9167717
9534081 9167720
9534082 9167720
9536509 9167720
9519953 9167722
9519954 9167722
9528751 9167722
9528752 9167722
9519955 9167723
9522431 9167725
9522432 9167725
9522433 9167726
9522434 9167726
9528907 9167727
9528908 9167727
9530051 9167730
9530052 9167730
9514466 9167738
9514472 9167738
9514474 9167738
9514476 9167738
9515032 9167738
9515040 9167738
9515042 9167738
9515048 9167738
9515049 9167738
9515097 9167738
9515099 9167738
9515143 9167738
9519713 9167738
9519809 9167738
9522175 9167738
9522176 9167738
9527726 9167738
9527727 9167738
9527954 9167738
9531881 9167738
9531882 9167738
9532437 9167738
9532439 9167738
9532441 9167738
9532443 9167738
9532563 9167738
9532565 9167738
9532566 9167738
9532567 9167738
9532568 9167738
9532665 9167738
9532666 9167738
9540501 9167740
9522454 9167742
9522455 9167744
9522456 9167744
9522457 9167747
9532737 9167751
9532738 9167751
9534911 9167764
9535043 9167764
9535044 9167764
9535045 9167764
9535047 9167764
9535048 9167764
9535049 9167764
9535050 9167764
9535046 9167769
9514643 9167772
9514855 9167772
9522471 9167773
9522472 9167774
9522473 9167774
9522474 9167775
9518345 9167776
9522477 9167778
9522478 9167779
9522479 9167779
9522320 9167780
9522323 9167782
9522326 9167783
9513220 9167785
9522329 9167786
9522492 9167788
9519863 9167789
9519864 9167789
9515905 9167790
9519865 9167791
9522341 9167792
9519869 9167793
9519870 9167793
9514666 9167795
9514899 9167795
9534197 9167810
9534198 9167810
9534204 9167810
9536585 9167810
9536588 9167810
9537678 9167810
9513249 9167811
9531461 9167812
9531465 9167812
9531468 9167812
9519882 9167813
9529693 9167813
9529694 9167813
9519887 9167814
9519888 9167815
9519734 9167816
9531303 9167816
9531304 9167816
9539565 9167816
9522383 9167818
9527359 9167819
9522384 9167820
9522385 9167820
9522386 9167821
9522387 9167821
9522388 9167822
9522389 9167822
9514615 9167823
9540450 9167824
9518121 9167825
9536492 9167826
9518123 9167827
9518126 9167828
9518127 9167829
9513062 9167831
9513080 9167831
9528725 9167831
9528726 9167831
9522100 9167833
9522103 9167835
9513059 9167836
9513102 9167836
9528887 9167836
9528889 9167836
9528891 9167836
9528892 9167836
9529907 9167837
9529908 9167837
9522106 9167839
9522273 9167840
9514501 9167841
9522276 9167842
9518145 9167843
9514504 9167847
9522279 9167848
9514508 9167849
9531225 9167852
9531226 9167852
9531227 9167853
9531228 9167853
9519647 9167855
9533754 9167866
9533901 9167866
9536295 9167866
9536298 9167866
9514521 9167867
9514522 9167867
9522094 9167867
9514524 9167868
9517375 9167873
9540346 9167873
9540348 9167873
9518168 9167874
9522141 9167875
9522142 9167875
9518014 9167879
9518064 9167879
9519517 9167880
9519517 99284996
9519517 99285001
9521944 9167880
9521944 99284996
9521944 99285001
9521947 9167880
9521947 99284996
9521947 99285001
9521948 9167880
9521948 99284996
9521948 99285001
9515725 9167882
9515727 9167883
9522167 9167886
9522169 9167887
9513064 9167901
9528737 9167901
9528738 9167901
9533108 9167901
9522016 9167903
9522019 9167904
9515740 9167905
9522177 9167906
9522180 9167906
9515745 9167909
9522186 9167910
9528657 9167912
9527006 9167914
9522036 9167915
9515768 9167916
9522050 9167917
9533985 9167918
9527026 9167921
9522056 9167922
9522059 9167923
9528693 9167926
9528694 9167926
9522075 9167928
9522076 9167928
9522077 9167929
9522078 9167932
9522079 9167932
9514307 9167936
9515083 9167944
9515085 9167944
9515087 9167944
9515089 9167944
9515091 9167944
9515093 9167944
9515341 9167944
9516926 9167944
9516928 9167944
9516930 9167944
9526266 9167944
9527960 9167944
9527963 9167944
9531719 9167944
9531720 9167944
9531961 9167944
9531962 9167944
9531981 9167944
9531982 9167944
9531983 9167944
9531984 9167944
9532203 9167944
9532205 9167944
9532206 9167944
9532505 9167944
9532507 9167944
9532509 9167944
9532511 9167944
9532512 9167944
9532521 9167944
9532522 9167944
9515529 9167960
9515651 9167960
9515657 9167960
9531077 9167960
9531078 9167960
9522092 9167962
9534166 9167971
9536571 9167971
9537666 9167971
9537667 9167973
9534119 9167975
9536534 9167975
9537669 9167975
9515564 9167987
9515676 9167987
9533488 9167998
9533489 9167998
9536029 9167998
9536030 9167998
9533893 9168006
9533894 9168006
9533895 9168019
9533896 9168019
9515537 9168021
9515539 9168021
9515540 9168021
9515541 9168021
9531083 9168023
9531085 9168023
9531087 9168023
9531088 9168023
9533766 9168024
9515566 9168026
9536116 9168027
9537576 9168027
9515419 9168029
9519737 9168032
9520469 9168032
9528325 9168032
9533628 9168035
9533632 9168035
9515435 9168037
9515437 9168040
9515439 9168043
9514104 9168044
9514108 9168045
9532317 9168046
9532319 9168046
9532321 9168046
9532322 9168046
9514279 9168047
9520914 9168048
9515451 9168049
9514126 9168050
9514292 9168051
9525900 9168051
9514291 9168052
9525909 9168053
9520939 9168054
9516970 9168055
9519131 9168056
9533542 9168057
9533543 9168057
9520959 9168058
9533545 9168059
9519136 9168060
9519138 9168061
9516991 9168063
9520801 9168064
9516996 9168065
9525940 9168066
9520971 9168067
9520973 9168068
9519151 9168069
9528258 9168070
9519155 9168071
9532227 9168072
9532230 9168072
9520822 9168073
9520825 9168074
9520826 9168076
9520827 9168076
9520828 9168077
9515365 9168078
9515367 9168078
9519634 9168078
9515368 9168081
9533417 9168083
9520995 9168084
9519171 9168085
9519172 9168085
9519173 9168085
9520840 9168086
9519177 9168103
9519179 9168103
9528038 9168103
9530263 9168103
9530265 9168103
9530267 9168103
9530268 9168103
9520843 9168105
9520846 9168106
9515383 9168107
9533430 9168108
9520849 9168110
9528297 9168111
9534933 9168114
9534917 9168119
9534918 9168119
9534934 9168119
9534935 9168119
9519198 9168121
9520863 9168123
9520867 9168124
9520868 9168124
9520869 9168126
9524350 9168127
9534953 9168128
9534954 9168128
9533295 9168132
9533296 9168132
9533297 9168132
9533301 9168132
9529497 9168135
9529498 9168135
9534806 9168137
9514092 9168139
9533479 9168142
9533320 9168144
9520739 9168146
9532571 9168146
9532572 9168146
9534979 9168148
9516771 9168149
9534406 9168149
9515120 9168150
9515124 9168155
9539529 9168155
9533496 9168159
9519089 9168161
9520751 9168162
9520757 9168164
9515144 9168166
9515145 9168166
9520792 9168168
9520795 9168169
9520798 9168170
9516518 9168173
9533233 9168178
9535889 9168178
9535890 9168178
9528090 9168182
9528114 9168182
9528115 9168182
9539724 9168185
9539726 9168196
9521903 9168198
9521907 9168200
9533277 9168202
9533278 9168202
9514774 9168207
9514995 9168207
9514998 9168207
9515073 9168207
9533125 9168209
9521924 9168210
9533294 9168215
9521927 9168217
9517922 9168219
9516592 9168223
9520420 9168226
9521964 9168227
9521967 9168229
9525416 9168230
9521981 9168232
9521983 9168233
9521984 9168233
9534682 9168235
9521987 9168237
9535787 9168238
9539508 9168238
9534280 9168239
9539673 9168239
9539521 9168243
9533058 9168246
9520310 9168247
9539526 9168250
9521703 9168252
9521706 9168253
9521709 9168254
9513720 9168259
9517833 9168259
9517837 9168259
9517839 9168259
9517843 9168259
9517849 9168259
9517852 9168259
9530727 9168259
9530729 9168259
9530731 9168259
9530733 9168259
9530734 9168259
9530751 9168259
9530752 9168259
9530989 9168259
9530991 9168259
9530992 9168259
9531003 9168259
9531004 9168259
9531023 9168259
9531027 9168259
9531028 9168259
9531033 9168259
9531034 9168259
9533037 9168259
9533038 9168259
9534649 9168259
9535801 9168259
9521870 9168262
9521873 9168265
9517859 9168269
9521876 9168274
9529111 9168279
9529112 9168279
9534421 9168287
9534422 9168287
9521722 9168289
9530993 9168291
9530994 9168291
9517871 9168300
9517877 9168300
9531325 9168300
9531326 9168300
9539561 9168318
9519728 9168331
9539564 9168331
9517876 9168338
9517878 9168338
9534378 9168342
9539566 9168342
9521898 9168344
9518312 9168349
9529131 9168349
9529132 9168380
9529135 9168380
9529137 9168380
9533373 9168380
9533374 9168380
9526999 9168384
9517898 9168386
9530867 9168387
9530868 9168387
9534463 9168389
9534464 9168389
9521764 9168390
9521611 9168393
9530717 9168403
9530718 9168403
9534317 9168409
9517762 9168411
9521783 9168415
9520248 9168417
9521630 9168419
9521633 9168421
9521637 9168422
9535720 9168428
9535721 9168428
9535722 9168429
9530757 9168435
9530758 9168435
9534351 9168442
9534352 9168442
9521657 9168445
9521501 9168446
9521504 9168449
9521507 9168450
9521673 9168453
9521674 9168453
9529595 9168453
9529596 9168453
9517504 9168457
9521521 9168458
9521522 9168458
9516175 9168460
9521691 9168461
9534391 9168464
9534392 9168464
9521694 9168466
9534395 9168469
9536688 9168469
9513922 9168472
9521697 9168474
9534399 9168480
9526629 9168482
9521542 9168484
9521548 9168487
9534247 9168488
9520020 9168491
9520023 9168494
9520026 9168497
9521567 9168499
9521568 9168502
9518933 9168504
9529843 9168504
9529844 9168504
9521580 9168509
9520043 9168511
9521586 9168513
9534287 9168517
9513838 9168519
9521451 9168521
9534150 9168525
9534151 9168525
9530469 9168537
9534152 9168537
9534000 9168539
9526556 9168540
9513858 9168550
9534171 9168555
9534172 9168555
9521475 9168558
9521326 9168560
9521329 9168564
9534196 9168567
9521498 9168570
9513726 9168572
9521341 9168574
9534034 9168601
9534035 9168601
9534036 9168601
9534037 9168601
9534038 9168601
9534039 9168601
9534040 9168601
9534041 9168601
9534042 9168601
9534057 9168601
9534058 9168601
9534059 9168601
9534060 9168601
9534061 9168601
9534062 9168601
9534063 9168601
9534064 9168601
9536491 9168601
9518734 9168609
9519671 9168609
9521211 9168613
9535451 9168617
9521214 9168620
9518739 9168621
9521217 9168624
9526467 9168630
9517364 9168632
9521382 9168634
9517367 9168635
9534084 9168638
9527853 9168640
9518752 9168641
9519166 9168641
9517213 9168642
9527077 9168642
9521232 9168644
9526481 9168645
9522731 9168649
9536970 9168652
9518608 9168654
9527874 9168656
9535326 9168660
9518776 9168667
9530359 9168675
9521258 9168679
9521100 9168681
9521103 9168682
9521106 9168685
9521109 9168685
9521272 9168689
9521275 9168689
9527745 9168691
9518641 9168697
9517105 9168699
9521121 9168701
9521124 9168702
9518649 9168707
9521127 9168709
9517278 9168712
9519472 9168712
9522629 9168716
9535030 9168731
9535031 9168731
9535219 9168731
9521145 9168735
9521148 9168738
9521160 9168739
9521165 9168741
9521167 9168741
9521168 9168741
9521166 9168743
9521016 9168745
9513569 9168747
9518891 9168747
9518891 9172620
9517168 9168749
9535099 9168751
9535100 9168751
9513411 9168755
9522686 9168760
9518557 9168767
9521037 9168770
9517180 9168773
9517181 9168776
9517183 9168776
9532811 9168779
9532812 9168779
9517188 9168781
9513433 9168786
9513439 9168789
9517032 9168793
9532981 9168795
9532982 9168795
9519906 9168798
9517037 9168799
9518576 9168805
9518577 9168805
9517039 9168806
9518578 9168810
9521059 9168811
9513451 9168813
9513458 9168815
9517052 9168818
9521072 9168819
9521076 9168822
9513164 9168831
9513302 9168831
9513446 9168831
9528797 9168831
9528798 9168831
9514958 9168834
9522570 9168837
9513470 9168841
9521094 9168845
9536510 9168850
9517096 9168853
9530061 9168856
9530062 9168856
9519814 9168857
9530067 9168859
9536533 9168865
9531567 9168866
9531568 9168866
9519986 9168877
9522465 9168887
9522466 9168887
9522467 9168887
9522468 9168887
9522311 9168891
9522314 9168893
9522317 9168895
9522480 9168898
9522483 9168905
9522486 9168912
9522487 9168914
9522488 9168914
9522489 9168917
9519854 9168920
9529953 9168920
9529955 9168920
9529957 9168920
9529958 9168920
9519855 9168922
9519859 9168923
9522335 9168926
9522338 9168929
9519871 9168930
9535096 9168931
9535097 9168933
9535098 9168933
9519874 9168934
9519875 9168935
9519876 9168935
9536596 9168941
9513061 9168999
9513063 9168999
9513065 9168999
9513093 9168999
9513103 9168999
9528736 9168999
9528740 9168999
9533106 9168999
9533165 9168999
9533166 9168999
9533167 9168999
9533168 9168999
9533172 9168999
9539517 9168999
9533841 9169025
9536448 9169025
9531475 9169029
9531476 9169029
9513105 9169040
9513097 9169048
9513106 9169048
9531321 9169051
9531322 9169051
9513123 9169053
9513126 9169059
9531497 9169064
9531498 9169064
9522390 9169067
9522391 9169067
9519189 9169070
9522394 9169070
9522397 9169072
9519762 9169081
9515808 9169085
9513142 9169087
9518117 9169090
9513147 9169092
9515824 9169097
9524677 9169097
9522263 9169099
9522264 9169099
9518131 9169101
9518133 9169106
9518136 9169108
9518138 9169110
9528739 9169118
9519632 9169121
9518150 9169122
9540331 9169126
9518152 9169127
9518154 9169129
9518008 9169134
9514534 9169138
9514537 9169138
9522151 9169139
9522154 9169142
9522001 9169147
9522004 9169149
9522009 9169151
9515732 9169154
9515737 9169155
9522022 9169162
9522025 9169166
9515750 9169169
9515751 9169169
9515752 9169172
9515754 9169172
9515753 9169174
9527164 9169175
9515758 9169177
9522062 9169181
9522065 9169183
9533840 9169187
9529711 9169192
9529712 9169192
9522080 9169195
9522083 9169197
9522086 9169199
9522089 9169200
9533710 9169209
9536026 9169215
9515510 9169217
9533881 9169220
9515538 9169222
9532573 9169224
9532574 9169224
9532575 9169230
9532578 9169230
9519214 9169235
9528330 9169252
9528338 9169255
9515441 9169259
9515447 9169264
9519253 9169268
9532332 9169271
9532333 9169271
9532334 9169271
9519100 9169272
9519104 9169274
9528371 9169276
9516964 9169277
9520945 9169279
9520946 9169279
9520947 9169281
9519123 9169282
9519127 9169284
9514159 9169287
9516986 9169288
9525930 9169290
9520962 9169292
9520965 9169293
9520968 9169295
9519144 9169298
9519149 9169301
9520810 9169305
9520811 9169306
9514178 9169307
9529593 9169316
9529594 9169316
9520819 9169320
9520984 9169324
9520987 9169326
9520837 9169330
9533590 9169343
9519186 9169346
9525078 9169348
9513910 9169363
9514181 9169363
9514185 9169363
9519769 9169363
9532925 9169363
9532926 9169363
9532989 9169363
9532990 9169363
9533023 9169363
9533024 9169363
9539622 9169363
9513935 9169365
9513944 9169365
9513950 9169365
9513960 9169365
9513965 9169365
9514641 9169372
9532645 9169383
9532646 9169383
9522559 9169402
9532377 9169402
9532379 9169402
9532380 9169402
9513154 9169408
9513310 9169408
9513436 9169408
9513509 9169408
9520154 9169408
9528945 9169408
9528946 9169408
9513180 9169410
9518756 9169433
9518766 9169433
9518815 9169433
9518823 9169433
9518924 9169433
9518973 9169433
9519001 9169433
9519150 9169433
9521336 9169433
9521337 9169433
9521345 9169433
9526878 9169433
9526881 9169433
9513287 9169449
9513495 9169449
9518533 9169449
9518540 9169449
9518877 9169449
9518879 9169449
9518887 9169449
9519027 9169449
9519045 9169449
9519122 9169449
9519379 9169449
9520419 9169449
9520930 9169449
9520931 9169449
9528979 9169449
9528980 9169449
9528993 9169449
9528994 9169449
9529009 9169449
9529010 9169449
9529011 9169449
9529012 9169449
9529185 9169449
9529186 9169449
9540343 9169453
9515927 9169463
9515956 9169463
9516718 9169463
9516906 9169463
9517001 9169463
9517481 9169463
9523140 9169463
9528413 9169463
9516377 9169469
9526350 9169473
9522289 9169478
9520285 9169481
9530881 9169486
9530882 9169486
9531149 9169501
9531151 9169501
9531152 9169501
9535192 9169505
9535193 9169505
9521778 9169514
9521779 9169514
9519741 9169522
9522220 9169522
9522221 9169522
9522571 9169522
9522607 9169522
9531161 9169522
9531162 9169527
9531163 9169527
9531164 9169527
9520669 9169529
9529831 9169533
9529832 9169533
9518320 9169550
9518324 9169550
9518512 9169550
9518524 9169550
9518883 9169550
9519030 9169550
9520926 9169550
9520927 9169550
9528967 9169550
9528968 9169550
9528971 9169550
9528972 9169550
9529133 9169550
9529134 9169550
9529159 9169550
9529160 9169550
9518855 9169553
9518195 9169587
9518219 9169587
9518386 9169587
9521191 9169587
9521192 9169587
9522640 9169587
9525204 9169587
9525205 9169587
9524934 9169606
9528240 9169606
9516577 9169617
9516615 9169617
9516822 9169617
9517186 9169617
9517189 9169617
9518181 9169617
9530193 9169617
9530194 9169617
9527380 9169621
9521569 9169639
9517162 9169642
9517163 9169642
9516371 9169647
9527118 9169647
9533532 9169649
9533533 9169649
9519925 9169652
9515522 9169661
9515631 9169661
9528256 9169661
9534901 9169670
9534902 9169670
9534903 9169670
9535029 9169670
9517516 9169694
9517651 9169694
9517662 9169694
9517683 9169694
9517798 9169694
9517804 9169694
9517806 9169694
9517810 9169694
9522021 9169694
9522023 9169694
9531554 9169694
9521731 9169701
9521734 9169701
9517033 9169709
9517036 9169709
9528172 9169709
9531267 9169709
9531268 9169709
9521607 9169711
9523948 9169711
9525372 9169711
9515940 9169714
9517255 9169714
9515924 9169718
9523967 9169718
9526039 9169721
9528324 9169721
9513591 9169723
9515964 9169726
9517267 9169726
9523720 9169726
9526058 9169726
9527287 9169726
9521388 9169727
9524843 9169729
9513952 9169733
9513978 9169733
9532897 9169733
9532898 9169733
9516068 9169736
9516106 9169736
9516171 9169736
9522596 9169736
9518705 9169738
9522449 9169738
9522763 9169738
9527990 9169740
9522450 9169742
9539575 9169745
9517118 9169747
9523102 9169748
9521034 9169750
9523800 9169752
9524972 9169752
9524975 9169752
9516994 9169760
9520018 9169760
9520019 9169760
9522680 9169760
9526622 9169760
9527987 9169760
9518779 9169784
9518784 9169784
9518804 9169784
9518814 9169784
9518818 9169784
9518967 9169784
9518994 9169784
9518997 9169784
9519132 9169784
9519140 9169784
9529827 9169784
9529828 9169784
9513389 9169790
9513409 9169790
9513410 9169790
9513246 9169813
9513248 9169813
9513259 9169813
9513324 9169813
9513487 9169813
9513488 9169813
9520163 9169813
9528613 9169813
9528614 9169813
9528741 9169813
9528742 9169813
9515231 9169825
9521916 9169825
9521917 9169825
9521926 9169825
9522625 9169825
9525017 9169825
9532013 9169825
9532014 9169825
9518709 9169828
9519053 9169828
9513254 9169832
9526409 9169834
9532280 9169844
9518773 9169860
9518782 9169860
9518803 9169860
9518956 9169860
9520421 9169860
9529597 9169860
9529598 9169860
9529855 9169860
9529856 9169860
9529857 9169860
9529858 9169860
9539585 9169860
9513602 9169866
9513618 9169866
9513632 9169866
9513677 9169866
9518132 9169878
9518135 9169878
9520277 9169878
9529909 9169878
9529910 9169878
9529917 9169878
9529918 9169878
9513976 9169886
9514011 9169886
9514208 9169886
9518194 9169888
9535659 9169890
9535585 9169891
9535586 9169891
9522032 9169894
9522033 9169894
9513603 9169897
9513728 9169897
9522530 9169897
9513925 9169899
9513933 9169899
9513943 9169899
9513955 9169899
9527934 9169899
9518819 9169917
9518822 9169917
9519004 9169917
9519016 9169917
9521348 9169917
9521349 9169917
9521664 9169917
9526846 9169917
9526847 9169917
9528041 9169917
9528042 9169917
9515708 9169939
9515715 9169939
9515767 9169939
9516567 9169939
9521449 9169939
9521502 9169939
9521503 9169939
9521511 9169939
9521515 9169939
9524808 9169939
9530391 9169939
9530392 9169939
9530403 9169939
9530404 9169939
9514236 9169950
9514243 9169950
9514371 9169950
9514608 9169950
9528368 9169950
9528415 9169950
9532695 9169950
9532696 9169950
9533905 9169953
9533906 9169953
9518718 9169955
9519242 9169955
9519932 9169958
9513984 9169962
9513988 9169962
9513995 9169962
9514169 9169962
9532901 9169962
9532917 9169962
9527758 9169964
9519973 9169965
9517838 9169980
9527401 9169980
9530997 9169980
9530998 9169980
9527512 9169988
9514454 9169990
9514259 9170013
9514265 9170013
9514270 9170013
9514293 9170013
9514520 9170013
9525885 9170013
9525888 9170013
9527937 9170013
9519822 9170017
9519824 9170019
9513912 9170021
9513915 9170021
9513881 9170029
9513888 9170029
9520784 9170029
9520787 9170029
9522259 9170029
9522260 9170029
9533019 9170029
9533020 9170029
9539623 9170029
9518293 9170031
9521003 9170033
9521004 9170033
9522687 9170038
9513942 9170042
9513948 9170042
9513957 9170042
9513968 9170042
9533948 9170048
9533949 9170048
9533950 9170048
9533951 9170048
9533952 9170048
9533953 9170048
9540350 9170048
9516360 9170053
9522952 9170053
9522953 9170053
9526650 9170053
9518859 9170055
9513431 9170058
9514242 9170059
9514246 9170059
9514253 9170059
9514247 9170061
9520937 9170064
9520941 9170064
9525224 9170064
9526708 9170064
9526983 9170064
9526984 9170064
9516109 9170072
9516138 9170072
9515576 9170078
9528957 9170087
9528958 9170087
9517275 9170090
9515957 9170094
9517060 9170094
9513094 9170134
9513096 9170134
9513098 9170134
9513392 9170134
9513398 9170134
9513400 9170134
9513402 9170134
9513408 9170134
9513511 9170134
9513533 9170134
9519376 9170134
9519381 9170134
9519385 9170134
9519960 9170134
9520149 9170134
9528707 9170134
9528708 9170134
9528743 9170134
9528744 9170134
9528749 9170134
9528750 9170134
9528777 9170134
9528779 9170134
9528781 9170134
9528782 9170134
9528955 9170134
9528956 9170134
9520650 9170140
9531925 9170149
9531926 9170149
9514724 9170158
9514726 9170160
9534569 9170162
9515273 9170182
9517503 9170182
9520961 9170182
9524365 9170182
9531773 9170182
9531775 9170182
9531776 9170182
9532021 9170182
9532022 9170182
9523488 9170184
9516216 9170188
9516251 9170188
9516329 9170188
9516347 9170188
9527714 9170188
9528255 9170188
9531203 9170188
9531204 9170188
9514317 9170192
9522543 9170192
9532035 9170192
9532036 9170192
9515945 9170197
9515954 9170197
9515971 9170197
9515976 9170197
9515986 9170197
9516877 9170197
9517004 9170197
9523435 9170197
9523923 9170197
9525364 9170197
9525365 9170197
9524107 9170202
9531197 9170202
9531198 9170202
9521010 9170209
9539571 9170209
9516279 9170215
9516482 9170215
9517099 9170215
9523167 9170215
9527478 9170215
9518833 9170233
9518833 99278551
9518864 9170233
9518864 99278551
9529199 9170233
9529199 99278551
9529200 9170233
9529200 99278551
9515415 9170235
9522232 9170238
9522252 9170238
9522821 9170238
9523272 9170238
9525548 9170238
9525551 9170238
9518658 9170242
9523814 9170243
9516174 9170246
9516208 9170246
9514124 9170250
9513908 9170261
9514118 9170261
9514119 9170261
9519399 9170261
9519970 9170267
9523094 9170277
9523098 9170277
9516231 9170281
9528142 9170281
9513992 9170287
9513993 9170287
9514602 9170300
9514616 9170300
9514814 9170300
9514817 9170300
9532807 9170300
9532809 9170300
9532810 9170300
9532819 9170300
9532820 9170300
9539527 9170300
9523056 9170303
9530871 9170303
9530872 9170303
9520715 9170304
9521762 9170318
9521763 9170318
9514000 9170319
9516450 9170322
9522579 9170322
9526170 9170322
9526173 9170322
9518723 9170323
9516989 9170325
9527962 9170328
9514650 9170342
9514656 9170342
9514873 9170342
9514878 9170342
9514911 9170342
9522321 9170342
9522552 9170342
9528404 9170342
9532617 9170342
9532618 9170342
9532621 9170342
9532622 9170342
9513932 9170344
9513938 9170344
9527958 9170362
9528359 9170362
9535375 9170362
9522888 9170365
9521817 9170374
9521818 9170374
9522733 9170374
9522732 9170378
9520621 9170382
9520622 9170382
9513997 9170383
9514007 9170383
9532843 9170383
9532844 9170383
9514003 9170387
9517286 9170389
9517287 9170389
9516102 9170392
9523757 9170392
9523758 9170392
9521459 9170395
9539594 9170399
9528032 9170403
9515968 9170408
9516879 9170408
9522544 9170411
9539539 9170416
9518249 9170418
9517360 9170421
9539544 9170423
9519121 9170432
9519121 99285093
9519268 9170432
9519268 99285093
9516260 9170436
9520887 9170436
9523015 9170436
9523025 9170436
9523169 9170436
9523172 9170436
9528061 9170439
9516365 9170442
9516378 9170442
9513640 9170445
9513769 9170445
9513796 9170445
9530373 9170445
9530374 9170445
9530563 9170445
9530565 9170445
9530566 9170448
9513785 9170450
9514224 9170474
9514226 9170474
9514500 9170474
9514503 9170474
9514644 9170474
9519401 9170474
9520817 9170474
9527385 9170474
9528268 9170474
9528364 9170474
9528416 9170474
9532591 9170474
9532592 9170474
9532605 9170474
9532606 9170474
9532667 9170474
9532669 9170474
9532670 9170474
9535407 9170474
9535408 9170474
9514535 9170477
9514163 9170478
9514194 9170478
9526320 9170481
9516013 9170483
9517262 9170483
9517264 9170485
9517269 9170485
9517972 9170489
9517974 9170489
9525133 9170490
9515612 9170520
9515617 9170520
9515736 9170520
9521268 9170520
9521273 9170520
9521877 9170520
9525586 9170520
9525943 9170520
9531103 9170520
9531104 9170520
9531605 9170520
9531608 9170520
9519679 9170524
9521735 9170524
9520698 9170526
9535719 9170529
9520975 9170538
9522627 9170538
9520976 9170539
9516097 9170542
9516128 9170542
9517107 9170542
9521805 9170547
9521806 9170547
9525844 9170550
9525847 9170550
9518821 9170554
9519143 9170554
9526875 9170554
9513445 9170558
9513447 9170558
9513519 9170558
9513681 9170562
9528293 9170562
9534325 9170562
9517747 9170576
9517773 9170576
9518738 9170576
9519059 9170576
9521792 9170576
9521793 9170576
9528036 9170576
9530349 9170576
9530350 9170576
9516408 9170579
9525604 9170579
9526020 9170579
9521478 9170581
9516061 9170583
9527062 9170585
9514617 9170588
9514708 9170600
9520841 9170600
9520842 9170600
9515417 9170607
9526256 9170607
9513234 9170616
9513339 9170616
9520659 9170616
9520662 9170620
9520665 9170620
9520666 9170620
9514332 9170638
9514342 9170638
9515786 9170638
9531395 9170638
9531396 9170638
9539609 9170638
9519210 9170643
9519212 9170643
9519213 9170643
9521609 9170643
9521610 9170643
9539582 9170649
9521853 9170651
9527184 9170651
9521061 9170662
9529645 9170662
9529647 9170662
9529648 9170662
9529938 9170662
9518266 9170667
9533989 9170671
9524846 9170675
9527131 9170675
9526254 9170711
9518287 9170727
9518333 9170727
9518466 9170727
9518668 9170727
9518716 9170727
9518755 9170727
9518758 9170727
9518785 9170727
9518921 9170727
9518931 9170727
9518970 9170727
9519252 9170727
9519294 9170727
9519974 9170727
9519975 9170727
9521962 9170727
9521963 9170727
9524382 9170727
9529337 9170727
9529339 9170727
9529340 9170727
9529347 9170727
9529348 9170727
9529361 9170727
9529362 9170727
9529549 9170727
9529550 9170727
9529829 9170727
9529830 9170727
9540341 9170727
9525373 9170730
9525380 9170732
9527622 9170733
9516074 9170734
9518341 9170762
9518526 9170762
9518545 9170762
9518810 9170762
9519971 9170762
9519972 9170762
9520165 9170762
9521950 9170762
9521952 9170762
9521953 9170762
9522484 9170762
9522485 9170762
9525759 9170762
9528981 9170762
9528982 9170762
9528991 9170762
9528992 9170762
9529147 9170762
9529148 9170762
9529161 9170762
9529162 9170762
9529565 9170762
9529566 9170762
9513543 9170765
9524190 9170767
9534910 9170776
9515870 9170777
9515884 9170777
9513426 9170779
9513428 9170779
9513783 9170786
9517630 9170786
9517779 9170786
9520413 9170786
9521796 9170786
9521797 9170786
9514699 9170796
9514921 9170796
9514924 9170796
9515111 9170796
9525045 9170796
9515422 9170803
9526250 9170803
9527959 9170803
9514665 9170831
9514675 9170831
9514876 9170831
9515113 9170831
9519418 9170831
9532483 9170831
9532484 9170831
9532489 9170831
9532490 9170831
9515963 9170839
9515985 9170839
9516219 9170839
9516256 9170839
9516286 9170839
9516326 9170839
9516414 9170839
9517073 9170839
9517270 9170839
9523470 9170839
9523854 9170839
9523855 9170839
9531181 9170839
9531182 9170839
9516048 9170844
9525531 9170846
9514013 9170921
9514590 9170921
9514592 9170921
9514612 9170921
9514620 9170921
9514625 9170921
9514627 9170921
9514642 9170921
9514649 9170921
9514653 9170921
9514777 9170921
9515067 9170921
9520830 9170921
9521111 9170921
9521128 9170921
9524095 9170921
9528387 9170921
9531711 9170921
9531712 9170921
9532651 9170921
9532652 9170921
9532749 9170921
9532751 9170921
9532752 9170921
9532851 9170921
9532852 9170921
9535718 9170921
9535723 9170921
9516555 9170934
9516763 9170934
9516853 9170934
9520128 9170934
9520129 9170934
9521732 9170934
9521733 9170934
9530977 9170934
9530978 9170934
9517743 9170942
9520363 9170942
9526806 9170942
9526768 9170944
9517091 9170946
9517315 9170946
9518747 9170955
9518898 9170955
9518903 9170955
9519169 9170955
9519494 9170955
9525732 9170955
9518941 9170969
9529865 9170969
9529866 9170969
9530095 9170969
9530096 9170969
9517599 9170975
9517850 9170975
9519923 9170975
9513874 9170977
9514168 9170978
9513232 9170991
9522073 9170991
9528664 9170991
9540860 9170991
9514668 9170996
9527684 9170996
9514647 9171002
9514651 9171002
9514894 9171002
9520255 9171002
9532469 9171002
9532470 9171002
9528373 9171007
9528378 9171007
9517333 9171008
9520350 9171008
9526926 9171008
9521840 9171009
9519644 9171010
9532703 9171011
9532704 9171011
9514482 9171014
9520225 9171014
9521935 9171014
9522324 9171014
9522325 9171014
9532315 9171014
9532316 9171014
9521754 9171015
9528008 9171015
9521756 9171017
9521757 9171020
9521758 9171020
9524964 9171022
9524020 9171023
9527101 9171025
9528146 9171025
9528147 9171025
9519841 9171027
9521760 9171027
9526410 9171027
9527972 9171027
9530912 9171027
9516412 9171029
9516452 9171029
9516461 9171029
9516507 9171029
9517378 9171029
9517397 9171029
9519540 9171029
9519541 9171029
9520540 9171029
9522901 9171029
9526006 9171029
9526028 9171029
9526033 9171029
9528003 9171029
9530913 9171029
9530914 9171029
9516897 9171038
9520796 9171038
9520800 9171038
9524364 9171038
9531991 9171038
9531992 9171038
9515935 9171039
9520633 9171039
9526927 9171041
9526644 9171043
9518808 9171048
9519137 9171048
9519512 9171048
9529401 9171048
9529402 9171048
9515829 9171052
9516676 9171052
9516981 9171052
9520038 9171052
9520039 9171052
9521380 9171052
9521381 9171052
9516984 9171054
9516857 9171059
9520131 9171059
9530945 9171059
9530946 9171059
9519674 9171061
9523595 9171062
9523902 9171062
9514378 9171070
9514471 9171070
9514581 9171070
9514683 9171070
9525323 9171070
9532417 9171070
9532418 9171070
9532445 9171070
9532446 9171070
9518870 9171074
9525984 9171076
9517889 9171077
9517555 9171082
9517587 9171082
9517590 9171082
9517596 9171082
9517703 9171082
9517836 9171082
9517879 9171082
9517883 9171082
9522057 9171082
9530719 9171082
9530720 9171082
9530995 9171082
9530996 9171082
9531017 9171082
9531018 9171082
9520164 9171085
9517581 9171089
9517862 9171089
9531013 9171089
9531015 9171089
9531016 9171089
9531333 9171089
9531334 9171089
9521456 9171096
9513163 9171098
9521582 9171100
9521855 9171103
9518242 9171107
9518388 9171107
9529719 9171107
9529720 9171107
9529733 9171107
9529734 9171107
9515543 9171113
9526291 9171113
9516297 9171116
9516321 9171116
9516358 9171116
9520138 9171117
9528066 9171117
9513985 9171119
9527935 9171119
9518843 9171121
9518991 9171127
9529567 9171127
9529568 9171127
9518708 9171134
9519197 9171134
9522643 9171134
9514595 9171138
9516176 9171142
9516457 9171144
9516416 9171146
9539602 9171146
9518035 9171150
9518039 9171150
9518083 9171150
9518617 9171150
9529455 9171150
9529457 9171150
9529458 9171150
9525674 9171152
9520879 9171154
9520880 9171154
9513901 9171167
9513905 9171167
9513963 9171167
9513990 9171167
9514019 9171167
9514053 9171167
9514074 9171167
9514097 9171167
9514100 9171167
9514231 9171167
9514362 9171167
9514479 9171167
9520202 9171167
9520203 9171167
9520745 9171167
9520747 9171167
9532787 9171167
9532788 9171167
9532877 9171167
9532878 9171167
9539528 9171167
9539617 9171167
9519095 9171170
9519095 99278463
9529399 9171170
9529399 99278463
9529400 9171170
9529400 99278463
9518835 9171172
9518837 9171172
9513155 9171173
9513193 9171173
9513424 9171173
9528775 9171173
9528776 9171173
9516148 9171176
9516211 9171176
9516257 9171176
9520910 9171176
9521376 9171176
9527472 9171176
9527475 9171176
9527558 9171176
9528313 9171176
9534573 9171176
9516468 9171177
9513149 9171179
9513215 9171182
9513300 9171182
9522661 9171183
9526076 9171183
9528247 9171183
9515179 9171184
9520565 9171185
9514787 9171186
9515027 9171186
9521026 9171188
9527240 9171188
9514704 9171195
9514968 9171195
9520835 9171195
9522102 9171195
9522158 9171195
9525504 9171195
9525914 9171195
9527652 9171195
9527966 9171195
9514312 9171196
9522207 9171197
9517252 9171198
9520117 9171198
9520118 9171198
9534404 9171200
9534405 9171200
9534408 9171200
9518767 9171202
9521621 9171202
9522721 9171202
9516235 9171206
9516312 9171206
9516971 9171206
9518006 9171206
9518116 9171206
9520483 9171206
9521857 9171206
9521859 9171206
9521860 9171206
9516581 9171207
9521715 9171207
9521717 9171208
9521718 9171208
9521719 9171209
9528913 9171210
9528914 9171210
9517101 9171212
9520942 9171212
9520943 9171212
9517103 9171213
9523573 9171214
9518280 9171220
9520402 9171220
9526587 9171220
9527664 9171220
9527667 9171220
9520559 9171221
9520563 9171221
9520564 9171221
9532775 9171225
9532776 9171225
9539619 9171225
9527596 9171226
9516861 9171228
9522373 9171228
9524520 9171228
9526418 9171228
9527452 9171228
9528242 9171228
9522126 9171232
9522740 9171232
9516104 9171235
9521464 9171235
9526723 9171236
9516147 9171238
9516186 9171238
9516210 9171238
9534823 9171240
9517299 9171242
9528143 9171242
9528144 9171242
9524776 9171247
9515544 9171249
9515763 9171249
9518187 9171250
9521030 9171252
9521031 9171252
9521033 9171252
9527425 9171252
9519718 9171253
9520346 9171253
9514457 9171258
9514943 9171258
9515043 9171258
9522150 9171258
9522152 9171258
9522153 9171258
9532335 9171258
9532336 9171258
9513903 9171261
9515147 9171263
9520814 9171269
9520815 9171269
9522274 9171269
9522539 9171269
9520764 9171270
9520765 9171270
9516438 9171271
9516441 9171271
9516448 9171271
9516459 9171271
9516466 9171271
9516202 9171273
9516258 9171273
9523200 9171273
9523441 9171273
9523471 9171273
9516427 9171275
9526128 9171275
9526129 9171275
9534377 9171276
9517361 9171279
9517475 9171279
9516230 9171285
9516240 9171285
9519933 9171285
9519934 9171285
9531243 9171285
9531244 9171285
9520051 9171286
9520566 9171288
9520567 9171288
9539567 9171288
9520573 9171290
9522678 9171290
9532307 9171290
9532309 9171290
9532310 9171290
9522135 9171292
9522136 9171292
9516590 9171301
9517155 9171301
9517157 9171301
9517613 9171301
9517749 9171301
9517890 9171301
9520371 9171301
9521547 9171301
9521549 9171301
9521552 9171301
9521553 9171301
9526822 9171307
9530511 9171307
9530513 9171307
9530514 9171307
9530515 9171307
9530516 9171307
9515180 9171314
9515183 9171314
9515191 9171314
9515239 9171314
9515245 9171314
9525043 9171314
9515193 9171319
9515340 9171319
9521071 9171319
9525978 9171319
9527780 9171319
9532411 9171319
9532412 9171319
9517546 9171333
9517563 9171333
9517566 9171333
9517577 9171333
9517677 9171333
9517701 9171333
9517802 9171333
9517840 9171333
9517864 9171333
9517865 9171333
9517869 9171333
9517928 9171333
9517933 9171333
9519790 9171333
9522049 9171333
9522623 9171333
9524542 9171333
9528020 9171333
9531005 9171333
9531319 9171333
9531320 9171333
9531323 9171333
9531324 9171333
9540300 9171333
9517321 9171334
9519115 9171335
9519115 99284994
9513186 9171336
9513191 9171336
9528759 9171336
9528760 9171336
9528761 9171336
9528762 9171336
9514057 9171337
9532881 9171337
9532883 9171337
9532885 9171337
9532886 9171337
9513907 9171338
9522708 9171339
9522514 9171340
9522515 9171340
9522677 9171341
9513913 9171342
9513916 9171342
9514061 9171342
9522542 9171342
9527929 9171342
9532923 9171342
9532924 9171342
9532997 9171342
9532998 9171342
9513917 9171343
9513924 9171343
9513931 9171343
9513941 9171343
9513951 9171343
9513962 9171343
9513973 9171343
9514158 9171343
9527051 9171345
9527052 9171345
9514493 9171347
9524638 9171347
9513238 9171349
9513253 9171352
9513257 9171352
9513347 9171352
9513457 9171352
9513459 9171352
9528635 9171352
9528636 9171352
9528685 9171352
9528686 9171352
9518729 9171357
9521571 9171357
9522644 9171357
9513790 9171360
9521628 9171360
9521629 9171360
9514245 9171362
9520734 9171362
9518149 9171363
9518731 9171365
9518746 9171365
9514202 9171368
9517549 9171371
9540861 9171376
9518041 9171379
9518093 9171379
9518250 9171379
9527687 9171379
9528234 9171379
9513953 9171381
9532895 9171381
9532896 9171381
9521394 9171386
9527217 9171388
9518643 9171391
9518202 9171392
9514652 9171394
9514273 9171401
9514369 9171401
9514636 9171401
9527382 9171401
9532593 9171401
9532594 9171401
9517725 9171411
9517755 9171411
9517846 9171411
9518707 9171411
9518711 9171411
9518719 9171411
9518906 9171411
9519055 9171411
9519188 9171411
9520412 9171411
9522713 9171411
9525684 9171411
9526802 9171411
9526811 9171411
9526812 9171411
9526819 9171411
9526827 9171411
9528241 9171411
9530305 9171411
9530308 9171411
9530309 9171411
9530312 9171411
9530327 9171411
9530328 9171411
9534586 9171414
9534570 9171418
9534571 9171418
9536780 9171418
9536781 9171418
9521418 9171419
9531153 9171419
9515569 9171422
9515771 9171426
9527423 9171429
9520008 9171431
9539538 9171431
9520140 9171433
9539588 9171433
9520139 9171434
9516011 9171435
9516019 9171435
9523864 9171435
9524992 9171435
9524993 9171435
9515999 9171436
9523733 9171436
9523734 9171436
9523742 9171438
9521482 9171441
9520349 9171443
9521747 9171444
9514275 9171446
9518940 9171448
9519156 9171448
9520415 9171448
9521641 9171448
9530093 9171448
9530094 9171448
9518764 9171449
9513889 9171455
9513891 9171455
9513892 9171455
9513896 9171455
9513897 9171455
9513898 9171455
9513906 9171455
9514050 9171455
9514096 9171455
9514099 9171455
9514103 9171455
9514167 9171455
9520790 9171455
9520791 9171455
9520793 9171455
9520794 9171455
9520611 9171457
9531707 9171457
9531708 9171457
9513587 9171462
9539597 9171462
9533280 9171465
9539518 9171465
9518128 9171466
9518338 9171466
9519625 9171466
9513140 9171467
9513416 9171467
9513417 9171467
9526226 9171468
9539549 9171470
9515760 9171473
9513171 9171481
9513216 9171481
9515982 9171482
9514215 9171488
9514611 9171488
9514621 9171488
9519311 9171488
9519314 9171488
9519413 9171488
9532753 9171488
9532754 9171488
9513135 9171491
9513152 9171491
9513496 9171491
9518558 9171491
9520390 9171491
9520447 9171491
9522069 9171491
9522070 9171491
9522521 9171491
9528230 9171491
9515188 9171502
9515190 9171502
9527957 9171502
9532513 9171502
9532514 9171502
9532517 9171502
9532518 9171502
9526518 9171504
9520918 9171506
9515509 9171507
9514610 9171508
9513150 9171511
9513170 9171511
9513502 9171511
9521218 9171511
9521219 9171511
9527916 9171511
9539519 9171511
9515420 9171512
9515423 9171512
9513235 9171514
9514640 9171520
9514858 9171520
9513226 9171527
9513227 9171528
9516357 9171529
9516402 9171529
9514272 9171533
9539570 9171536
9529351 9171537
9529353 9171537
9529355 9171537
9529356 9171537
9518610 9171538
9528309 9171539
9520719 9171540
9516118 9171544
9517078 9171544
9517280 9171544
9539547 9171544
9517272 9171546
9517273 9171546
9517274 9171546
9514606 9171549
9514249 9171550
9514252 9171550
9515497 9171557
9515641 9171557
9531401 9171557
9531402 9171557
9531579 9171557
9531580 9171557
9526753 9171560
9527673 9171560
9529949 9171560
9529950 9171560
9529951 9171560
9529952 9171560
9530167 9171560
9530168 9171560
9526964 9171563
9517244 9171566
9513911 9171570
9532911 9171570
9532912 9171570
9532977 9171570
9532979 9171570
9532980 9171570
9518852 9171571
9519134 9171573
9520919 9171574
9519207 9171575
9513272 9171579
9522081 9171579
9528631 9171579
9528632 9171579
9521089 9171581
9531237 9171582
9531238 9171582
9513787 9171586
9513788 9171586
9513829 9171586
9514016 9171588
9514083 9171588
9514107 9171588
9518825 9171591
9519126 9171591
9521702 9171591
9522452 9171591
9522453 9171591
9529391 9171591
9529392 9171591
9519109 9171593
9521942 9171593
9521943 9171593
9522646 9171593
9528044 9171593
9529201 9171593
9529202 9171593
9513202 9171595
9513429 9171595
9533198 9171595
9533199 9171595
9533200 9171595
9533202 9171595
9533290 9171595
9515110 9171597
9515196 9171602
9515200 9171602
9515264 9171602
9515277 9171602
9515336 9171602
9525856 9171602
9515129 9171605
9515130 9171605
9515128 9171607
9527965 9171612
9515235 9171614
9520985 9171614
9520986 9171614
9540342 9171615
9514020 9171616
9532771 9171616
9539618 9171616
9519208 9171624
9519249 9171624
9521540 9171624
9521541 9171624
9521645 9171624
9521646 9171624
9526692 9171624
9526693 9171624
9528046 9171624
9530079 9171624
9530080 9171624
9515552 9171625
9521902 9171627
9521904 9171627
9524119 9171628
9515572 9171630
9515579 9171630
9515582 9171630
9515690 9171630
9530601 9171630
9530602 9171630
9515678 9171634
9527547 9171634
9530607 9171634
9530608 9171634
9515516 9171643
9515525 9171643
9515634 9171643
9524687 9171643
9526309 9171643
9526312 9171643
9513239 9171652
9513252 9171652
9513266 9171652
9513267 9171652
9513277 9171652
9521602 9171652
9521603 9171652
9528533 9171652
9528534 9171652
9528619 9171652
9528628 9171652
9528667 9171652
9528668 9171652
9514333 9171656
9521331 9171656
9539608 9171656
9523276 9171658
9523278 9171658
9515187 9171661
9513251 9171673
9520658 9171673
9514619 9171677
9514826 9171677
9515241 9171677
9517588 9171686
9517598 9171686
9517739 9171686
9530251 9171686
9530252 9171686
9530471 9171686
9530472 9171686
9530489 9171686
9530491 9171686
9530492 9171686
9531651 9171689
9531652 9171689
9539616 9171692
9513586 9171695
9513597 9171695
9513656 9171695
9530802 9171695
9534251 9171696
9516563 9171698
9517735 9171698
9517892 9171698
9517893 9171698
9524174 9171698
9521634 9171704
9521635 9171704
9518751 9171707
9518754 9171707
9518765 9171707
9518748 9171715
9518769 9171715
9518777 9171715
9518926 9171715
9521562 9171715
9521563 9171715
9521573 9171715
9521574 9171715
9528117 9171716
9532461 9171719
9532462 9171719
9520282 9171720
9514248 9171721
9514258 9171721
9516316 9171722
9516337 9171722
9531207 9171722
9531208 9171722
9516454 9171727
9516467 9171727
9518753 9171730
9520912 9171736
9529509 9171736
9529510 9171736
9527069 9171737
9522425 9171738
9527058 9171738
9514676 9171741
9514679 9171741
9522475 9171742
9522476 9171742
9529065 9171742
9529067 9171742
9529068 9171742
9529261 9171742
9529263 9171742
9529264 9171742
9529283 9171742
9529285 9171742
9529286 9171742
9529437 9171742
9529438 9171742
9522490 9171744
9522491 9171744
9531731 9171746
9522286 9171749
9524011 9171751
9524045 9171751
9516722 9171752
9517263 9171752
9525329 9171752
9527307 9171752
9520007 9171753
9517339 9171755
9520330 9171755
9520348 9171755
9514336 9171760
9521265 9171760
9525412 9171760
9518733 9171761
9517343 9171762
9517345 9171762
9521854 9171763
9513204 9171764
9513211 9171764
9513218 9171764
9513432 9171764
9528771 9171764
9528772 9171764
9528228 9171765
9515305 9171768
9515308 9171768
9515436 9171768
9515438 9171768
9515440 9171768
9517932 9171768
9520963 9171768
9520966 9171768
9532027 9171768
9532028 9171768
9515925 9171770
9517257 9171770
9517265 9171770
9523883 9171770
9523993 9171770
9523996 9171770
9527295 9171770
9527296 9171770
9528248 9171770
9515062 9171772
9515082 9171772
9524084 9171772
9515016 9171776
9516658 9171776
9519910 9171776
9521144 9171776
9518220 9171778
9518391 9171778
9518647 9171778
9521183 9171778
9526543 9171778
9526562 9171778
9528236 9171778
9540831 9171778
9540832 9171778
9540863 9171778
9513212 9171779
9513430 9171779
9514658 9171780
9515891 9171782
9515908 9171782
9519683 9171782
9527467 9171784
9531629 9171788
9531630 9171788
9521177 9171790
9517570 9171801
9517597 9171801
9517603 9171801
9517758 9171801
9521782 9171801
9526798 9171801
9526831 9171801
9530736 9171801
9519222 9171804
9519223 9171804
9519264 9171804
9529179 9171804
9529180 9171804
9528280 9171807
9533201 9171807
9521598 9171809
9513224 9171814
9513233 9171814
9513240 9171814
9513243 9171814
9513261 9171814
9513327 9171814
9513330 9171814
9513333 9171814
9513354 9171814
9513452 9171814
9513461 9171814
9513463 9171814
9513499 9171814
9528683 9171814
9528684 9171814
9528767 9171814
9528768 9171814
9528783 9171814
9528784 9171814
9539593 9171818
9518790 9171819
9521786 9171820
9525614 9171822
9520755 9171825
9520756 9171825
9521833 9171827
9528328 9171827
9534736 9171827
9516431 9171829
9514780 9171834
9515018 9171834
9515817 9171834
9515846 9171834
9516627 9171834
9520618 9171834
9528047 9171834
9531685 9171834
9531686 9171834
9520646 9171836
9522505 9171836
9522506 9171836
9540349 9171839
9514150 9171847
9514664 9171847
9528080 9171847
9532719 9171847
9532720 9171847
9532723 9171847
9532725 9171847
9532726 9171847
9521225 9171852
9515151 9171853
9515149 9171854
9522577 9171855
9517439 9171857
9521011 9171857
9521561 9171858
9532033 9171860
9532034 9171860
9518028 9171873
9518120 9171873
9529426 9171873
9529683 9171873
9529684 9171873
9519860 9171877
9519872 9171877
9519873 9171877
9519867 9171878
9524109 9171881
9517108 9171883
9521463 9171887
9520881 9171888
9516533 9171889
9524556 9171889
9514623 9171893
9514626 9171893
9519643 9171893
9532453 9171899
9532455 9171899
9532456 9171899
9532597 9171899
9532599 9171899
9532600 9171899
9531777 9171901
9531778 9171901
9515467 9171904
9521584 9171904
9521585 9171904
9527910 9171904
9532845 9171904
9532846 9171904
9532853 9171904
9532855 9171904
9532857 9171904
9532858 9171904
9516173 9171906
9516863 9171906
9524605 9171906
9518845 9171908
9518850 9171908
9527891 9171909
9513699 9171910
9513714 9171910
9521985 9171910
9521986 9171910
9521991 9171910
9521992 9171910
9530761 9171910
9539590 9171910
9523497 9171914
9520575 9171915
9514594 9171918
9514614 9171918
9514810 9171918
9532687 9171918
9532688 9171918
9532701 9171918
9532702 9171918
9519794 9171920
9522200 9171920
9522204 9171920
9528334 9171920
9531529 9171920
9531530 9171920
9534818 9171920
9513228 9171927
9513440 9171927
9521599 9171927
9521600 9171927
9522526 9171927
9528272 9171927
9528665 9171927
9528666 9171927
9528787 9171927
9528788 9171927
9513237 9171929
9539559 9171931
9529195 9171933
9529195 99285002
9529197 9171933
9529197 99285002
9513780 9171938
9520200 9171938
9520201 9171938
9521799 9171938
9522014 9171938
9522015 9171938
9522017 9171938
9522018 9171938
9514264 9171940
9515152 9171943
9515812 9171943
9516648 9171943
9516963 9171943
9521820 9171943
9514263 9171945
9520743 9171945
9513810 9171966
9513812 9171966
9513814 9171966
9514455 9171966
9514456 9171966
9514512 9171966
9519058 9171966
9519060 9171966
9519062 9171966
9519065 9171966
9519194 9171966
9519211 9171966
9519217 9171966
9519218 9171966
9519285 9171966
9519298 9171966
9519393 9171966
9521647 9171966
9522653 9171966
9530077 9171966
9530078 9171966
9530089 9171966
9530090 9171966
9530101 9171966
9530102 9171966
9530131 9171966
9530133 9171966
9530135 9171966
9530137 9171966
9530139 9171966
9530141 9171966
9530142 9171966
9516254 9171969
9516373 9171969
9526697 9171969
9526700 9171969
9531205 9171969
9531206 9171969
9516207 9171970
9520040 9171971
9521819 9171972
9525566 9171975
9516599 9171977
9515955 9171978
9515994 9171978
9516002 9171978
9524003 9171978
9524006 9171978
9519118 9171981
9516345 9171983
9516352 9171983
9516368 9171983
9516376 9171983
9516394 9171983
9516397 9171983
9523230 9171983
9526337 9171983
9531179 9171983
9531180 9171983
9518858 9171985
9518862 9171985
9519102 9171985
9515500 9171989
9521285 9171989
9521286 9171989
9514155 9171991
9540797 9171992
9522715 9171993
9518846 9171994
9519103 9171994
9514698 9171996
9514703 9171996
9522095 9171996
9522096 9171996
9516141 9171997
9516190 9171997
9516245 9171997
9516291 9171997
9516044 9171999
9516840 9172001
9522205 9172003
9514344 9172004
9517568 9172009
9530999 9172009
9531000 9172009
9520749 9172010
9520750 9172010
9518241 9172014
9525201 9172014
9529771 9172014
9529772 9172014
9519098 9172018
9528045 9172018
9529189 9172018
9529190 9172018
9517208 9172020
9519858 9172020
9529931 9172020
9529932 9172020
9530165 9172020
9530166 9172020
9516181 9172023
9516340 9172023
9522233 9172023
9522234 9172023
9516688 9172025
9520015 9172025
9527781 9172025
9527787 9172025
9521119 9172026
9521120 9172027
9516066 9172029
9516099 9172029
9516125 9172029
9516149 9172029
9516182 9172029
9516212 9172029
9516244 9172029
9516797 9172029
9516873 9172029
9517476 9172029
9519705 9172029
9523847 9172029
9525489 9172029
9526120 9172029
9526912 9172029
9531165 9172029
9531166 9172029
9531167 9172029
9531168 9172029
9513258 9172031
9518377 9172035
9529747 9172035
9529749 9172035
9529751 9172035
9529752 9172035
9529971 9172035
9529973 9172035
9529975 9172035
9529977 9172035
9529979 9172035
9529980 9172035
9515878 9172038
9516925 9172038
9520280 9172038
9531441 9172040
9531442 9172040
9529481 9172042
9529484 9172042
9521807 9172043
9521207 9172048
9539581 9172048
9518555 9172050
9518310 9172054
9532953 9172056
9532954 9172056
9532975 9172056
9532976 9172056
9539621 9172056
9529141 9172058
9529142 9172058
9520377 9172061
9513203 9172063
9513208 9172063
9513210 9172063
9513318 9172063
9516614 9172072
9518183 9172072
9518212 9172072
9518398 9172072
9525633 9172072
9526541 9172072
9526574 9172072
9530015 9172072
9530018 9172072
9514530 9172082
9515609 9172082
9515738 9172082
9515742 9172082
9520579 9172082
9520580 9172082
9528261 9172082
9531813 9172082
9531814 9172082
9531815 9172082
9531816 9172082
9515637 9172086
9515723 9172086
9515726 9172086
9515778 9172086
9521328 9172086
9522035 9172087
9522277 9172087
9528170 9172088
9527640 9172090
9515092 9172095
9518022 9172096
9518888 9172098
9519085 9172098
9528232 9172098
9522583 9172099
9520616 9172100
9521631 9172102
9529885 9172102
9529886 9172102
9520570 9172103
9532313 9172103
9532314 9172103
9522168 9172105
9522172 9172105
9513158 9172106
9513185 9172106
9513420 9172106
9516088 9172108
9516103 9172108
9517284 9172108
9526101 9172108
9526659 9172108
9520917 9172109
9517535 9172111
9517940 9172111
9528000 9172113
9516180 9172114
9526725 9172114
9522877 9172115
9528253 9172115
9531173 9172115
9531174 9172115
9516229 9172117
9522567 9172117
9516136 9172118
9513550 9172124
9528821 9172124
9540337 9172124
9513546 9172129
9513546 95907684
9513557 9172129
9513557 95907684
9513559 9172129
9513559 95907684
9513570 9172129
9513570 95907684
9515934 9172131
9516005 9172132
9515106 9172138
9515108 9172138
9515557 9172140
9521884 9172140
9521889 9172140
9521890 9172140
9520635 9172142
9518851 9172143
9518844 9172145
9517464 9172147
9540789 9172147
9517372 9172150
9522744 9172150
9521974 9172151
9521975 9172151
9521744 9172156
9529453 9172157
9529454 9172157
9531049 9172158
9531050 9172158
9531433 9172162
9531434 9172162
9516544 9172165
9517394 9172165
9520652 9172165
9526387 9172165
9527013 9172165
9527016 9172165
9530927 9172165
9530928 9172165
9513719 9172166
9513724 9172166
9522401 9172168
9513260 9172171
9514605 9172175
9514828 9172175
9514833 9172175
9532611 9172175
9532612 9172175
9532619 9172175
9532620 9172175
9517087 9172177
9518257 9172179
9518272 9172179
9518418 9172179
9526766 9172179
9526767 9172179
9529511 9172179
9529512 9172179
9524470 9172189
9514239 9172192
9514244 9172192
9514355 9172192
9520221 9172192
9518218 9172194
9529795 9172194
9529796 9172194
9530031 9172194
9530032 9172194
9514289 9172196
9514517 9172196
9514582 9172196
9522090 9172196
9522091 9172196
9527939 9172196
9522093 9172197
9521387 9172199
9515222 9172201
9515227 9172201
9515228 9172201
9515413 9172201
9521151 9172203
9516166 9172205
9528069 9172207
9525935 9172208
9521725 9172210
9527211 9172211
9528055 9172211
9526145 9172213
9513877 9172215
9513879 9172215
9514030 9172215
9514123 9172215
9522315 9172215
9532983 9172215
9532984 9172215
9535764 9172215
9514238 9172218
9514353 9172218
9518328 9172219
9521843 9172226
9515501 9172240
9515515 9172240
9518282 9172245
9529287 9172245
9529288 9172245
9522541 9172246
9515571 9172253
9515574 9172253
9515581 9172253
9518007 9172253
9521041 9172253
9521497 9172253
9527889 9172253
9529933 9172253
9529934 9172253
9516071 9172255
9523507 9172255
9526353 9172256
9528060 9172256
9517463 9172260
9531171 9172260
9531172 9172260
9526500 9172262
9526501 9172262
9535120 9172263
9535121 9172263
9520391 9172266
9519884 9172267
9519976 9172268
9515822 9172272
9540784 9172272
9513599 9172280
9513623 9172280
9513628 9172280
9521994 9172280
9521997 9172280
9521998 9172280
9521999 9172280
9522006 9172280
9522007 9172280
9522008 9172280
9530775 9172280
9530776 9172280
9539591 9172280
9513749 9172280
9513749 9364827
9534410 9172282
9521433 9172283
9516355 9172284
9533900 9172285
9533902 9172286
9533903 9172286
9519937 9172287
9523302 9172287
9513991 9172288
9514094 9172288
9519646 9172288
9532861 9172288
9532863 9172288
9539620 9172288
9514599 9172290
9520031 9172291
9516056 9172292
9516076 9172292
9522813 9172293
9522814 9172293
9523371 9172293
9518153 9172305
9515502 9172306
9513264 9172308
9513359 9172308
9521303 9172309
9524796 9172310
9522166 9172311
9527839 9172311
9539572 9172312
9519658 9172313
9527936 9172313
9516426 9172314
9516455 9172314
9523449 9172314
9526072 9172314
9524130 9172315
9526966 9172315
9528243 9172315
9530919 9172315
9530920 9172315
9521347 9172316
9517179 9172317
9517182 9172317
9518203 9172317
9518642 9172317
9522642 9172317
9525963 9172317
9525965 9172317
9526567 9172317
9530219 9172317
9530220 9172317
9530433 9172317
9530434 9172317
9514172 9172318
9515894 9172321
9515903 9172321
9516980 9172321
9534750 9172324
9526341 9172325
9526343 9172325
9520235 9172332
9517529 9172336
9517667 9172336
9517691 9172336
9517909 9172336
9517988 9172336
9531365 9172336
9531366 9172336
9519157 9172338
9520425 9172339
9513606 9172341
9513773 9172341
9513775 9172341
9515166 9172341
9518725 9172341
9519391 9172341
9528239 9172341
9530125 9172341
9530126 9172341
9530369 9172341
9530370 9172341
9518713 9172343
9518724 9172343
9519203 9172343
9519205 9172343
9519209 9172343
9521650 9172343
9530091 9172343
9530092 9172343
9514255 9172345
9520733 9172345
9515837 9172348
9516695 9172348
9519199 9172349
9513946 9172350
9513954 9172350
9513961 9172350
9513971 9172350
9532900 9172350
9519638 9172354
9522132 9172355
9532141 9172355
9532142 9172355
9514365 9172357
9514473 9172357
9520370 9172360
9531575 9172360
9531576 9172360
9517943 9172361
9520854 9172363
9520855 9172363
9522670 9172363
9517559 9172376
9517903 9172376
9519615 9172376
9519618 9172376
9519722 9172376
9519727 9172376
9519735 9172376
9519811 9172376
9528104 9172376
9528105 9172376
9521397 9172378
9525391 9172378
9521880 9172379
9532841 9172379
9532842 9172379
9516027 9172380
9539548 9172382
9516140 9172383
9516445 9172385
9517092 9172388
9517399 9172388
9520728 9172388
9522916 9172388
9522917 9172388
9526408 9172388
9530911 9172388
9514311 9172392
9514741 9172392
9515028 9172392
9524658 9172399
9524706 9172399
9531853 9172399
9531854 9172399
9517338 9172400
9526082 9172402
9518744 9172405
9521788 9172405
9521789 9172405
9516471 9172407
9516477 9172407
9520928 9172408
9515213 9172418
9515281 9172418
9515284 9172418
9515397 9172418
9515402 9172418
9516218 9172423
9516290 9172423
9516972 9172423
9519531 9172423
9519536 9172423
9531133 9172423
9531134 9172423
9531421 9172423
9531422 9172423
9521969 9172426
9528019 9172426
9539553 9172426
9517552 9172431
9524548 9172431
9531293 9172431
9531294 9172431
9539574 9172431
9519948 9172433
9525786 9172435
9515234 9172436
9515313 9172436
9515320 9172436
9518055 9172441
9518134 9172441
9516589 9172449
9516893 9172449
9521723 9172449
9521724 9172449
9513217 9172451
9514705 9172454
9531147 9172456
9540509 9172456
9520568 9172457
9516232 9172459
9521157 9172461
9518831 9172471
9518882 9172471
9518886 9172471
9519028 9172471
9519088 9172471
9526874 9172471
9528070 9172471
9529019 9172471
9529020 9172471
9527827 9172476
9531883 9172476
9531884 9172476
9517524 9172479
9521971 9172479
9521972 9172479
9531565 9172479
9531566 9172479
9518331 9172481
9521222 9172481
9525693 9172481
9529087 9172481
9529088 9172481
9526211 9172484
9528197 9172484
9528198 9172484
9515997 9172486
9515223 9172488
9515317 9172488
9517340 9172489
9525072 9172490
9528150 9172491
9527486 9172496
9532190 9172496
9518211 9172500
9518370 9172500
9526348 9172500
9513861 9172501
9513904 9172503
9526716 9172504
9526717 9172504
9527162 9172505
9514882 9172508
9520249 9172508
9515962 9172510
9515961 9172512
9526882 9172512
9526890 9172512
9534613 9172513
9520906 9172514
9516270 9172517
9521687 9172517
9521693 9172517
9524158 9172517
9524159 9172517
9528120 9172517
9528121 9172517
9516968 9172519
9513815 9172520
9530149 9172520
9530150 9172520
9516475 9172521
9515682 9172525
9516830 9172525
9518182 9172525
9518186 9172525
9518191 9172525
9521480 9172525
9522312 9172525
9530191 9172525
9530192 9172525
9530417 9172525
9530418 9172525
9530421 9172525
9530422 9172525
9530641 9172525
9530642 9172525
9530217 9172531
9530218 9172531
9529290 9172535
9529292 9172535
9529293 9172535
9529294 9172535
9520368 9172539
9521282 9172540
9521023 9172541
9521024 9172541
9527239 9172541
9517076 9172542
9523900 9172542
9513654 9172543
9520192 9172543
9522002 9172543
9522003 9172543
9519689 9172544
9519690 9172544
9540472 9172548
9540474 9172548
9540476 9172548
9540477 9172548
9540796 9172548
9518002 9172559
9518009 9172559
9518023 9172559
9518026 9172559
9518036 9172559
9518066 9172559
9518075 9172559
9521045 9172559
9521051 9172559
9529695 9172559
9529697 9172559
9529698 9172559
9529893 9172559
9529895 9172559
9529896 9172559
9529911 9172559
9529913 9172559
9529914 9172559
9519500 9172562
9539579 9172562
9513134 9172563
9516092 9172564
9531189 9172566
9531190 9172566
9513945 9172568
9532927 9172568
9532928 9172568
9528126 9172571
9531273 9172571
9531274 9172571
9514276 9172572
9513718 9172574
9522532 9172574
9527925 9172574
9528305 9172576
9522651 9172578
9520639 9172583
9526520 9172595
9532201 9172600
9532202 9172600
9527565 9172601
9516456 9172602
9516449 9172603
9517733 9172605
9530715 9172605
9530716 9172605
9529335 9172607
9515953 9172609
9520636 9172609
9522591 9172609
9526898 9172609
9526901 9172609
9513165 9172610
9520938 9172612
9516957 9172614
9530033 9172616
9530034 9172616
9521462 9172617
9518263 9172626
9518464 9172626
9524474 9172626
9524483 9172626
9524484 9172626
9524517 9172626
9529001 9172626
9529003 9172626
9529005 9172626
9529006 9172626
9529143 9172626
9529145 9172626
9529146 9172626
9529163 9172626
9529164 9172626
9529165 9172626
9529166 9172626
9529349 9172626
9529350 9172626
9529505 9172626
9529507 9172626
9529508 9172626
9516343 9172628
9527529 9172629
9521367 9172630
9526394 9172630
9526884 9172631
9517331 9172633
9527370 9172634
9516018 9172635
9516022 9172635
9516034 9172635
9516875 9172635
9517084 9172637
9527341 9172637
9527346 9172637
9516143 9172639
9516163 9172639
9516224 9172639
9516795 9172639
9523358 9172639
9523541 9172639
9521465 9172640
9517291 9172641
9517292 9172641
9523258 9172643
9519922 9172645
9513453 9172646
9522549 9172648
9521082 9172649
9526143 9172651
9526436 9172651
9518222 9172658
9518791 9172658
9520411 9172658
9521560 9172658
9529821 9172658
9529822 9172658
9530013 9172658
9530014 9172658
9530049 9172658
9530050 9172658
9516607 9172663
9516616 9172663
9516849 9172663
9517187 9172663
9530243 9172663
9530244 9172663
9530427 9172663
9530429 9172663
9530430 9172663
9530435 9172663
9530436 9172663
9530459 9172663
9530460 9172663
9514593 9172668
9531653 9172671
9531654 9172671
9529363 9172673
9523656 9172675
9525810 9172675
9523540 9172676
9515850 9172677
9515853 9172677
9515867 9172677
9515877 9172677
9513159 9172678
9513161 9172678
9513162 9172678
9513166 9172678
9513169 9172678
9525024 9172687
9515926 9172690
9523930 9172690
9525350 9172690
9517007 9172693
9520009 9172693
9520012 9172693
9520013 9172693
9521384 9172693
9521385 9172693
9521386 9172693
9525357 9172693
9534794 9172693
9539569 9172693
9516525 9172698
9517117 9172698
9521365 9172698
9517539 9172699
9531363 9172699
9531364 9172699
9513148 9172703
9513421 9172703
9513423 9172703
9528937 9172703
9528938 9172703
9521555 9172706
9521556 9172708
9530481 9172709
9530482 9172709
9526178 9172710
9521741 9172712
9517229 9172713
9514288 9172719
9514294 9172719
9514296 9172719
9514391 9172719
9514459 9172719
9514507 9172719
9514687 9172719
9514692 9172719
9515047 9172719
9520216 9172719
9527938 9172719
9532451 9172719
9532452 9172719
9514321 9172724
9514421 9172724
9532059 9172724
9532060 9172724
9514485 9172730
9526770 9172730
9528351 9172730
9532311 9172730
9532312 9172730
9513776 9172734
9513779 9172734
9513811 9172734
9514338 9172737
9514536 9172737
9520222 9172737
9525423 9172737
9525426 9172737
9528262 9172737
9531797 9172737
9531798 9172737
9525837 9172738
9525838 9172738
9527042 9172738
9522012 9172741
9513192 9172742
9531158 9172745
9540479 9172745
9540492 9172745
9516052 9172746
9520894 9172746
9520904 9172746
9520907 9172746
9520908 9172746
9515949 9172747
9516025 9172747
9517290 9172747
9517293 9172747
9517297 9172747
9521461 9172747
9531187 9172747
9531188 9172747
9539599 9172747
9520211 9172757
9532947 9172757
9532948 9172757
