16558634 9010361
16558634 9310377
16561617 9010361
16561617 9310377
16561621 9010361
16561621 9310377
16561622 9010361
16561622 9310377
16563515 9010361
16563515 9310377
16563516 9010361
16563516 9310377
16558629 9010532
16558631 9010532
16563513 9010532
16563514 9010532
16565090 9010532
16565092 9010532
16565093 9010532
16558710 9310762
16564980 9310762
16564981 9310762
16558768 9310789
16558768 9473497
16558770 9310789
16558770 9473497
16558774 9310789
16558774 9473497
16568837 9310789
16568837 9473497
16572794 9310789
16572794 9473497
16572795 9310789
16572795 9473497
16572796 9310789
16572796 9473497
16572797 9310789
16572797 9473497
16572798 9310789
16572798 9473497
16572799 9310789
16572799 9473497
16572792 9310974
16572792 9473550
16572793 9310974
16572793 9473550
16556912 9311229
16556912 9472673
16558772 9311406
16558772 9473696
16558823 9311406
16558823 9473696
16561146 9304791
16561146 9528522
16561148 9304791
16561148 9528522
16561150 9304791
16561150 9528522
16561151 9304791
16561151 9528522
16561170 9304791
16561170 9528522
16572891 9304791
16572891 9528522
16566337 9305137
16566337 9529881
16561056 9305234
16561056 9530805
16561057 9305234
16561057 9530805
16561058 9305234
16561058 9530805
16561061 9305234
16561061 9530805
16561062 9305234
16561062 9530805
16561034 9306181
16561034 9530785
16572888 9306181
16572888 9530785
16572889 9306181
16572889 9530785
16561067 9307524
16561067 9529881
16572892 9307524
16572892 9529881
16572893 9307524
16572893 9529881
16561164 9309555
16561164 9530742
16558615 9310422
16558615 9532913
16558620 9310422
16558620 9532913
16561204 9310422
16561204 9532913
16561212 9310422
16561212 9532913
16561213 9310422
16561213 9532913
16561215 9310422
16561215 9532913
16561218 9310422
16561218 9532913
16561219 9310422
16561219 9532913
16561237 9310422
16561237 9532913
16561264 9310422
16561264 9532913
16572908 9310582
16572909 9310582
16561190 9310582
16561190 9533229
16561278 9310582
16561278 9533229
16561145 9310649
16561145 9533278
16572890 9310649
16572890 9533278
16561186 9310910
16561186 9533825
16561147 9311473
16561147 9534212
16561160 9311474
16561160 9534213
16561162 9311474
16561162 9534213
16561163 9311474
16561163 9534213
16561166 9311474
16561166 9534213
16561167 9311474
16561167 9534213
16561032 9311543
16561032 9534316
16558617 9311640
16558617 9534522
16558618 9311640
16558618 9534522
16558621 9311640
16558621 9534522
16558622 9311640
16558622 9534522
16558623 9311640
16558623 9534522
16558624 9311640
16558624 9534522
16558762 9311640
16558762 9534522
16563518 9311640
16563518 9534522
16561239 9532913
16564534 9532913
16564535 9532913
16561189 9533229
16561268 9533229
16561271 9533229
16556917 112472478
16556917 9310002
16556930 112472478
16556930 9310002
16556934 112472478
16556934 9310002
16556949 112472478
16556949 9310002
16557012 112472478
16557012 9310002
16557213 112472478
16557213 9310002
16557384 112472478
16557384 9310002
16559067 112472478
16559067 9310002
16559069 112472478
16559069 9310002
16559103 112472478
16559103 9310002
16562281 112472478
16562281 9310002
16562286 112472478
16562286 9310002
16562287 112472478
16562287 9310002
16562850 112472478
16562850 9310002
16562853 112472478
16562853 9310002
16562866 112472478
16562866 9310002
16562867 112472478
16562867 9310002
16562921 112472478
16562921 9310002
16562922 112472478
16562922 9310002
16562924 112472478
16562924 9310002
16562925 112472478
16562925 9310002
16562930 112472478
16562930 9310002
16562931 112472478
16562931 9310002
16568122 112472478
16568122 9310002
16568123 112472478
16568123 9310002
16572319 112472478
16572319 9310002
16572321 112472478
16572321 9310002
16572376 112472478
16572376 9310002
16559825 115779273
16559825 9310315
16559830 115779273
16559830 9310315
16559199 115779278
16559199 9311597
16559780 115779278
16559780 9311597
16563055 115779278
16563055 9311597
16563056 115779278
16563056 9311597
16559290 115779352
16559290 9310834
16559294 115779352
16559294 9310834
16559296 115779352
16559296 9310834
16563096 115779352
16563096 9310834
16563097 115779352
16563097 9310834
16559275 88325491
16559275 9310005
16559301 88325491
16559301 9310005
16559336 88325491
16559336 9310005
16559349 88325491
16559349 9310005
16559370 88325491
16559370 9310005
16559376 88325491
16559376 9310005
16559391 88325491
16559391 9310005
16559397 88325491
16559397 9310005
16559405 88325491
16559405 9310005
16559410 88325491
16559410 9310005
16559857 88325491
16559857 9310005
16561836 88325491
16561836 9310005
16564732 88325491
16564732 9310005
16573015 9006146
16561805 9006335
16572910 9006335
16569011 9006410
16557948 9006592
16572031 9006751
16557912 9007462
16562776 9007545
16562777 9007545
16562778 9007549
16573045 9008541
16573047 9008541
16573048 9008544
16572960 9008633
16573026 9008678
16565640 9008927
16565641 9008927
16565645 9008927
16572004 9008927
16561645 9008973
16571935 9008973
16572981 9008973
16572962 9009028
16557913 9009085
16562767 9009085
16562768 9009085
16573022 9009776
16573004 9009777
16561614 9009901
16569086 9009902
16572977 9009903
16572945 9009914
16572969 9010467
16573034 9010675
16563780 9304551
16560558 9304555
16560572 9304555
16558793 9304559
16558795 9304559
16558909 9304559
16568778 9304559
16568779 9304559
16572430 9304561
16562823 9304563
16569199 9304564
16561712 9304566
16557884 9304570
16557925 9304570
16557926 9304570
16558035 9304570
16564748 9304570
16565888 9304570
16565889 9304570
16557693 9304577
16564382 9304577
16572138 9304577
16572139 9304577
16558001 9304580
16558002 9304580
16558006 9304580
16558013 9304580
16558342 9304580
16558396 9304580
16561443 9304580
16564604 9304580
16558003 9304581
16558004 9304582
16558005 9304582
16567968 9304587
16568178 9304587
16568179 9304587
16572328 9304587
16560555 9304589
16558091 9304590
16558334 9304590
16558026 9304591
16558016 9304593
16557996 9304598
16569384 9304598
16561833 9304599
16559817 9304600
16562643 9304600
16562654 9304600
16562655 9304600
16572261 9304600
16566414 9304602
16566415 9304602
16560113 9304606
16560311 9304606
16563405 9304606
16563406 9304606
16561269 9304609
16559908 9304611
16562108 9304611
16562109 9304611
16563220 9304612
16557681 9304614
16557870 9304614
16572172 9304614
16557104 9304619
16557653 9304619
16557683 9304619
16557873 9304619
16562365 9304619
16562366 9304619
16562368 9304619
16562369 9304619
16572140 9304619
16564304 9304622
16572137 9304622
16560446 9304623
16560448 9304624
16558898 9304627
16558900 9304627
16558901 9304627
16558903 9304629
16570240 9304634
16559429 9304636
16559951 9304636
16559952 9304636
16558780 9304644
16558838 9304644
16558904 9304644
16566588 9304651
16569432 9304651
16570743 9304651
16571290 9304651
16558906 9304653
16558907 9304653
16571291 9304654
16570243 9304660
16570248 9304660
16570249 9304660
16570244 9304662
16570245 9304668
16570246 9304672
16563122 9304673
16556932 9304679
16556940 9304679
16564688 9304679
16556937 9304685
16556941 9304685
16556942 9304685
16563125 9304686
16557267 9304688
16557278 9304688
16556944 9304694
16556945 9304694
16556947 9304694
16563128 9304697
16570880 9304702
16557269 9304710
16569755 9304714
16569756 9304716
16569758 9304718
16560514 9304719
16569759 9304721
16562980 9304722
16570311 9304723
16571121 9304723
16570312 9304733
16570313 9304736
16570316 9304736
16570314 9304739
16562985 9304741
16557330 9304751
16558114 9304753
16571364 9304757
16571365 9304757
16558115 9304759
16558118 9304759
16557334 9304764
16557335 9304767
16567130 9304771
16567131 9304771
16558596 9304772
16558752 9304772
16558754 9304774
16557970 9304777
16558757 9304779
16572213 9304780
16558414 9304781
16558713 9304781
16558715 9304781
16558717 9304781
16558719 9304781
16558721 9304781
16558723 9304781
16563156 9304781
16565570 9304781
16565571 9304781
16565578 9304781
16565579 9304781
16557979 9304784
16558389 9304784
16561142 9304786
16561144 9304787
16560111 9304788
16560361 9304788
16560362 9304788
16560363 9304792
16571439 9304795
16566990 9304799
16566992 9304799
16566993 9304799
16560102 9304803
16560364 9304803
16560366 9304806
16562562 9304808
16566994 9304823
16566996 9304823
16566998 9304823
16567000 9304823
16572460 9304823
16562565 9304824
16559871 9304825
16567201 9304834
16567202 9304834
16567203 9304834
16557047 9304838
16568254 9304838
16568255 9304838
16559878 9304839
16559981 9304839
16570167 9304841
16559381 9304842
16571503 9304844
16559384 9304846
16559388 9304846
16560430 9304848
16561216 9304850
16561456 9304850
16560432 9304852
16560434 9304854
16560436 9304855
16560438 9304858
16564978 9304865
16568899 9304865
16568906 9304865
16559943 9304869
16559944 9304869
16563687 9304870
16558033 9304871
16568322 9304892
16568323 9304892
16570328 9304892
16572510 9304892
16563688 9304899
16563689 9304899
16572067 9304903
16559665 9304908
16559667 9304908
16559671 9304908
16559672 9304908
16559942 9304908
16559946 9304908
16560325 9304908
16560327 9304908
16560328 9304908
16561481 9304908
16563390 9304908
16563391 9304908
16567672 9304908
16567673 9304908
16567714 9304908
16567716 9304908
16567718 9304908
16567719 9304908
16567722 9304908
16567723 9304908
16567724 9304908
16567725 9304908
16567776 9304908
16567777 9304908
16559947 9304910
16559948 9304910
16563110 9304911
16557254 9304912
16558039 9304916
16563113 9304917
16569740 9304922
16570879 9304922
16556931 9304930
16568716 9304930
16568718 9304930
16568719 9304930
16563116 9304931
16557257 9304936
16557536 9304936
16569743 9304939
16569744 9304939
16556936 9304944
16556939 9304944
16557890 9304946
16557892 9304947
16560508 9304948
16568969 9304951
16557894 9304952
16562534 9304953
16567058 9304953
16567059 9304953
16557734 9304955
16557744 9304955
16557895 9304955
16557897 9304955
16557900 9304955
16557906 9304955
16562755 9304955
16562756 9304955
16562759 9304955
16562760 9304955
16557896 9304956
16570063 9304970
16571057 9304970
16571350 9304970
16571351 9304974
16558106 9304978
16558487 9304978
16562977 9304979
16561066 9304983
16571357 9304985
16572505 9304985
16557319 9304986
16557329 9304986
16557580 9304986
16558740 9304987
16558742 9304988
16558743 9304988
16558744 9304988
16559794 9304989
16558747 9304990
16558749 9304991
16559797 9304992
16559798 9304993
16559799 9304993
16566346 9304994
16566347 9304994
16569591 9304995
16561131 9304996
16561133 9304997
16561135 9304998
16569596 9304999
16570813 9304999
16561137 9305000
16569597 9305001
16569598 9305002
16562551 9305003
16562528 9305004
16562552 9305004
16562556 9305004
16566983 9305005
16560358 9305006
16563342 9305006
16563343 9305006
16561490 9305007
16562553 9305007
16566984 9305008
16569709 9305008
16560330 9305009
16560359 9305009
16563333 9305009
16563334 9305009
16568004 9305009
16568005 9305009
16566985 9305010
16561770 9305011
16561772 9305012
16558815 9305013
16572401 9305013
16561774 9305014
16559864 9305015
16560046 9305015
16568243 9305016
16557073 9305017
16557170 9305017
16563030 9305018
16571883 9305018
16557172 9305019
16563016 9305020
16563017 9305020
16563033 9305020
16567621 9305020
16561200 9305021
16557061 9305025
16557175 9305025
16557176 9305029
16560420 9305041
16560422 9305041
16559377 9305046
16560424 9305048
16572389 9305048
16558594 9305055
16560426 9305058
16560103 9305070
16560429 9305070
16563672 9305073
16563673 9305074
16559929 9305077
16559930 9305077
16559931 9305077
16562890 9305080
16562627 9305081
16559143 9305086
16559933 9305086
16559934 9305086
16558023 9305093
16562894 9305096
16562895 9305096
16559937 9305101
16559938 9305101
16562898 9305103
16563101 9305105
16563106 9305108
16563107 9305108
16556923 9305110
16557249 9305112
16569680 9305126
16570861 9305126
16557881 9305130
16564526 9305137
16564526 9529881
16564527 9305137
16564527 9529881
16566336 9305137
16566336 9529881
16557718 9305139
16557882 9305139
16557887 9305139
16557883 9305141
16560583 9305148
16560586 9305148
16560590 9305148
16566262 9305148
16569264 9305148
16560576 9305158
16566263 9305158
16557885 9305161
16570996 9305167
16570997 9305167
16570998 9305167
16571340 9305167
16560570 9305181
16560702 9305181
16560891 9305181
16560892 9305181
16572125 9305181
16557888 9305184
16561050 9305186
16561051 9305191
16561052 9305199
16561053 9305199
16561055 9305199
16561060 9305199
16562965 9305203
16562966 9305203
16561917 9305206
16561054 9305209
16561059 9305209
16562967 9305210
16561302 9305234
16569877 9305248
16569878 9305248
16570931 9305248
16558730 9305249
16559782 9305250
16558736 9305251
16559786 9305252
16563058 9305252
16563059 9305252
16564640 9305252
16557092 9305258
16557095 9305258
16569585 9305258
16559293 9305260
16559299 9305260
16561127 9305265
16561129 9305270
16564374 9305271
16563591 9305274
16563592 9305274
16562545 9305276
16562548 9305277
16560789 9305285
16560980 9305285
16561003 9305285
16563598 9305289
16564208 9305289
16572288 9305289
16559856 9305292
16560982 9305296
16557053 9305299
16557116 9305299
16557160 9305299
16560984 9305301
16570473 9305309
16570474 9305309
16570478 9305309
16571196 9305309
16560986 9305314
16563022 9305316
16563023 9305316
16559333 9305318
16559361 9305318
16560988 9305319
16563024 9305320
16563025 9305322
16563026 9305324
16563019 9305327
16563027 9305327
16563028 9305327
16560408 9305333
16560409 9305333
16560410 9305333
16557169 9305336
16560411 9305339
16560414 9305347
16560416 9305347
16564649 9305347
16560417 9305351
16563659 9305353
16563660 9305353
16563663 9305356
16561830 9305366
16559921 9305367
16562881 9305369
16563666 9305371
16559923 9305379
16559192 9305385
16561835 9305385
16559925 9305391
16563669 9305393
16559926 9305395
16562885 9305398
16562886 9305398
16571263 9305401
16562887 9305403
16569244 9305412
16569248 9305412
16569249 9305412
16570678 9305412
16571266 9305412
16564629 9305416
16569710 9305416
16569711 9305416
16569720 9305416
16557236 9305419
16557874 9305421
16560573 9305431
16572112 9305431
16557050 9305437
16562949 9305437
16562950 9305437
16562951 9305439
16561039 9305445
16561040 9305445
16561112 9305445
16561041 9305449
16557879 9305454
16562954 9305456
16557300 9305486
16561432 9305486
16562958 9305490
16567584 9305490
16567585 9305490
16569850 9305501
16570922 9305501
16571329 9305501
16561683 9305505
16558726 9305506
16570064 9305509
16571977 9305513
16571978 9305513
16561689 9305516
16557082 9305518
16563216 9305518
16557085 9305530
16571400 9305533
16559282 9305536
16569776 9305536
16557089 9305560
16564360 9305563
16564361 9305563
16569576 9305581
16570806 9305581
16570807 9305581
16564362 9305583
16564363 9305583
16569579 9305602
16562530 9305605
16562531 9305608
16562532 9305608
16560807 9305620
16562535 9305620
16566750 9305620
16566751 9305620
16571941 9305620
16562537 9305623
16559841 9305626
16562538 9305634
16562539 9305634
16563587 9305636
16560968 9305641
16560970 9305641
16563588 9305643
16560972 9305648
16559847 9305650
16560974 9305652
16570450 9305681
16571185 9305681
16559848 9305686
16559849 9305686
16571187 9305706
16563012 9305709
16571188 9305751
16570455 9305759
16571189 9305759
16560979 9305773
16563015 9305776
16569643 9305780
16569644 9305780
16560400 9305783
16560401 9305783
16563018 9305787
16557159 9305802
16572363 9305802
16560403 9305807
16558325 9305813
16558574 9305813
16562600 9305817
16560407 9305819
16562603 9305822
16563652 9305828
16563653 9305828
16563654 9305831
16562607 9305836
16559101 9305874
16564157 9305874
16570202 9305874
16559916 9305890
16562876 9305895
16570206 9305903
16562877 9305921
16559918 9305925
16557222 9305936
16559324 9305962
16559679 9305962
16559919 9305962
16557224 9305996
16564676 9305996
16557225 9306023
16572343 9306023
16557228 9306057
16557231 9306057
16557240 9306057
16572439 9306057
16561092 9306077
16571886 9306077
16571889 9306077
16571890 9306077
16557358 9306098
16567020 9306098
16567021 9306098
16557861 9306106
16559698 9306128
16559699 9306128
16562940 9306132
16557867 9306133
16557869 9306145
16560542 9306168
16560917 9306168
16561031 9306168
16562943 9306172
16562946 9306185
16559089 9306190
16562947 9306190
16559153 9306226
16562266 9306226
16564158 9306226
16567662 9306226
16567663 9306226
16567664 9306226
16567665 9306226
16562454 9306232
16559761 9306235
16559765 9306239
16570055 9306254
16559767 9306262
16563049 9306262
16563050 9306262
16560893 9306272
16557071 9306277
16557069 9306286
16557072 9306286
16570059 9306307
16570995 9306307
16560897 9306313
16560899 9306313
16569564 9306316
16569566 9306318
16569567 9306327
16569568 9306331
16562521 9306333
16562522 9306333
16563571 9306337
16563572 9306337
16562523 9306339
16563573 9306350
16563576 9306350
16563579 9306350
16564203 9306350
16561740 9306357
16563574 9306361
16563575 9306361
16562790 9306364
16561742 9306369
16559833 9306371
16560960 9306375
16570435 9306386
16570436 9306386
16571171 9306386
16571383 9306386
16571438 9306386
16563170 9306390
16563578 9306390
16564257 9306390
16571172 9306402
16571173 9306402
16560962 9306404
16560964 9306407
16560966 9306412
16563002 9306415
16567310 9306415
16567311 9306415
16560969 9306419
16563005 9306422
16563006 9306422
16558561 9306426
16558563 9306426
16559345 9306429
16563009 9306432
16557826 9306442
16557830 9306442
16557834 9306442
16561644 9306442
16561761 9306442
16561794 9306442
16562386 9306442
16563819 9306442
16563820 9306442
16563893 9306442
16563908 9306442
16563909 9306442
16566110 9306442
16566111 9306442
16566162 9306442
16566163 9306442
16563642 9306445
16560626 9306484
16569139 9306484
16572018 9306484
16572020 9306484
16560600 9306489
16561810 9306489
16559900 9306500
16559742 9306511
16559901 9306511
16563602 9306511
16563603 9306511
16563645 9306516
16558425 9306542
16558426 9306542
16558501 9306542
16561813 9306542
16558436 9306547
16561814 9306547
16559904 9306552
16562863 9306555
16563648 9306557
16557209 9306564
16557210 9306564
16561818 9306574
16562868 9306578
16557214 9306581
16567586 9306583
16567587 9306583
16562370 9306585
16557216 9306598
16558630 9306607
16569708 9306613
16558635 9306619
16557852 9306621
16573044 9306621
16562932 9306624
16561021 9306646
16571926 9306646
16562933 9306665
16568523 9306665
16572511 9306665
16561025 9306686
16562937 9306691
16565456 9306697
16564271 9306708
16571317 9306711
16560130 9306716
16560245 9306716
16561499 9306716
16558632 9306739
16558701 9306739
16558704 9306739
16563493 9306742
16559751 9306747
16560879 9306756
16560880 9306756
16563498 9306760
16560882 9306764
16560884 9306767
16571095 9306772
16570264 9306795
16570265 9306795
16571096 9306795
16560888 9306797
16570680 9306823
16572526 9306823
16558480 9306828
16564342 9306832
16563560 9306836
16562512 9306840
16563563 9306842
16562515 9306844
16560950 9306846
16560951 9306846
16560952 9306850
16561737 9306853
16561738 9306857
16560954 9306863
16560955 9306863
16559226 9306867
16561659 9306867
16561739 9306867
16560092 9306878
16560957 9306880
16559072 9306910
16560093 9306910
16572354 9306910
16570409 9306922
16571169 9306922
16562292 9306924
16562293 9306924
16562294 9306926
16562295 9306926
16558551 9306928
16560099 9306945
16558552 9306967
16571906 9306967
16562298 9306973
16568844 9306983
16568846 9306983
16568848 9306983
16557666 9307028
16557670 9307028
16557671 9307028
16564414 9307028
16563630 9307033
16558556 9307034
16563633 9307036
16562851 9307038
16571230 9307048
16563637 9307051
16563638 9307051
16568849 9307065
16570514 9307065
16571231 9307065
16562854 9307068
16563639 9307071
16572019 9307080
16561809 9307084
16557201 9307101
16557202 9307101
16557204 9307101
16557211 9307101
16557215 9307101
16564190 9307106
16557203 9307116
16564194 9307120
16557206 9307130
16557208 9307130
16562364 9307134
16571871 9307136
16571872 9307136
16560481 9307168
16566798 9307168
16566799 9307168
16566820 9307168
16566821 9307168
16566826 9307168
16566827 9307168
16566836 9307168
16566837 9307168
16557838 9307178
16557842 9307178
16557844 9307178
16557846 9307178
16557848 9307178
16565860 9307178
16565861 9307178
16563703 9307200
16566376 9307200
16566377 9307200
16557748 9307244
16557845 9307244
16557847 9307244
16557849 9307244
16557850 9307244
16557860 9307244
16572044 9307244
16573049 9307244
16562920 9307248
16557421 9307259
16568058 9307259
16568059 9307259
16572337 9307259
16558062 9307265
16566226 9307265
16571908 9307265
16558400 9307274
16566227 9307274
16569252 9307274
16561011 9307299
16562923 9307303
16561012 9307309
16562926 9307312
16566684 9307357
16569475 9307357
16569482 9307357
16571902 9307357
16564260 9307364
16562929 9307368
16564264 9307374
16564266 9307379
16563482 9307382
16563873 9307392
16563874 9307392
16563878 9307392
16564269 9307392
16559741 9307401
16559743 9307405
16559744 9307418
16572285 9307418
16560870 9307425
16559745 9307428
16560872 9307430
16559747 9307435
16560875 9307436
16557055 9307466
16558471 9307470
16558473 9307471
16558475 9307473
16558476 9307475
16562503 9307476
16558478 9307478
16561720 9307479
16559810 9307481
16562506 9307483
16561722 9307484
16557696 9307485
16561723 9307487
16563557 9307488
16559814 9307490
16560938 9307494
16560939 9307494
16560940 9307494
16561725 9307496
16560566 9307524
16560936 9307524
16560941 9307524
16561063 9307524
16561064 9307524
16561073 9307524
16559816 9307528
16560942 9307529
16571153 9307533
16570385 9307538
16571154 9307538
16559818 9307541
16571155 9307546
16560945 9307550
16560083 9307562
16560371 9307562
16560948 9307567
16564976 9307571
16572570 9307578
16562282 9307580
16560089 9307590
16562285 9307593
16564401 9307596
16558543 9307598
16570744 9307600
16562288 9307603
16558547 9307604
16558549 9307607
16563624 9307609
16563627 9307611
16560151 9307617
16562848 9307619
16564183 9307621
16562350 9307624
16562353 9307626
16564979 9307642
16568898 9307642
16568900 9307642
16568901 9307642
16570554 9307642
16558611 9307648
16562356 9307652
16570814 9307653
16569603 9307658
16570815 9307658
16559126 9307668
16559156 9307668
16559668 9307668
16557835 9307669
16562911 9307672
16562914 9307675
16562917 9307676
16564251 9307678
16567636 9307679
16564253 9307680
16563470 9307683
16563473 9307685
16564258 9307689
16559731 9307699
16572348 9307699
16563476 9307701
16559733 9307705
16557898 9307706
16557899 9307706
16557901 9307706
16557904 9307706
16563479 9307708
16559735 9307709
16557902 9307711
16560862 9307713
16559737 9307715
16560864 9307718
16557905 9307719
16560865 9307725
16559739 9307728
16560867 9307732
16560868 9307732
16560869 9307732
16557045 9307733
16557196 9307733
16572396 9307733
16557908 9307737
16559244 9307738
16557049 9307745
16558460 9307747
16558462 9307747
16558463 9307747
16558467 9307749
16557684 9307760
16559801 9307766
16562761 9307767
16560932 9307768
16560934 9307770
16559808 9307771
16560072 9307774
16563615 9307774
16570358 9307782
16571148 9307782
16571378 9307782
16571149 9307791
16560076 9307802
16562273 9307806
16562274 9307806
16558532 9307809
16558533 9307809
16562277 9307810
16562278 9307824
16558535 9307825
16563610 9307827
16558537 9307829
16568828 9307831
16568829 9307831
16563613 9307834
16558539 9307835
16560143 9307838
16560462 9307838
16562341 9307840
16560146 9307843
16572632 9307847
16560147 9307854
16563392 9307857
16563395 9307857
16562346 9307860
16562347 9307860
16570804 9307864
16570805 9307865
16563398 9307866
16566202 9307867
16566203 9307867
16562902 9307870
16562903 9307870
16562904 9307872
16562905 9307872
16567620 9307874
16562908 9307876
16564240 9307878
16562410 9307879
16563461 9307880
16564246 9307882
16569777 9307883
16571920 9307883
16563464 9307886
16558775 9307904
16564249 9307904
16570497 9307904
16569941 9307914
16571922 9307914
16563467 9307916
16560850 9307920
16561636 9307921
16567875 9307937
16567876 9307937
16567878 9307937
16570016 9307937
16560854 9307941
16559729 9307942
16560856 9307943
16560858 9307945
16562191 9307948
16569522 9307950
16558450 9307952
16562194 9307954
16558454 9307956
16562198 9307957
16569148 9307968
16570655 9307968
16572524 9307968
16557661 9307987
16557672 9307987
16558457 9307989
16561702 9307992
16561705 9307992
16557676 9307994
16561704 9307995
16557678 9308003
16562754 9308005
16560921 9308008
16561707 9308010
16560525 9308019
16560923 9308019
16566800 9308019
16572187 9308019
16560060 9308030
16562757 9308033
16561709 9308037
16567358 9308037
16567359 9308037
16562758 9308039
16560057 9308057
16560062 9308057
16560068 9308057
16560418 9308057
16564682 9308057
16568410 9308057
16570292 9308057
16560056 9308064
16560063 9308064
16557105 9308067
16562260 9308069
16560066 9308071
16557108 9308076
16558520 9308084
16558521 9308084
16558522 9308087
16570262 9308092
16572556 9308092
16562267 9308094
16559309 9308096
16558525 9308099
16558526 9308099
16563600 9308101
16558528 9308109
16563605 9308115
16572290 9308115
16563606 9308119
16563607 9308122
16568592 9308139
16568593 9308139
16567546 9308147
16567547 9308147
16563380 9308148
16562335 9308149
16562336 9308149
16562337 9308151
16563386 9308152
16562338 9308154
16563389 9308156
16559150 9308159
16557591 9308161
16564238 9308170
16563455 9308173
16562407 9308175
16570364 9308183
16571912 9308183
16557597 9308188
16558955 9308201
16558959 9308201
16564725 9308201
16564726 9308201
16570428 9308201
16571914 9308201
16563458 9308206
16557599 9308210
16559714 9308214
16559715 9308214
16571916 9308227
16560839 9308232
16560842 9308232
16557021 9308240
16568734 9308240
16568735 9308240
16559717 9308243
16560844 9308244
16561629 9308246
16568508 9308258
16568516 9308258
16570343 9308258
16571919 9308258
16560845 9308264
16560846 9308264
16560993 9308264
16569265 9308264
16560848 9308267
16562180 9308274
16567432 9308274
16567433 9308274
16571909 9308274
16569511 9308279
16569512 9308285
16569513 9308285
16562182 9308287
16567398 9308291
16557029 9308300
16572410 9308300
16558441 9308301
16562185 9308303
16562186 9308305
16562187 9308305
16557660 9308323
16558444 9308328
16558446 9308330
16557658 9308334
16557662 9308334
16558448 9308338
16557667 9308345
16557669 9308347
16560911 9308349
16571122 9308351
16571123 9308351
16560666 9308362
16560913 9308362
16560915 9308367
16560916 9308367
16566680 9308368
16560919 9308370
16569687 9308376
16569688 9308376
16569689 9308376
16572542 9308376
16560058 9308385
16566685 9308398
16558484 9308405
16558486 9308405
16558488 9308405
16558490 9308405
16558492 9308405
16558494 9308405
16558496 9308405
16558498 9308405
16558500 9308405
16558506 9308405
16558508 9308405
16558510 9308405
16558512 9308405
16558513 9308405
16558514 9308405
16561447 9308405
16565920 9308405
16565921 9308405
16565926 9308405
16565928 9308405
16565930 9308405
16565931 9308405
16573027 9308405
16562255 9308406
16557530 9308414
16558391 9308414
16558393 9308414
16558397 9308414
16558399 9308414
16558401 9308414
16558403 9308414
16558405 9308414
16558406 9308414
16558516 9308414
16562344 9308414
16562345 9308414
16566706 9308414
16566707 9308414
16572916 9308414
16558517 9308416
16558518 9308416
16557735 9308418
16557739 9308418
16557736 9308419
16559071 9308422
16559065 9308431
16559073 9308431
16566474 9308440
16566475 9308440
16569364 9308440
16569365 9308440
16559075 9308450
16559474 9308450
16559076 9308456
16568582 9308473
16568583 9308473
16559078 9308486
16567534 9308491
16567530 9308514
16567532 9308514
16567533 9308514
16567536 9308514
16569849 9308514
16569852 9308514
16567537 9308518
16563367 9308522
16563370 9308522
16563371 9308522
16562322 9308523
16568588 9308528
16568589 9308528
16562325 9308531
16563376 9308532
16563377 9308532
16568014 9308533
16568015 9308533
16556959 9308542
16568460 9308542
16572398 9308542
16557582 9308543
16557584 9308544
16564228 9308546
16564229 9308547
16559701 9308549
16557586 9308550
16559703 9308552
16559705 9308553
16559707 9308555
16560834 9308556
16560837 9308557
16557014 9308564
16570451 9308564
16558430 9308565
16568720 9308568
16568721 9308568
16562174 9308570
16558433 9308571
16558437 9308571
16572469 9308572
16557651 9308576
16557652 9308581
16563512 9308582
16569120 9308585
16570639 9308585
16557654 9308591
16557657 9308596
16560900 9308598
16557659 9308601
16560902 9308603
16560903 9308605
16567454 9308606
16567455 9308606
16567456 9308607
16567457 9308607
16562240 9308608
16563291 9308609
16559029 9308612
16561460 9308612
16559127 9308613
16559550 9308613
16563294 9308614
16560560 9308615
16560685 9308615
16567520 9308616
16567521 9308616
16558155 9308617
16561451 9308617
16564140 9308617
16560112 9308619
16570483 9308620
16570484 9308620
16570488 9308620
16570520 9308620
16570485 9308621
16568574 9308622
16568575 9308622
16570486 9308624
16570487 9308624
16570524 9308624
16567528 9308625
16569851 9308625
16560119 9308627
16563362 9308628
16562316 9308629
16568000 9308630
16568001 9308630
16562319 9308631
16559131 9308632
16559458 9308637
16572380 9308637
16572381 9308637
16559132 9308644
16562092 9308646
16570553 9308648
16561077 9308654
16566572 9308654
16569429 9308654
16557570 9308656
16562099 9308657
16563430 9308659
16564215 9308661
16564216 9308663
16563433 9308665
16563434 9308669
16563435 9308669
16563436 9308670
16560820 9308673
16557579 9308678
16560822 9308679
16560824 9308681
16560826 9308682
16560827 9308683
16560615 9308691
16560829 9308691
16558999 9308698
16568704 9308698
16568705 9308698
16559205 9308701
16560001 9308701
16558422 9308705
16572459 9308712
16563501 9308714
16563504 9308715
16563509 9308716
16559608 9308717
16560031 9308717
16560035 9308717
16562229 9308719
16562230 9308719
16562233 9308721
16562235 9308721
16563282 9308722
16566666 9308723
16566667 9308723
16563285 9308725
16563288 9308726
16560100 9308729
16570413 9308735
16570414 9308735
16570475 9308735
16563350 9308737
16560108 9308744
16563353 9308747
16564139 9308750
16564560 9308750
16562306 9308751
16563356 9308752
16562309 9308753
16563359 9308755
16562088 9308756
16572378 9308758
16572379 9308760
16557561 9308762
16563417 9308763
16563420 9308763
16563421 9308763
16564205 9308765
16566804 9308773
16566805 9308773
16564206 9308777
16557563 9308779
16563424 9308780
16557567 9308784
16563427 9308785
16557569 9308787
16569191 9308797
16569316 9308797
16560813 9308800
16560818 9308802
16572441 9308809
16572443 9308812
16566589 9308813
16570394 9308815
16572512 9308825
16562223 9308828
16563272 9308830
16563273 9308832
16562226 9308833
16563276 9308834
16557701 9308838
16558060 9308845
16561445 9308845
16557702 9308851
16564590 9308851
16564742 9308851
16563279 9308854
16564692 9308858
16557706 9308860
16570460 9308865
16569335 9308866
16570461 9308868
16570457 9308872
16570462 9308872
16570465 9308872
16570463 9308874
16570464 9308876
16563345 9308883
16563348 9308883
16563349 9308883
16563347 9308885
16562071 9308887
16562074 9308888
16559117 9308894
16559118 9308896
16570534 9308900
16572368 9308906
16557551 9308907
16563410 9308909
16563413 9308909
16563414 9308909
16557553 9308910
16557555 9308911
16569185 9308912
16569186 9308913
16563190 9308916
16557356 9308920
16563191 9308920
16566573 9308926
16572435 9308930
16562146 9308931
16563195 9308932
16557348 9308937
16563196 9308937
16560584 9308941
16560587 9308943
16558057 9308945
16558068 9308945
16558369 9308945
16562007 9308945
16569258 9308945
16563260 9308946
16562213 9308948
16563263 9308949
16570263 9308960
16572506 9308960
16562216 9308962
16562219 9308964
16563269 9308965
16560521 9308966
16560653 9308966
16559034 9308970
16568524 9308970
16568525 9308970
16559038 9308976
16564116 9308978
16570459 9308984
16564119 9308987
16563338 9308988
16558895 9308991
16562061 9308992
16562062 9308992
16559104 9308995
16562065 9308996
16562068 9308997
16557543 9309001
16557545 9309001
16563315 9309001
16563316 9309001
16557544 9309004
16557261 9309014
16557546 9309014
16563313 9309014
16571000 9309017
16557549 9309021
16558960 9309028
16558958 9309047
16558961 9309047
16558962 9309047
16558964 9309047
16558997 9309047
16559004 9309047
16559008 9309047
16568556 9309047
16568557 9309047
16558963 9309049
16558965 9309051
16572423 9309061
16562134 9309063
16563184 9309064
16563187 9309067
16560574 9309070
16562201 9309073
16556960 9309078
16568468 9309078
16562204 9309080
16562208 9309081
16563257 9309082
16560488 9309086
16560491 9309086
16560643 9309086
16559025 9309091
16566702 9309093
16566704 9309093
16566705 9309093
16558072 9309096
16558246 9309096
16563320 9309098
16563321 9309101
16563322 9309101
16570449 9309112
16563326 9309114
16569083 9309116
16569093 9309116
16569094 9309116
16572342 9309123
16570512 9309125
16570513 9309127
16562056 9309128
16570515 9309130
16557535 9309131
16557537 9309132
16557539 9309135
16557526 9309139
16567330 9309139
16567331 9309139
16572915 9309139
16558952 9309144
16559002 9309144
16568419 9309148
16570293 9309148
16563175 9309153
16557601 9309155
16557605 9309157
16564596 9309163
16572190 9309167
16572191 9309169
16558161 9309172
16558309 9309172
16569226 9309177
16569236 9309177
16570362 9309182
16556972 9309187
16568454 9309187
16568456 9309187
16568458 9309191
16568459 9309191
16563248 9309194
16569876 9309198
16560634 9309203
16559009 9309206
16559011 9309206
16558351 9309217
16558353 9309217
16558356 9309217
16558358 9309217
16558360 9309217
16558366 9309217
16558368 9309217
16558370 9309217
16558372 9309217
16558374 9309217
16558376 9309217
16558378 9309217
16558380 9309217
16558382 9309217
16558384 9309217
16558386 9309217
16558388 9309217
16559686 9309217
16559690 9309217
16559692 9309217
16559694 9309217
16559696 9309217
16559697 9309217
16560810 9309217
16560811 9309217
16561817 9309217
16564142 9309217
16573046 9309217
16559014 9309221
16568518 9309223
16568520 9309223
16559016 9309224
16563888 9309226
16568522 9309229
16570344 9309229
16559018 9309231
16563310 9309234
16563311 9309236
16561197 9309238
16563317 9309239
16569075 9309240
16569078 9309240
16569081 9309240
16569082 9309240
16563319 9309252
16572313 9309252
16564734 9309253
16563091 9309254
16561263 9309255
16561265 9309256
16563098 9309257
16569149 9309261
16569150 9309261
16570654 9309261
16571261 9309261
16571399 9309261
16560489 9309270
16558941 9309277
16558086 9309279
16569791 9309282
16572407 9309289
16572408 9309289
16569792 9309290
16569793 9309290
16559425 9309295
16560557 9309297
16570350 9309304
16568440 9309312
16568441 9309312
16563235 9309314
16569863 9309322
16569864 9309322
16560622 9309324
16560623 9309331
16563872 9309334
16570419 9309337
16570420 9309337
16563875 9309338
16563879 9309339
16564721 9309357
16564723 9309362
16563082 9309364
16561251 9309366
16563085 9309368
16561253 9309369
16561255 9309372
16561257 9309374
16561258 9309374
16561259 9309376
16560474 9309380
16572961 9309381
16558930 9309382
16558932 9309384
16558938 9309387
16557291 9309394
16558077 9309396
16562102 9309398
16563152 9309399
16556970 9309409
16556971 9309409
16562105 9309412
16563155 9309414
16556975 9309415
16556977 9309416
16570342 9309419
16570345 9309420
16570335 9309424
16570346 9309424
16563229 9309426
16558781 9309427
16558785 9309429
16563863 9309431
16563864 9309431
16563865 9309432
16560390 9309434
16560392 9309435
16560393 9309435
16560395 9309437
16560397 9309438
16560398 9309438
16562594 9309439
16562597 9309441
16563930 9309444
16563070 9309445
16568287 9309449
16563073 9309451
16563076 9309453
16561244 9309456
16561245 9309456
16563079 9309457
16561247 9309459
16561248 9309463
16561249 9309463
16567874 9309466
16560463 9309468
16558920 9309470
16558922 9309473
16558924 9309475
16558926 9309477
16566520 9309479
16558928 9309481
16563140 9309482
16563143 9309483
16563146 9309484
16556964 9309486
16559404 9309487
16569774 9309493
16563149 9309494
16556967 9309497
16556969 9309498
16560535 9309502
16565596 9309504
16568995 9309504
16560536 9309506
16560538 9309509
16572150 9309509
16557350 9309514
16571384 9309518
16564630 9309521
16569848 9309526
16557990 9309530
16558776 9309537
16560609 9309542
16563853 9309543
16572237 9309552
16561158 9309555
16560379 9309556
16560380 9309556
16565597 9309560
16570408 9309568
16562581 9309569
16560387 9309570
16560388 9309570
16562586 9309572
16559892 9309573
16559893 9309573
16559894 9309573
16559896 9309576
16563060 9309578
16563923 9309581
16563926 9309581
16563927 9309581
16560450 9309583
16560452 9309587
16560454 9309588
16562651 9309589
16562652 9309589
16560456 9309590
16560459 9309593
16558912 9309594
16562657 9309595
16562658 9309595
16559961 9309596
16558914 9309600
16558051 9309602
16558052 9309612
16559964 9309613
16558053 9309615
16558058 9309615
16558918 9309616
16558056 9309618
16557272 9309632
16557273 9309636
16563131 9309637
16563134 9309639
16556952 9309641
16556953 9309641
16568469 9309641
16570388 9309641
16569762 9309643
16569763 9309643
16569764 9309643
16569765 9309643
16563137 9309644
16556956 9309655
16565739 9309658
16556958 9309660
16560527 9309665
16560528 9309674
16560529 9309674
16568411 9309683
16562995 9309686
16557341 9309710
16563200 9309712
16560374 9309715
16560375 9309715
16568416 9309715
16568418 9309715
16562998 9309717
16563204 9309718
16571379 9309722
16565584 9309723
16565585 9309723
16572228 9309725
16572229 9309725
16560372 9309728
16562571 9309729
16562572 9309729
16562575 9309730
16559881 9309731
16559882 9309731
16559883 9309732
16562578 9309734
16561797 9309735
16559887 9309736
16561798 9309737
16563051 9309738
16559889 9309740
16563917 9309742
16563054 9309745
16563057 9309747
16557199 9309751
16560440 9309752
16560442 9309753
16560444 9309754
16564368 9309755
16565639 9309758
16572948 9309759
16569766 9309764
16570892 9309764
16559059 9309779
16559074 9309779
16559077 9309779
16559491 9309779
16559495 9309779
16559062 9309781
16559476 9309781
16572385 9309789
16559054 9309793
16559462 9309793
16559479 9309793
16559813 9309795
16566088 9309798
16571955 9309798
16566086 9309800
16558151 9309804
16558157 9309804
16558319 9309804
16558782 9309807
16558894 9309807
16557997 9309808
16558377 9309808
16566512 9309808
16566513 9309808
16557516 9309813
16557982 9309813
16563797 9309818
16563803 9309818
16563808 9309818
16563809 9309818
16566076 9309818
16566077 9309818
16566390 9309818
16566392 9309818
16566393 9309818
16571901 9309818
16571957 9309818
16560506 9309820
16571415 9309821
16567284 9309822
16567285 9309822
16567302 9309822
16567303 9309822
16572242 9309822
16559622 9309824
16561596 9309826
16561654 9309826
16561726 9309826
16564170 9309826
16562252 9309828
16557244 9309839
16557389 9309839
16557425 9309839
16557437 9309839
16561788 9309839
16562253 9309839
16567616 9309839
16567617 9309839
16567906 9309839
16567907 9309839
16568106 9309839
16568107 9309839
16572284 9309839
16572286 9309839
16572374 9309839
16572375 9309839
16559165 9309845
16559771 9309845
16564172 9309845
16559186 9309848
16563713 9309850
16562202 9309852
16562203 9309852
16557171 9309855
16563308 9309855
16572334 9309855
16569999 9309862
16556938 9309871
16556955 9309871
16556962 9309871
16557226 9309871
16557251 9309871
16568080 9309871
16568081 9309871
16568273 9309871
16568282 9309871
16568283 9309871
16568464 9309871
16572399 9309871
16563719 9309873
16563868 9309876
16563869 9309876
16559687 9309879
16560472 9309879
16560493 9309879
16560500 9309879
16561611 9309879
16562084 9309879
16562086 9309879
16562087 9309879
16562135 9309879
16563870 9309879
16563871 9309879
16566790 9309879
16566791 9309879
16567092 9309879
16567093 9309879
16567113 9309879
16572186 9309879
16572220 9309879
16562443 9309881
16562363 9309883
16562490 9309885
16562489 9309889
16560123 9309890
16560322 9309890
16560451 9309890
16559862 9309891
16559598 9309895
16562069 9309895
16562072 9309895
16562073 9309895
16562502 9309895
16562504 9309895
16562505 9309895
16572248 9309895
16557733 9309898
16569183 9309899
16562616 9309907
16562617 9309907
16565398 9309907
16565399 9309907
16564144 9309911
16558580 9309917
16558582 9309917
16563114 9309917
16563115 9309917
16563120 9309917
16565416 9309917
16565417 9309917
16571965 9309917
16571979 9309917
16560136 9309918
16566384 9309922
16566385 9309922
16569184 9309925
16560368 9309928
16559276 9309930
16569333 9309931
16567438 9309932
16567440 9309932
16567442 9309932
16567443 9309932
16563071 9309933
16563072 9309933
16559359 9309934
16560931 9309939
16561577 9309943
16562196 9309943
16562199 9309943
16562200 9309943
16562205 9309943
16562206 9309943
16572249 9309943
16572250 9309943
16569317 9309945
16559263 9309947
16557976 9309950
16558178 9309950
16557495 9309959
16557498 9309959
16563193 9309959
16567035 9309959
16572208 9309959
16572209 9309959
16559198 9309961
16563931 9309961
16563932 9309961
16558042 9309962
16558337 9309962
16556968 9309971
16556973 9309971
16558816 9309971
16562882 9309971
16568502 9309971
16568503 9309971
16557755 9309977
16558262 9309984
16558515 9309984
16559428 9309986
16569224 9309988
16560568 9309990
16560505 9309994
16560531 9309994
16560545 9309994
16560551 9309994
16560561 9309994
16560562 9309994
16560578 9309994
16560585 9309994
16560593 9309994
16560895 9309994
16560901 9309994
16560933 9309994
16560935 9309994
16560943 9309994
16560946 9309994
16560949 9309994
16561069 9309994
16561519 9309994
16557743 9310008
16566184 9310010
16572102 9310010
16562729 9310011
16566189 9310011
16562724 9310012
16572027 9310015
16565798 9310016
16564207 9310020
16567770 9310021
16557059 9310027
16557060 9310027
16557062 9310027
16557063 9310027
16557065 9310027
16557173 9310027
16557245 9310027
16557400 9310027
16557405 9310027
16557542 9310027
16557552 9310027
16562214 9310027
16562215 9310027
16562955 9310027
16564739 9310027
16567588 9310027
16567590 9310027
16567591 9310027
16567604 9310027
16567605 9310027
16567608 9310027
16567609 9310027
16567892 9310027
16567893 9310027
16567904 9310027
16567905 9310027
16568056 9310027
16568057 9310027
16559121 9310040
16559124 9310040
16559534 9310040
16559543 9310040
16559560 9310040
16559670 9310040
16559939 9310040
16559941 9310040
16559945 9310040
16560120 9310040
16560122 9310040
16560128 9310040
16560221 9310040
16560319 9310040
16560340 9310040
16563360 9310040
16563361 9310040
16563632 9310040
16563635 9310040
16563641 9310040
16563644 9310040
16563647 9310040
16563649 9310040
16563650 9310040
16567676 9310040
16567677 9310040
16572292 9310040
16572299 9310040
16558144 9310041
16563431 9310041
16563432 9310041
16558154 9310045
16558156 9310045
16558160 9310045
16558317 9310045
16558322 9310045
16558568 9310045
16558748 9310045
16571981 9310045
16571982 9310045
16557307 9310056
16561656 9310056
16561713 9310056
16561721 9310056
16562063 9310056
16562064 9310056
16562066 9310056
16562211 9310056
16562212 9310056
16562221 9310056
16564124 9310056
16564635 9310056
16564638 9310056
16567360 9310056
16567361 9310056
16567362 9310056
16567363 9310056
16567606 9310056
16567607 9310056
16569760 9310056
16569879 9310056
16571936 9310058
16559217 9310059
16557295 9310060
16567896 9310060
16567897 9310060
16563787 9310062
16562873 9310063
16562860 9310064
16558100 9310066
16558497 9310066
16564378 9310067
16559357 9310070
16559968 9310070
16564416 9310071
16569217 9310071
16564326 9310072
16560124 9310074
16560326 9310074
16572296 9310074
16563774 9310075
16560556 9310077
16560821 9310079
16560825 9310079
16572060 9310079
16572061 9310079
16563164 9310081
16563165 9310081
16563569 9310081
16563570 9310081
16557268 9310087
16560357 9310091
16557314 9310096
16557316 9310096
16557461 9310096
16561789 9310096
16557889 9310106
16569012 9310106
16571900 9310106
16569085 9310108
16558009 9310110
16558149 9310115
16563428 9310115
16563429 9310115
16558159 9310117
16556913 9310130
16556914 9310130
16556919 9310130
16556990 9310130
16557020 9310130
16562858 9310130
16562861 9310130
16562862 9310130
16562874 9310130
16562875 9310130
16568831 9310130
16571893 9310130
16572431 9310130
16558945 9310132
16563886 9310136
16563887 9310136
16558065 9310140
16572110 9310140
16560544 9310142
16558015 9310143
16558020 9310143
16557995 9310144
16558000 9310144
16558345 9310144
16558440 9310148
16563758 9310151
16559366 9310153
16564247 9310153
16570197 9310154
16563284 9310156
16563290 9310156
16563292 9310156
16563293 9310156
16563295 9310156
16563296 9310156
16569707 9310156
16563249 9310168
16563264 9310168
16563268 9310168
16563270 9310168
16563271 9310168
16563278 9310168
16564262 9310168
16567222 9310168
16567223 9310168
16560627 9310174
16560630 9310174
16560971 9310174
16560976 9310174
16572001 9310174
16572002 9310174
16563731 9310177
16562751 9310179
16563231 9310182
16563234 9310183
16563236 9310183
16563237 9310183
16558348 9310189
16562719 9310191
16562720 9310191
16562718 9310192
16557081 9310196
16563537 9310197
16563538 9310197
16563551 9310197
16563555 9310197
16563558 9310197
16563561 9310197
16563562 9310197
16563540 9310199
16560930 9310204
16563502 9310204
16563503 9310204
16562647 9310206
16559340 9310207
16557037 9310209
16562394 9310211
16562439 9310215
16560376 9310217
16560377 9310217
16563700 9310221
16563701 9310221
16566624 9310223
16566625 9310223
16559850 9310226
16571917 9310226
16559852 9310228
16561703 9310231
16567336 9310231
16567337 9310231
16562970 9310233
16562968 9310236
16562971 9310236
16562972 9310236
16562973 9310238
16559755 9310240
16559757 9310240
16572101 9310241
16560267 9310250
16560274 9310250
16572231 9310250
16560137 9310251
16562988 9310253
16563699 9310254
16571975 9310259
16559203 9310261
16559870 9310261
16559976 9310262
16562170 9310262
16562172 9310262
16562173 9310262
16562177 9310262
16564365 9310262
16560812 9310271
16561182 9310271
16561230 9310271
16563422 9310271
16563425 9310271
16563426 9310271
16565250 9310271
16565251 9310271
16571998 9310271
16563441 9310275
16563444 9310275
16563454 9310275
16563456 9310275
16563457 9310275
16565460 9310275
16565461 9310275
16557710 9310287
16557824 9310287
16562406 9310287
16573060 9310289
16562828 9310290
16566138 9310292
16566139 9310292
16569201 9310292
16558276 9310294
16559380 9310296
16562928 9310301
16572346 9310301
16563255 9310304
16563258 9310304
16563261 9310304
16564263 9310304
16563252 9310305
16558071 9310310
16558363 9310310
16559298 9310312
16559302 9310312
16559304 9310312
16559312 9310312
16559316 9310312
16559610 9310312
16559815 9310312
16559828 9310312
16560027 9310312
16562637 9310312
16562645 9310312
16562646 9310312
16572257 9310312
16572260 9310312
16569447 9310316
16560603 9310326
16560953 9310326
16560956 9310326
16560958 9310326
16560985 9310326
16561070 9310326
16572071 9310326
16572073 9310326
16572076 9310326
16560582 9310331
16560712 9310331
16560726 9310331
16572120 9310331
16557971 9310332
16569476 9310334
16566681 9310335
16570621 9310336
16570622 9310336
16560141 9310338
16560461 9310338
16560460 9310340
16562348 9310343
16562351 9310343
16562354 9310343
16562355 9310343
16562301 9310350
16568188 9310350
16568189 9310350
16559048 9310357
16559049 9310357
16559463 9310357
16559481 9310357
16560075 9310357
16560080 9310357
16560081 9310357
16560171 9310357
16560182 9310357
16568384 9310357
16568385 9310357
16572388 9310357
16572023 9310362
16560158 9310366
16572255 9310368
16558079 9310371
16558477 9310371
16560598 9310371
16572057 9310371
16572058 9310371
16559978 9310372
16564366 9310372
16564367 9310372
16572264 9310372
16560618 9310374
16572022 9310374
16572009 9310376
16558595 9310378
16563132 9310378
16563138 9310378
16563139 9310378
16565236 9310378
16565237 9310378
16571969 9310378
16571972 9310378
16560513 9310379
16560523 9310379
16560670 9310379
16559422 9310380
16560871 9310380
16572183 9310380
16558614 9310381
16558120 9310382
16564145 9310382
16558136 9310383
16568280 9310384
16568281 9310384
16572369 9310384
16557480 9310385
16572246 9310385
16564261 9310386
16563224 9310387
16557361 9310388
16557502 9310388
16557505 9310388
16557508 9310388
16557972 9310388
16557981 9310388
16557994 9310388
16558019 9310388
16558188 9310388
16558445 9310388
16558447 9310388
16558449 9310388
16559341 9310388
16559344 9310388
16559352 9310388
16559360 9310388
16559365 9310388
16559596 9310388
16559795 9310388
16559800 9310388
16562513 9310388
16562514 9310388
16562549 9310388
16562550 9310388
16566508 9310388
16566509 9310388
16571903 9310388
16572145 9310388
16569507 9310389
16559593 9310390
16559915 9310390
16572274 9310390
16557713 9310391
16562466 9310391
16562467 9310391
16562474 9310391
16562476 9310391
16564128 9310391
16562477 9310392
16562449 9310393
16562452 9310393
16571885 9310394
16564235 9310395
16564572 9310396
16564330 9310397
16566146 9310397
16566148 9310397
16566149 9310397
16557973 9310398
16562583 9310398
16562584 9310398
16562585 9310398
16562560 9310399
16562563 9310399
16562564 9310399
16562567 9310399
16562569 9310399
16562573 9310399
16572211 9310399
16558610 9310400
16558693 9310400
16558739 9310400
16565204 9310400
16565205 9310400
16565216 9310400
16565217 9310400
16571961 9310401
16563827 9310402
16566394 9310402
16566395 9310402
16558040 9310403
16559408 9310404
16564583 9310405
16569349 9310405
16569351 9310405
16569352 9310405
16563541 9310406
16563542 9310406
16563529 9310407
16556976 9310408
16556979 9310408
16557197 9310408
16557198 9310408
16557217 9310408
16557223 9310408
16557237 9310408
16557239 9310408
16557243 9310408
16568050 9310408
16572336 9310408
16572397 9310408
16564371 9310409
16566285 9310410
16572115 9310410
16572117 9310410
16558798 9310411
16558848 9310411
16558917 9310411
16568768 9310411
16568770 9310411
16568771 9310411
16558792 9310412
16557910 9310413
16562690 9310414
16567342 9310415
16567343 9310415
16569102 9310416
16563749 9310417
16563894 9310418
16563896 9310418
16564745 9310419
16562704 9310420
16562705 9310421
16562706 9310421
16564532 9310422
16564532 9532913
16564533 9310422
16564533 9532913
16564536 9310422
16564536 9532913
16564537 9310422
16564537 9532913
16563696 9310423
16559383 9310426
16559386 9310426
16559356 9310429
16559390 9310431
16558949 9310434
16559015 9310434
16568800 9310434
16568801 9310434
16563768 9310435
16559259 9310436
16559184 9310437
16563077 9310437
16572262 9310437
16559063 9310438
16559064 9310438
16557732 9310439
16558578 9310440
16558581 9310440
16558585 9310440
16558608 9310440
16563141 9310440
16563144 9310440
16563147 9310440
16563150 9310440
16563153 9310440
16571959 9310440
16571963 9310440
16571968 9310440
16569348 9310441
16566416 9310442
16566417 9310442
16562618 9310443
16559389 9310444
16559789 9310444
16559791 9310444
16559796 9310444
16559400 9310445
16559130 9310446
16559139 9310446
16559148 9310446
16559562 9310446
16559636 9310446
16559664 9310446
16560149 9310446
16560153 9310446
16560162 9310446
16560353 9310446
16560441 9310446
16561918 9310446
16563496 9310446
16563497 9310446
16563655 9310446
16563656 9310446
16560289 9310447
16560297 9310447
16560098 9310449
16560101 9310449
16560114 9310449
16560189 9310449
16560191 9310449
16560207 9310449
16560229 9310449
16560301 9310449
16560334 9310449
16563328 9310449
16563330 9310449
16563351 9310449
16563352 9310449
16563354 9310449
16563355 9310449
16563357 9310449
16563358 9310449
16563379 9310449
16563382 9310449
16563520 9310449
16563623 9310449
16563625 9310449
16563626 9310449
16563661 9310449
16567768 9310449
16567769 9310449
16568208 9310449
16572362 9310449
16568437 9310450
16572391 9310450
16572394 9310450
16572395 9310450
16558956 9310451
16558966 9310451
16558968 9310451
16558987 9310451
16564727 9310451
16564728 9310451
16559252 9310452
16562188 9310453
16560577 9310454
16560944 9310454
16560947 9310454
16560510 9310455
16560511 9310455
16560515 9310456
16560520 9310456
16572062 9310457
16560599 9310458
16560757 9310458
16560828 9310458
16563415 9310458
16563416 9310458
16572063 9310458
16560831 9310459
16560832 9310460
16560522 9310462
16560698 9310462
16560883 9310462
16566550 9310462
16566551 9310462
16572182 9310462
16567872 9310463
16567873 9310463
16569858 9310466
16567306 9310468
16567307 9310468
16569182 9310469
16559308 9310470
16559313 9310470
16564645 9310470
16571954 9310471
16566072 9310472
16566074 9310472
16564403 9310473
16557064 9310477
16557174 9310477
16557067 9310478
16557068 9310478
16557052 9310481
16557057 9310481
16564668 9310481
16568234 9310481
16570230 9310481
16572332 9310481
16572335 9310484
16559297 9310485
16559396 9310486
16560038 9310486
16563728 9310487
16564618 9310489
16571848 9310489
16560473 9310491
16560480 9310491
16560486 9310491
16560499 9310491
16560805 9310491
16560863 9310491
16559230 9310494
16559236 9310494
16559247 9310494
16572266 9310494
16562752 9310496
16562753 9310496
16560131 9310498
16560343 9310498
16557101 9310500
16559307 9310501
16563480 9310501
16563481 9310501
16560496 9310504
16560519 9310504
16560530 9310504
16560809 9310504
16559310 9310506
16557697 9310508
16557880 9310508
16558036 9310508
16558718 9310509
16571980 9310509
16558028 9310510
16558037 9310510
16563685 9310511
16563686 9310511
16563807 9310512
16569180 9310513
16559821 9310514
16572927 9310515
16559710 9310516
16563745 9310517
16563746 9310518
16566897 9310520
16572198 9310520
16559334 9310521
16557698 9310525
16561855 9310531
16566564 9310531
16566565 9310531
16572157 9310531
16560484 9310536
16560886 9310536
16563956 9310536
16566788 9310536
16566789 9310536
16569515 9310536
16560485 9310537
16572156 9310538
16569336 9310539
16566784 9310541
16566785 9310541
16557729 9310542
16558089 9310544
16564339 9310547
16564340 9310547
16564377 9310547
16560152 9310550
16560264 9310550
16563821 9310553
16563823 9310553
16563824 9310553
16559113 9310554
16559125 9310554
16559740 9310554
16560797 9310555
16561221 9310555
16558627 9310558
16558697 9310558
16558727 9310558
16565074 9310558
16565075 9310558
16566197 9310559
16572103 9310559
16557691 9310561
16557692 9310561
16557694 9310561
16557695 9310561
16557876 9310561
16557878 9310561
16557675 9310563
16571958 9310563
16572167 9310563
16572169 9310563
16565720 9310564
16565721 9310564
16563123 9310568
16563124 9310568
16563126 9310568
16563127 9310568
16558080 9310573
16558084 9310573
16558092 9310573
16558534 9310573
16558542 9310573
16560517 9310573
16560554 9310573
16560565 9310573
16560567 9310573
16560569 9310573
16560738 9310573
16560847 9310573
16560855 9310573
16560857 9310573
16566250 9310573
16566251 9310573
16572015 9310573
16572016 9310573
16572017 9310573
16572055 9310573
16572056 9310573
16572114 9310573
16572155 9310573
16558657 9310574
16558724 9310574
16558756 9310574
16563130 9310574
16571971 9310574
16560048 9310575
16561832 9310575
16563667 9310575
16563670 9310575
16563671 9310575
16564187 9310575
16566742 9310575
16566743 9310575
16558540 9310582
16558576 9310582
16558741 9310582
16561185 9310582
16561193 9310582
16561196 9310582
16561198 9310582
16561199 9310582
16561201 9310582
16561203 9310582
16561252 9310582
16561254 9310582
16561453 9310582
16561812 9310582
16571983 9310582
16571986 9310582
16571988 9310582
16571991 9310582
16564530 9310582
16564530 9533226
16564531 9310582
16564531 9533226
16564528 9310582
16564528 9533229
16564529 9310582
16564529 9533229
16563465 9310582
16563465 9533230
16563466 9310582
16563466 9533230
16558162 9310583
16558570 9310583
16558571 9310583
16558653 9310583
16563100 9310583
16563102 9310583
16563103 9310583
16558474 9310585
16562601 9310585
16562602 9310585
16559283 9310586
16559392 9310586
16567066 9310586
16567067 9310586
16559819 9310589
16562742 9310592
16562738 9310594
16562739 9310594
16563266 9310595
16557608 9310624
16557823 9310624
16558333 9310624
16558335 9310624
16558336 9310624
16558343 9310624
16558344 9310624
16558349 9310624
16558352 9310624
16558461 9310624
16559655 9310624
16559657 9310624
16559661 9310624
16559662 9310624
16559837 9310624
16561394 9310624
16561396 9310624
16563087 9310624
16563974 9310624
16566224 9310624
16566225 9310624
16567348 9310624
16567349 9310624
16567384 9310624
16567385 9310624
16567386 9310624
16567387 9310624
16572148 9310624
16563212 9310627
16563215 9310629
16563738 9310630
16560160 9310635
16560293 9310635
16561669 9310635
16567181 9310635
16572230 9310635
16560509 9310637
16560512 9310637
16566768 9310637
16566769 9310637
16572184 9310637
16560625 9310646
16560765 9310646
16560768 9310646
16560783 9310646
16560793 9310646
16563437 9310646
16563438 9310646
16563469 9310646
16563472 9310646
16563474 9310646
16563475 9310646
16563477 9310646
16563478 9310646
16565474 9310646
16565475 9310646
16571995 9310646
16559288 9310648
16564720 9310648
16569761 9310648
16566814 9310651
16566815 9310651
16560053 9310656
16560055 9310656
16560059 9310656
16560061 9310656
16560064 9310656
16560065 9310656
16560067 9310656
16560070 9310656
16560071 9310656
16560074 9310656
16560078 9310656
16560085 9310656
16560381 9310656
16560384 9310656
16560421 9310656
16561505 9310656
16572390 9310656
16561757 9310658
16562484 9310658
16562488 9310658
16571947 9310658
16569200 9310660
16570672 9310660
16570673 9310660
16571846 9310660
16571847 9310660
16558804 9310665
16558810 9310665
16558867 9310665
16558915 9310665
16559027 9310665
16559045 9310665
16559046 9310665
16561477 9310665
16568536 9310665
16568554 9310665
16568555 9310665
16572384 9310665
16572404 9310665
16558944 9310666
16558947 9310666
16558948 9310666
16562500 9310667
16561214 9310670
16564404 9310670
16562820 9310672
16558458 9310673
16560592 9310679
16559142 9310682
16560663 9310687
16560889 9310687
16560890 9310687
16556924 9310688
16572422 9310688
16559763 9310692
16564636 9310692
16567352 9310692
16567354 9310692
16567356 9310692
16567357 9310692
16559250 9310695
16560015 9310695
16560019 9310695
16563536 9310696
16563772 9310697
16563775 9310697
16563779 9310697
16566386 9310697
16566388 9310697
16566389 9310697
16563117 9310703
16563118 9310703
16571964 9310703
16566610 9310706
16566884 9310706
16566885 9310706
16572163 9310706
16572035 9310707
16562128 9310711
16562131 9310711
16569578 9310715
16570802 9310715
16561674 9310718
16561681 9310718
16568784 9310718
16568871 9310718
16568872 9310718
16568873 9310718
16572428 9310718
16561682 9310719
16568874 9310719
16568875 9310719
16561678 9310720
16568788 9310720
16568790 9310720
16568791 9310720
16564693 9310721
16558821 9310724
16558967 9310724
16562054 9310724
16562055 9310724
16559840 9310726
16572263 9310726
16559185 9310728
16559187 9310728
16559196 9310728
16559197 9310728
16559994 9310728
16561608 9310728
16561657 9310728
16572254 9310728
16559188 9310730
16569202 9310731
16557165 9310736
16557166 9310738
16567126 9310739
16567127 9310739
16564163 9310740
16557749 9310742
16557907 9310742
16557740 9310744
16569307 9310745
16569187 9310746
16560563 9310749
16560571 9310749
16560581 9310749
16560707 9310749
16560744 9310749
16560748 9310749
16566012 9310749
16566013 9310749
16572070 9310749
16572072 9310749
16559303 9310751
16563784 9310752
16572256 9310754
16567894 9310756
16567895 9310756
16563763 9310758
16563217 9310760
16563218 9310760
16563674 9310760
16562497 9310764
16558593 9310770
16558651 9310770
16565240 9310770
16565241 9310770
16562518 9310772
16557234 9310775
16557253 9310775
16557256 9310775
16557395 9310775
16562896 9310775
16562897 9310775
16562899 9310775
16562906 9310775
16562909 9310775
16562912 9310775
16562915 9310775
16562918 9310775
16562919 9310775
16562952 9310775
16572340 9310775
16572371 9310775
16559414 9310778
16572225 9310778
16563754 9310780
16563761 9310780
16563762 9310780
16559167 9310793
16559175 9310793
16559194 9310793
16559769 9310793
16560125 9310801
16560347 9310801
16560443 9310801
16560447 9310801
16567678 9310801
16572293 9310801
16572297 9310801
16558125 9310802
16561755 9310803
16561773 9310804
16564741 9310804
16571904 9310804
16572143 9310804
16559367 9310805
16571943 9310805
16572258 9310805
16562716 9310806
16562717 9310806
16559170 9310807
16559174 9310807
16557087 9310809
16563240 9310811
16564634 9310812
16560126 9310814
16560150 9310814
16560345 9310814
16560439 9310814
16560449 9310814
16572298 9310814
16562695 9310817
16569073 9310819
16569091 9310819
16569092 9310819
16562829 9310821
16562843 9310822
16568176 9310823
16568177 9310823
16560906 9310824
16560908 9310824
16572252 9310826
16558863 9310832
16568670 9310832
16568671 9310832
16572415 9310832
16560504 9310839
16560922 9310839
16572189 9310839
16565700 9310841
16565701 9310841
16565702 9310841
16565703 9310841
16559120 9310844
16559640 9310844
16562841 9310846
16560458 9310848
16566628 9310850
16566629 9310850
16569350 9310851
16560591 9310853
16560614 9310853
16560710 9310853
16560732 9310853
16560981 9310853
16560983 9310853
16563411 9310853
16563412 9310853
16565760 9310853
16565761 9310853
16565988 9310853
16565989 9310853
16572066 9310853
16572121 9310853
16560656 9310854
16560659 9310854
16560548 9310856
16563528 9310857
16562992 9310860
16563335 9310861
16560477 9310865
16560905 9310865
16558133 9310871
16558137 9310871
16558536 9310871
16558538 9310871
16558544 9310871
16572014 9310871
16557275 9310872
16567879 9310872
16570054 9310872
16572765 9310873
16571923 9310874
16558619 9310879
16558672 9310879
16566364 9310881
16566365 9310881
16566366 9310881
16566367 9310881
16558130 9310882
16558131 9310884
16558583 9310892
16558586 9310892
16558640 9310892
16558714 9310892
16565222 9310892
16565223 9310892
16571966 9310892
16558587 9310893
16558150 9310894
16563487 9310897
16563488 9310897
16563489 9310898
16561827 9310899
16564254 9310901
16569337 9310902
16569477 9310903
16569616 9310904
16559248 9310905
16559658 9310905
16559807 9310905
16560021 9310905
16564372 9310905
16564373 9310905
16567375 9310905
16566682 9310906
16566683 9310906
16557355 9310907
16559180 9310909
16561859 9310910
16565480 9310910
16565481 9310910
16560604 9310915
16560608 9310915
16560611 9310915
16560617 9310915
16560959 9310915
16560967 9310915
16572074 9310915
16569218 9310918
16569181 9310920
16559364 9310921
16562666 9310921
16564239 9310921
16566090 9310922
16566091 9310922
16562392 9310923
16563913 9310923
16563915 9310923
16563916 9310923
16564386 9310925
16564749 9310925
16565836 9310925
16565838 9310925
16565839 9310925
16565842 9310925
16565843 9310925
16565846 9310925
16565847 9310925
16566120 9310925
16566121 9310925
16566410 9310925
16566411 9310925
16566412 9310925
16566413 9310925
16571898 9310925
16571933 9310925
16571934 9310925
16572980 9310925
16560025 9310928
16562516 9310928
16571924 9310928
16572028 9310930
16563852 9310931
16562623 9310932
16564245 9310933
16561667 9310935
16572270 9310935
16561183 9310936
16571987 9310936
16562083 9310938
16566772 9310938
16566773 9310938
16562480 9310939
16569074 9310940
16569084 9310940
16569087 9310941
16560688 9310942
16559225 9310943
16559775 9310943
16562492 9310944
16562493 9310944
16562494 9310944
16559280 9310947
16559865 9310947
16564181 9310947
16563825 9310948
16562376 9310949
16562510 9310950
16562511 9310950
16557974 9310951
16557357 9310956
16557370 9310956
16557375 9310956
16562315 9310956
16564256 9310956
16564387 9310956
16564388 9310956
16558438 9310961
16562340 9310961
16572176 9310961
16566692 9310963
16560082 9310967
16560175 9310967
16560199 9310967
16560212 9310967
16560373 9310967
16563608 9310967
16563609 9310967
16563612 9310967
16563616 9310967
16563617 9310967
16571927 9310967
16572361 9310967
16558779 9310972
16558808 9310972
16558811 9310972
16558845 9310972
16558902 9310972
16558925 9310972
16559026 9310972
16559028 9310972
16561548 9310972
16562871 9310972
16562872 9310972
16562879 9310972
16564399 9310972
16568530 9310972
16568532 9310972
16568534 9310972
16568535 9310972
16568764 9310972
16568765 9310972
16568838 9310972
16568839 9310972
16572418 9310972
16572419 9310972
16564541 9310974
16564541 9473550
16564542 9310974
16564542 9473550
16568887 9310974
16568887 9473550
16559060 9310980
16559066 9310980
16559082 9310980
16559092 9310980
16559102 9310980
16559732 9310980
16562283 9310980
16562284 9310980
16562290 9310980
16562296 9310980
16562297 9310980
16567952 9310980
16567953 9310980
16568150 9310980
16568151 9310980
16572320 9310980
16572350 9310980
16572351 9310980
16558102 9310981
16558105 9310981
16558109 9310986
16558282 9310986
16558491 9310986
16559863 9310987
16564710 9310988
16563299 9310990
16563302 9310990
16563238 9310991
16563300 9310992
16563303 9310993
16563307 9310993
16563306 9310994
16559129 9310995
16559133 9310995
16559135 9310995
16559154 9310995
16559176 9310995
16559201 9310995
16559222 9310995
16559251 9310995
16559568 9310995
16559877 9310995
16559879 9310995
16559884 9310995
16559888 9310995
16559895 9310995
16559897 9310995
16559935 9310995
16562153 9310995
16562156 9310995
16562157 9310995
16563933 9310995
16563934 9310995
16572268 9310995
16572291 9310995
16559402 9310997
16559860 9310997
16559966 9310997
16569652 9310998
16558209 9311001
16558383 9311001
16558472 9311001
16561815 9311001
16562596 9311001
16562599 9311001
16566527 9311001
16572151 9311001
16572180 9311001
16560088 9311002
16560091 9311002
16563619 9311002
16563620 9311002
16568422 9311002
16560270 9311003
16572975 9311009
16558883 9311014
16558957 9311014
16557146 9311028
16557149 9311028
16557677 9311028
16557680 9311028
16557868 9311028
16566640 9311028
16566641 9311028
16566978 9311028
16566980 9311028
16566982 9311028
16572168 9311028
16569577 9311035
16570801 9311035
16571316 9311035
16571414 9311035
16557084 9311039
16570803 9311041
16557365 9311048
16557369 9311048
16572238 9311055
16560803 9311060
16560866 9311060
16572181 9311060
16559240 9311065
16563064 9311065
16559231 9311067
16559648 9311067
16563074 9311069
16563075 9311069
16563066 9311072
16564369 9311074
16564370 9311074
16563891 9311091
16563907 9311091
16564126 9311091
16566098 9311091
16566099 9311091
16572089 9311091
16563910 9311098
16563911 9311098
16560991 9311100
16559206 9311101
16559207 9311103
16559208 9311103
16559355 9311106
16559372 9311106
16559379 9311106
16559851 9311106
16559411 9311109
16559412 9311109
16559903 9311109
16562101 9311109
16567106 9311109
16567107 9311109
16567116 9311109
16567117 9311109
16572219 9311109
16559354 9311110
16560754 9311111
16572065 9311111
16561915 9311114
16561586 9311118
16561778 9311118
16562232 9311118
16567612 9311118
16567613 9311118
16571931 9311118
16569890 9311124
16569891 9311124
16569892 9311124
16569888 9311129
16569889 9311129
16562496 9311133
16562499 9311133
16558081 9311156
16558255 9311156
16558427 9311156
16558455 9311156
16558085 9311162
16558088 9311162
16558265 9311162
16558509 9311162
16572054 9311162
16558101 9311168
16558259 9311168
16558270 9311168
16558423 9311168
16563928 9311168
16563929 9311168
16564143 9311168
16563835 9311171
16563836 9311171
16563939 9311173
16563940 9311173
16560836 9311177
16563419 9311177
16572116 9311177
16572123 9311177
16560612 9311181
16560613 9311181
16563744 9311185
16567132 9311189
16571921 9311193
16563856 9311199
16558113 9311209
16558117 9311209
16558294 9311209
16561819 9311209
16572013 9311209
16560476 9311214
16560904 9311214
16560907 9311214
16561496 9311214
16572222 9311214
16559406 9311216
16561471 9311216
16558789 9311220
16558783 9311227
16558786 9311227
16558788 9311227
16558791 9311227
16572774 9311227
16572775 9311227
16562256 9311231
16562258 9311231
16562259 9311231
16569318 9311234
16558142 9311237
16558147 9311237
16558153 9311237
16558410 9311237
16561243 9311243
16571989 9311243
16571990 9311243
16563755 9311245
16559846 9311252
16563484 9311252
16562077 9311253
16559254 9311259
16559831 9311259
16557725 9311263
16557836 9311263
16562726 9311263
16562727 9311263
16557722 9311264
16558806 9311272
16556918 9311289
16558807 9311289
16558875 9311289
16559041 9311289
16568504 9311289
16568505 9311289
16568513 9311289
16568740 9311289
16568741 9311289
16572377 9311289
16572402 9311289
16562938 9311296
16562939 9311296
16562941 9311296
16562942 9311296
16568129 9311296
16572347 9311296
16561651 9311302
16561700 9311303
16568620 9311303
16559033 9311304
16561475 9311304
16568622 9311305
16568624 9311305
16568626 9311306
16568628 9311306
16568629 9311306
16559031 9311307
16559032 9311308
16561673 9311309
16568782 9311309
16568783 9311309
16558573 9311310
16560501 9311312
16562983 9311326
16564653 9311326
16567544 9311326
16567545 9311326
16557783 9311335
16562682 9311335
16566428 9311335
16566429 9311335
16563683 9311336
16563684 9311336
16562679 9311344
16563694 9311344
16563702 9311344
16563715 9311344
16563718 9311344
16563721 9311344
16563724 9311344
16563729 9311344
16563759 9311344
16563760 9311344
16563765 9311344
16563769 9311344
16563770 9311344
16564599 9311344
16564744 9311344
16566382 9311344
16566383 9311344
16566408 9311344
16566409 9311344
16566418 9311344
16566420 9311344
16566421 9311344
16566626 9311344
16566627 9311344
16569445 9311344
16571951 9311344
16564409 9311347
16557109 9311348
16562721 9311350
16564296 9311350
16569346 9311350
16569347 9311350
16564587 9311353
16569225 9311354
16569227 9311354
16569228 9311354
16569229 9311354
16562622 9311355
16559331 9311356
16562670 9311357
16565580 9311358
16571997 9311358
16561018 9311366
16561027 9311366
16561035 9311366
16561043 9311366
16561045 9311366
16561046 9311366
16561047 9311366
16561048 9311366
16561049 9311366
16561086 9311366
16561141 9311366
16564729 9311366
16566574 9311366
16566575 9311366
16566834 9311366
16566835 9311366
16559305 9311367
16562691 9311374
16558041 9311379
16558043 9311379
16558230 9311379
16558398 9311379
16558451 9311379
16561771 9311379
16564328 9311381
16564329 9311381
16564376 9311381
16564332 9311382
16562615 9311384
16562132 9311390
16564184 9311390
16564226 9311390
16564628 9311390
16567136 9311390
16567137 9311390
16569653 9311390
16571918 9311390
16565834 9311391
16565835 9311391
16562432 9311392
16562433 9311392
16562731 9311393
16562725 9311395
16562434 9311396
16563903 9311397
16564270 9311400
16564564 9311400
16560427 9311403
16572359 9311403
16562840 9311407
16572978 9311407
16569067 9311408
16571932 9311409
16558814 9311412
16558878 9311412
16562944 9311412
16562945 9311412
16568526 9311412
16568527 9311412
16559036 9311414
16559044 9311414
16559451 9311414
16572382 9311414
16571999 9311417
16558123 9311419
16571907 9311419
16559318 9311420
16559861 9311420
16559362 9311422
16559385 9311422
16559395 9311422
16559585 9311422
16559970 9311422
16558590 9311423
16558722 9311423
16562324 9311424
16562327 9311424
16562329 9311424
16562330 9311424
16572149 9311426
16562605 9311428
16562606 9311428
16560140 9311430
16560142 9311430
16560144 9311430
16560145 9311430
16560148 9311430
16560241 9311430
16567217 9311430
16567218 9311430
16567219 9311430
16572277 9311430
16561849 9311431
16557728 9311433
16557841 9311433
16557891 9311433
16562749 9311433
16562750 9311433
16562764 9311433
16565854 9311433
16565855 9311433
16572104 9311433
16573005 9311433
16557747 9311435
16558126 9311435
16558354 9311435
16561811 9311435
16573023 9311435
16562762 9311437
16562766 9311438
16559728 9311440
16561192 9311444
16558545 9311446
16563813 9311449
16563815 9311449
16563814 9311453
16564602 9311455
16559189 9311456
16559253 9311456
16559832 9311456
16563081 9311456
16564730 9311456
16567408 9311456
16567409 9311456
16559172 9311457
16569795 9311458
16569796 9311458
16569775 9311459
16559289 9311460
16559319 9311460
16559373 9311460
16558048 9311461
16560564 9311461
16560580 9311462
16559855 9311463
16566766 9311463
16566767 9311463
16572218 9311463
16560537 9311464
16566898 9311465
16566900 9311465
16566901 9311466
16562579 9311467
16562580 9311467
16557310 9311469
16557453 9311469
16572281 9311469
16558135 9311471
16558139 9311471
16558546 9311471
16558548 9311471
16558550 9311471
16563344 9311475
16563332 9311476
16563329 9311479
16562471 9311482
16559320 9311484
16564275 9311485
16564276 9311488
16564413 9311488
16563740 9311491
16563709 9311498
16563739 9311498
16563748 9311498
16566372 9311498
16566373 9311498
16557663 9311502
16560507 9311503
16560533 9311503
16563722 9311504
16560382 9311505
16560383 9311505
16560389 9311505
16560391 9311505
16560394 9311505
16560396 9311505
16560399 9311505
16560402 9311505
16560404 9311505
16560385 9311506
16560386 9311506
16560161 9311514
16560164 9311514
16560286 9311514
16560435 9311514
16560437 9311514
16561010 9311514
16561014 9311514
16561015 9311514
16561016 9311514
16561081 9311514
16561128 9311514
16561132 9311514
16561136 9311514
16561517 9311514
16572194 9311514
16572195 9311514
16572768 9311514
16559421 9311517
16559423 9311517
16559424 9311517
16559619 9311517
16559963 9311517
16564308 9311517
16572221 9311517
16572224 9311517
16563742 9311519
16563743 9311519
16566078 9311520
16566080 9311520
16566082 9311520
16566083 9311520
16566084 9311520
16566085 9311521
16563485 9311523
16562142 9311524
16562546 9311527
16562547 9311527
16562732 9311529
16559243 9311530
16572271 9311530
16562736 9311531
16562543 9311532
16562544 9311532
16559827 9311534
16559829 9311534
16559328 9311535
16559955 9311535
16560040 9311535
16558069 9311537
16559626 9311539
16563499 9311539
16567168 9311539
16567169 9311539
16559418 9311540
16569332 9311541
16563841 9311542
16563848 9311544
16563849 9311544
16558860 9311545
16569096 9311547
16572448 9311547
16572936 9311547
16562744 9311549
16562745 9311549
16562748 9311550
16564578 9311551
16559268 9311552
16557737 9311553
16566180 9311554
16566181 9311554
16569789 9311555
16563737 9311556
16564598 9311556
16569308 9311556
16558038 9311560
16558064 9311560
16558242 9311560
16569440 9311562
16560478 9311565
16560497 9311565
16562140 9311565
16562141 9311565
16559321 9311566
16559335 9311566
16559351 9311566
16562734 9311567
16562735 9311567
16557284 9311572
16557309 9311572
16557560 9311572
16557562 9311572
16557568 9311572
16562975 9311572
16562976 9311572
16562978 9311572
16562979 9311572
16564107 9311572
16557475 9311573
16563173 9311573
16563174 9311573
16563186 9311573
16563188 9311573
16563189 9311573
16572245 9311573
16564659 9311574
16564171 9311576
16562786 9311577
16562791 9311581
16569095 9311581
16570623 9311581
16570625 9311581
16571944 9311581
16571945 9311581
16564701 9311583
16569203 9311584
16569204 9311584
16562711 9311585
16562713 9311585
16562714 9311587
16562715 9311587
16557023 9311588
16557025 9311588
16557026 9311590
16565851 9311591
16572036 9311591
16560547 9311594
16560550 9311594
16560896 9311594
16560898 9311594
16563726 9311595
16566360 9311595
16566361 9311595
16571952 9311595
16559204 9311596
16559999 9311596
16561841 9311596
16563083 9311596
16563084 9311596
16559177 9311598
16559998 9311598
16559149 9311602
16559161 9311602
16559234 9311602
16559235 9311602
16559571 9311602
16559574 9311602
16559920 9311602
16559922 9311602
16559924 9311602
16563817 9311604
16563818 9311604
16563941 9311606
16563942 9311606
16557368 9311607
16557373 9311607
16557529 9311607
16557594 9311607
16557600 9311607
16558194 9311607
16558442 9311607
16558443 9311607
16566708 9311607
16566709 9311607
16567056 9311607
16567057 9311607
16572210 9311607
16557343 9311610
16557488 9311610
16562996 9311610
16562999 9311610
16563000 9311610
16567312 9311610
16567313 9311610
16557340 9311612
16561557 9311612
16561631 9311612
16562507 9311612
16562508 9311612
16563585 9311612
16563589 9311612
16563590 9311612
16563935 9311612
16563936 9311612
16557336 9311613
16557346 9311613
16557485 9311613
16557585 9311613
16567042 9311613
16567043 9311613
16567324 9311613
16567325 9311613
16572247 9311613
16557362 9311615
16557519 9311615
16557525 9311615
16564621 9311617
16565414 9311621
16565415 9311621
16558602 9311626
16558604 9311626
16558606 9311626
16558667 9311626
16558677 9311626
16565226 9311626
16565227 9311626
16571967 9311626
16569446 9311628
16563517 9311640
16563517 9534522
16572366 9311644
16562190 9311645
16560116 9311647
16560121 9311647
16563363 9311647
16563364 9311647
16563372 9311647
16563373 9311647
16571938 9311649
16559706 9311651
16560107 9311651
16560433 9311651
16567982 9311651
16567984 9311651
16567985 9311651
16567990 9311651
16567991 9311651
16572329 9311651
16559085 9311654
16559088 9311654
16559083 9311656
16559084 9311656
16559087 9311656
16559095 9311656
16559099 9311656
16559109 9311656
16559537 9311656
16562269 9311656
16562307 9311656
16562308 9311656
16572353 9311656
16559403 9311657
16572214 9311657
16563459 9533230
