23619068 9340693
23619068 9404830
23635912 9344604
23635912 9410463
23617812 9344774
23617812 9411643
23617812 9414051
23618001 9344774
23618001 9411643
23618001 9414051
23635913 9344774
23635913 9411643
23635913 9414051
23618578 9345827
23618578 9406657
23618705 9345827
23618705 9406657
23618795 9345827
23618795 9406657
23618797 9345827
23618797 9406657
23621436 9345827
23621436 9406657
23635203 9345827
23635203 9406657
23635204 9345827
23635204 9406657
23635885 9345827
23635885 9406657
23617830 9345861
23617830 9411643
23617831 9345861
23617831 9411643
23617832 9345861
23617832 9411643
23618003 9345861
23618003 9411643
23618004 9345861
23618004 9411643
23618005 9345861
23618005 9411643
23618145 9345861
23618145 9411643
23619009 9345861
23619009 9411643
23619058 9345861
23619058 9411643
23635886 9406657
23635887 9406657
66626548 112659084
66626548 88471309
66626548 88471315
66626548 9345738
66626549 112659084
66626549 88471309
66626549 88471315
66626549 9345738
66626033 112659118
66626033 9345378
66626033 9345387
66626375 112659118
66626375 9345378
66626375 9345387
66631556 112659118
66631556 9345387
66631723 112659118
66631723 9345387
66631724 112659118
66631724 9345387
66626650 112797351
66626650 9345368
66626903 112797351
66626903 9345368
66626916 112797351
66626916 9345368
66627306 112797351
66627306 9345368
66627393 112797351
66627393 9345368
66627486 112797351
66627486 9345368
66627491 112797351
66627491 9345368
66627553 112797351
66627553 9345368
66627561 112797351
66627561 9345368
66631310 112797351
66631310 9345368
66625815 164682761
66625815 9345489
66625817 164682761
66625817 9345489
66625819 164682761
66625819 9345489
66625821 164682761
66625821 9345489
66625823 164682761
66625823 9345489
66625825 164682761
66625825 9345489
66625827 164682761
66625827 9345489
66625829 164682761
66625829 9345489
66625830 164682761
66625830 9345489
66625851 164682761
66625851 9345489
66625104 24940208
66625104 9344929
66626560 88471321
66626560 9345135
66626563 88471321
66626563 9345135
66626580 88471326
66626580 9344694
66632250 88471330
66632250 88471333
66632250 9344636
66629801 9340506
66626351 9340507
66625469 9340518
66629194 9340518
66629195 9340528
66625867 9340534
66628157 9340537
66628736 9340537
66627900 9340540
66630614 9340548
66630123 9340552
66633097 9340552
66633098 9340552
66630125 9340554
66627211 9340555
66624996 9340557
66625016 9340564
66633543 9340566
66626642 9340568
66626655 9340568
66633374 9340573
66630087 9340584
66631226 9340584
66625225 9340587
66637481 9340626
66627942 9340632
66628167 9340632
66631138 9340635
66633077 9340649
66633078 9340649
66629618 9340652
66637218 9340661
66637632 9340661
66627194 9340664
66627199 9340668
66632481 9340668
66632482 9340668
66632483 9340668
66632484 9340668
66630442 9340672
66630443 9340672
66630444 9340677
66631229 9340679
66630449 9340684
66630450 9340684
66632645 9340689
66632646 9340689
66625568 9340693
66630510 9340694
66630513 9340699
66630516 9340701
66625870 9340704
66628688 9340704
66626467 9340706
66626856 9340706
66631071 9340708
66633670 9340712
66627986 9340741
66627990 9340741
66627998 9340741
66628114 9340741
66633671 9340747
66631074 9340750
66632769 9340759
66633672 9340759
66633674 9340759
66634949 9340759
66634950 9340759
66630290 9340761
66633673 9340765
66631077 9340770
66625501 9340772
66630295 9340774
66630298 9340774
66630299 9340774
66625888 9340781
66627336 9340781
66630296 9340782
66633678 9340785
66630297 9340788
66633679 9340792
66626280 9340801
66626284 9340801
66626387 9340801
66630144 9340801
66630397 9340801
66630398 9340801
66631438 9340801
66632205 9340801
66632206 9340801
66633101 9340801
66633102 9340801
66637782 9340801
66637783 9340801
66625507 9340804
66625508 9340804
66627962 9340811
66627971 9340811
66627972 9340819
66628208 9340819
66628209 9340819
66631349 9340830
66633107 9340830
66633108 9340830
66631146 9340832
66637773 9340834
66627405 9340837
66637776 9340840
66637203 9340843
66637204 9340843
66626131 9340847
66632081 9340847
66632082 9340847
66627181 9340850
66627182 9340853
66627183 9340857
66626135 9340865
66631210 9340868
66626136 9340895
66626299 9340895
66626139 9340909
66630431 9340913
66630434 9340914
66630437 9340917
66630438 9340917
66630439 9340919
66631765 9340922
66631850 9340922
66632639 9340925
66633590 9340935
66633591 9340935
66636923 9340935
66627349 9340946
66633592 9340946
66633593 9340946
66633594 9340946
66633598 9340946
66633596 9340950
66633597 9340950
66633599 9340958
66633601 9340958
66633603 9340958
66633605 9340958
66633608 9340958
66626462 9340962
66626843 9340962
66630507 9340966
66627893 9340971
66627639 9341014
66632707 9341014
66632708 9341014
66633660 9341030
66633661 9341030
66633664 9341030
66631062 9341033
66633662 9341059
66633665 9341059
66633663 9341063
66630280 9341066
66631065 9341071
66627992 9341116
66628108 9341116
66628164 9341116
66628235 9341116
66628238 9341116
66629266 9341116
66631068 9341120
66633666 9341142
66633667 9341142
66627186 9341148
66632479 9341148
66632480 9341148
66630285 9341151
66633191 9341181
66633668 9341181
66633669 9341197
66632487 9341209
66632488 9341209
66626051 9341212
66627966 9341230
66627974 9341230
66628171 9341230
66625065 9341242
66625271 9341242
66631135 9341246
66630351 9341256
66630354 9341263
66626698 9341273
66626702 9341273
66632448 9341273
66626124 9341277
66626126 9341278
66627175 9341286
66627177 9341289
66625345 9341300
66637547 9341300
66630422 9341307
66630425 9341311
66630428 9341314
66633567 9341362
66633580 9341362
66633585 9341362
66633589 9341362
66627864 9341389
66627885 9341389
66628024 9341389
66633581 9341396
66633582 9341396
66633587 9341396
66628514 9341409
66632503 9341409
66634368 9341409
66633575 9341424
66633583 9341424
66633574 9341437
66633578 9341437
66633584 9341437
66633588 9341437
66634928 9341437
66634929 9341437
66627242 9341459
66633577 9341465
66633586 9341465
66627244 9341472
66627246 9341475
66627248 9341478
66627249 9341483
66631050 9341486
66633651 9341495
66633652 9341506
66633653 9341543
66636015 9341543
66636016 9341543
66630271 9341548
66633654 9341551
66633655 9341560
66630274 9341562
66633656 9341569
66631059 9341572
66633657 9341609
66636019 9341609
66636020 9341609
66633658 9341612
66630277 9341614
66633659 9341620
66637644 9341651
66637689 9341651
66637704 9341651
66628415 9341657
66628739 9341657
66627956 9341709
66626045 9341724
66626252 9341724
66626048 9341728
66627051 9341789
66627053 9341789
66627057 9341789
66627064 9341789
66627066 9341789
66627068 9341789
66627070 9341789
66627072 9341789
66627185 9341789
66627198 9341789
66628481 9341789
66628484 9341789
66628486 9341789
66628515 9341789
66628517 9341789
66628519 9341789
66628521 9341789
66628523 9341789
66629293 9341789
66632469 9341789
66632470 9341789
66632921 9341789
66632922 9341789
66632981 9341789
66632982 9341789
66634289 9341789
66634290 9341789
66637494 9341789
66630340 9341794
66630341 9341795
66626686 9341810
66626112 9341818
66627161 9341822
66627162 9341822
66630985 9341826
66627164 9341831
66626116 9341845
66630412 9341849
66630415 9341856
66630419 9341856
66627869 9341880
66628014 9341880
66633572 9341888
66633573 9341892
66626708 9341895
66627232 9341895
66633576 9341898
66627234 9341903
66627236 9341908
66633579 9341911
66631040 9341914
66633640 9341917
66633641 9341923
66631043 9341927
66625185 9341944
66633642 9341949
66631044 9341953
66633643 9341969
66633645 9341969
66633644 9341974
66631047 9341978
66625189 9341992
66631895 9341992
66631896 9341992
66633646 9342003
66632517 9342014
66633647 9342014
66633648 9342014
66633649 9342018
66626030 9342021
66626031 9342021
66627075 9342026
66627077 9342026
66627080 9342026
66627083 9342026
66629334 9342026
66630735 9342026
66631481 9342026
66631111 9342031
66626038 9342036
66633634 9342042
66637199 9342042
66637741 9342042
66631114 9342049
66631117 9342055
66626672 9342061
66627006 9342061
66630337 9342063
66625890 9342070
66633490 9342108
66633491 9342108
66633499 9342108
66633492 9342119
66633496 9342127
66633497 9342133
66627157 9342138
66627159 9342141
66630399 9342144
66630400 9342144
66626740 9342150
66626741 9342150
66626744 9342150
66630403 9342151
66630406 9342154
66630409 9342158
66627795 9342159
66626747 9342162
66629991 9342164
66627699 9342179
66627798 9342179
66627799 9342179
66629995 9342183
66633556 9342192
66633560 9342192
66633561 9342196
66633554 9342204
66633562 9342204
66633566 9342204
66629998 9342208
66633565 9342215
66634926 9342215
66634927 9342215
66627223 9342218
66627225 9342222
66633687 9342256
66633695 9342256
66634957 9342256
66634981 9342256
66631031 9342259
66633630 9342269
66625174 9342284
66631570 9342284
66633467 9342284
66633631 9342291
66631034 9342295
66625177 9342337
66633623 9342364
66633633 9342364
66631037 9342369
66633637 9342378
66636888 9342384
66627933 9342398
66627937 9342400
66631102 9342403
66633700 9342411
66633701 9342411
66633702 9342421
66631105 9342424
66633703 9342428
66631108 9342430
66633706 9342433
66629279 9342436
66630017 9342436
66630018 9342436
66625882 9342438
66625884 9342440
66625886 9342443
66625699 9342445
66625889 9342445
66633485 9342458
66625115 9342460
66625310 9342460
66633486 9342464
66633488 9342474
66633489 9342474
66625318 9342481
66625928 9342484
66625952 9342484
66626738 9342486
66625083 9342494
66625085 9342494
66625091 9342494
66629985 9342500
66633551 9342511
66633559 9342511
66633563 9342511
66633545 9342518
66633552 9342518
66636004 9342518
66636005 9342518
66629988 9342519
66633555 9342522
66630172 9342523
66633557 9342527
66630175 9342529
66634970 9342539
66634971 9342539
66630178 9342541
66628120 9342547
66631467 9342547
66634972 9342547
66627852 9342549
66631021 9342553
66631023 9342553
66631024 9342553
66633620 9342557
66629192 9342560
66633622 9342565
66631025 9342567
66625167 9342573
66633624 9342580
66633626 9342583
66631028 9342586
66627984 9342595
66632781 9342595
66634185 9342595
66634618 9342595
66634619 9342595
66625235 9342603
66627348 9342610
66627569 9342610
66628485 9342610
66632518 9342614
66625686 9342621
66625879 9342621
66630092 9342623
66625205 9342626
66630085 9342626
66630093 9342626
66629973 9342629
66629976 9342630
66625084 9342633
66629113 9342635
66629977 9342635
66630160 9342637
66633544 9342651
66627203 9342653
66630163 9342656
66633546 9342665
66633547 9342668
66634960 9342675
66634961 9342675
66634962 9342675
66627209 9342680
66630169 9342683
66633694 9342745
66634965 9342745
66634966 9342745
66627840 9342772
66627844 9342796
66633610 9342802
66633611 9342802
66630231 9342804
66631016 9342809
66625158 9342820
66633614 9342823
66630234 9342826
66633617 9342840
66633619 9342840
66633618 9342846
66630239 9342848
66633391 9342851
66626001 9342853
66626002 9342855
66627917 9342884
66627921 9342884
66630035 9342884
66631296 9342884
66633193 9342884
66633194 9342884
66630300 9342888
66629257 9342896
66629891 9342901
66629894 9342908
66625868 9342913
66628691 9342913
66629897 9342915
66631567 9342920
66633466 9342920
66625930 9342922
66629960 9342923
66626719 9342929
66633530 9342936
66633531 9342936
66633532 9342944
66634921 9342962
66634922 9342962
66637560 9342962
66633533 9342968
66633535 9342968
66633537 9342968
66625077 9342974
66630151 9342976
66625078 9342979
66625496 9342979
66633534 9342981
66633536 9342985
66630154 9342986
66633538 9342989
66626493 9342994
66634953 9343007
66634954 9343007
66636788 9343012
66627832 9343020
66630346 9343032
66633115 9343032
66634099 9343032
66634100 9343032
66629171 9343036
66633600 9343051
66633606 9343051
66633607 9343051
66631003 9343056
66633602 9343057
66631004 9343060
66625147 9343063
66628391 9343066
66628393 9343066
66633604 9343069
66631008 9343070
66628395 9343072
66630225 9343074
66628397 9343077
66630228 9343078
66629240 9343098
66633388 9343103
66636010 9343123
66636011 9343123
66636012 9343123
66637708 9343123
66625852 9343128
66633372 9343128
66637552 9343128
66629882 9343132
66629883 9343132
66625818 9343146
66625858 9343146
66629888 9343151
66625859 9343158
66626707 9343161
66629954 9343164
66629955 9343164
66629091 9343166
66629956 9343168
66633520 9343185
66633521 9343185
66634906 9343185
66634907 9343185
66633522 9343190
66630141 9343192
66633523 9343203
66633524 9343203
66633525 9343203
66628885 9343207
66637553 9343207
66629959 9343208
66637554 9343215
66633526 9343220
66633168 9343225
66633527 9343225
66630146 9343228
66630147 9343228
66634942 9343242
66634943 9343242
66634945 9343247
66634946 9343247
66634947 9343260
66634948 9343260
66636813 9343260
66636814 9343260
66637036 9343260
66625135 9343264
66625136 9343268
66628380 9343272
66625138 9343281
66631763 9343281
66634572 9343281
66628381 9343285
66630212 9343288
66630215 9343290
66628385 9343293
66628386 9343302
66628387 9343302
66629625 9343307
66631632 9343307
66633373 9343310
66625200 9343318
66625201 9343322
66626257 9343325
66632191 9343325
66632192 9343325
66632193 9343325
66632194 9343325
66627616 9343337
66627665 9343337
66627673 9343337
66629864 9343337
66629865 9343337
66625842 9343340
66629874 9343342
66629877 9343345
66630063 9343346
66627644 9343353
66627645 9343353
66627718 9343353
66627740 9343353
66627838 9343353
66631486 9343355
66627646 9343375
66627728 9343375
66627744 9343375
66625911 9343384
66629940 9343388
66629943 9343390
66633507 9343398
66633510 9343398
66633511 9343402
66633512 9343404
66633513 9343405
66630131 9343409
66630132 9343409
66625059 9343411
66633516 9343413
66633517 9343413
66633518 9343416
66630135 9343422
66633519 9343428
66634930 9343432
66634931 9343432
66637548 9343437
66626475 9343446
66633065 9343446
66633066 9343446
66633361 9343453
66634932 9343453
66630139 9343461
66631094 9343461
66634935 9343467
66634936 9343467
66627811 9343471
66633298 9343477
66633299 9343486
66632977 9343489
66632978 9343489
66625533 9343493
66629155 9343493
66630206 9343502
66630209 9343505
66632865 9343520
66636836 9343520
66636838 9343520
66636837 9343524
66629860 9343527
66629863 9343530
66629866 9343532
66630052 9343535
66630059 9343541
66627431 9343564
66628518 9343564
66637598 9343564
66629931 9343568
66627737 9343578
66627808 9343578
66627810 9343578
66627826 9343578
66629934 9343580
66633502 9343584
66633503 9343609
66634904 9343609
66634905 9343609
66630122 9343611
66633504 9343616
66627906 9343638
66627914 9343638
66632765 9343638
66632766 9343638
66633253 9343638
66636750 9343638
66633508 9343641
66633509 9343644
66634919 9343658
66634920 9343658
66634923 9343665
66634924 9343665
66634925 9343665
66627801 9343666
66627804 9343666
66627805 9343668
66627809 9343670
66627584 9343672
66633350 9343675
66636808 9343675
66633351 9343679
66633352 9343683
66631390 9343685
66631391 9343685
66631393 9343685
66631398 9343685
66631399 9343685
66628435 9343687
66631396 9343690
66631397 9343690
66626606 9343691
66629854 9343692
66629857 9343694
66630040 9343696
66633425 9343699
66630043 9343701
66626382 9343705
66628697 9343705
66630046 9343706
66626386 9343707
66630049 9343709
66626443 9343710
66632247 9343710
66632248 9343710
66631465 9343711
66629922 9343712
66630678 9343713
66630686 9343713
66630805 9343713
66631291 9343713
66629925 9343714
66630116 9343716
66630119 9343717
66634913 9343718
66634914 9343718
66634915 9343719
66634916 9343719
66630750 9343720
66630751 9343720
66632953 9343721
66632954 9343721
66625106 9343722
66625109 9343723
66624960 9343724
66624961 9343724
66628990 9343725
66629679 9343727
66629680 9343727
66630816 9343727
66630818 9343727
66630820 9343727
66631128 9343727
66631373 9343727
66629777 9343728
66628999 9343729
66633348 9343734
66633349 9343736
66631382 9343737
66628426 9343738
66631313 9343738
66631387 9343740
66629842 9343741
66630029 9343743
66630030 9343743
66630034 9343744
66626371 9343745
66626093 9343746
66626373 9343746
66630037 9343748
66626376 9343749
66633192 9343750
66630675 9343751
66625021 9343752
66629916 9343753
66630102 9343754
66634900 9343755
66634901 9343755
66628278 9343757
66632761 9343757
66633791 9343757
66633792 9343757
66626445 9343759
66629690 9343761
66624884 9343762
66629697 9343763
66632087 9343766
66632088 9343766
66627560 9343767
66627562 9343768
66627564 9343769
66629760 9343770
66627566 9343771
66624950 9343772
66629764 9343773
66629767 9343773
66629768 9343773
66631248 9343773
66629766 9343774
66630812 9343775
66629769 9343776
66624957 9343777
66626289 9343779
66626291 9343779
66626301 9343779
66626305 9343779
66627741 9343779
66627743 9343779
66627751 9343779
66627753 9343779
66627755 9343779
66627757 9343779
66627759 9343779
66627761 9343779
66627767 9343779
66627834 9343779
66628479 9343779
66628724 9343779
66629211 9343779
66632217 9343779
66632218 9343779
66632219 9343779
66632220 9343779
66632730 9343779
66632731 9343779
66632732 9343779
66632737 9343779
66637492 9343779
66637508 9343779
66637509 9343779
66630819 9343780
66628411 9343781
66628412 9343781
66631370 9343782
66626293 9343783
66626298 9343783
66626310 9343783
66626392 9343783
66626397 9343783
66632215 9343783
66632216 9343783
66637501 9343783
66628414 9343785
66633685 9343785
66627630 9343786
66629830 9343787
66629833 9343788
66627638 9343789
66629836 9343790
66628191 9343791
66630024 9343792
66628194 9343793
66626361 9343794
66632221 9343795
66632222 9343795
66626363 9343796
66626367 9343797
66631441 9343798
66629905 9343800
66629908 9343801
66629681 9343803
66629683 9343803
66633063 9343803
66633064 9343803
66629687 9343804
66629110 9343805
66624878 9343806
66628287 9343808
66628332 9343808
66629957 9343808
66633085 9343808
66633086 9343808
66627552 9343809
66629751 9343810
66628971 9343812
66631339 9343812
66629757 9343813
66624944 9343815
66630809 9343818
66628402 9343820
66627620 9343825
66630581 9343828
66631998 9343836
66633493 9343836
66633498 9343836
66633505 9343836
66633506 9343836
66636002 9343836
66627626 9343838
66629822 9343839
66636006 9343841
66636007 9343841
66629825 9343842
66630011 9343843
66630014 9343844
66626352 9343845
66626353 9343846
66626355 9343847
66630019 9343848
66626356 9343849
66625000 9343851
66625004 9343852
66628255 9343858
66629673 9343860
66629674 9343860
66629102 9343862
66628320 9343864
66627020 9343873
66627022 9343873
66627024 9343873
66627040 9343873
66627045 9343873
66627524 9343873
66627534 9343873
66627536 9343873
66627537 9343873
66627546 9343873
66629332 9343873
66632453 9343873
66632454 9343873
66632455 9343873
66632456 9343873
66632615 9343873
66632616 9343873
66632617 9343873
66632618 9343873
66632621 9343873
66632987 9343873
66632988 9343873
66637180 9343873
66637181 9343873
66637485 9343873
66637487 9343873
66637489 9343873
66637510 9343873
66629741 9343875
66627547 9343879
66627548 9343879
66628952 9343881
66628960 9343881
66624932 9343882
66629748 9343884
66624936 9343885
66633314 9343887
66628965 9343888
66624938 9343889
66625493 9343891
66630570 9343893
66630571 9343893
66625497 9343894
66627613 9343899
66625498 9343902
66632771 9343909
66632772 9343909
66625893 9343911
66629814 9343911
66629816 9343911
66632773 9343914
66633681 9343914
66633682 9343914
66630578 9343916
66632775 9343923
66632776 9343923
66630001 9343925
66628169 9343926
66628170 9343926
66629819 9343927
66628173 9343928
66628174 9343928
66630004 9343929
66625600 9343930
66631997 9343930
66628177 9343931
66628178 9343931
66637418 9343932
66625560 9343933
66628179 9343934
66625562 9343935
66626349 9343937
66633167 9343940
66629020 9343941
66625630 9343943
66629660 9343944
66629661 9343944
66629662 9343945
66629666 9343947
66629667 9343949
66628882 9343951
66628310 9343954
66630492 9343955
66629730 9343956
66630495 9343957
66629733 9343958
66624924 9343960
66629738 9343961
66628926 9343964
66631344 9343964
66630539 9343966
66630559 9343966
66630560 9343966
66631345 9343967
66630555 9343971
66630558 9343971
66630561 9343971
66630564 9343973
66630566 9343975
66630569 9343977
66632767 9343985
66632768 9343985
66628163 9343987
66628165 9343989
66628168 9343991
66627385 9343996
66631411 9343997
66633149 9343999
66633150 9343999
66637182 9344004
66637183 9344004
66637184 9344005
66630639 9344006
66629016 9344008
66627997 9344011
66628231 9344011
66629018 9344012
66628875 9344013
66628303 9344014
66628304 9344017
66630479 9344018
66630480 9344018
66627523 9344021
66629721 9344022
66629722 9344022
66629723 9344022
66630486 9344023
66629726 9344025
66629727 9344025
66630489 9344027
66624917 9344028
66628948 9344030
66631331 9344032
66630523 9344036
66630535 9344036
66630551 9344036
66630552 9344036
66628150 9344039
66628152 9344043
66625141 9344045
66625539 9344045
66625540 9344045
66637546 9344045
66625547 9344046
66630622 9344048
66633147 9344050
66633148 9344050
66628223 9344055
66627995 9344059
66628227 9344059
66628229 9344060
66625612 9344061
66625615 9344064
66631233 9344064
66629644 9344065
66628860 9344066
66625617 9344067
66628861 9344068
66629647 9344069
66628865 9344070
66630471 9344071
66631257 9344073
66630474 9344075
66625463 9344076
66633061 9344077
66633062 9344077
66624685 9344078
66631963 9344079
66631964 9344079
66631965 9344080
66631966 9344080
66625529 9344082
66625530 9344082
66625538 9344085
66630615 9344086
66626090 9344088
66626096 9344090
66626097 9344091
66630390 9344093
66630392 9344093
66630394 9344093
66629637 9344094
66631245 9344096
66629700 9344097
66630464 9344098
66633119 9344098
66633120 9344098
66630465 9344099
66630468 9344100
66630531 9344101
66633057 9344104
66633058 9344104
66631092 9344106
66633691 9344109
66631097 9344111
66633696 9344114
66633699 9344114
66631098 9344115
66633697 9344117
66625523 9344118
66625524 9344118
66627356 9344119
66633698 9344122
66627359 9344123
66627999 9344124
66626088 9344126
66628203 9344127
66628206 9344127
66637792 9344128
66637793 9344128
66630385 9344129
66637797 9344130
66629628 9344131
66631232 9344133
66630453 9344135
66624599 9344137
66631300 9344139
66631302 9344142
66631303 9344144
66631080 9344145
66633680 9344150
66633684 9344150
66633683 9344151
66625510 9344153
66627988 9344157
66627989 9344157
66628126 9344157
66628129 9344157
66633686 9344160
66631089 9344162
66625514 9344163
66633688 9344166
66625516 9344167
66627980 9344169
66637144 9344170
66633117 9344171
66633118 9344171
66637784 9344172
66637785 9344172
66637786 9344173
66637787 9344173
66637788 9344174
66626334 9344175
66626073 9344176
66626075 9344176
66626451 9344176
66631354 9344176
66628888 9344177
66630644 9344177
66637564 9344177
66633190 9344178
66626403 9344180
66626410 9344180
66626761 9344180
66632241 9344180
66632242 9344180
66625198 9344180
66625198 9344970
66625199 9344180
66625199 9344970
66625238 9344180
66625238 9344970
66625536 9344180
66625536 9344970
66625558 9344180
66625558 9344970
66625559 9344180
66625559 9344970
66629175 9344180
66629175 9344970
66629731 9344180
66629731 9344970
66631228 9344180
66631228 9344970
66631781 9344180
66631781 9344970
66631782 9344180
66631782 9344970
66626427 9344180
66626427 9344979
66626812 9344180
66626812 9344979
66637586 9344180
66637586 9344979
66631691 9344183
66634174 9344183
66634566 9344183
66634567 9344183
66626076 9344184
66626333 9344185
66631252 9344185
66630105 9344187
66633487 9344188
66625144 9344194
66627954 9344197
66628185 9344197
66629101 9344197
66629276 9344197
66629632 9344199
66629633 9344199
66627964 9344203
66628143 9344203
66628439 9344203
66632777 9344203
66632778 9344203
66627554 9344204
66632947 9344210
66632948 9344210
66626551 9344212
66625581 9344217
66629913 9344221
66631278 9344227
66627133 9344228
66626520 9344229
66626528 9344229
66627263 9344229
66629080 9344230
66631309 9344232
66626230 9344234
66629104 9344235
66630998 9344240
66633220 9344240
66630157 9344243
66631400 9344245
66628794 9344248
66628970 9344248
66624965 9344251
66624966 9344251
66624967 9344252
66629149 9344255
66630075 9344256
66625649 9344258
66625651 9344258
66625653 9344258
66625656 9344258
66625833 9344258
66625898 9344258
66625960 9344258
66628887 9344258
66628262 9344259
66628375 9344259
66637465 9344259
66624915 9344286
66624919 9344286
66626678 9344289
66625190 9344292
66631041 9344292
66631042 9344292
66624594 9344299
66625042 9344299
66625064 9344299
66625075 9344299
66625095 9344299
66625117 9344299
66625505 9344299
66625521 9344299
66625589 9344299
66625602 9344299
66625850 9344299
66629174 9344299
66631017 9344299
66631018 9344299
66631239 9344299
66633233 9344299
66633234 9344299
66625684 9344309
66625698 9344309
66625786 9344309
66625791 9344309
66625881 9344309
66625885 9344309
66625887 9344309
66629831 9344309
66629832 9344309
66630625 9344309
66631969 9344309
66631970 9344309
66631973 9344309
66631974 9344309
66625608 9344313
66625609 9344313
66625611 9344313
66625613 9344313
66625623 9344313
66625824 9344313
66629736 9344313
66629737 9344313
66629739 9344313
66629740 9344313
66630808 9344313
66630810 9344313
66630811 9344313
66633195 9344317
66633196 9344320
66627951 9344324
66627953 9344324
66627959 9344324
66627960 9344324
66627965 9344324
66628175 9344324
66628182 9344324
66628731 9344324
66629635 9344324
66629918 9344324
66627850 9344327
66628197 9344327
66628198 9344327
66630009 9344327
66630020 9344327
66630021 9344327
66627912 9344329
66627912 9344337
66627916 9344329
66627916 9344337
66627922 9344329
66627922 9344337
66628193 9344329
66628193 9344337
66630032 9344329
66630032 9344337
66630033 9344329
66630033 9344337
66626733 9344334
66626736 9344334
66626743 9344334
66626971 9344334
66628146 9344334
66630100 9344334
66630103 9344334
66630106 9344334
66630109 9344334
66630110 9344334
66630112 9344334
66630114 9344334
66630117 9344334
66633340 9344335
66628246 9344336
66628964 9344336
66628968 9344336
66633059 9344336
66633060 9344336
66627938 9344337
66629629 9344337
66629630 9344337
66626006 9344338
66626316 9344341
66628824 9344342
66633570 9344344
66629059 9344345
66627657 9344354
66628803 9344357
66629035 9344357
66624774 9344360
66631717 9344360
66636712 9344360
66627174 9344363
66627381 9344364
66632059 9344367
66632060 9344367
66630323 9344368
66625657 9344371
66625660 9344371
66625664 9344371
66625962 9344371
66631650 9344371
66637612 9344371
66625778 9344375
66631977 9344375
66631978 9344375
66625835 9344380
66626594 9344384
66624596 9344385
66624949 9344386
66628878 9344387
66628988 9344387
66631327 9344389
66628812 9344390
66629044 9344390
66633621 9344393
66629185 9344395
66630056 9344395
66630057 9344395
66631757 9344398
66631758 9344398
66624995 9344404
66624997 9344404
66630568 9344404
66625005 9344405
66629353 9344405
66628790 9344407
66631383 9344421
66632065 9344421
66632066 9344421
66630246 9344424
66626057 9344438
66626066 9344438
66626072 9344438
66630142 9344438
66630143 9344438
66633177 9344443
66633541 9344443
66633548 9344443
66633549 9344443
66630158 9344447
66630159 9344447
66625683 9344448
66626106 9344462
66626108 9344462
66626109 9344462
66626114 9344462
66626370 9344462
66626616 9344462
66626907 9344462
66631274 9344462
66632147 9344462
66632148 9344462
66632209 9344462
66632210 9344462
66626892 9344471
66627375 9344471
66627377 9344471
66627458 9344471
66627464 9344471
66627555 9344471
66627570 9344471
66629587 9344471
66632387 9344471
66632388 9344471
66632509 9344471
66632511 9344471
66632512 9344471
66632548 9344471
66632643 9344471
66633083 9344471
66633084 9344471
66633151 9344471
66633152 9344471
66633628 9344471
66633629 9344471
66625046 9344474
66625055 9344474
66631423 9344474
66625155 9344477
66625164 9344477
66625375 9344477
66626644 9344480
66629696 9344480
66626934 9344481
66632259 9344481
66632260 9344481
66628984 9344487
66633343 9344490
66625632 9344493
66625643 9344493
66630802 9344494
66630803 9344494
66630241 9344495
66630244 9344495
66630245 9344495
66624707 9344500
66624754 9344500
66624776 9344500
66624782 9344500
66624937 9344500
66624953 9344500
66624954 9344500
66624956 9344500
66625995 9344500
66626366 9344500
66630127 9344500
66630128 9344500
66630517 9344500
66630518 9344500
66631073 9344500
66631075 9344500
66631076 9344500
66631436 9344500
66626011 9344500
66626011 9344504
66626278 9344500
66626278 9344504
66626010 9344500
66626010 9346117
66625129 9344512
66625283 9344512
66628791 9344513
66628938 9344513
66627149 9344514
66627262 9344514
66627126 9344515
66626705 9344520
66626709 9344520
66627096 9344520
66627245 9344520
66628290 9344520
66628292 9344520
66628300 9344520
66628308 9344520
66628876 9344520
66628928 9344520
66629007 9344520
66629875 9344520
66629876 9344520
66629878 9344520
66629879 9344520
66629987 9344520
66629989 9344520
66629990 9344520
66630227 9344520
66630230 9344520
66630232 9344520
66630233 9344520
66630585 9344520
66633129 9344520
66633130 9344520
66629903 9344523
66629904 9344523
66626502 9344524
66626715 9344528
66630583 9344528
66632261 9344538
66636806 9344538
66636807 9344538
66625747 9344547
66629446 9344547
66631234 9344547
66634908 9344547
66626561 9344548
66626578 9344548
66627129 9344548
66625622 9344560
66625758 9344560
66625822 9344560
66625561 9344568
66625678 9344568
66629752 9344568
66631100 9344568
66631101 9344568
66631775 9344568
66631939 9344568
66634025 9344568
66633553 9344569
66627891 9344570
66627896 9344570
66627931 9344572
66628139 9344572
66628189 9344572
66628190 9344572
66627345 9344576
66630598 9344577
66629937 9344579
66629965 9344581
66630327 9344586
66630328 9344586
66628856 9344587
66631289 9344589
66628192 9344590
66630005 9344592
66632770 9344592
66629797 9344599
66624584 9344600
66624590 9344600
66624612 9344600
66624578 9344602
66627124 9344603
66627127 9344603
66627145 9344603
66625637 9344605
66632050 9344609
66628311 9344611
66628345 9344611
66628390 9344611
66628392 9344611
66628394 9344611
66628389 9344613
66629928 9344614
66631087 9344616
66631088 9344616
66627551 9344620
66629039 9344622
66629041 9344622
66629043 9344622
66629045 9344622
66630161 9344622
66630162 9344622
66626750 9344624
66627325 9344624
66629238 9344624
66629601 9344624
66633215 9344624
66633216 9344624
66626024 9344626
66625537 9344629
66627847 9344630
66630176 9344632
66630177 9344632
66626574 9344633
66626988 9344633
66630278 9344633
66630279 9344633
66632257 9344633
66626565 9344638
66633312 9344639
66626681 9344641
66628830 9344643
66629087 9344643
66630780 9344645
66630781 9344645
66630782 9344647
66630783 9344647
66624712 9344649
66624975 9344650
66627136 9344652
66637561 9344652
66626494 9344653
66626495 9344653
66626500 9344653
66631154 9344655
66631155 9344655
66629011 9344656
66627104 9344658
66626553 9344659
66628894 9344660
66629706 9344660
66629707 9344661
66629517 9344663
66629518 9344663
66630283 9344663
66630284 9344663
66626504 9344664
66626509 9344664
66629950 9344666
66627213 9344667
66627214 9344668
66627270 9344669
66629200 9344671
66630309 9344675
66630310 9344675
66636794 9344678
66633539 9344679
66628827 9344681
66631260 9344685
66626514 9344686
66625661 9344687
66629075 9344689
66630335 9344692
66630336 9344692
66625636 9344696
66625650 9344696
66628987 9344697
66628800 9344699
66627241 9344700
66632993 9344703
66632994 9344703
66630302 9344705
66630770 9344707
66630312 9344711
66630774 9344712
66630775 9344712
66624861 9344715
66628855 9344717
66628240 9344720
66629646 9344722
66628186 9344723
66629634 9344724
66626472 9344725
66629691 9344726
66626614 9344727
66631221 9344732
66632513 9344735
66632514 9344735
66626206 9344744
66625051 9344745
66625057 9344745
66625633 9344746
66629926 9344747
66629927 9344747
66626654 9344750
66629105 9344750
66630671 9344750
66633133 9344750
66633134 9344750
66628781 9344753
66629033 9344753
66626592 9344755
66630413 9344759
66630416 9344759
66630426 9344759
66630429 9344759
66630432 9344759
66630433 9344759
66630440 9344759
66630441 9344759
66631006 9344759
66631014 9344759
66631015 9344759
66627889 9344761
66627897 9344761
66628042 9344761
66628133 9344761
66629907 9344761
66629941 9344761
66629942 9344761
66631133 9344761
66631134 9344761
66632759 9344761
66632760 9344761
66632763 9344761
66632764 9344761
66631084 9344762
66631085 9344762
66630628 9344763
66626559 9344764
66631480 9344764
66632255 9344764
66632256 9344764
66626535 9344765
66626517 9344766
66626526 9344766
66627384 9344768
66627556 9344768
66627559 9344768
66629951 9344768
66629952 9344768
66627571 9344769
66630072 9344770
66629083 9344773
66626044 9344783
66629636 9344785
66630166 9344786
66625076 9344790
66625256 9344790
66625511 9344790
66630352 9344790
66630353 9344790
66625203 9344797
66625211 9344797
66625213 9344797
66625229 9344797
66629997 9344797
66630091 9344797
66631036 9344797
66631038 9344797
66631039 9344797
66631639 9344797
66627618 9344802
66627624 9344802
66627629 9344802
66627684 9344802
66632663 9344802
66632693 9344802
66632694 9344802
66633676 9344802
66633677 9344802
66626226 9344821
66626247 9344821
66626300 9344821
66626304 9344821
66626381 9344821
66627600 9344821
66627609 9344821
66627614 9344821
66632079 9344821
66632080 9344821
66632085 9344821
66632086 9344821
66632687 9344821
66632733 9344821
66632734 9344821
66633766 9344821
66633767 9344821
66626623 9344823
66626506 9344825
66626508 9344825
66629073 9344826
66626602 9344827
66626065 9344828
66631009 9344830
66631412 9344830
66626622 9344831
66628884 9344831
66628921 9344831
66637565 9344831
66628883 9344834
66629220 9344834
66626597 9344840
66626883 9344840
66628918 9344840
66631130 9344840
66631131 9344840
66624579 9344842
66625883 9344853
66628752 9344853
66629820 9344853
66631431 9344853
66628853 9344855
66629088 9344855
66629800 9344855
66626583 9344856
66626587 9344856
66626590 9344856
66626996 9344856
66629079 9344859
66632967 9344859
66632968 9344859
66637556 9344859
66624790 9344860
66624987 9344861
66630190 9344862
66625173 9344867
66625191 9344867
66625196 9344867
66625541 9344867
66631771 9344867
66631910 9344867
66626499 9344868
66629885 9344871
66629886 9344871
66629887 9344871
66632867 9344871
66632868 9344871
66628305 9344872
66626015 9344874
66631658 9344876
66633339 9344876
66631305 9344878
66633075 9344880
66634008 9344880
66634009 9344880
66637587 9344881
66626054 9344883
66625894 9344884
66625896 9344884
66625897 9344884
66628821 9344885
66629057 9344885
66626545 9344886
66626567 9344886
66626986 9344886
66633131 9344887
66633132 9344887
66626636 9344888
66629564 9344888
66630590 9344888
66630070 9344890
66630073 9344890
66630074 9344890
66631583 9344892
66636811 9344892
66636812 9344892
66627122 9344895
66626434 9344907
66632477 9344907
66634412 9344907
66629967 9344909
66629963 9344911
66629969 9344911
66633089 9344911
66633090 9344911
66626503 9344913
66635243 9344919
66635244 9344919
66626147 9344921
66630572 9344924
66630574 9344924
66629851 9344930
66630251 9344931
66625074 9344932
66628277 9344935
66628286 9344935
66628289 9344935
66628383 9344935
66628396 9344935
66631032 9344936
66631033 9344936
66630197 9344942
66630361 9344942
66630379 9344942
66630380 9344942
66633105 9344942
66633106 9344942
66629214 9344944
66626077 9344946
66626335 9344946
66626341 9344946
66626343 9344946
66630198 9344946
66630199 9344946
66626346 9344948
66628679 9344953
66627284 9344956
66628899 9344958
66629032 9344958
66629036 9344958
66624785 9344959
66624792 9344959
66630773 9344960
66629029 9344980
66628797 9344982
66626513 9344986
66626516 9344986
66629067 9344987
66629068 9344988
66626103 9344989
66626104 9344989
66628494 9344989
66626537 9344990
66630288 9344990
66630289 9344990
66631000 9344991
66630218 9344993
66634967 9344994
66628215 9344995
66629653 9344995
66631312 9344996
66629808 9344998
66629809 9344998
66628309 9345003
66628342 9345003
66626667 9345007
66630739 9345007
66631482 9345007
66624802 9345010
66628815 9345013
66629046 9345013
66629151 9345017
66629151 9346140
66628321 9345019
66629920 9345019
66630281 9345020
66630282 9345020
66626983 9345045
66626985 9345045
66626987 9345045
66626989 9345045
66627048 9345045
66627190 9345045
66627510 9345045
66628140 9345045
66628142 9345045
66628176 9345045
66628214 9345045
66628903 9345045
66628969 9345045
66629506 9345045
66631264 9345045
66631456 9345045
66631593 9345045
66632451 9345045
66632452 9345045
66632601 9345045
66632602 9345045
66632603 9345045
66632604 9345045
66632607 9345045
66632609 9345045
66632610 9345045
66636581 9345045
66637703 9345045
66625466 9345052
66625468 9345052
66625470 9345052
66625471 9345052
66625506 9345052
66625522 9345052
66629152 9345052
66630988 9345052
66631019 9345052
66631020 9345052
66631204 9345052
66631561 9345052
66631646 9345052
66637140 9345052
66637143 9345052
66637435 9345052
66624773 9345057
66634985 9345058
66634986 9345058
66632245 9345077
66632246 9345077
66629705 9345078
66629026 9345080
66626726 9345083
66626420 9345087
66626429 9345087
66625094 9345092
66625467 9345092
66625577 9345092
66625578 9345092
66625582 9345092
66625841 9345092
66628675 9345092
66625519 9345093
66627926 9345100
66627927 9345100
66628033 9345100
66630025 9345100
66630026 9345100
66632809 9345100
66633692 9345100
66634951 9345100
66634952 9345100
66630242 9345101
66626525 9345102
66627114 9345102
66627258 9345102
66626536 9345103
66632251 9345103
66632252 9345103
66629042 9345104
66630008 9345105
66629055 9345107
66625590 9345108
66625593 9345108
66625814 9345108
66625596 9345109
66626586 9345111
66626598 9345111
66626994 9345111
66631454 9345111
66630081 9345112
66630082 9345112
66630083 9345112
66631227 9345112
66630084 9345113
66625101 9345118
66627632 9345119
66626576 9345120
66626119 9345125
66628499 9345125
66627957 9345127
66630640 9345131
66627100 9345134
66627101 9345134
66626541 9345138
66626542 9345138
66624747 9345140
66630254 9345141
66630404 9345147
66630454 9345147
66630455 9345147
66631010 9345148
66637133 9345149
66625088 9345152
66625517 9345152
66625703 9345152
66625706 9345152
66626050 9345154
66629034 9345157
66626408 9345170
66630673 9345170
66630674 9345170
66624983 9345171
66630330 9345173
66624683 9345175
66624687 9345176
66629089 9345177
66632267 9345178
66632268 9345178
66629704 9345180
66624761 9345181
66625015 9345181
66626604 9345183
66627588 9345184
66633595 9345185
66626023 9345192
66629058 9345192
66629060 9345192
66629714 9345192
66630156 9345192
66631249 9345192
66632963 9345192
66633069 9345192
66633070 9345192
66633568 9345192
66633569 9345192
66633111 9345193
66633112 9345193
66626091 9345195
66631295 9345197
66628282 9345202
66628296 9345202
66628298 9345202
66630776 9345203
66624863 9345204
66630504 9345205
66630317 9345207
66625043 9345211
66627402 9345212
66624759 9345215
66628982 9345217
66625605 9345219
66625606 9345219
66629810 9345220
66630243 9345221
66629971 9345222
66629972 9345222
66625663 9345225
66625675 9345225
66625811 9345225
66629827 9345225
66631433 9345225
66637497 9345225
66626058 9345226
66631048 9345227
66633145 9345227
66633146 9345227
66624977 9345229
66627928 9345233
66627949 9345233
66628074 9345233
66628081 9345233
66627873 9345241
66627918 9345241
66628151 9345241
66633251 9345241
66633252 9345241
66630097 9345242
66637563 9345251
66633095 9345253
66626522 9345256
66627204 9345256
66627205 9345257
66629649 9345258
66625983 9345260
66625984 9345260
66626360 9345263
66626087 9345264
66630382 9345265
66630383 9345265
66631132 9345266
66625223 9345267
66633609 9345269
66625730 9345274
66633494 9345274
66633495 9345274
66633169 9345276
66625981 9345282
66630562 9345282
66633125 9345282
66633126 9345282
66626118 9345290
66633571 9345293
66629061 9345295
66627563 9345298
66625108 9345312
66625171 9345314
66629982 9345316
66629979 9345317
66624868 9345318
66630322 9345318
66630324 9345321
66630325 9345321
66630319 9345322
66625006 9345334
66625018 9345334
66629154 9345334
66626450 9345335
66626480 9345335
66626485 9345335
66626982 9345335
66627023 9345335
66627184 9345335
66627364 9345335
66627365 9345335
66628510 9345335
66629217 9345335
66629511 9345335
66629514 9345335
66632530 9345335
66632635 9345335
66633073 9345335
66633612 9345335
66633613 9345335
66629773 9345336
66629774 9345336
66627344 9345338
66627346 9345338
66627347 9345338
66627350 9345338
66627352 9345338
66627354 9345338
66627355 9345338
66627357 9345338
66627360 9345338
66627542 9345338
66631286 9345338
66629595 9345339
66629596 9345339
66626414 9345341
66633483 9345342
66633484 9345342
66624746 9345343
66629641 9345344
66633453 9345349
66631558 9345350
66633455 9345350
66624715 9345352
66624725 9345352
66624726 9345352
66626547 9345393
66626887 9345393
66624858 9345399
66626055 9345404
66626081 9345404
66630066 9345409
66624682 9345411
66624684 9345411
66624686 9345411
66624692 9345411
66624799 9345414
66629688 9345416
66629689 9345416
66630058 9345417
66629093 9345418
66630248 9345421
66630252 9345421
66630258 9345421
66630260 9345421
66630264 9345421
66631161 9345421
66631336 9345421
66631337 9345421
66631338 9345421
66626651 9345423
66627138 9345424
66629354 9345426
66633451 9345427
66630273 9345428
66630275 9345428
66630276 9345428
66627361 9345433
66626326 9345434
66626470 9345436
66633067 9345436
66633068 9345436
66626599 9345437
66626998 9345437
66627267 9345437
66633632 9345439
66624729 9345442
66624730 9345443
66624751 9345444
66625007 9345444
66625014 9345444
66627619 9345448
66627760 9345448
66632695 9345453
66632696 9345453
66633296 9345453
66627970 9345455
66629616 9345455
66629622 9345455
66629626 9345455
66627362 9345458
66627421 9345458
66627509 9345458
66628818 9345459
66629051 9345459
66626405 9345462
66637578 9345462
66637581 9345462
66627843 9345465
66633127 9345465
66633346 9345465
66633347 9345465
66630089 9345466
66626867 9345467
66629692 9345467
66630584 9345468
66631225 9345470
66630287 9345471
66625165 9345476
66625178 9345476
66625183 9345476
66625381 9345476
66625531 9345476
66631755 9345476
66631756 9345476
66625834 9345484
66625838 9345484
66625956 9345484
66628756 9345484
66629322 9345484
66630641 9345484
66630642 9345484
66630790 9345484
66632037 9345484
66632038 9345484
66637498 9345484
66627256 9345491
66629283 9345496
66630634 9345496
66633013 9345496
66633014 9345496
66628281 9345497
66628307 9345497
66628408 9345497
66629281 9345497
66629282 9345497
66629890 9345497
66631346 9345497
66633199 9345497
66633200 9345497
66630219 9345498
66628445 9345499
66629911 9345501
66629914 9345501
66629915 9345501
66629923 9345501
66631471 9345501
66631469 9345504
66628422 9345505
66628423 9345507
66630635 9345509
66624770 9345511
66630111 9345513
66633558 9345514
66626544 9345515
66628981 9345517
66625092 9345534
66630051 9345534
66630067 9345534
66631791 9345534
66631792 9345534
66637771 9345534
66637772 9345534
66637774 9345534
66637775 9345534
66633460 9345535
66633460 9345770
66625610 9345536
66625863 9345536
66625614 9345537
66624786 9345540
66624793 9345540
66629828 9345541
66629829 9345542
66626510 9345543
66626749 9345543
66629015 9345544
66625208 9345551
66631929 9345551
66631930 9345551
66633480 9345553
66626342 9345554
66626344 9345559
66631256 9345559
66625874 9345561
66630470 9345562
66631045 9345562
66631046 9345562
66633121 9345562
66633122 9345562
66626569 9345563
66626662 9345565
66633342 9345565
66629103 9345567
66628407 9345571
66629892 9345571
66633081 9345571
66633082 9345571
66627335 9345573
66624727 9345574
66630108 9345575
66631585 9345576
66626695 9345583
66626914 9345583
66626925 9345583
66626968 9345583
66627237 9345583
66627247 9345583
66630207 9345583
66630208 9345583
66632263 9345583
66632264 9345583
66632485 9345583
66632486 9345583
66632590 9345583
66637777 9345583
66637778 9345583
66625535 9345585
66629729 9345585
66630347 9345585
66630348 9345585
66631026 9345585
66631027 9345585
66628002 9345587
66629919 9345589
66629796 9345590
66625073 9345591
66631807 9345591
66631808 9345591
66631149 9345593
66633675 9345594
66627936 9345600
66627948 9345600
66627987 9345600
66627996 9345600
66628000 9345600
66628253 9345600
66629264 9345600
66629275 9345600
66633255 9345600
66633256 9345600
66626328 9345603
66630321 9345604
66625404 9345607
66627342 9345607
66627343 9345607
66627369 9345607
66627374 9345607
66629296 9345607
66632631 9345607
66632632 9345607
66627116 9345608
66627663 9345609
66637566 9345609
66625520 9345610
66624787 9345611
66624791 9345611
66624795 9345611
66624797 9345611
66624798 9345611
66624803 9345611
66624808 9345611
66629090 9345611
66631254 9345612
66625802 9345613
66629758 9345613
66629759 9345613
66631222 9345613
66630502 9345614
66630503 9345614
66630491 9345615
66631055 9345615
66631058 9345615
66631060 9345615
66631061 9345615
66631066 9345615
66631067 9345615
66631069 9345615
66631219 9345615
66631483 9345615
66626724 9345616
66627846 9345616
66628962 9345616
66631450 9345616
66632960 9345616
66624980 9345617
66624981 9345617
66624979 9345618
66626449 9345619
66626981 9345619
66627021 9345619
66627046 9345619
66631103 9345620
66627121 9345621
66624805 9345622
66629793 9345622
66626627 9345623
66624827 9345624
66630511 9345624
66630514 9345624
66630515 9345624
66631218 9345624
66630331 9345625
66624669 9345626
66631695 9345626
66631696 9345626
66625070 9345627
66628906 9345628
66628973 9345628
66629074 9345629
66625195 9345631
66629746 9345631
66629747 9345631
66631773 9345631
66631774 9345631
66631911 9345631
66631912 9345631
66631921 9345631
66634909 9345631
66634910 9345631
66627943 9345632
66627944 9345633
66626699 9345634
66632447 9345634
66631588 9345635
66633313 9345635
66626729 9345636
66626963 9345636
66627010 9345636
66624741 9345637
66624867 9345638
66626110 9345639
66626111 9345640
66631163 9345641
66631164 9345641
66632961 9345642
66632962 9345642
66624998 9345644
66624999 9345644
66633542 9345645
66629357 9345646
66631334 9345647
66629024 9345648
66629745 9345649
66633181 9345650
66633182 9345650
66632223 9345652
66632224 9345652
66633317 9345654
66627025 9345661
66627376 9345661
66627440 9345661
66627452 9345661
66632507 9345661
66632508 9345661
66627787 9345665
66629855 9345665
66632939 9345665
66632940 9345665
66628156 9345666
66633249 9345666
66633250 9345666
66633515 9345668
66624989 9345669
66628664 9345669
66628993 9345671
66628997 9345672
66625662 9345673
66632515 9345676
66633636 9345676
66633638 9345676
66633639 9345676
66631090 9345677
66631091 9345677
66629053 9345679
66630982 9345680
66630984 9345680
66630435 9345683
66630436 9345683
66626582 9345685
66627252 9345685
66625982 9345686
66624705 9345687
66630530 9345687
66625009 9345689
66625010 9345689
66625011 9345689
66626984 9345690
66627193 9345690
66629382 9345691
66633027 9345691
66633028 9345691
66626664 9345692
66626512 9345693
66625222 9345695
66629096 9345696
66627107 9345697
66624720 9345698
66624716 9345699
66624718 9345699
66624719 9345699
66630265 9345700
66630266 9345703
66630267 9345703
66630250 9345705
66631086 9345706
66624993 9345707
66627788 9345709
66633223 9345711
66633224 9345711
66629065 9345712
66630262 9345713
66626012 9345720
66626018 9345720
66626025 9345720
66628893 9345720
66628895 9345720
66628898 9345720
66628907 9345720
66628939 9345720
66629028 9345720
66629030 9345720
66629052 9345720
66629054 9345720
66629062 9345720
66629071 9345720
66629204 9345720
66630164 9345720
66630165 9345720
66631437 9345720
66632063 9345720
66632064 9345720
66632951 9345720
66632952 9345720
66632965 9345720
66632966 9345720
66632057 9345722
66632058 9345722
66629805 9345727
66629806 9345727
66626141 9345728
66626853 9345728
66628496 9345728
66631258 9345728
66627628 9345730
66625816 9345731
66625586 9345733
66625588 9345733
66625715 9345733
66625725 9345733
66629070 9345734
66631144 9345736
66631145 9345736
66630689 9345737
66631147 9345737
66631276 9345737
66626735 9345743
66627565 9345743
66632265 9345743
66632266 9345743
66630997 9345744
66625251 9345748
66625461 9345748
66628863 9345748
66628864 9345748
66628975 9345748
66628976 9345748
66628978 9345748
66628980 9345748
66630338 9345748
66630339 9345748
66630995 9345748
66630996 9345748
66633225 9345748
66633226 9345748
66628986 9345751
66637611 9345752
66628995 9345753
66625697 9345755
66625066 9345759
66631335 9345761
66630055 9345762
66626432 9345768
66626436 9345768
66626442 9345768
66626446 9345768
66626447 9345768
66626839 9345768
66627029 9345768
66627156 9345768
66627158 9345768
66628705 9345768
66631648 9345770
66627268 9345771
66625484 9345772
66630822 9345774
66626648 9345775
66626653 9345775
66626661 9345775
66628902 9345778
66629021 9345779
66629023 9345779
66630150 9345779
66630152 9345779
66630153 9345779
66625013 9345780
66630771 9345783
66630772 9345783
66633139 9345783
66633140 9345783
66626647 9345784
66627141 9345784
66627142 9345785
66630301 9345786
66627191 9345787
66627192 9345787
66626209 9345789
66626121 9345793
66626125 9345793
66626138 9345793
66626140 9345793
66626239 9345793
66627603 9345793
66627871 9345793
66628030 9345793
66632078 9345793
66632083 9345793
66632185 9345793
66632680 9345793
66635286 9345793
66635287 9345793
66626105 9345794
66626113 9345794
66626117 9345794
66629853 9345796
66631463 9345796
66630179 9345798
66624617 9345799
66624991 9345800
66628413 9345803
66633197 9345803
66633198 9345803
66630257 9345804
66624807 9345806
66624796 9345808
66628979 9345810
66626628 9345811
66626629 9345811
66624728 9345813
66624737 9345813
66624982 9345813
66624984 9345813
66624711 9345815
66624713 9345815
66624976 9345815
66631209 9345815
66624923 9345827
66630407 9345827
66631214 9345827
66631420 9345827
66627923 9345831
66627939 9345831
66628039 9345831
66628051 9345831
66628062 9345831
66626739 9345834
66626746 9345834
66627863 9345834
66628022 9345834
66630039 9345834
66630042 9345834
66630044 9345834
66630045 9345834
66624769 9345835
66624778 9345835
66627398 9345839
66626107 9345845
66626182 9345845
66629515 9345846
66629776 9345847
66625166 9345854
66625180 9345854
66625385 9345854
66625414 9345854
66625437 9345854
66630762 9345854
66633137 9345854
66633138 9345854
66629001 9345859
66628454 9345860
66631484 9345862
66625125 9345863
66628677 9345863
66625072 9345865
66631597 9345866
66630191 9345867
66631208 9345868
66627139 9345869
66628936 9345870
66630498 9345871
66633173 9345874
66634902 9345874
66634903 9345874
66626216 9345878
66624775 9345883
66624990 9345883
66630496 9345883
66630497 9345883
66637779 9345884
66627641 9345892
66627642 9345892
66627746 9345892
66627748 9345892
66627750 9345892
66627794 9345892
66627822 9345892
66629244 9345892
66626671 9345896
66626687 9345896
66626692 9345896
66627004 9345896
66627091 9345896
66627092 9345896
66627224 9345896
66628930 9345896
66628957 9345896
66629585 9345896
66629949 9345896
66630236 9345896
66631444 9345896
66625677 9345897
66633175 9345897
66633528 9345897
66633529 9345897
66625393 9345898
66625603 9345898
66629716 9345899
66629717 9345899
66625604 9345901
66625869 9345903
66634944 9345905
66626488 9345906
66628184 9345907
66626669 9345908
66627391 9345913
66632561 9345913
66632562 9345913
66626020 9345915
66626327 9345916
66637562 9345919
66637569 9345921
66624986 9345922
66625672 9345931
66625809 9345931
66625873 9345931
66627337 9345931
66627339 9345931
66627340 9345931
66631975 9345931
66624862 9345936
66625008 9345937
66626649 9345938
66627134 9345938
66630183 9345939
66625179 9345941
66630602 9345942
66629711 9345944
66631315 9345944
66628977 9345945
66633650 9345946
66627120 9345948
66626498 9345952
66627115 9345952
66627119 9345952
66630708 9345952
66633185 9345952
66633186 9345952
66627557 9345953
66629895 9345956
66629896 9345956
66628722 9345961
66629861 9345961
66629862 9345961
66633091 9345967
66633092 9345967
66629849 9345968
66631316 9345968
66626455 9345969
66627056 9345969
66632461 9345969
66632462 9345969
66626433 9345976
66631106 9345976
66631107 9345976
66631109 9345976
66631112 9345976
66631113 9345976
66629095 9345979
66628809 9345980
66629040 9345980
66629078 9345981
66627867 9345982
66631462 9345983
66626691 9345984
66627208 9345984
66626666 9345985
66626581 9345986
66626591 9345986
66626992 9345986
66625585 9345987
66628068 9345989
66630047 9345989
66630048 9345989
66626659 9345990
66627002 9345992
66627132 9345992
66625597 9345995
66625601 9345995
66625620 9345995
66631967 9345995
66631968 9345995
66632003 9345995
66632004 9345995
66631453 9345999
66632495 9345999
66632496 9345999
66626693 9346000
66626701 9346000
66627879 9346001
66629273 9346001
66629858 9346001
66629859 9346001
66626722 9346002
66626727 9346002
66627842 9346002
66630582 9346002
66627635 9346004
66627635 9398505
66627636 9346004
66627636 9398505
66627637 9346004
66627637 9398505
66627752 9346004
66627752 9398505
66627800 9346004
66627800 9398505
66627802 9346004
66627802 9398505
66632665 9346004
66632665 9398505
66632666 9346004
66632666 9398505
66625676 9346013
66625682 9346013
66625688 9346013
66625689 9346013
66626418 9346013
66626456 9346013
66626833 9346013
66627017 9346013
66627180 9346013
66627188 9346013
66627338 9346013
66629770 9346013
66630616 9346013
66630617 9346013
66631237 9346013
66632280 9346013
66632303 9346013
66632304 9346013
66632465 9346013
66632466 9346013
66633071 9346013
66633072 9346013
66630626 9346015
66630627 9346015
66629392 9346016
66626751 9346017
66627113 9346018
66630576 9346019
66630577 9346019
66628966 9346022
66633288 9346022
66637241 9346022
66627963 9346023
66627123 9346024
66627125 9346024
66627147 9346024
66630613 9346025
66624859 9346026
66629022 9346027
66625119 9346029
66627102 9346030
66627103 9346030
66629845 9346030
66629846 9346030
66630307 9346031
66630311 9346031
66636783 9346031
66630601 9346033
66631401 9346033
66637545 9346033
66627341 9346034
66629708 9346037
66630659 9346038
66624614 9346039
66624624 9346039
66627408 9346060
66631285 9346060
66625691 9346078
66625693 9346078
66625804 9346078
66625694 9346089
66631250 9346089
66631355 9346089
66626530 9346092
66626531 9346092
66626534 9346092
66627143 9346092
66627395 9346096
66632991 9346096
66632992 9346096
66637609 9346096
66637616 9346096
66625220 9346103
66625234 9346103
66625549 9346103
66626406 9346103
66626440 9346103
66626814 9346103
66627035 9346103
66629234 9346103
66630136 9346104
66630137 9346104
66627929 9346113
66627935 9346113
66628123 9346113
66632780 9346113
66637568 9346113
66633550 9346116
66625988 9346119
66625998 9346119
66624780 9346122
66624856 9346122
66631082 9346122
66628263 9346127
66628272 9346127
66628274 9346127
66628377 9346127
66629872 9346127
66629873 9346127
66637799 9346128
66626532 9346129
66626035 9346130
66626037 9346133
66626059 9346133
66626164 9346133
66626258 9346133
66626731 9346135
66633514 9346137
66631206 9346140
66631687 9346140
66637131 9346140
66637132 9346140
66630990 9346142
66630989 9346143
66630992 9346143
66630986 9346146
