43125396 112386951
43125396 112387026
43125396 9368553
43125398 112386951
43125398 112387026
43125398 9368553
43125681 112386951
43125681 112387026
43125681 9368553
43125765 112386951
43125765 112387026
43125765 9368553
43125295 112387012
43125295 9368064
43127696 112387037
43127696 9367837
43127697 112387037
43127697 9367837
43124457 112387046
43124457 9368260
43124468 112387046
43124468 9368260
43124575 112387046
43124575 9368260
43124661 112387046
43124661 9368260
43124670 112387046
43124670 9368260
43129178 112387046
43129178 9368260
43129179 112387046
43129179 9368260
43130391 112387046
43130391 9368260
43129607 9365282
43129608 9365282
43124657 9365284
43124658 9365284
43130282 9365286
43136681 9365291
43127005 9365295
43127239 9365298
43135613 9365298
43135614 9365298
43124485 9365299
43124717 9365299
43124719 9365299
43124720 9365299
43129244 9365301
43130410 9365301
43128660 9365302
43124838 9365304
43127891 9365308
43137580 9365308
43125314 9365309
43125380 9365311
43128941 9365311
43128942 9365311
43136607 9365311
43136608 9365311
43125340 9365315
43125351 9365315
43125361 9365315
43125847 9365315
43125192 9365316
43126569 9365318
43126576 9365318
43129631 9365320
43124651 9365322
43128738 9365323
43130393 9365325
43124477 9365333
43124753 9365333
43127480 9365333
43125722 9365335
43125726 9365336
43125401 9365338
43125727 9365338
43128748 9365340
43128971 9365340
43125728 9365341
43128975 9365342
43126280 9365344
43124480 9365349
43124545 9365349
43128386 9365355
43128397 9365355
43128398 9365355
43128401 9365355
43128402 9365355
43128403 9365355
43132823 9365355
43132824 9365355
43128404 9365357
43129670 9365363
43133405 9365363
43133406 9365363
43136943 9365363
43128407 9365366
43129820 9365367
43125110 9365375
43125628 9365375
43136947 9365375
43125112 9365380
43133567 9365380
43133568 9365382
43129826 9365385
43129827 9365385
43127132 9365387
43128822 9365387
43128823 9365387
43129828 9365388
43126352 9365393
43126359 9365395
43124394 9365396
43124396 9365398
43125004 9365401
43128578 9365403
43132857 9365403
43132858 9365403
43125006 9365404
43125008 9365406
43126420 9365411
43126426 9365411
43126427 9365411
43126421 9365419
43126423 9365419
43126424 9365419
43127523 9365419
43130166 9365424
43125285 9365426
43125863 9365426
43136794 9365426
43126425 9365427
43128890 9365428
43128893 9365429
43127846 9365431
43128896 9365432
43124466 9365438
43132925 9365439
43132926 9365439
43124469 9365448
43129106 9365452
43124969 9365453
43124971 9365453
43124973 9365453
43124975 9365453
43125598 9365453
43125602 9365453
43125608 9365453
43125610 9365453
43125612 9365453
43126043 9365453
43126047 9365453
43127850 9365453
43130999 9365453
43131000 9365453
43131009 9365453
43131010 9365453
43131275 9365453
43131277 9365453
43131278 9365453
43131281 9365453
43131282 9365453
43132629 9365453
43132630 9365453
43133329 9365453
43133330 9365453
43133399 9365453
43133400 9365453
43130234 9365454
43125710 9365455
43125712 9365456
43125716 9365457
43128965 9365458
43126271 9365460
43130304 9365461
43127689 9365463
43127690 9365463
43127860 9365463
43133549 9365469
43133550 9365469
43133551 9365469
43136897 9365469
43130309 9365471
43129811 9365472
43129812 9365475
43129813 9365475
43130146 9365475
43133557 9365480
43133558 9365480
43129816 9365483
43127002 9365492
43127120 9365492
43127121 9365494
43124602 9365506
43124620 9365506
43136567 9365506
43130082 9365508
43129819 9365509
43127123 9365510
43127124 9365510
43124933 9365519
43137413 9365519
43124582 9365525
43124585 9365525
43124587 9365525
43124589 9365525
43124591 9365525
43124593 9365525
43124597 9365525
43124599 9365525
43124600 9365525
43124603 9365525
43124604 9365525
43124605 9365525
43126185 9365525
43127473 9365525
43130347 9365525
43130555 9365525
43130659 9365525
43130660 9365525
43130663 9365525
43130664 9365525
43130667 9365525
43130668 9365525
43130673 9365525
43130674 9365525
43133327 9365525
43133328 9365525
43137388 9365525
43137577 9365525
43127125 9365526
43137414 9365528
43130085 9365530
43127128 9365532
43128801 9365532
43128807 9365532
43128808 9365532
43128824 9365532
43128825 9365532
43130089 9365534
43124381 9365536
43132861 9365539
43133623 9365539
43126955 9365550
43126984 9365550
43127014 9365550
43127018 9365550
43127108 9365550
43127110 9365550
43129020 9365551
43130385 9365551
43130386 9365551
43127768 9365556
43136885 9365556
43129022 9365557
43132845 9365558
43132846 9365558
43125615 9365569
43125617 9365569
43125619 9365569
43125623 9365569
43125627 9365569
43125631 9365569
43125634 9365569
43125641 9365569
43125645 9365569
43125647 9365569
43125661 9365569
43125665 9365569
43125670 9365569
43125993 9365569
43127501 9365569
43131289 9365569
43131303 9365569
43131304 9365569
43131305 9365569
43131306 9365569
43131335 9365569
43131336 9365569
43131337 9365569
43131338 9365569
43131339 9365569
43131340 9365569
43131363 9365569
43131364 9365569
43126419 9365570
43128884 9365571
43132909 9365574
43132910 9365574
43127837 9365576
43127839 9365576
43125203 9365578
43130222 9365578
43125697 9365580
43125700 9365580
43125701 9365580
43127903 9365584
43129143 9365584
43129144 9365584
43127904 9365586
43124521 9365587
43124522 9365590
43128954 9365592
43126260 9365594
43126261 9365594
43126262 9365594
43124525 9365597
43124526 9365603
43124905 9365603
43126264 9365605
43126267 9365607
43129802 9365608
43127111 9365610
43130068 9365611
43130070 9365611
43127112 9365617
43127113 9365617
43129808 9365622
43130073 9365623
43127117 9365625
43130076 9365627
43127119 9365629
43130079 9365630
43131413 9365631
43131414 9365631
43124371 9365632
43126970 9365638
43133273 9365638
43133274 9365638
43136687 9365638
43125738 9365639
43127759 9365639
43127936 9365639
43124377 9365640
43124378 9365640
43133618 9365645
43136957 9365645
43133394 9365646
43136975 9365646
43127820 9365647
43127822 9365649
43128871 9365651
43127824 9365652
43128874 9365655
43132901 9365657
43132902 9365657
43126180 9365658
43128613 9365658
43124447 9365659
43124626 9365659
43124448 9365660
43128936 9365662
43128939 9365662
43128940 9365662
43128943 9365664
43128946 9365666
43126252 9365669
43124519 9365676
43126254 9365679
43126257 9365680
43126259 9365683
43127674 9365685
43127100 9365687
43127101 9365689
43130502 9365689
43130061 9365693
43130064 9365695
43127105 9365696
43127107 9365697
43127072 9365698
43131915 9365698
43136693 9365698
43127109 9365699
43130069 9365700
43133605 9365702
43133608 9365703
43129003 9365704
43132827 9365705
43132828 9365705
43126969 9365706
43129006 9365707
43128863 9365708
43127817 9365709
43128866 9365711
43127818 9365712
43124437 9365714
43124438 9365715
43127591 9365717
43129710 9365718
43129713 9365719
43129716 9365720
43128071 9365721
43129719 9365722
43128935 9365723
43124505 9365725
43124563 9365725
43124506 9365726
43126244 9365728
43124497 9365733
43124509 9365733
43125223 9365738
43125227 9365738
43133520 9365738
43125467 9365744
43126881 9365746
43126883 9365747
43130050 9365749
43126889 9365751
43126310 9365753
43126311 9365753
43130055 9365756
43126221 9365758
43136684 9365758
43130058 9365760
43126317 9365763
43128780 9365765
43128781 9365765
43128782 9365768
43128789 9365770
43124992 9365778
43124994 9365778
43124993 9365781
43124995 9365782
43124420 9365784
43128853 9365785
43128858 9365788
43125381 9365789
43129700 9365792
43129701 9365792
43129707 9365793
43127011 9365801
43127013 9365801
43128923 9365803
43127015 9365808
43128064 9365811
43127017 9365813
43126239 9365817
43127513 9365817
43125458 9365819
43126872 9365821
43130485 9365826
43133516 9365826
43126512 9365831
43126875 9365831
43126876 9365831
43131625 9365831
43131626 9365831
43130040 9365837
43130041 9365837
43130046 9365838
43131097 9365841
43131098 9365841
43126307 9365847
43126308 9365847
43128770 9365848
43128776 9365850
43128779 9365851
43124801 9365853
43124802 9365853
43124980 9365853
43124981 9365854
43124983 9365855
43129425 9365860
43133365 9365860
43133367 9365860
43133368 9365860
43124987 9365861
43124989 9365863
43128842 9365865
43128843 9365865
43124411 9365867
43128844 9365868
43126146 9365876
43126151 9365876
43125375 9365879
43126791 9365881
43126793 9365883
43126795 9365885
43126797 9365886
43126220 9365888
43126223 9365890
43129470 9365892
43128691 9365893
43127785 9365897
43128625 9365897
43128692 9365897
43130338 9365897
43133507 9365898
43133508 9365899
43135700 9365899
43130030 9365901
43130033 9365904
43130039 9365906
43128761 9365908
43128765 9365909
43128766 9365909
43126068 9365911
43126070 9365911
43126933 9365914
43128767 9365916
43126072 9365918
43126936 9365922
43126074 9365924
43126075 9365924
43130103 9365926
43124799 9365931
43124979 9365931
43128809 9365938
43128814 9365938
43128819 9365938
43128830 9365938
43128831 9365938
43124400 9365940
43128832 9365945
43128837 9365945
43128833 9365946
43131799 9365948
43131800 9365948
43129390 9365950
43126781 9365953
43126782 9365953
43126783 9365955
43128900 9365958
43126430 9365966
43128041 9365966
43128904 9365968
43125755 9365971
43128905 9365971
43128909 9365974
43128049 9365976
43129460 9365978
43129463 9365982
43130022 9365986
43130025 9365993
43128755 9365996
43126924 9366008
43129696 9366008
43129697 9366008
43128758 9366009
43126925 9366016
43126066 9366021
43126069 9366029
43125284 9366034
43125865 9366034
43133347 9366036
43133348 9366036
43126644 9366042
43131783 9366042
43131784 9366042
43128826 9366044
43128811 9366046
43128812 9366046
43128815 9366046
43128829 9366046
43126137 9366050
43136552 9366050
43126770 9366055
43125099 9366072
43125100 9366072
43125990 9366072
43125991 9366077
43125994 9366082
43125995 9366082
43126779 9366084
43125997 9366086
43133191 9366093
43133192 9366096
43129451 9366099
43136578 9366118
43125427 9366133
43129457 9366138
43126840 9366140
43128673 9366145
43128676 9366149
43128678 9366151
43130010 9366152
43125116 9366160
43131061 9366160
43131062 9366160
43136601 9366160
43130013 9366164
43130016 9366169
43130019 9366172
43128744 9366173
43128746 9366176
43125274 9366179
43126556 9366188
43126696 9366188
43128599 9366191
43126766 9366194
43125842 9366197
43128021 9366197
43125411 9366200
43125413 9366202
43129443 9366207
43128661 9366209
43129446 9366211
43126830 9366214
43128666 9366219
43126836 9366222
43126838 9366226
43130001 9366229
43128730 9366232
43129290 9366248
43132989 9366248
43132990 9366248
43129291 9366250
43129294 9366252
43129297 9366254
43127788 9366259
43132537 9366259
43132539 9366259
43132540 9366259
43128803 9366261
43128805 9366263
43136484 9366268
43129362 9366270
43125334 9366274
43128580 9366278
43129365 9366280
43128583 9366282
43126750 9366286
43126752 9366288
43131827 9366305
43131829 9366305
43131830 9366305
43125972 9366309
43126759 9366313
43124790 9366322
43129430 9366326
43136556 9366332
43136558 9366335
43129436 9366336
43125409 9366338
43126820 9366340
43128655 9366342
43126823 9366346
43126825 9366346
43128658 9366349
43129501 9366353
43126031 9366354
43129285 9366357
43127885 9366363
43130330 9366363
43132529 9366363
43132530 9366363
43132531 9366369
43137020 9366369
43125890 9366372
43132535 9366375
43132536 9366375
43125892 9366378
43125899 9366381
43128569 9366384
43128570 9366384
43129356 9366388
43129359 9366393
43125134 9366404
43125957 9366404
43125958 9366404
43125960 9366404
43124849 9366426
43125019 9366426
43130488 9366426
43126748 9366429
43129995 9366431
43136540 9366433
43129997 9366435
43129998 9366435
43132988 9366451
43136542 9366451
43128008 9366455
43132519 9366461
43136545 9366461
43136546 9366464
43124788 9366468
43126814 9366470
43126816 9366472
43126496 9366484
43126817 9366484
43126818 9366488
43125176 9366496
43126003 9366496
43124855 9366498
43128711 9366499
43126025 9366501
43126026 9366501
43127505 9366501
43129276 9366503
43128492 9366504
43128495 9366507
43132521 9366509
43132522 9366509
43125881 9366511
43125239 9366526
43125882 9366526
43128869 9366526
43128870 9366526
43131069 9366526
43131070 9366526
43133203 9366526
43133205 9366526
43133206 9366526
43125883 9366528
43125889 9366530
43129340 9366534
43128560 9366537
43128563 9366539
43125950 9366541
43125951 9366541
43129980 9366544
43131811 9366546
43131812 9366546
43129983 9366548
43129984 9366556
43129988 9366560
43129412 9366574
43124778 9366590
43124779 9366590
43126801 9366593
43128635 9366595
43126803 9366598
43126807 9366600
43126809 9366602
43129190 9366604
43129191 9366604
43125121 9366614
43125122 9366614
43129678 9366614
43129679 9366614
43136600 9366614
43129196 9366615
43126582 9366621
43126608 9366621
43126010 9366624
43126011 9366624
43126012 9366626
43126014 9366626
43128708 9366628
43126013 9366629
43126015 9366629
43126016 9366632
43129262 9366633
43128480 9366636
43125237 9366641
43130395 9366645
43125920 9366648
43129882 9366648
43130397 9366648
43125872 9366651
43125873 9366653
43125878 9366655
43124694 9366657
43129332 9366659
43124698 9366660
43125114 9366664
43125115 9366664
43125117 9366664
43125940 9366664
43125939 9366667
43125941 9366667
43131801 9366669
43131802 9366669
43125101 9366670
43125945 9366670
43136978 9366670
43124710 9366680
43136527 9366680
43128620 9366686
43132862 9366686
43128617 9366693
43128621 9366693
43129408 9366696
43128624 9366698
43128627 9366700
43129183 9366702
43129184 9366702
43124830 9366704
43129188 9366705
43129189 9366705
43124836 9366706
43125788 9366712
43125791 9366712
43127990 9366721
43131653 9366730
43131654 9366730
43126004 9366737
43126006 9366740
43130383 9366742
43129259 9366744
43130389 9366745
43129890 9366747
43129894 9366747
43125866 9366749
43129897 9366750
43129319 9366753
43129320 9366753
43129326 9366755
43129329 9366756
43130455 9366759
43129965 9366762
43125936 9366766
43136517 9366767
43128612 9366769
43128616 9366771
43129172 9366773
43124823 9366781
43127980 9366787
43125789 9366790
43130371 9366795
43126631 9366802
43129249 9366804
43126636 9366807
43129880 9366811
43125855 9366812
43129885 9366815
43124672 9366819
43124673 9366825
43128533 9366827
43130445 9366829
43129950 9366830
43129951 9366833
43125062 9366834
43125064 9366836
43125928 9366838
43124741 9366839
43129099 9366841
43124746 9366843
43124748 9366845
43128382 9366846
43125138 9366852
43124814 9366857
43126552 9366860
43128388 9366861
43134157 9366865
43127978 9366868
43128453 9366872
43126627 9366878
43129871 9366880
43125843 9366881
43125845 9366883
43124662 9366885
43129878 9366888
43129879 9366888
43129301 9366890
43129304 9366893
43129307 9366895
43130434 9366898
43125910 9366901
43129940 9366904
43125912 9366908
43125050 9366911
43129943 9366913
43125914 9366916
43129080 9366918
43129945 9366922
43129946 9366922
43125054 9366933
43124730 9366935
43129083 9366937
43129947 9366939
43125057 9366941
43124732 9366946
43129086 9366950
43124735 9366952
43125693 9366953
43125694 9366956
43125695 9366956
43125698 9366957
43127894 9366958
43132973 9366959
43129151 9366963
43129152 9366963
43129153 9366965
43130280 9366968
43128370 9366970
43128373 9366972
43124806 9366979
43128376 9366981
43126544 9366983
43125761 9366985
43128379 9366987
43129790 9366991
43126548 9366997
43125764 9366999
43126549 9367002
43129795 9367006
43127962 9367008
43125769 9367011
43129798 9367013
43127964 9367017
43128441 9367024
43129226 9367029
43130351 9367031
43128442 9367034
43125831 9367037
43129860 9367040
43125833 9367042
43136988 9367045
43136989 9367059
43125835 9367064
43125837 9367067
43125839 9367070
43129867 9367075
43129930 9367077
43125041 9367082
43125043 9367086
43129073 9367089
43129936 9367091
43132895 9367094
43132897 9367094
43132898 9367094
43128291 9367097
43129939 9367100
43125048 9367106
43129077 9367107
43124728 9367111
43125686 9367114
43125688 9367114
43127883 9367118
43125687 9367120
43125111 9367126
43125113 9367129
43128361 9367133
43129148 9367137
43129149 9367137
43128364 9367139
43130277 9367150
43128367 9367152
43129788 9367153
43129789 9367153
43125759 9367156
43127092 9367159
43127956 9367161
43127959 9367163
43127098 9367165
43129215 9367168
43128436 9367172
43133591 9367173
43133593 9367176
43125820 9367178
43125823 9367183
43125824 9367183
43125825 9367183
43129853 9367187
43129854 9367187
43125826 9367188
43129857 9367190
43126385 9367192
43128503 9367195
43128506 9367197
43128509 9367199
43132879 9367202
43132880 9367202
43129921 9367204
43125031 9367206
43125033 9367208
43132883 9367210
43129062 9367213
43124711 9367214
43129927 9367219
43129065 9367220
43125037 9367223
43124713 9367226
43125039 9367228
43131531 9367236
43131532 9367236
43127870 9367238
43127872 9367241
43125677 9367245
43124496 9367254
43129131 9367257
43132953 9367260
43132954 9367260
43129134 9367261
43128351 9367264
43128354 9367264
43128355 9367264
43129137 9367268
43128353 9367271
43128358 9367275
43136899 9367277
43125745 9367281
43125746 9367281
43125747 9367281
43125749 9367281
43137370 9367284
43137379 9367284
43137371 9367286
43137372 9367291
43128994 9367294
43127781 9367302
43127948 9367302
43133010 9367308
43137375 9367308
43127085 9367311
43127949 9367313
43127087 9367315
43129203 9367317
43127089 9367319
43128420 9367321
43129206 9367323
43128423 9367324
43130334 9367327
43125813 9367330
43133585 9367333
43124630 9367336
43129847 9367338
43127154 9367341
43133013 9367344
43133015 9367344
43133016 9367344
43129052 9367347
43125026 9367349
43129055 9367352
43130182 9367361
43125028 9367364
43124705 9367366
43130184 9367370
43126441 9367373
43130187 9367375
43126445 9367378
43129695 9367380
43129698 9367384
43129699 9367387
43127866 9367388
43129120 9367393
43129124 9367395
43128340 9367396
43129125 9367397
43128344 9367399
43128348 9367401
43128349 9367401
43125731 9367404
43125732 9367404
43125733 9367406
43127931 9367408
43128981 9367411
43125739 9367412
43127935 9367413
43127074 9367414
43127937 9367415
43126290 9367417
43127076 9367418
43127939 9367419
43126292 9367421
43128413 9367422
43128416 9367425
43129831 9367427
43129832 9367429
43129833 9367429
43129834 9367431
43127140 9367435
43124621 9367438
43124625 9367440
43124627 9367442
43126364 9367448
43129900 9367450
43129903 9367451
43125015 9367452
43132865 9367454
43132866 9367454
43132867 9367455
43132868 9367455
43129046 9367457
43130174 9367459
43126431 9367460
43126433 9367461
43126439 9367462
43129113 9367465
43129115 9367465
43129116 9367465
43124479 9367469
43129117 9367472
43128333 9367474
43128336 9367475
43126506 9367477
43128339 9367479
43125721 9367480
43136528 9367481
43126568 9367483
43126571 9367483
43136547 9367486
43125926 9367487
43125317 9367488
43125251 9367489
43126071 9367489
43125438 9367509
43125455 9367509
43126500 9367509
43126529 9367509
43126536 9367509
43126663 9367509
43126666 9367509
43126736 9367509
43128419 9367509
43128422 9367509
43128957 9367509
43128958 9367509
43129308 9367509
43129325 9367509
43129328 9367509
43130056 9367509
43130057 9367509
43131341 9367509
43131342 9367509
43133011 9367509
43133012 9367509
43136660 9367509
43136557 9367512
43126762 9367514
43136538 9367514
43136541 9367514
43125149 9367516
43128878 9367521
43125718 9367522
43126356 9367526
43126360 9367526
43126422 9367526
43126446 9367526
43129711 9367526
43131573 9367526
43131575 9367526
43136936 9367526
43126378 9367528
43125424 9367530
43125425 9367530
43126989 9367533
43127056 9367533
43130336 9367535
43129078 9367536
43129081 9367536
43129082 9367536
43125983 9367537
43125428 9367538
43128938 9367539
43126850 9367541
43125097 9367552
43125103 9367552
43129444 9367552
43129445 9367552
43136896 9367552
43136944 9367552
43130301 9367555
43129195 9367559
43125320 9367563
43125326 9367563
43129487 9367565
43129960 9367568
43129967 9367569
43129968 9367569
43129974 9367570
43130423 9367572
43130435 9367572
43126450 9367573
43130438 9367573
43130083 9367574
43130084 9367574
43126350 9367576
43126351 9367576
43126362 9367576
43126414 9367576
43126415 9367576
43126417 9367576
43126432 9367576
43136657 9367576
43126856 9367577
43133620 9367577
43125160 9367578
43126992 9367589
43126998 9367589
43132869 9367589
43132870 9367589
43134027 9367589
43134028 9367589
43134029 9367589
43134034 9367589
43134035 9367589
43134036 9367589
43134038 9367589
43134039 9367589
43136454 9367589
43129302 9367592
43129303 9367592
43125318 9367593
43125319 9367593
43125325 9367593
43125986 9367595
43133621 9367596
43133622 9367596
43128524 9367606
43128537 9367606
43128538 9367606
43129972 9367606
43136617 9367606
43136965 9367606
43129174 9367612
43125255 9367616
43126158 9367619
43126163 9367619
43126233 9367619
43126236 9367621
43126515 9367622
43126178 9367623
43126213 9367623
43126253 9367623
43126968 9367623
43131523 9367623
43131524 9367623
43136685 9367623
43136694 9367623
43136870 9367623
43125161 9367624
43125484 9367625
43129185 9367632
43130324 9367632
43136927 9367632
43129523 9367643
43129581 9367643
43129589 9367643
43129605 9367643
43129613 9367643
43129628 9367643
43129651 9367643
43129666 9367643
43136519 9367644
43124645 9367648
43124646 9367648
43124649 9367648
43124652 9367648
43124653 9367648
43124659 9367648
43124648 9367650
43126996 9367653
43127008 9367653
43126580 9367662
43130078 9367662
43133113 9367662
43133114 9367662
43124510 9367664
43124512 9367664
43124516 9367664
43124527 9367664
43124712 9367664
43136560 9367664
43125359 9367665
43125360 9367665
43125373 9367666
43129800 9367666
43129801 9367666
43124442 9367669
43124676 9367669
43124677 9367669
43129419 9367669
43129814 9367669
43129815 9367669
43129817 9367669
43129818 9367669
43136535 9367669
43136895 9367669
43136931 9367669
43124722 9367670
43124707 9367672
43126390 9367675
43126392 9367675
43126444 9367675
43136662 9367675
43129497 9367678
43125723 9367689
43127783 9367689
43128331 9367689
43128338 9367689
43128342 9367689
43128343 9367689
43129928 9367689
43129929 9367689
43129932 9367689
43129933 9367689
43129941 9367689
43129942 9367689
43130011 9367689
43130012 9367689
43136682 9367689
43125767 9367691
43130218 9367693
43126848 9367694
43130523 9367698
43133515 9367698
43129271 9367700
43126400 9367707
43131579 9367707
43131580 9367707
43126368 9367717
43126397 9367717
43128749 9367718
43128751 9367718
43128840 9367718
43125211 9367721
43128662 9367721
43130185 9367721
43127662 9367724
43128926 9367724
43128927 9367724
43130340 9367724
43133331 9367724
43133332 9367724
43133561 9367724
43135615 9367724
43128716 9367728
43128850 9367730
43128848 9367738
43130331 9367738
43128985 9367743
43128986 9367743
43129456 9367749
43129458 9367749
43124703 9367751
43125368 9367753
43125558 9367753
43130028 9367756
43130052 9367756
43130053 9367756
43130054 9367756
43125182 9367763
43125622 9367763
43129461 9367763
43129029 9367765
43129030 9367765
43136531 9367765
43130387 9367766
43129704 9367768
43125848 9367769
43136537 9367771
43126812 9367776
43126994 9367777
43133609 9367778
43126098 9367780
43126354 9367781
43126357 9367781
43129823 9367782
43129824 9367782
43129343 9367784
43129344 9367784
43129345 9367784
43129175 9367786
43125989 9367787
43126298 9367790
43125774 9367792
43126602 9367802
43126857 9367802
43129395 9367802
43129396 9367802
43129397 9367802
43133017 9367802
43133018 9367802
43129334 9367804
43129368 9367804
43125766 9367806
43124804 9367808
43127813 9367809
43128496 9367809
43133517 9367809
43125170 9367814
43127607 9367814
43127836 9367814
43127841 9367814
43127843 9367814
43132473 9367814
43132474 9367814
43128639 9367816
43124427 9367817
43124615 9367817
43124616 9367817
43124617 9367817
43137593 9367821
43129804 9367823
43133091 9367823
43133092 9367823
43130009 9367827
43133105 9367827
43126034 9367828
43126035 9367829
43129416 9367843
43129418 9367845
43126152 9367846
43128417 9367847
43127741 9367850
43127802 9367850
43127847 9367850
43136782 9367850
43129053 9367852
43129054 9367852
43128483 9367855
43124692 9367858
43128275 9367860
43129336 9367862
43125777 9367864
43125391 9367865
43125773 9367867
43125775 9367872
43125776 9367872
43126629 9367873
43127810 9367875
43128500 9367875
43128683 9367878
43128686 9367878
43128687 9367878
43137579 9367882
43126157 9367892
43127773 9367892
43127892 9367892
43128362 9367895
43128363 9367895
43129181 9367897
43129182 9367897
43125313 9367899
43125327 9367899
43125330 9367899
43125343 9367899
43124445 9367903
43125933 9367910
43128025 9367910
43129676 9367910
43133041 9367910
43133042 9367910
43128897 9367921
43128914 9367921
43136793 9367921
43136864 9367921
43136865 9367921
43126159 9367922
43127748 9367924
43128289 9367924
43131409 9367924
43131410 9367924
43128318 9367926
43128327 9367926
43130358 9367926
43127881 9367929
43124618 9367931
43124619 9367931
43135627 9367933
43127004 9367934
43125392 9367935
43125415 9367935
43125344 9367937
43129796 9367937
43129797 9367937
43130531 9367939
43124368 9367940
43124370 9367942
43124425 9367942
43130539 9367942
43136485 9367942
43128969 9367945
43128633 9367948
43128718 9367948
43128720 9367948
43128723 9367948
43128724 9367948
43128968 9367948
43126650 9367950
43130356 9367951
43126676 9367957
43126683 9367957
43124488 9367959
43124715 9367959
43130695 9367959
43130696 9367959
43125804 9367962
43125805 9367964
43129252 9367966
43128949 9367967
43125105 9367969
43125106 9367969
43125131 9367969
43125152 9367969
43125624 9367969
43125962 9367969
43125971 9367969
43125992 9367969
43129469 9367969
43136602 9367969
43136949 9367969
43129101 9367970
43129858 9367970
43129859 9367970
43136881 9367970
43136883 9367970
43136969 9367970
43126765 9367971
43131637 9367973
43131638 9367973
43125219 9367975
43129881 9367976
43125916 9367977
43126481 9367978
43125335 9367979
43136534 9367979
43126484 9367981
43128335 9367981
43129717 9367981
43130344 9367981
43136901 9367981
43126369 9367984
43126370 9367984
43126395 9367984
43126404 9367984
43128356 9367984
43130308 9367984
43132807 9367984
43132808 9367984
43129333 9367985
43125800 9367986
43126523 9367990
43130063 9367990
43133110 9367990
43127201 9367992
43131173 9367992
43131174 9367992
43136614 9367992
43124862 9367993
43124864 9367993
43124865 9367993
43124872 9367993
43125676 9367993
43125692 9367993
43125696 9367993
43125699 9367993
43129347 9367993
43130020 9367993
43136905 9367993
43136976 9367993
43124810 9367994
43125051 9367994
43125053 9367994
43125154 9367994
43125157 9367994
43126030 9367994
43126032 9367994
43136577 9367994
43125221 9367996
43125222 9367996
43126291 9367996
43126293 9367996
43126297 9367996
43129087 9367996
43129088 9367996
43129162 9367996
43129883 9367996
43129884 9367996
43129901 9367996
43129902 9367996
43130262 9367996
43130264 9367996
43133322 9367996
43133355 9367996
43137565 9367996
43126408 9367998
43126458 9367998
43131581 9367999
43131582 9367999
43126852 9368000
43130327 9368001
43131457 9368002
43131458 9368002
43125180 9368003
43129064 9368003
43136968 9368003
43126230 9368004
43128463 9368005
43126363 9368006
43126377 9368006
43126436 9368006
43126440 9368006
43128428 9368006
43128440 9368006
43128462 9368006
43128464 9368006
43130267 9368006
43130305 9368006
43130313 9368006
43132809 9368006
43132810 9368006
43132955 9368007
43132956 9368007
43136688 9368009
43133563 9368010
43133564 9368011
43126328 9368012
43126475 9368013
43124446 9368014
43124449 9368014
43124624 9368014
43124629 9368014
43136554 9368014
43125332 9368015
43125338 9368015
43125339 9368015
43125341 9368015
43124666 9368016
43127733 9368016
43127821 9368016
43127993 9368016
43136785 9368016
43131767 9368017
43129986 9368018
43129987 9368018
43129999 9368018
43130000 9368018
43130004 9368018
43130006 9368018
43125640 9368019
43127757 9368020
43130345 9368021
43133521 9368021
43129956 9368022
43129957 9368022
43129962 9368022
43124490 9368023
43124491 9368023
43133566 9368023
43126937 9368024
43128976 9368024
43132847 9368025
43132848 9368025
43125588 9368028
43125591 9368028
43125717 9368028
43125725 9368028
43125729 9368028
43125735 9368028
43126465 9368028
43126468 9368028
43126477 9368028
43126493 9368028
43126659 9368028
43126815 9368028
43126819 9368028
43128933 9368028
43128934 9368028
43129934 9368028
43129935 9368028
43130014 9368028
43130287 9368028
43131343 9368028
43131344 9368028
43131345 9368028
43131346 9368028
43126162 9368029
43127765 9368030
43127857 9368030
43132453 9368030
43132454 9368030
43127855 9368031
43126473 9368032
43130268 9368032
43128018 9368033
43125244 9368034
43128962 9368035
43129253 9368036
43131923 9368045
43131924 9368045
43131928 9368045
43133617 9368045
43136695 9368045
43130294 9368046
43131921 9368046
43131922 9368046
43127610 9368047
43127844 9368047
43128982 9368048
43132913 9368048
43132914 9368048
43126229 9368049
43129920 9368049
43129924 9368051
43130318 9368052
43136543 9368052
43126242 9368053
43126939 9368053
43126944 9368053
43127026 9368053
43133525 9368054
43129382 9368055
43129385 9368056
43129870 9368057
43137352 9368057
43137348 9368058
43137594 9368059
43137595 9368059
43126564 9368060
43133619 9368061
43126832 9368062
43127079 9368063
43130097 9368065
43130100 9368065
43128312 9368066
43128314 9368066
43125421 9368067
43125430 9368067
43127751 9368067
43127871 9368067
43128280 9368067
43125199 9368068
43126100 9368069
43126102 9368069
43126482 9368070
43126486 9368071
43130099 9368072
43130357 9368072
43125408 9368073
43125422 9368073
43131093 9368073
43131095 9368073
43131096 9368073
43124809 9368074
43125044 9368074
43136598 9368074
43125583 9368077
43125708 9368077
43128953 9368077
43136868 9368077
43127921 9368079
43130311 9368082
43130312 9368082
43126849 9368083
43126908 9368083
43129379 9368083
43126649 9368084
43131657 9368084
43131658 9368084
43131798 9368084
43136679 9368084
43136952 9368084
43128697 9368085
43128698 9368085
43128699 9368086
43128700 9368086
43126653 9368087
43126778 9368087
43128704 9368088
43128706 9368088
43128707 9368088
43130370 9368089
43126138 9368090
43126148 9368090
43126276 9368090
43130260 9368090
43129007 9368092
43130446 9368092
43130447 9368092
43136873 9368092
43127746 9368095
43127858 9368095
43128987 9368097
43125036 9368101
43136579 9368101
43136597 9368101
43127811 9368102
43124426 9368105
43128725 9368106
43128726 9368107
43129279 9368108
43124821 9368111
43124927 9368111
43130279 9368113
43130517 9368115
43129517 9368116
43129520 9368116
43129521 9368116
43124641 9368117
43124647 9368117
43129740 9368118
43130101 9368118
43130102 9368118
43128147 9368119
43129070 9368120
43124444 9368121
43126844 9368122
43126603 9368124
43128742 9368125
43128743 9368125
43129129 9368129
43129130 9368129
43125091 9368132
43125981 9368132
43125987 9368132
43127482 9368132
43130163 9368132
43124777 9368133
43124780 9368133
43124781 9368133
43125098 9368135
43124867 9368138
43124873 9368138
43124874 9368138
43125076 9368138
43128964 9368138
43129364 9368138
43130172 9368138
43136582 9368138
43136592 9368138
43129257 9368139
43129258 9368139
43125179 9368140
43128277 9368141
43124461 9368142
43124642 9368142
43127982 9368142
43129509 9368146
43129510 9368146
43124834 9368147
43124839 9368147
43124925 9368148
43124990 9368149
43125077 9368149
43126355 9368149
43126358 9368149
43126361 9368149
43136588 9368149
43124877 9368153
43128543 9368154
43128547 9368156
43128549 9368156
43125078 9368157
43130326 9368159
43128977 9368160
43129732 9368162
43128287 9368163
43125165 9368164
43124367 9368180
43124383 9368180
43124419 9368180
43124424 9368180
43124428 9368180
43124429 9368180
43124433 9368180
43124534 9368180
43127834 9368180
43128481 9368180
43129422 9368180
43129423 9368180
43129431 9368180
43129432 9368180
43129499 9368180
43129500 9368180
43130158 9368180
43130456 9368180
43130506 9368180
43130625 9368180
43130626 9368180
43133548 9368180
43136520 9368180
43136523 9368180
43136524 9368180
43136549 9368180
43136849 9368180
43136850 9368180
43125209 9368185
43124493 9368186
43128493 9368188
43132831 9368188
43132832 9368188
43128494 9368189
43133607 9368190
43125304 9368191
43130545 9368193
43137387 9368193
43131841 9368195
43131842 9368195
43130303 9368196
43130508 9368196
43125771 9368200
43125772 9368200
43128919 9368200
43136867 9368200
43124613 9368204
43124614 9368204
43124683 9368205
43127925 9368206
43124824 9368212
43124826 9368212
43124828 9368212
43124832 9368212
43124840 9368212
43124842 9368212
43125075 9368212
43125561 9368212
43125609 9368212
43126042 9368212
43130023 9368212
43130024 9368212
43130031 9368212
43130044 9368212
43130045 9368212
43136599 9368212
43129248 9368213
43136857 9368214
43128632 9368216
43128947 9368217
43128948 9368217
43126266 9368220
43127208 9368220
43131461 9368220
43136651 9368220
43124797 9368223
43124798 9368223
43124901 9368223
43124913 9368223
43125354 9368225
43127933 9368226
43126570 9368229
43126579 9368229
43126831 9368229
43129400 9368229
43130288 9368229
43133019 9368230
43126176 9368233
43128610 9368233
43128611 9368233
43129922 9368233
43129923 9368233
43126161 9368235
43126331 9368235
43126333 9368235
43130249 9368235
43128727 9368236
43124373 9368242
43124374 9368242
43124393 9368242
43124395 9368242
43124431 9368242
43124432 9368242
43124436 9368242
43130615 9368242
43130616 9368242
43136928 9368242
43125005 9368243
43136593 9368243
43126963 9368244
43126964 9368244
43125196 9368246
43136863 9368248
43132885 9368249
43133319 9368251
43133320 9368251
43126305 9368253
43124372 9368256
43127849 9368257
43126164 9368270
43126270 9368270
43126934 9368270
43126935 9368270
43127084 9368270
43127086 9368270
43127097 9368270
43129690 9368270
43129691 9368270
43136644 9368270
43136653 9368270
43136856 9368270
43128891 9368274
43128892 9368274
43136623 9368274
43136632 9368274
43126172 9368276
43126218 9368276
43126923 9368276
43126928 9368276
43126929 9368276
43126931 9368276
43127106 9368276
43131839 9368276
43131840 9368276
43126173 9368277
43127116 9368280
43129694 9368280
43129702 9368280
43129703 9368280
43129706 9368280
43129708 9368280
43129709 9368280
43136696 9368280
43136697 9368280
43136869 9368280
43136955 9368282
43136956 9368282
43126846 9368283
43125903 9368284
43136877 9368284
43125405 9368285
43124729 9368288
43124731 9368288
43127738 9368288
43127812 9368288
43128485 9368288
43136783 9368288
43126303 9368292
43126304 9368292
43124947 9368308
43125017 9368308
43125027 9368308
43125030 9368308
43130171 9368308
43136594 9368308
43136595 9368308
43136596 9368308
43125128 9368310
43125496 9368310
43125963 9368310
43126575 9368315
43129293 9368315
43130065 9368315
43130071 9368315
43130074 9368315
43130075 9368315
43130535 9368315
43136906 9368315
43128330 9368317
43129615 9368318
43125407 9368328
43125475 9368328
43125566 9368328
43125741 9368328
43125744 9368328
43126990 9368328
43126991 9368328
43127758 9368328
43127934 9368328
43127938 9368328
43128907 9368328
43128974 9368328
43129035 9368328
43129270 9368328
43129735 9368328
43130197 9368328
43130214 9368328
43130388 9368328
43132893 9368328
43132894 9368328
43133221 9368328
43136629 9368328
43136630 9368328
43136633 9368328
43136780 9368328
43136903 9368328
43136940 9368328
43136941 9368328
43137581 9368329
43125202 9368330
43125886 9368330
43125895 9368330
43128671 9368330
43128674 9368330
43128675 9368330
43128690 9368330
43130223 9368330
43128268 9368335
43128269 9368335
43130381 9368337
43130343 9368339
43131451 9368341
43131452 9368341
43124476 9368342
43124500 9368342
43124503 9368342
43124565 9368342
43124744 9368342
43124745 9368342
43124747 9368342
43136526 9368342
43124482 9368347
43129609 9368348
43124660 9368349
43127749 9368350
43127865 9368350
43131079 9368350
43131080 9368350
43125366 9368351
43129971 9368352
43129398 9368353
43125888 9368354
43125891 9368354
43125893 9368354
43136635 9368354
43129201 9368375
43130402 9368375
43136878 9368376
43129068 9368377
43129069 9368377
43130181 9368378
43127797 9368379
43136522 9368379
43128795 9368380
43128928 9368381
43130382 9368383
43126478 9368384
43126479 9368384
43129594 9368385
43129595 9368385
43124654 9368386
43131835 9368387
43131837 9368387
43131838 9368387
43125229 9368389
43129840 9368389
43129850 9368389
43129855 9368389
43133326 9368389
43136964 9368389
43129838 9368390
43129421 9368392
43126487 9368397
43126489 9368397
43126490 9368397
43131205 9368399
43131206 9368399
43129896 9368400
43130192 9368400
43128735 9368401
43129135 9368402
43129136 9368402
43126972 9368403
43126976 9368403
43128511 9368408
43128882 9368408
43128883 9368408
43128887 9368408
43130379 9368408
43130091 9368409
43128978 9368410
43126380 9368418
43126382 9368418
43126383 9368418
43126713 9368418
43124524 9368443
43124517 9368445
43130486 9368446
43133519 9368446
43129267 9368447
43129268 9368447
43126965 9368449
43126966 9368449
43127148 9368449
43127149 9368449
43128797 9368449
43130080 9368449
43130081 9368449
43136862 9368449
43128283 9368455
43133090 9368455
43136544 9368455
43136902 9368455
43128303 9368457
43128304 9368459
43126103 9368461
43128507 9368461
43128508 9368461
43128504 9368462
43126565 9368466
43126586 9368466
43126705 9368466
43131645 9368466
43131646 9368466
43124997 9368472
43129354 9368472
43129357 9368472
43129360 9368472
43124998 9368473
43126790 9368475
43136530 9368476
43128970 9368477
43130524 9368478
43128272 9368479
43125172 9368481
43132837 9368482
43132838 9368482
43128514 9368483
43130007 9368483
43126513 9368485
43128048 9368485
43128556 9368492
43133592 9368492
43130360 9368494
43126319 9368495
43124685 9368498
43124638 9368500
43124639 9368500
43127919 9368502
43128664 9368503
43126470 9368505
43126887 9368505
43125187 9368509
43125200 9368509
43129339 9368511
43129341 9368511
43129349 9368512
43126495 9368519
43126499 9368519
43128369 9368519
43128372 9368519
43128378 9368519
43128380 9368519
43128381 9368519
43128384 9368519
43130457 9368519
43136847 9368519
43126978 9368523
43127000 9368523
43127054 9368523
43127139 9368523
43129393 9368526
43130291 9368526
43129493 9368529
43129498 9368530
43125901 9368533
43125654 9368539
43136937 9368539
43125868 9368541
43124690 9368544
43124691 9368544
43129403 9368544
43125870 9368548
43128932 9368550
43133099 9368563
43133101 9368563
43133102 9368563
43132523 9368565
43132524 9368565
43126986 9368568
43126987 9368568
43127122 9368568
43127126 9368568
43127133 9368568
43136550 9368569
43126045 9368570
43130362 9368570
43129042 9368572
43129044 9368572
43136874 9368572
43125224 9368573
43125226 9368573
43136604 9368573
43127803 9368578
43127805 9368578
43128119 9368578
43127807 9368582
43130048 9368583
43130049 9368583
43136934 9368583
43129165 9368585
43129171 9368585
43126056 9368589
43130422 9368593
43130464 9368600
43124803 9368606
43124807 9368606
43125601 9368608
43126067 9368613
43136605 9368613
43126309 9368615
43136603 9368615
43136654 9368615
43126620 9368618
43128717 9368618
43130372 9368618
43131650 9368621
43133360 9368624
43133357 9368627
43133359 9368627
43127762 9368628
43129404 9368632
43129405 9368632
43136555 9368632
43124678 9368635
43124682 9368635
43127994 9368635
43129406 9368635
43129407 9368635
43128788 9368637
43130300 9368637
43128790 9368640
43128791 9368640
43127791 9368643
43136548 9368643
43127753 9368648
43127930 9368648
43128469 9368650
43136631 9368653
43129315 9368655
43129316 9368655
43125724 9368658
43126813 9368658
43124494 9368660
43129937 9368662
43129938 9368662
43133604 9368667
43132493 9368671
43127884 9368672
43130289 9368679
43136521 9368682
43124716 9368683
43124718 9368685
43128278 9368687
43126550 9368694
43125162 9368710
43125516 9368710
43126147 9368710
43129122 9368710
43129123 9368710
43129133 9368710
43130195 9368710
43130216 9368710
43136884 9368710
43124878 9368741
43124880 9368741
43125635 9368741
43125786 9368741
43126522 9368741
43126541 9368741
43126678 9368741
43126681 9368741
43126827 9368741
43126829 9368741
43126882 9368741
43128406 9368741
43128894 9368741
43129263 9368741
43129264 9368741
43130211 9368741
43131271 9368741
43131272 9368741
43131725 9368741
43132497 9368741
43132498 9368741
43132889 9368741
43132890 9368741
43136659 9368741
43136672 9368741
43136797 9368741
43136848 9368741
43136977 9368741
43127920 9368755
43128062 9368755
43128793 9368755
43128794 9368755
43130376 9368755
43126837 9368762
43126839 9368762
43131647 9368762
43131648 9368762
43133364 9368762
43136970 9368762
43126119 9368770
43126121 9368770
43126279 9368770
43131449 9368770
43131450 9368770
43133603 9368770
43124681 9368771
43124470 9368777
43124475 9368777
43129388 9368779
43129389 9368779
