15681753 9175166
15681753 9383960
15687560 9175166
15687560 9383960
30527187 9336866
30527187 9383218
30533744 9336866
30533744 9383218
30533745 9336866
30533745 9383218
30539590 9336866
30539590 9383218
30539591 9336866
30539591 9383218
30539571 9337447
30539571 9383898
30539592 9337447
30539592 9383898
30539593 9337447
30539593 9383898
30527898 9381893
30527898 9424583
30539582 9381893
30539582 9424583
30527874 9383322
30527880 9383322
30527881 9383322
30539584 9383322
30539616 9383322
30539617 9383322
30539619 9383322
30526565 9383322
30526565 9425433
30526992 9383322
30526992 9425433
30527129 9383322
30527129 9425433
30527882 9383322
30527882 9425433
30529549 9383322
30529549 9425433
30530070 9383322
30530070 9425433
30530071 9383322
30530071 9425433
30530075 9383322
30530075 9425433
30530077 9383322
30530077 9425433
30534846 9383322
30534846 9425433
30534847 9383322
30534847 9425433
30539618 9383322
30539618 9425433
30539620 9383322
30539620 9425433
30539621 9383322
30539621 9425433
30539622 9383322
30539622 9425433
30539623 9383322
30539623 9425433
30539624 9383322
30539624 9425433
30539625 9383322
30539625 9425433
30539626 9383322
30539626 9425433
30539627 9383322
30539627 9425433
30527904 9384012
30527904 9426619
30534138 9384012
30534138 9426619
30539614 9384012
30539614 9426619
30539615 9384012
30539615 9426619
30530078 9425433
30530079 9425433
30527873 9426619
30395822 9381525
30395822 9457018
30523475 9381127
30523475 9474138
30523482 9381127
30523482 9474138
30531381 9381127
30531381 9474138
30531382 9381127
30531382 9474138
30523471 9382600
30523471 9475417
30531385 9382600
30531385 9475417
30531386 9382600
30531386 9475417
30539586 9382600
30539586 9475417
30523415 9383431
30523415 9476126
30523487 9383431
30523487 9476126
30523466 9384473
30523466 9477208
30523474 9384473
30523474 9477208
30531598 9384473
30531598 9477208
30531599 9384473
30531599 9477208
30525319 112386942
30525319 9383543
30528215 112386942
30528215 9383543
30528420 112386942
30528420 9383543
30529482 112386942
30529482 9383543
30529500 112386942
30529500 9383543
30529504 112386942
30529504 9383543
30529505 112386942
30529505 9383543
30531260 112386942
30531260 9383543
30531261 112386942
30531261 9383543
30538993 112386942
30538993 9383543
30525312 112387040
30525312 9380838
30528075 112387040
30528075 9380838
30533036 112387040
30533036 9380838
30533037 112387040
30533037 9380838
30525137 112472375
30525137 9380877
30528796 112472375
30528796 9380877
30525086 112472429
30525086 9383884
30525404 112472429
30525404 9383884
30525483 112472429
30525483 9383884
30525891 112472429
30525891 9383884
30525896 112472429
30525896 9383884
30526042 112472429
30526042 9383884
30532540 112472429
30532540 9383884
30532940 112472429
30532940 9383884
30538730 112472429
30538730 9383884
30524938 112472456
30524938 9382749
30525571 112472456
30525571 9382749
30528998 112472456
30528998 9382749
30528999 112472456
30528999 9382749
30529072 112472456
30529072 9382749
30529073 112472456
30529073 9382749
30533028 112472456
30533028 9382749
30524922 112472465
30524922 9383296
30525043 112472465
30525043 9383296
30525044 112472465
30525044 9383296
30525624 112472465
30525624 9383296
30535470 112472465
30535470 9383296
30535471 112472465
30535471 9383296
30536287 112472465
30536287 9383296
30537934 112472465
30537934 9383296
30538541 112472465
30538541 9383296
30538542 112472465
30538542 9383296
30538544 112472465
30538544 9383296
30538547 112472465
30538547 9383296
30538811 112472465
30538811 9383296
30525079 112472469
30525079 9383447
30525115 112472469
30525115 9383447
30525551 112472469
30525551 9383447
30525632 112472469
30525632 9383447
30525760 112472469
30525760 9383447
30525975 112472469
30525975 9383447
30530100 112472469
30530100 9383447
30530101 112472469
30530101 9383447
30531453 112472469
30531453 9383447
30532950 112472469
30532950 9383447
30532951 112472469
30532951 9383447
30524837 112552581
30524837 9383388
30524843 112552581
30524843 9383388
30524846 112552581
30524846 9383388
30525585 112552581
30525585 9383388
30525686 112552581
30525686 9383388
30529590 112552581
30529590 9383388
30529599 112552581
30529599 9383388
30529601 112552581
30529601 9383388
30529602 112552581
30529602 9383388
30529607 112552581
30529607 9383388
30529619 112552581
30529619 9383388
30530645 112552581
30530645 9383388
30530650 112552581
30530650 9383388
30530651 112552581
30530651 9383388
30530653 112552581
30530653 9383388
30530654 112552581
30530654 9383388
30532154 112552581
30532154 9383388
30532156 112552581
30532156 9383388
30532157 112552581
30532157 9383388
30532456 112552581
30532456 9383388
30532457 112552581
30532457 9383388
30532500 112552581
30532500 9383388
30534970 112552581
30534970 9383388
30534971 112552581
30534971 9383388
30534972 112552581
30534972 9383388
30534973 112552581
30534973 9383388
30539107 112552581
30539107 9383388
30539117 112552581
30539117 9383388
30523886 112552584
30523886 9383229
30523920 112552584
30523920 9383229
30524153 112552584
30524153 9383229
30524792 112552584
30524792 9383229
30524808 112552584
30524808 9383229
30524813 112552584
30524813 9383229
30525357 112552584
30525357 9383229
30529811 112552584
30529811 9383229
30529819 112552584
30529819 9383229
30529820 112552584
30529820 9383229
30529831 112552584
30529831 9383229
30529834 112552584
30529834 9383229
30529835 112552584
30529835 9383229
30529843 112552584
30529843 9383229
30529882 112552584
30529882 9383229
30529883 112552584
30529883 9383229
30530279 112552584
30530279 9383229
30530282 112552584
30530282 9383229
30530283 112552584
30530283 9383229
30531038 112552584
30531038 9383229
30531040 112552584
30531040 9383229
30531998 112552584
30531998 9383229
30531999 112552584
30531999 9383229
30532494 112552584
30532494 9383229
30532617 112552584
30532617 9383229
30534882 112552584
30534882 9383229
30534883 112552584
30534883 9383229
30538607 112552584
30538607 9383229
30523873 112552592
30523873 9383329
30523885 112552592
30523885 9383329
30523892 112552592
30523892 9383329
30524082 112552592
30524082 9383329
30524800 112552592
30524800 9383329
30525907 112552592
30525907 9383329
30525947 112552592
30525947 9383329
30526694 112552592
30526694 9383329
30526695 112552592
30526695 9383329
30526705 112552592
30526705 9383329
30526730 112552592
30526730 9383329
30526902 112552592
30526902 9383329
30527055 112552592
30527055 9383329
30528743 112552592
30528743 9383329
30529641 112552592
30529641 9383329
30529642 112552592
30529642 9383329
30529781 112552592
30529781 9383329
30529782 112552592
30529782 9383329
30529785 112552592
30529785 9383329
30529787 112552592
30529787 9383329
30530732 112552592
30530732 9383329
30530735 112552592
30530735 9383329
30530736 112552592
30530736 9383329
30538605 112552592
30538605 9383329
30538798 112552592
30538798 9383329
30538851 112552592
30538851 9383329
30525318 88626391
30525318 9383319
30525335 88626391
30525335 9383319
30525441 88626391
30525441 9383319
30525966 88626391
30525966 9383319
30525969 88626391
30525969 9383319
30526242 88626391
30526242 9383319
30526252 88626391
30526252 9383319
30526262 88626391
30526262 9383319
30528153 88626391
30528153 9383319
30528208 88626391
30528208 9383319
30528264 88626391
30528264 9383319
30528383 88626391
30528383 9383319
30528423 88626391
30528423 9383319
30528432 88626391
30528432 9383319
30529435 88626391
30529435 9383319
30529496 88626391
30529496 9383319
30529501 88626391
30529501 9383319
30529502 88626391
30529502 9383319
30530523 88626391
30530523 9383319
30530524 88626391
30530524 9383319
30530590 88626391
30530590 9383319
30530591 88626391
30530591 9383319
30531255 88626391
30531255 9383319
30531256 88626391
30531256 9383319
30533010 88626391
30533010 9383319
30533011 88626391
30533011 9383319
30538555 88626391
30538555 9383319
30539146 88626391
30539146 9383319
30525073 88626395
30525073 9382529
30525076 88626395
30525076 9382529
30525412 88626395
30525412 9382529
30525976 88626395
30525976 9382529
30531451 88626395
30531451 9382529
30535086 88626395
30535086 9382529
30535087 88626395
30535087 9382529
30531432 9380839
30524845 9380842
30524847 9380842
30525587 9380842
30529631 9380842
30529632 9380842
30539138 9380842
30523907 9380843
30524193 9380843
30523903 9380846
30524115 9380846
30531080 9380846
30537947 9380851
30537972 9380851
30527193 9380861
30527197 9380861
30527201 9380861
30527262 9380861
30527303 9380861
30527312 9380861
30527314 9380861
30527363 9380861
30527370 9380861
30527376 9380861
30527383 9380861
30527395 9380861
30527544 9380861
30527549 9380861
30527554 9380861
30527577 9380861
30529105 9380861
30530594 9380861
30530596 9380861
30530597 9380861
30530718 9380861
30531223 9380861
30531224 9380861
30533748 9380861
30533749 9380861
30534748 9380861
30534749 9380861
30538928 9380861
30530005 9380864
30530617 9380864
30530620 9380864
30530621 9380864
30530624 9380864
30530627 9380864
30530659 9380864
30530661 9380864
30530662 9380864
30531094 9380864
30539115 9380864
30529855 9380866
30531788 9380869
30531790 9380869
30531791 9380869
30531792 9380870
30531793 9380870
30533871 9380872
30529573 9380880
30529578 9380880
30524976 9380882
30524989 9380882
30531442 9380882
30525793 9380883
30525794 9380883
30527095 9380885
30528656 9380887
30530841 9380887
30530842 9380887
30531135 9380887
30524857 9380888
30523861 9380900
30523894 9380900
30523899 9380900
30523909 9380900
30524087 9380900
30524133 9380900
30524145 9380900
30528594 9380900
30528595 9380900
30529790 9380900
30529870 9380900
30529871 9380900
30530767 9380900
30530768 9380900
30531075 9380900
30534308 9380900
30534309 9380900
30539742 9380900
30525736 9380901
30528088 9380901
30528637 9380901
30528638 9380901
30525182 9380907
30525560 9380907
30528795 9380907
30529271 9380907
30529272 9380907
30525074 9380909
30525092 9380909
30530089 9380911
30534928 9380911
30527400 9380918
30527405 9380918
30527430 9380918
30527439 9380918
30527441 9380918
30527536 9380918
30527583 9380918
30527591 9380918
30527701 9380918
30528466 9380918
30528467 9380918
30538960 9380918
30523887 9380930
30524099 9380930
30524187 9380930
30524259 9380930
30529798 9380930
30529799 9380930
30538608 9380930
30524948 9380931
30529766 9380932
30530848 9380932
30530849 9380932
30527026 9380933
30529222 9380936
30529223 9380936
30530956 9380936
30534780 9380936
30534781 9380936
30527028 9380938
30524419 9380945
30532184 9380945
30532186 9380945
30532187 9380945
30524418 9380949
30526615 9380951
30529862 9380954
30529866 9380956
30530913 9380958
30529869 9380959
30530052 9380961
30530055 9380962
30530058 9380964
30531472 9380965
30527731 9380966
30528516 9380968
30527735 9380969
30529930 9380971
30529932 9380973
30529071 9380974
30529935 9380978
30525420 9380980
30532896 9380980
30532897 9380980
30524261 9380982
30529074 9380983
30528292 9380985
30529077 9380986
30524266 9380987
30524268 9380989
30535563 9380991
30536297 9380991
30538496 9380991
30538497 9380991
30527803 9380992
30538499 9380994
30538500 9380994
30538501 9380994
30530764 9380995
30527808 9380997
30527834 9380997
30529141 9380999
30530769 9381000
30524427 9381002
30528365 9381002
30526537 9381004
30529776 9381009
30529779 9381009
30529780 9381009
30535525 9381011
30538561 9381011
30526539 9381013
30526769 9381018
30526785 9381018
30526931 9381018
30533594 9381018
30533595 9381018
30538563 9381018
30529783 9381020
30530829 9381022
30530830 9381022
30529786 9381023
30529789 9381024
30527015 9381027
30529210 9381029
30539089 9381029
30527017 9381032
30529213 9381035
30523596 9381042
30523729 9381042
30523796 9381042
30529216 9381043
30526609 9381044
30529856 9381046
30530901 9381047
30530041 9381048
30530043 9381048
30529859 9381049
30530046 9381050
30528501 9381051
30530049 9381052
30526387 9381055
30528278 9381055
30528444 9381055
30528504 9381056
30530681 9381058
30529920 9381059
30527727 9381060
30529923 9381061
30527729 9381062
30529926 9381064
30524250 9381066
30524252 9381068
30528280 9381071
30529929 9381072
30524255 9381074
30524256 9381074
30528286 9381080
30528289 9381082
30525673 9381084
30525679 9381086
30530755 9381088
30530758 9381092
30528352 9381093
30526521 9381094
30526524 9381096
30528358 9381098
30525741 9381099
30525743 9381099
30525739 9381100
30525742 9381100
30529771 9381102
30525744 9381104
30530820 9381105
30523457 9381108
30523458 9381108
30531606 9381108
30531607 9381108
30530823 9381110
30531608 9381119
30527002 9381121
30530826 9381122
30523783 9381125
30529202 9381126
30525284 9381129
30525812 9381129
30530030 9381131
30530033 9381133
30524176 9381135
30531628 9381135
30531629 9381135
30539182 9381136
30529458 9381138
30534830 9381138
30534831 9381138
30535578 9381144
30535581 9381144
30537739 9381144
30539184 9381144
30526259 9381146
30526376 9381146
30530672 9381147
30530675 9381149
30529911 9381150
30529914 9381151
30529051 9381153
30530678 9381154
30525026 9381157
30529054 9381159
30529917 9381161
30524242 9381162
30523924 9381171
30529690 9381172
30534042 9381173
30534043 9381173
30525665 9381175
30529693 9381179
30530740 9381181
30529696 9381182
30525669 9381184
30524885 9381189
30530743 9381191
30530744 9381193
30530745 9381193
30530748 9381194
30529122 9381196
30529125 9381197
30528342 9381198
30526509 9381200
30526510 9381200
30529128 9381202
30529129 9381203
30528345 9381205
30528348 9381206
30529762 9381207
30527398 9381210
30527568 9381210
30527770 9381210
30529765 9381213
30530810 9381214
30530814 9381216
30530817 9381217
30526297 9381221
30528856 9381221
30530592 9381222
30529826 9381224
30529829 9381224
30529830 9381224
30530595 9381225
30529833 9381227
30530599 9381228
30530601 9381228
30529836 9381229
30530021 9381231
30526360 9381233
30526361 9381233
30526362 9381234
30529404 9381236
30534820 9381236
30534821 9381236
30531218 9381241
30539172 9381241
30530027 9381243
30526385 9381246
30526386 9381246
30526389 9381246
30527690 9381246
30527692 9381246
30527696 9381246
30527698 9381246
30527700 9381246
30527702 9381246
30527704 9381246
30527706 9381246
30533210 9381246
30533212 9381246
30533214 9381246
30533216 9381246
30533218 9381246
30533226 9381246
30533228 9381246
30534004 9381246
30534006 9381246
30534007 9381246
30534008 9381246
30534009 9381246
30535420 9381246
30535426 9381246
30535427 9381246
30539173 9381246
30539736 9381246
30529412 9381248
30534822 9381248
30534823 9381248
30528199 9381250
30525595 9381256
30525597 9381256
30525601 9381256
30525607 9381256
30525609 9381256
30525611 9381256
30525613 9381256
30525675 9381256
30526145 9381256
30526148 9381256
30526149 9381256
30532888 9381256
30532889 9381256
30532890 9381256
30532892 9381256
30532894 9381256
30532895 9381256
30532898 9381256
30532899 9381256
30532920 9381256
30532921 9381256
30532922 9381256
30532924 9381256
30532926 9381256
30532927 9381256
30534826 9381256
30534828 9381256
30534829 9381256
30530660 9381261
30530663 9381263
30530666 9381268
30529905 9381271
30530669 9381272
30524230 9381274
30529908 9381275
30529048 9381276
30528263 9381277
30524236 9381279
30533109 9381288
30533118 9381288
30533119 9381288
30535592 9381288
30535595 9381288
30536305 9381288
30539242 9381288
30524238 9381290
30528266 9381291
30529681 9381292
30525654 9381293
30529684 9381294
30525656 9381295
30525658 9381295
30525659 9381295
30530731 9381297
30529687 9381298
30530734 9381299
30529110 9381300
30530737 9381301
30529113 9381302
30529114 9381307
30529115 9381307
30530979 9381307
30528330 9381309
30529118 9381310
30529119 9381310
30528336 9381311
30528339 9381313
30529750 9381314
30526507 9381316
30529752 9381318
30529754 9381318
30529755 9381318
30538576 9381318
30529753 9381319
30530800 9381321
30529756 9381322
30530803 9381323
30529759 9381324
30523679 9381325
30523761 9381325
30528711 9381325
30529230 9381327
30539091 9381327
30530946 9381328
30539094 9381328
30526285 9381332
30528408 9381335
30529821 9381337
30530012 9381339
30530015 9381340
30528186 9381341
30530018 9381343
30523837 9381345
30530655 9381346
30529030 9381347
30526995 9381350
30526996 9381352
30529033 9381353
30524222 9381354
30524224 9381354
30526999 9381356
30524223 9381357
30528252 9381358
30528255 9381359
30524228 9381360
30527709 9381362
30534014 9381362
30534015 9381362
30534016 9381362
30534018 9381362
30534020 9381362
30534022 9381362
30534024 9381362
30534026 9381362
30534027 9381362
30529670 9381364
30530930 9381366
30531501 9381366
30529673 9381368
30526239 9381375
30526247 9381375
30531007 9381375
30531503 9381375
30537864 9381375
30525647 9381377
30525692 9381377
30529677 9381378
30530722 9381380
30529678 9381382
30530725 9381384
30529101 9381385
30530728 9381387
30529104 9381388
30528324 9381389
30529744 9381390
30529747 9381393
30526270 9381403
30535108 9381403
30535109 9381403
30523755 9381404
30526274 9381405
30526275 9381405
30530575 9381407
30529812 9381408
30529815 9381409
30530000 9381411
30529818 9381412
30530003 9381414
30530006 9381415
30539153 9381417
30523825 9381418
30530009 9381420
30529591 9381421
30525568 9381423
30529597 9381427
30524697 9381431
30524786 9381431
30530646 9381432
30530649 9381434
30529023 9381437
30529024 9381437
30524217 9381438
30524219 9381441
30529660 9381445
30529662 9381445
30529663 9381445
30525633 9381449
30525762 9381449
30529664 9381450
30529667 9381452
30525638 9381454
30525639 9381454
30530719 9381456
30526193 9381461
30523675 9381462
30531274 9381463
30531275 9381463
30530490 9381466
30525635 9381468
30525702 9381468
30525703 9381468
30529734 9381470
30529735 9381470
30526261 9381476
30529806 9381480
30529807 9381482
30529808 9381482
30529809 9381483
30529585 9381485
30529588 9381485
30530633 9381486
30526750 9381488
30526922 9381488
30526971 9381488
30533712 9381488
30533713 9381488
30526739 9381490
30526741 9381490
30526973 9381490
30523595 9381491
30531192 9381492
30525621 9381493
30525622 9381495
30529652 9381497
30525625 9381500
30529655 9381501
30530701 9381503
30525034 9381506
30525628 9381506
30525629 9381506
30530704 9381507
30528876 9381511
30530707 9381512
30526181 9381514
30526096 9381515
30526098 9381515
30526184 9381515
30526187 9381517
30528304 9381520
30529722 9381521
30529725 9381522
30526574 9381523
30526575 9381523
30529726 9381523
30529727 9381523
30529728 9381527
30528944 9381528
30523731 9381529
30526243 9381532
30526251 9381532
30526256 9381532
30526257 9381532
30525537 9381533
30525539 9381533
30525540 9381533
30530622 9381534
30530625 9381535
30528220 9381536
30531181 9381538
30529643 9381539
30525616 9381540
30529646 9381542
30525618 9381543
30528863 9381544
30528866 9381546
30524838 9381548
30526171 9381550
30529713 9381552
30529716 9381554
30535198 9381560
30535200 9381560
30535201 9381560
30529719 9381562
30526240 9381564
30533106 9381564
30533107 9381564
30533108 9381564
30527290 9381567
30527291 9381567
30527292 9381570
30526249 9381572
30533112 9381572
30533113 9381572
30527298 9381574
30528386 9381578
30529495 9381578
30529498 9381579
30539123 9381582
30527364 9381589
30527366 9381589
30527367 9381589
30530776 9381591
30539126 9381591
30539127 9381591
30529561 9381592
30529564 9381594
30528780 9381599
30530610 9381602
30529567 9381604
30530613 9381605
30530616 9381609
30526081 9381614
30526091 9381614
30530619 9381615
30528214 9381617
30528217 9381618
30529633 9381619
30529634 9381621
30524829 9381624
30526165 9381628
30526167 9381630
30529702 9381631
30529705 9381634
30528558 9381635
30528924 9381635
30529708 9381637
30523712 9381639
30523716 9381640
30527284 9381644
30526237 9381646
30535548 9381646
30527286 9381648
30527288 9381649
30527184 9381653
30527289 9381653
30527071 9381654
30528133 9381654
30539110 9381656
30531096 9381658
30539114 9381661
30529550 9381663
30539118 9381664
30529555 9381666
30530600 9381670
30529558 9381673
30530604 9381680
30530607 9381684
30526082 9381690
30526085 9381690
30535590 9381693
30535591 9381693
30536293 9381693
30526087 9381696
30535168 9381698
30535593 9381698
30535594 9381698
30534834 9381702
30535597 9381702
30535599 9381702
30538570 9381702
30538571 9381702
30529620 9381705
30529623 9381707
30524812 9381709
30528840 9381711
30528841 9381711
30529625 9381712
30529628 9381713
30526157 9381714
30531232 9381717
30531233 9381717
30527340 9381718
30533832 9381718
30533833 9381718
30526791 9381721
30526793 9381726
30535172 9381727
30535173 9381728
30535539 9381728
30535584 9381728
30535585 9381728
30535178 9381733
30535179 9381733
30525970 9381734
30528917 9381734
30528919 9381735
30527275 9381741
30527276 9381741
30538922 9381741
30527277 9381743
30527279 9381743
30527278 9381744
30525449 9381748
30528972 9381748
30528973 9381748
30539399 9381748
30529478 9381750
30535543 9381752
30536292 9381752
30536298 9381753
30537000 9381753
30535568 9381754
30535569 9381754
30536299 9381754
30527342 9381756
30527023 9381758
30528127 9381758
30539103 9381764
30539105 9381768
30539106 9381768
30529541 9381770
30529544 9381771
30524733 9381773
30529547 9381774
30524735 9381776
30524737 9381778
30524739 9381779
30523559 9381781
30531155 9381782
30535586 9381806
30535587 9381806
30535588 9381806
30535589 9381806
30536291 9381806
30536300 9381806
30536301 9381806
30536302 9381806
30537001 9381806
30537002 9381806
30537003 9381806
30537004 9381806
30538502 9381806
30538503 9381806
30529617 9381807
30531794 9381808
30531795 9381808
30527194 9381810
30527311 9381810
30527196 9381818
30527203 9381818
30529389 9381821
30529392 9381821
30529393 9381821
30529396 9381823
30530446 9381827
30531124 9381827
30531129 9381827
30526788 9381828
30529299 9381830
30535169 9381830
30535546 9381830
30529462 9381832
30529465 9381834
30527330 9381835
30527305 9381838
30527307 9381838
30527320 9381838
30527322 9381838
30527327 9381838
30527329 9381838
30527331 9381838
30538567 9381838
30527333 9381840
30527335 9381840
30527336 9381846
30524720 9381848
30524723 9381849
30532496 9381851
30524724 9381853
30528749 9381853
30529538 9381855
30524727 9381857
30523544 9381860
30531033 9381866
30535552 9381866
30535553 9381866
30535573 9381866
30531143 9381868
30523549 9381869
30535576 9381870
30535577 9381870
30529600 9381871
30532560 9381873
30532562 9381873
30532563 9381873
30527406 9381875
30530367 9381878
30529380 9381882
30530995 9381882
30529381 9381884
30529384 9381886
30529388 9381888
30526772 9381892
30539014 9381894
30526764 9381896
30526765 9381896
30533596 9381896
30533597 9381896
30529453 9381899
30523454 9381901
30523460 9381901
30527895 9381902
30525172 9381903
30528105 9381903
30530238 9381906
30531068 9381906
30529522 9381908
30529523 9381911
30529524 9381911
30529525 9381912
30529528 9381914
30535558 9381921
30535559 9381921
30535560 9381921
30535561 9381921
30535564 9381922
30535565 9381922
30535566 9381922
30535567 9381922
30535070 9381924
30535510 9381924
30535071 9381926
30526696 9381928
30523527 9381932
30523600 9381932
30527173 9381936
30529509 9381937
30530996 9381937
30527175 9381938
30530999 9381939
30529374 9381942
30529377 9381945
30528598 9381947
30526766 9381949
30526768 9381951
30528610 9381954
30528667 9381954
30528668 9381954
30526839 9381957
30527310 9381959
30527313 9381962
30527315 9381965
30527317 9381967
30527308 9381970
30527318 9381970
30527090 9381973
30527091 9381973
30531120 9381982
30529284 9381986
30529285 9381986
30529290 9381986
30529291 9381986
30529292 9381987
30535554 9381993
30535555 9381993
30535556 9381993
30527098 9381995
30523956 9382000
30531760 9382000
30531761 9382000
30530980 9382003
30528808 9382010
30529152 9382014
30529154 9382014
30529155 9382014
30529160 9382014
30529161 9382014
30529163 9382014
30530984 9382014
30529361 9382015
30529365 9382016
30529368 9382018
30528583 9382019
30526754 9382027
30529434 9382030
30528654 9382032
30527871 9382034
30533446 9382037
30538852 9382037
30531041 9382039
30531044 9382042
30527300 9382044
30527302 9382047
30525645 9382051
30526029 9382051
30526031 9382051
30528728 9382053
30527080 9382054
30527081 9382059
30528729 9382060
30535540 9382061
30527085 9382062
30535544 9382065
30538577 9382065
30531114 9382066
30524472 9382067
30535547 9382071
30527077 9382073
30533714 9382073
30533715 9382073
30535549 9382075
30524477 9382078
30525893 9382079
30530973 9382081
30529247 9382082
30530976 9382082
30529352 9382083
30529355 9382085
30529358 9382086
30526743 9382087
30527795 9382091
30529989 9382092
30529990 9382092
30527797 9382093
30529993 9382094
30529421 9382096
30524508 9382100
30529426 9382100
30529427 9382100
30529428 9382101
30528647 9382102
30528648 9382102
30527867 9382104
30527869 9382106
30531032 9382110
30530256 9382112
30528714 9382113
30528719 9382114
30527935 9382115
30535531 9382117
30535534 9382120
30529273 9382122
30527079 9382123
30535537 9382124
30529276 9382125
30535538 9382126
30531108 9382127
30535600 9382132
30535601 9382132
30529342 9382133
30529345 9382134
30527780 9382136
30526733 9382137
30527784 9382139
30529982 9382141
30526738 9382142
30535118 9382144
30535509 9382144
30535119 9382146
30529985 9382147
30527214 9382152
30529415 9382153
30529418 9382155
30523423 9382157
30529191 9382158
30529193 9382159
30529195 9382161
30529198 9382162
30527062 9382164
30527139 9382164
30535504 9382166
30536304 9382166
30537005 9382166
30535522 9382172
30535523 9382175
30529265 9382176
30528481 9382177
30524448 9382179
30524453 9382179
30529330 9382180
30530958 9382182
30529333 9382183
30528551 9382185
30529336 9382187
30529339 9382188
30527774 9382189
30529970 9382190
30529973 9382191
30525085 9382192
30529979 9382194
30527204 9382201
30527207 9382201
30527206 9382214
30527208 9382214
30527211 9382214
30527250 9382214
30527259 9382214
30527328 9382214
30527332 9382214
30527334 9382214
30527209 9382216
30534966 9382218
30534967 9382218
30534968 9382218
30534969 9382218
30529180 9382219
30523418 9382222
30531016 9382223
30531017 9382224
30529188 9382226
30530928 9382226
30531018 9382227
30525792 9382229
30527914 9382232
30527915 9382232
30527050 9382233
30527053 9382234
30535511 9382240
30529251 9382242
30527056 9382245
30535513 9382247
30535514 9382249
30535515 9382253
30527059 9382255
30529255 9382256
30530302 9382257
30535518 9382266
30524445 9382271
30535519 9382274
30529259 9382276
30528474 9382278
30526644 9382280
30526646 9382280
30526647 9382282
30529892 9382284
30529893 9382284
30534878 9382286
30534879 9382286
30534880 9382286
30534881 9382286
30529324 9382287
30529327 9382288
30527760 9382289
30528546 9382290
30528549 9382291
30527764 9382292
30527765 9382293
30529961 9382294
30527766 9382295
30529967 9382297
30526494 9382299
30528612 9382300
30525145 9382301
30529174 9382303
30527040 9382305
30527042 9382306
30527044 9382308
30527048 9382311
30535508 9382313
30529248 9382314
30527680 9382315
30526637 9382316
30529885 9382317
30529313 9382318
30529314 9382318
30529317 9382319
30528532 9382322
30526702 9382324
30528535 9382326
30527752 9382328
30528539 9382330
30529950 9382331
30529951 9382331
30527756 9382333
30529952 9382336
30534302 9382341
30534307 9382341
30527758 9382342
30529955 9382343
30525063 9382344
30529092 9382345
30529958 9382346
30529095 9382347
30530781 9382348
30530784 9382349
30530787 9382349
30530788 9382349
30529162 9382350
30526554 9382351
30526557 9382352
30524998 9382353
30529232 9382354
30527038 9382355
30524420 9382356
30529237 9382358
30528458 9382359
30524429 9382361
30534221 9382362
30529872 9382363
30527100 9382364
30529878 9382366
30530061 9382367
30527103 9382368
30530065 9382369
30530066 9382369
30529302 9382372
30527107 9382374
30530067 9382376
30529305 9382395
30528520 9382396
30529308 9382397
30527740 9382398
30528526 9382399
30527745 9382400
30527746 9382400
30529943 9382401
30527748 9382402
30529944 9382403
30529080 9382404
30529946 9382406
30529947 9382408
30529948 9382408
30529083 9382409
30529086 9382411
30529089 9382412
30530772 9382413
30530775 9382414
30530778 9382415
30530202 9382416
30529156 9382417
30526541 9382427
30529159 9382432
30538573 9382434
30529792 9382435
30524980 9382436
30540003 9382438
30538575 9382440
30529795 9382441
30527020 9382443
30527021 9382443
30527022 9382444
30530846 9382445
30529151 9382447
30529261 9382447
30529262 9382447
30535096 9382448
30535097 9382448
30525048 9382454
30525070 9382454
30529214 9382458
30529240 9382458
30530970 9382458
30531133 9382458
30530480 9382460
30524396 9382480
30524399 9382480
30524404 9382480
30524773 9382480
30524784 9382480
30528346 9382480
30528356 9382480
30529679 9382480
30529680 9382480
30529691 9382480
30529692 9382480
30538991 9382480
30539108 9382480
30524422 9382486
30524430 9382486
30524465 9382486
30524572 9382486
30524588 9382486
30528411 9382486
30538984 9382486
30525214 9382489
30530636 9382489
30529093 9382492
30530354 9382494
30527390 9382497
30527389 9382499
30525248 9382508
30525252 9382508
30525649 9382508
30528218 9382508
30529394 9382508
30529397 9382508
30529413 9382508
30529414 9382508
30529416 9382508
30529417 9382508
30530801 9382508
30530802 9382508
30538552 9382508
30525010 9382509
30525037 9382509
30525746 9382509
30532526 9382509
30532527 9382509
30528121 9382512
30524982 9382517
30525778 9382517
30538560 9382517
30529068 9382521
30528533 9382523
30539008 9382523
30539183 9382524
30525185 9382525
30523588 9382527
30523592 9382527
30524365 9382527
30528029 9382527
30524369 9382530
30524370 9382530
30524768 9382530
30524775 9382530
30525050 9382531
30527893 9382532
30535502 9382532
30538559 9382532
30524931 9382534
30529058 9382535
30525158 9382538
30525242 9382538
30525259 9382538
30525289 9382538
30528006 9382538
30528097 9382538
30528930 9382538
30530631 9382538
30531171 9382538
30532548 9382538
30532549 9382538
30538735 9382538
30538803 9382538
30530656 9382540
30535520 9382541
30523747 9382542
30531019 9382544
30526749 9382546
30528570 9382548
30526299 9382549
30526448 9382549
30533189 9382549
30525109 9382551
30523880 9382554
30524044 9382554
30529794 9382554
30530903 9382554
30524801 9382560
30527378 9382560
30527541 9382560
30527674 9382560
30531229 9382560
30531230 9382560
30524505 9382565
30524659 9382565
30538721 9382565
30528353 9382567
30529714 9382567
30531072 9382567
30534872 9382567
30534873 9382567
30525132 9382569
30528640 9382571
30526079 9382574
30539048 9382574
30531122 9382576
30525253 9382577
30525271 9382577
30525285 9382577
30525298 9382577
30531449 9382577
30527369 9382578
30527380 9382578
30533862 9382578
30533863 9382578
30523866 9382579
30531093 9382581
30530257 9382583
30526223 9382585
30526223 9472027
30529224 9382591
30530492 9382591
30530951 9382591
30531130 9382591
30529111 9382592
30529112 9382592
30534750 9382592
30534751 9382592
30525797 9382593
30528099 9382593
30527099 9382594
30527102 9382594
30527105 9382594
30535117 9382594
30535116 9382595
30530270 9382597
30529797 9382598
30530273 9382598
30526585 9382599
30526842 9382599
30526983 9382599
30527003 9382599
30527004 9382599
30527160 9382599
30534952 9382601
30534954 9382601
30534956 9382601
30534957 9382601
30525430 9382602
30525852 9382602
30525888 9382602
30528059 9382602
30529359 9382602
30529360 9382602
30538732 9382602
30525630 9382603
30525631 9382603
30525755 9382603
30527410 9382604
30527598 9382604
30528568 9382604
30526814 9382605
30531058 9382605
30524478 9382608
30524480 9382608
30524481 9382608
30524482 9382608
30524483 9382608
30524636 9382608
30524639 9382608
30524730 9382608
30528673 9382609
30528674 9382609
30531441 9382609
30538727 9382609
30527068 9382610
30527521 9382614
30527524 9382614
30527677 9382614
30529066 9382615
30529067 9382616
30525847 9382618
30525849 9382618
30525851 9382618
30525853 9382618
30525854 9382618
30526020 9382618
30528154 9382618
30529005 9382618
30529369 9382618
30529370 9382618
30530587 9382618
30530588 9382618
30534270 9382618
30534271 9382618
30535532 9382618
30529506 9382620
30529507 9382620
30524251 9382624
30528021 9382624
30531085 9382624
30523936 9382625
30529860 9382625
30529861 9382625
30531163 9382625
30523576 9382634
30523649 9382634
30524407 9382634
30529688 9382634
30529689 9382634
30530779 9382634
30530780 9382634
30524991 9382638
30525300 9382642
30525909 9382654
30528439 9382659
30528850 9382659
30528851 9382659
30528852 9382659
30531266 9382659
30531267 9382659
30539053 9382659
30524450 9382663
30524454 9382663
30524457 9382663
30524591 9382663
30524594 9382663
30524765 9382663
30530020 9382663
30530957 9382663
30532268 9382663
30532270 9382663
30532271 9382663
30526561 9382678
30526822 9382678
30527041 9382678
30538848 9382678
30524519 9382681
30524673 9382681
30530047 9382681
30530048 9382681
30526611 9382683
30524848 9382688
30528631 9382688
30529007 9382688
30529008 9382688
30525023 9382691
30525024 9382691
30525027 9382691
30529626 9382691
30538728 9382691
30525029 9382694
30524997 9382697
30525015 9382697
30532528 9382697
30532529 9382697
30524919 9382699
30525090 9382706
30529076 9382706
30529078 9382706
30529079 9382706
30529081 9382706
30529082 9382706
30538805 9382706
30525255 9382708
30529353 9382708
30538556 9382708
30527293 9382709
30528606 9382709
30527177 9382711
30527294 9382711
30525052 9382713
30525839 9382713
30524442 9382739
30524446 9382739
30524460 9382739
30524585 9382739
30525753 9382741
30526604 9382743
30529579 9382743
30525067 9382744
30525078 9382744
30525089 9382744
30525107 9382744
30524823 9382746
30524828 9382746
30524830 9382746
30524836 9382746
30524840 9382746
30528487 9382746
30528921 9382746
30530614 9382746
30530615 9382746
30530671 9382746
30530673 9382746
30530674 9382746
30538725 9382746
30538801 9382746
30525813 9382752
30525815 9382752
30529061 9382752
30534544 9382752
30534545 9382752
30534746 9382752
30534747 9382752
30539081 9382754
30530516 9382756
30531028 9382756
30527371 9382759
30527375 9382759
30527295 9382762
30531070 9382762
30527190 9382764
30527231 9382764
30527297 9382764
30538926 9382764
30538927 9382764
30524887 9382768
30524890 9382768
30524891 9382768
30527679 9382772
30534130 9382772
30534132 9382772
30534133 9382772
30523671 9382777
30523752 9382777
30528701 9382777
30527785 9382781
30527786 9382788
30529611 9382789
30524937 9382791
30532514 9382791
30526292 9382797
30526295 9382797
30526302 9382797
30526388 9382797
30528284 9382797
30528442 9382797
30528854 9382797
30528858 9382797
30529325 9382797
30529326 9382797
30531514 9382797
30524949 9382799
30524953 9382799
30529175 9382800
30535536 9382800
30529177 9382801
30524381 9382803
30524392 9382803
30524400 9382803
30527663 9382804
30529049 9382804
30529053 9382804
30530844 9382804
30530845 9382804
30524309 9382805
30523911 9382807
30524249 9382807
30532102 9382807
30532103 9382807
30530057 9382808
30530059 9382808
30530060 9382808
30539116 9382808
30531136 9382818
30531220 9382826
30531221 9382826
30526255 9382832
30524455 9382841
30524602 9382841
30524747 9382841
30524748 9382841
30528787 9382841
30531095 9382841
30524911 9382852
30524921 9382852
30524954 9382852
30525500 9382852
30531440 9382852
30539036 9382852
30539037 9382852
30535557 9382853
30536296 9382853
30525892 9382854
30525899 9382854
30525903 9382854
30528768 9382854
30538581 9382856
30525231 9382858
30529362 9382859
30525000 9382861
30525002 9382861
30528049 9382861
30529720 9382863
30529721 9382863
30531547 9382863
30537886 9382863
30523864 9382871
30523865 9382871
30524254 9382871
30524285 9382871
30531083 9382871
30531780 9382871
30531781 9382871
30526531 9382872
30526532 9382872
30526246 9382874
30526253 9382874
30526314 9382874
30526525 9382874
30535194 9382875
30535195 9382875
30529608 9382876
30528350 9382886
30528708 9382886
30525733 9382891
30538557 9382891
30525730 9382895
30525731 9382895
30526709 9382899
30526977 9382899
30531456 9382899
30535516 9382899
30526707 9382903
30526710 9382903
30526714 9382903
30526715 9382903
30526716 9382903
30527093 9382903
30525750 9382904
30529508 9382907
30525915 9382912
30528057 9382912
30525095 9382915
30525133 9382916
30525061 9382920
30525065 9382920
30528431 9382922
30529488 9382922
30524969 9382934
30524995 9382934
30524996 9382934
30525414 9382934
30525538 9382934
30525780 9382934
30538791 9382934
30523572 9382971
30523581 9382971
30523664 9382971
30527174 9382974
30523816 9383000
30523833 9383000
30529941 9383000
30529942 9383000
30535068 9383000
30535069 9383000
30525718 9383005
30525720 9383005
30525722 9383005
30525724 9383005
30530657 9383007
30523749 9383010
30526688 9383013
30526882 9383013
30528131 9383013
30524877 9383017
30524879 9383017
30524881 9383017
30525997 9383017
30525791 9383018
30525080 9383022
30525075 9383024
30526689 9383027
30527067 9383027
30530031 9383039
30534906 9383039
30534907 9383039
30529574 9383044
30529577 9383046
30530966 9383046
30530765 9383056
30539157 9383056
30525770 9383066
30525913 9383066
30525807 9383068
30529185 9383071
30530974 9383071
30524859 9383075
30524861 9383075
30524862 9383075
30524863 9383075
30525996 9383075
30524771 9383081
30535521 9383081
30530904 9383089
30528317 9383090
30528941 9383091
30530290 9383094
30538934 9383101
30529875 9383108
30527440 9383117
30527455 9383117
30527616 9383117
30527697 9383117
30538959 9383117
30526620 9383120
30526620 9383393
30526622 9383120
30526622 9383393
30528885 9383120
30528885 9383393
30525887 9383122
30530357 9383124
30529487 9383125
30527006 9383127
30524824 9383128
30529621 9383128
30529622 9383128
30531212 9383132
30531215 9383132
30531216 9383132
30526627 9383138
30528884 9383138
30529745 9383142
30529746 9383142
30538588 9383142
30528562 9383149
30530729 9383149
30530730 9383149
30534300 9383149
30534301 9383149
30528507 9383151
30528037 9383158
30529492 9383161
30534844 9383161
30538572 9383161
30534845 9383163
30525763 9383167
30525979 9383167
30525980 9383167
30530090 9383167
30530091 9383167
30526666 9383168
30526667 9383168
30528621 9383171
30525216 9383172
30526723 9383173
30525128 9383176
30525162 9383176
30527516 9383178
30529612 9383179
30529615 9383179
30529616 9383179
30523585 9383183
30523717 9383183
30523718 9383183
30528705 9383183
30527471 9383187
30527695 9383187
30527777 9383188
30526681 9383190
30526684 9383190
30526686 9383190
30526682 9383191
30526712 9383191
30530756 9383191
30530757 9383191
30528620 9383193
30528874 9383193
30529045 9383196
30526599 9383201
30526603 9383201
30526612 9383201
30526631 9383201
30526981 9383201
30529580 9383201
30529582 9383201
30527513 9383203
30527517 9383203
30527522 9383203
30527719 9383203
30523767 9383205
30523767 9475857
30539016 9383205
30539016 9475857
30523628 9383208
30523910 9383208
30523578 9383210
30523739 9383210
30528401 9383210
30529704 9383210
30538985 9383210
30539111 9383210
30539133 9383211
30524243 9383213
30528188 9383213
30529978 9383213
30529981 9383213
30529983 9383213
30529984 9383213
30535402 9383213
30535404 9383213
30535405 9383213
30538604 9383213
30526638 9383218
30526734 9383218
30526869 9383218
30526874 9383218
30527181 9383218
30527183 9383218
30527225 9383218
30527233 9383218
30527356 9383218
30528881 9383218
30529739 9383218
30529740 9383218
30533440 9383218
30533441 9383218
30539155 9383218
30539156 9383218
30523536 9383220
30523537 9383220
30523538 9383220
30523539 9383220
30523609 9383220
30523687 9383220
30523853 9383220
30523855 9383220
30523857 9383220
30523858 9383220
30523859 9383220
30523860 9383220
30524182 9383220
30531680 9383220
30531681 9383220
30531770 9383220
30531771 9383220
30531772 9383220
30531773 9383220
30529987 9383221
30529991 9383221
30529992 9383221
30527476 9383222
30527693 9383222
30538961 9383222
30524990 9383223
30525041 9383223
30525345 9383223
30525745 9383223
30525751 9383223
30531443 9383223
30523427 9383224
30523788 9383224
30523799 9383224
30523810 9383224
30523835 9383224
30524308 9383224
30528730 9383224
30529909 9383224
30529910 9383224
30539029 9383224
30524004 9383233
30524049 9383233
30529960 9383233
30529971 9383233
30529972 9383233
30527782 9383236
30525112 9383238
30525126 9383238
30525156 9383238
30529055 9383238
30526685 9383239
30525104 9383241
30529536 9383242
30529537 9383242
30530702 9383242
30530703 9383242
30527658 9383243
30525031 9383246
30525035 9383246
30525036 9383246
30525039 9383246
30525042 9383246
30525046 9383246
30525407 9383246
30525504 9383246
30525754 9383246
30526880 9383247
30527120 9383247
30527150 9383247
30533442 9383247
30533443 9383247
30526629 9383248
30526665 9383248
30526683 9383248
30526692 9383248
30529742 9383248
30529743 9383248
30533438 9383248
30533439 9383248
30527282 9383249
30527287 9383249
30538923 9383249
30538924 9383249
30525542 9383273
30525544 9383273
30525557 9383273
30525559 9383273
30525561 9383273
30525565 9383273
30525637 9383273
30527717 9383273
30527972 9383273
30527992 9383273
30528810 9383273
30528821 9383273
30530099 9383273
30530102 9383273
30530103 9383273
30531045 9383273
30532852 9383273
30532853 9383273
30532854 9383273
30532856 9383273
30532857 9383273
30532866 9383273
30532867 9383273
30534536 9383273
30534537 9383273
30534850 9383273
30534851 9383273
30537949 9383273
30525283 9383275
30530443 9383276
30529270 9383277
30525251 9383278
30525800 9383278
30528010 9383279
30529700 9383279
30529701 9383279
30538549 9383279
30524770 9383281
30525971 9383282
30529489 9383282
30535541 9383283
30526701 9383284
30526704 9383284
30525783 9383285
30524377 9383286
30524380 9383286
30524383 9383286
30524384 9383286
30524762 9383287
30527444 9383288
30527596 9383288
30526626 9383290
30526979 9383290
30524795 9383292
30531073 9383292
30528571 9383293
30528572 9383293
30529899 9383299
30529918 9383299
30529921 9383299
30529922 9383299
30529924 9383299
30529925 9383299
30531043 9383299
30524033 9383304
30527096 9383308
30529063 9383310
30525038 9383311
30539056 9383322
30538590 9383331
30530522 9383333
30525101 9383334
30526858 9383335
30527063 9383335
30526582 9383343
30526587 9383343
30526606 9383343
30526608 9383343
30526636 9383343
30526864 9383343
30526994 9383343
30526997 9383343
30526998 9383343
30527008 9383343
30527165 9383343
30527166 9383343
30527167 9383343
30527169 9383343
30527172 9383343
30535487 9383344
30535488 9383344
30535489 9383344
30535490 9383344
30537708 9383345
30537713 9383345
30537716 9383345
30537717 9383345
30539181 9383345
30537938 9383346
30537939 9383346
30537942 9383346
30537943 9383346
30537944 9383346
30537945 9383346
30539240 9383346
30537721 9383347
30537722 9383347
30537921 9383347
30537925 9383347
30537711 9383348
30537712 9383348
30526556 9383350
30526560 9383350
30528891 9383350
30529545 9383350
30529546 9383350
30526562 9383351
30526571 9383351
30529551 9383351
30529553 9383351
30529554 9383351
30529562 9383351
30529563 9383351
30531500 9383352
30527210 9383356
30527213 9383356
30527215 9383356
30527216 9383356
30527268 9383356
30527272 9383356
30527316 9383356
30527341 9383356
30533826 9383356
30538929 9383356
30524899 9383360
30524915 9383360
30524950 9383360
30524972 9383360
30524979 9383360
30525006 9383360
30525950 9383360
30530749 9383360
30530750 9383360
30531439 9383360
30525169 9383362
30530543 9383364
30524866 9383366
30525120 9383368
30525766 9383368
30526063 9383369
30525235 9383371
30539169 9383371
30528065 9383372
30524952 9383373
30524379 9383375
30524391 9383375
30524408 9383375
30524772 9383375
30529683 9383375
30528882 9383378
30527064 9383379
30530652 9383380
30526653 9383393
30527058 9383393
30538907 9383393
30528577 9383396
30528578 9383396
30528580 9383396
30528581 9383396
30523943 9383400
30524321 9383400
30538645 9383400
30529934 9383402
30529937 9383402
30529938 9383402
30529939 9383402
30531460 9383402
30527467 9383403
30527502 9383403
30527681 9383403
30527738 9383403
30529252 9383403
30529253 9383403
30530741 9383403
30530742 9383403
30526713 9383404
30538800 9383405
30526729 9383407
30527057 9383407
30526800 9383408
30525905 9383409
30532550 9383410
30532551 9383410
30525141 9383411
30529768 9383412
30527073 9383413
30525682 9383416
30528942 9383416
30530923 9383416
30539064 9383416
30539135 9383416
30524941 9383417
30532516 9383417
30532517 9383417
30523430 9383419
30523443 9383419
30523789 9383419
30523806 9383419
30523824 9383419
30523827 9383419
30523841 9383419
30524002 9383419
30524011 9383419
30524310 9383419
30528693 9383419
30529975 9383419
30530203 9383419
30531059 9383419
30539132 9383419
30531258 9383420
30531259 9383421
30531002 9383422
30538983 9383422
30525163 9383424
30525268 9383424
30525423 9383424
30525814 9383424
30525902 9383424
30529057 9383424
30531446 9383424
30525279 9383425
30525247 9383426
30524883 9383427
30525716 9383427
30525717 9383427
30529009 9383427
30526779 9383428
30526787 9383428
30526948 9383428
30526961 9383428
30527379 9383428
30538903 9383428
30528204 9383430
30528211 9383430
30534212 9383430
30534213 9383430
30534214 9383430
30534215 9383430
30531473 9383434
30535517 9383434
30525606 9383437
30525608 9383437
30524893 9383441
30524912 9383441
30528039 9383441
30531438 9383441
30528967 9383443
30528969 9383443
30528970 9383443
30529644 9383444
30539134 9383444
30529513 9383449
30525341 9383450
30525342 9383450
30531648 9383451
30531649 9383451
30523445 9383456
30523784 9383456
30523795 9383456
30523953 9383456
30523913 9383461
30523923 9383461
30523940 9383461
30530289 9383461
30531077 9383461
30526263 9383463
30539010 9383464
30525003 9383465
30525005 9383465
30525011 9383465
30525016 9383465
30525340 9383466
30527499 9383468
30527507 9383468
30527510 9383468
30527511 9383468
30527661 9383468
30527670 9383468
30527713 9383468
30529031 9383468
30529274 9383468
30529275 9383468
30531123 9383468
30531134 9383468
30531149 9383468
30534738 9383468
30534739 9383468
30535210 9383468
30535211 9383468
30524892 9383470
30524897 9383470
30527538 9383472
30527722 9383472
30527728 9383472
30529189 9383472
30529190 9383472
30525175 9383473
30525336 9383475
30524914 9383476
30530548 9383477
30523814 9383486
30523817 9383486
30523822 9383486
30523843 9383486
30523847 9383486
30523854 9383486
30524051 9383486
30529956 9383486
30529957 9383486
30531768 9383486
30531769 9383486
30534900 9383486
30534901 9383486
30523805 9383488
30531766 9383492
30531827 9383492
30525911 9383495
30533428 9383496
30530589 9383498
30526084 9383499
30526075 9383506
30530062 9383506
30530063 9383506
30530818 9383506
30530819 9383506
30534832 9383506
30534833 9383506
30524896 9383507
30525908 9383507
30530039 9383509
30530044 9383509
30530045 9383509
30530699 9383514
30530700 9383514
30527409 9383522
30527411 9383522
30527580 9383522
30527585 9383522
30527751 9383522
30531023 9383522
30523556 9383526
30523900 9383526
30525140 9383528
30525986 9383530
30525987 9383530
30524437 9383535
30532146 9383535
30538655 9383535
30538668 9383535
30539150 9383537
30525272 9383539
30526693 9383544
30539735 9383546
30524498 9383547
30524652 9383547
30528281 9383549
30528443 9383549
30529331 9383549
30529332 9383549
30538824 9383549
30524902 9383551
30524905 9383551
30526563 9383553
30526569 9383553
30527024 9383553
30527025 9383553
30527027 9383553
30533488 9383553
30533489 9383553
30524364 9383555
30524409 9383558
30526725 9383563
30526737 9383563
30526751 9383563
30527060 9383563
30530705 9383563
30530706 9383563
30531182 9383563
30538908 9383563
30539738 9383563
30529371 9383566
30530444 9383567
30525737 9383569
30528093 9383569
30528095 9383569
30529480 9383569
30530396 9383571
30530397 9383571
30527485 9383575
30527489 9383575
30527491 9383575
30527493 9383575
30527689 9383575
30527747 9383575
30528145 9383575
30529199 9383575
30529200 9383575
30539082 9383575
30527442 9383579
30527472 9383579
30527486 9383579
30527606 9383579
30527624 9383579
30527798 9383579
30527827 9383579
30531235 9383579
30531236 9383579
30531238 9383579
30531243 9383579
30531244 9383579
30533980 9383579
30534041 9383579
30538962 9383579
30538963 9383579
30539085 9383579
30524499 9383589
30524501 9383589
30524509 9383589
30524716 9383589
30524721 9383589
30524758 9383589
30525314 9383589
30525316 9383589
30525317 9383589
30525604 9383589
30525678 9383589
30528530 9383589
30528537 9383589
30528538 9383589
30528540 9383589
30528547 9383589
30529429 9383589
30529430 9383589
30530500 9383589
30530501 9383589
30530808 9383589
30532486 9383589
30532487 9383589
30534296 9383589
30534297 9383589
30539007 9383589
30539009 9383589
30539128 9383589
30528625 9383597
30528626 9383597
30529250 9383597
30529257 9383597
30529258 9383597
30529263 9383597
30529264 9383597
30529268 9383597
30529269 9383597
30530747 9383597
30534316 9383597
30534317 9383597
30538568 9383597
30538964 9383597
30539125 9383597
30535477 9383600
30535478 9383600
30523757 9383601
30523760 9383601
30523762 9383601
30523763 9383601
30528573 9383601
30538601 9383603
30525220 9383606
30525906 9383606
30528773 9383606
30533008 9383606
30533009 9383606
30526649 9383607
30526659 9383607
30526663 9383607
30526677 9383607
30526687 9383607
30527069 9383607
30538909 9383607
30526698 9383609
30527092 9383609
30527094 9383610
30524598 9383613
30530011 9383613
30530016 9383613
30530017 9383613
30530332 9383613
30529697 9383616
30529698 9383616
30524263 9383618
30523452 9383619
30529027 9383621
30529131 9383623
30524978 9383625
30524986 9383625
30525098 9383626
30525111 9383626
30525125 9383626
30524388 9383627
30524393 9383627
30525081 9383628
30526265 9383629
30526364 9383629
30528290 9383629
30538996 9383629
30526597 9383630
30526605 9383630
30526607 9383630
30526624 9383630
30527018 9383630
30527019 9383630
30538564 9383630
30526639 9383636
30526855 9383636
30526862 9383636
30527012 9383636
30527180 9383636
30527226 9383636
30529102 9383636
30529103 9383636
30533430 9383636
30533431 9383636
30538905 9383636
30530194 9383640
30539015 9383640
30525291 9383642
30525297 9383642
30525299 9383642
30523566 9383645
30527593 9383647
30533864 9383647
30533865 9383647
30523800 9383650
30523965 9383650
30531762 9383650
30531763 9383650
30534932 9383650
30539740 9383650
30539741 9383650
30530576 9383652
30530577 9383655
30524447 9383661
30524462 9383661
30524569 9383661
30538656 9383661
30535505 9383665
30535506 9383665
30525183 9383668
30525176 9383670
30538733 9383670
30530982 9383672
30523582 9383692
30523583 9383692
30523652 9383692
30523655 9383692
30523662 9383692
30524373 9383692
30524797 9383692
30524802 9383692
30524804 9383692
30524806 9383692
30524809 9383692
30524810 9383692
30529761 9383692
30529763 9383692
30529764 9383692
30529873 9383692
30529874 9383692
30530668 9383692
30530773 9383692
30530774 9383692
30532176 9383692
30532177 9383692
30539124 9383692
30530628 9383696
30524517 9383706
30524679 9383706
30530035 9383706
30530036 9383706
30526174 9383709
30526176 9383709
30528837 9383709
30529328 9383709
30529329 9383709
30524940 9383710
30532512 9383710
30532513 9383710
30525775 9383712
30530219 9383716
30525138 9383717
30524234 9383719
30523574 9383722
30523575 9383722
30527443 9383726
30527458 9383726
30527460 9383726
30527462 9383726
30527776 9383726
30525049 9383727
30526527 9383728
30525057 9383729
30525332 9383734
30526078 9383734
30526086 9383734
30526088 9383734
30526116 9383734
30528212 9383734
30529432 9383734
30529433 9383734
30529451 9383734
30529454 9383734
30529455 9383734
30529474 9383734
30531263 9383734
30531264 9383734
30538995 9383734
30539140 9383734
30529965 9383737
30529966 9383737
30529968 9383737
30530911 9383737
30530965 9383739
30528835 9383740
30539122 9383740
30526293 9383745
30526319 9383745
30526338 9383745
30526372 9383745
30529460 9383745
30529463 9383745
30529464 9383745
30533114 9383745
30533115 9383745
30524426 9383749
30524435 9383749
30524464 9383749
30524534 9383749
30524552 9383749
30524583 9383749
30535528 9383749
30535529 9383749
30528523 9383750
30529470 9383750
30539104 9383750
30528135 9383751
30524148 9383756
30524203 9383756
30529851 9383756
30529852 9383756
30531162 9383756
30527501 9383759
30524951 9383761
30524956 9383761
30524957 9383761
30525955 9383761
30523890 9383766
30523897 9383766
30524168 9383766
30529640 9383769
30525626 9383771
30525652 9383774
30528766 9383774
30529556 9383780
30529557 9383780
30530959 9383780
30525001 9383782
30525022 9383782
30529064 9383782
30529065 9383782
30529069 9383782
30529070 9383782
30525709 9383783
30529586 9383783
30529587 9383783
30524900 9383784
30525767 9383785
30525093 9383786
30523893 9383798
30524118 9383798
30524135 9383798
30524318 9383798
30526774 9383798
30526776 9383798
30526780 9383798
30526951 9383798
30526967 9383798
30528877 9383798
30529651 9383798
30534858 9383798
30534859 9383798
30527831 9383807
30529046 9383807
30534740 9383807
30535122 9383807
30535123 9383807
30539083 9383807
30523548 9383808
30538589 9383808
30525525 9383813
30525535 9383813
30526032 9383813
30526365 9383813
30526366 9383813
30526367 9383813
30528111 9383813
30528428 9383813
30528676 9383813
30528831 9383813
30530821 9383813
30530822 9383813
30531282 9383813
30531283 9383813
30531498 9383813
30532848 9383813
30532849 9383813
30533194 9383813
30533195 9383813
30533198 9383813
30533199 9383813
30533200 9383813
30533201 9383813
30534162 9383813
30534163 9383813
30534210 9383813
30534211 9383813
30529647 9383816
30529648 9383816
30531151 9383816
30526283 9383817
30526284 9383819
30539154 9383819
30527857 9383830
30531144 9383830
30526254 9383831
30526267 9383831
30527088 9383832
30527111 9383835
30529431 9383837
30524489 9383842
30524496 9383842
30524522 9383842
30524668 9383842
30530050 9383842
30530429 9383842
30531119 9383842
30532160 9383842
30534905 9383842
30534908 9383842
30534909 9383842
30527653 9383844
30527767 9383844
30526600 9383846
30527506 9383855
30527514 9383855
30527642 9383855
30527678 9383855
30527708 9383855
30527715 9383855
30529126 9383855
30534122 9383855
30534123 9383855
30534946 9383855
30539121 9383855
30530220 9383856
30530223 9383856
30538574 9383856
30525861 9383858
30525862 9383858
30525153 9383859
30527843 9383861
30527868 9383861
30531146 9383861
30525290 9383862
30530807 9383863
30528226 9383864
30529510 9383864
30529511 9383864
30530805 9383864
30530806 9383864
30532524 9383866
30532525 9383866
30524458 9383867
30524942 9383869
30523541 9383870
30523862 9383870
30524065 9383870
30529494 9383871
30538997 9383871
30530465 9383872
30531483 9383874
30524382 9383876
30524387 9383876
30524398 9383876
30531048 9383879
30531052 9383879
30530186 9383882
30531053 9383882
30529098 9383887
30526809 9383893
30526833 9383893
30527034 9383893
30527870 9383893
30527872 9383893
30528871 9383893
30529531 9383893
30529540 9383893
30529542 9383893
30529543 9383893
30529560 9383893
30530960 9383893
30535152 9383893
30535153 9383893
30538906 9383893
30523726 9383895
30528012 9383895
30529296 9383896
30529297 9383896
30523589 9383899
30523764 9383899
30538600 9383899
30529011 9383900
30529015 9383900
30534730 9383900
30534731 9383900
30526137 9383901
30530570 9383901
30530573 9383901
30530947 9383901
30534934 9383907
30534935 9383907
30530506 9383908
30524910 9383909
30524926 9383909
30524903 9383910
30529006 9383911
30525187 9383912
30525191 9383912
30531076 9383915
30530664 9383920
30530665 9383920
30525193 9383921
30525199 9383921
30528769 9383924
30529649 9383925
30526748 9383926
30526905 9383926
30539131 9383928
30524869 9383929
30524873 9383929
30525711 9383929
30528328 9383933
30531086 9383933
30539152 9383933
30525769 9383934
30525771 9383934
30524510 9383935
30539006 9383935
30530374 9383937
30531106 9383937
30531111 9383939
30531112 9383939
30529340 9383945
30529343 9383945
30529346 9383945
30529347 9383945
30538804 9383945
30533012 9383949
30537707 9383949
30537718 9383949
30537719 9383949
30537720 9383949
30537730 9383949
30537731 9383949
30537888 9383949
30537709 9383950
30537710 9383950
30529003 9383951
30529356 9383952
30529357 9383952
30525219 9383953
30527487 9383960
30527488 9383960
30527655 9383960
30530971 9383960
30529448 9383963
30531269 9383963
30531270 9383963
30525239 9383965
30525245 9383965
30525265 9383965
30530926 9383965
30526746 9383971
30526763 9383971
30526807 9383971
30526920 9383971
30527200 9383971
30527244 9383971
30525208 9383973
30525211 9383973
30531448 9383973
30527168 9383979
30527179 9383979
30527182 9383979
30527192 9383979
30527222 9383979
30527228 9383979
30527281 9383979
30538910 9383979
30538911 9383979
30526579 9383987
30526583 9383987
30526642 9383987
30526847 9383987
30527000 9383987
30527001 9383987
30524334 9383988
30530320 9383988
30523605 9383992
30523856 9383992
30535064 9383992
30535065 9383992
30523530 9383998
30531638 9383998
30531639 9383998
30524479 9384004
30524485 9384004
30524644 9384004
30524734 9384004
30524751 9384004
30524752 9384004
30535202 9384004
30535204 9384004
30535205 9384004
30539743 9384004
30530914 9384005
30529319 9384006
30524851 9384010
30524852 9384010
30524853 9384010
30528954 9384010
30528955 9384010
30524693 9384015
30526080 9384015
30526128 9384015
30526197 9384015
30524528 9384019
30527170 9384020
30528607 9384020
30539011 9384020
30527890 9384022
30528897 9384022
30538976 9384022
30539142 9384022
30527896 9384024
30526700 9384031
30527049 9384031
30529526 9384031
30529527 9384031
30538641 9384031
30529121 9384035
30530602 9384035
30534960 9384035
30534961 9384035
30527377 9384037
30528143 9384037
30531115 9384037
30526799 9384038
30532954 9384040
30532957 9384040
30525802 9384043
30537931 9384043
30537932 9384043
30537933 9384043
30525375 9384051
30525668 9384051
30530921 9384051
30538808 9384051
30526760 9384052
30526804 9384053
30529729 9384053
30526566 9384057
30529099 9384057
30529100 9384057
30529724 9384057
30524687 9384059
30526166 9384059
30525118 9384061
30526747 9384066
30533580 9384066
30533581 9384066
30523554 9384072
30532106 9384076
30538646 9384076
30524529 9384099
30524529 9457225
30524613 9384099
30524613 9457225
30532490 9384099
30532490 9457225
30532491 9384099
30532491 9457225
30524920 9384101
30524927 9384101
30531722 9384103
30531723 9384103
30538987 9384103
30530912 9384104
30525014 9384105
30531027 9384107
30530535 9384115
30535206 9384115
30535207 9384115
30539147 9384115
30526613 9384116
30526767 9384118
30526771 9384118
30526777 9384118
30534318 9384123
30534319 9384123
30534566 9384123
30534567 9384123
30535312 9384123
30535313 9384123
30539161 9384123
30523811 9384131
30523834 9384131
30524174 9384131
30524175 9384131
30524177 9384131
30524307 9384131
30529995 9384132
30523922 9384134
30525473 9384140
30525490 9384140
30525961 9384140
30525962 9384140
30526053 9384140
30526260 9384140
30526312 9384140
30528200 9384140
30529281 9384140
30531459 9384140
30532774 9384140
30532775 9384140
30532776 9384140
30532778 9384140
30532779 9384140
30533396 9384140
30534262 9384140
30534264 9384140
30534266 9384140
30534267 9384140
30535110 9384140
30535111 9384140
30535156 9384140
30535157 9384140
30535158 9384140
30539054 9384140
30539145 9384140
30538558 9384141
30525007 9384143
30535451 9384143
30535464 9384143
30535465 9384143
30525619 9384145
30538799 9384150
30539035 9384150
30529805 9384153
30531035 9384153
30525772 9384154
30525296 9384170
30525451 9384170
30526258 9384170
30526375 9384170
30527848 9384170
30527854 9384170
30527859 9384170
30528960 9384170
30528961 9384170
30529306 9384170
30529309 9384170
30529310 9384170
30529315 9384170
30529316 9384170
30529322 9384170
30529323 9384170
30531249 9384170
30531250 9384170
30535240 9384170
30535242 9384170
30535243 9384170
30539095 9384170
30529172 9384174
30530466 9384174
30529624 9384179
30531015 9384179
30530629 9384180
30531447 9384182
30525198 9384184
30533870 9384185
30539578 9384189
30539579 9384189
30539120 9384191
30524755 9384206
30525020 9384206
30525594 9384206
30525653 9384206
30525674 9384206
30525846 9384206
30528194 9384206
30528425 9384206
30529385 9384206
30529386 9384206
30529402 9384206
30529410 9384206
30529411 9384206
30533030 9384206
30533031 9384206
30534806 9384206
30534807 9384206
30538765 9384206
30525066 9384207
30525077 9384207
30525113 9384207
30525130 9384207
30528662 9384210
30529019 9384210
30539080 9384210
30524858 9384213
30530939 9384213
30529090 9384214
30529298 9384215
30529301 9384215
30529300 9384216
30531011 9384216
30538553 9384217
30535475 9384218
30535476 9384218
30535481 9384218
30535484 9384218
30535485 9384218
30538506 9384219
30538507 9384219
30523532 9384220
30523603 9384220
30523832 9384220
30523999 9384220
30529945 9384220
30528601 9384221
30526669 9384222
30528600 9384222
30525263 9384223
30526759 9384225
30526761 9384225
30525715 9384226
30525719 9384226
30525726 9384226
30535524 9384226
30524329 9384227
30531522 9384228
30531525 9384228
30535469 9384229
30537715 9384229
30537936 9384229
30537937 9384229
30538545 9384229
30538546 9384229
30526980 9384230
30526982 9384230
30526984 9384230
30526986 9384230
30527158 9384230
30528119 9384230
30531524 9384230
30538902 9384230
30525509 9384235
30525511 9384235
30525513 9384235
30525514 9384235
30525515 9384235
30525516 9384235
30525520 9384235
30528819 9384235
30530871 9384235
30530872 9384235
30531495 9384235
30531597 9384235
30532828 9384235
30532830 9384235
30532831 9384235
30532976 9384235
30532977 9384235
30525999 9384240
30526968 9384240
30526970 9384240
30526991 9384240
30526993 9384240
30527675 9384240
30527676 9384240
30527998 9384240
30531519 9384240
30532814 9384240
30532816 9384240
30532818 9384240
30532820 9384240
30532822 9384240
30532824 9384240
30532826 9384240
30532827 9384240
30537061 9384240
30537062 9384240
30527495 9384241
30527526 9384241
30527527 9384241
30527799 9384241
30527819 9384241
30530542 9384242
30527518 9384243
30533874 9384243
30533875 9384243
30530987 9384244
30529169 9384245
30525194 9384246
30525195 9384247
30527397 9384248
30527403 9384248
30527416 9384248
30527566 9384248
30527575 9384248
30525579 9384249
30523715 9384251
30529668 9384251
30529671 9384251
30529672 9384251
30531168 9384252
30530085 9384253
30525202 9384254
30525234 9384255
30525243 9384255
30531167 9384255
30528755 9384256
30525799 9384257
30528409 9384258
30524880 9384259
30526245 9384260
30530941 9384261
30531084 9384262
30531078 9384263
30533746 9384264
30533747 9384264
30526651 9384268
30526744 9384268
30527087 9384268
30527097 9384268
30527101 9384268
30529730 9384268
30530303 9384268
30530967 9384268
30531066 9384268
30531560 9384268
30533606 9384268
30535189 9384268
30535570 9384268
30538892 9384268
30539151 9384268
30530420 9384269
30538722 9384269
30534048 9384272
30534049 9384272
30527412 9384273
30535154 9384274
30535155 9384274
30530978 9384275
30535512 9384276
30531054 9384277
30531056 9384277
30527421 9384279
30528781 9384279
30525385 9384281
30532530 9384281
30532531 9384281
30527045 9384282
30533704 9384282
30526654 9384284
30525634 9384285
30525699 9384285
30525700 9384285
30527768 9384286
30527769 9384286
30531556 9384286
30535533 9384286
30525951 9384287
30531057 9384288
30525241 9384289
30539139 9384289
30526672 9384290
30525012 9384291
30525748 9384291
30524985 9384292
30524423 9384293
30524436 9384293
30524575 9384293
30531091 9384293
30524466 9384294
30523714 9384295
30525167 9384298
30535530 9384299
30531022 9384306
30535174 9384306
30535175 9384306
30529139 9384312
30530475 9384312
30530476 9384312
30527449 9384313
30527401 9384315
30527408 9384315
30527415 9384315
30528889 9384315
30529227 9384315
30529228 9384315
30530386 9384315
30535196 9384315
30535197 9384315
30525627 9384316
30523756 9384317
30523553 9384319
30523557 9384319
30523563 9384319
30523565 9384319
30523573 9384319
30523579 9384319
30523631 9384319
30523540 9384321
30523545 9384321
30523552 9384321
30523611 9384321
30523620 9384321
30523848 9384322
30524278 9384322
30524279 9384322
30524973 9384323
30524974 9384323
30532522 9384323
30532523 9384323
30526656 9384324
30526660 9384324
30528603 9384324
30529085 9384324
30529087 9384324
30529088 9384324
30527084 9384325
30527372 9384325
30529653 9384325
30529654 9384325
30525045 9384326
30525060 9384326
30526271 9384327
30526378 9384327
30526508 9384327
30531145 9384327
30531454 9384327
30538823 9384327
30539136 9384327
30525734 9384329
30525735 9384329
30526801 9384331
30527546 9384331
30533858 9384331
30533859 9384331
30529940 9384332
30525173 9384334
30525186 9384334
30525225 9384334
30523564 9384344
30523570 9384344
30523734 9384344
30528008 9384344
30529665 9384344
30529666 9384344
30524898 9384345
30524906 9384345
30526680 9384347
30531455 9384347
30529490 9384348
30531004 9384348
30523798 9384350
30530896 9384350
30538637 9384350
30526590 9384351
30526592 9384351
30533424 9384351
30533426 9384351
30533427 9384351
30530239 9384352
30526641 9384353
30528896 9384354
30527876 9384355
30527031 9384356
30523902 9384358
30529822 9384358
30529823 9384358
30531081 9384358
30532090 9384358
30532091 9384358
30525083 9384359
30525912 9384359
30525258 9384360
30529603 9384361
30531031 9384363
30528771 9384364
30530925 9384364
30525181 9384366
30525192 9384366
30525426 9384366
30525519 9384366
30524971 9384367
30525790 9384370
30530385 9384373
30529196 9384377
30530738 9384377
30530739 9384377
30530968 9384377
30530969 9384377
30531104 9384377
30530549 9384378
30531142 9384378
30530521 9384379
30523555 9384386
30523580 9384386
30523622 9384386
30523636 9384386
30523711 9384386
30529656 9384386
30529657 9384386
30538554 9384386
30525977 9384387
30526789 9384394
30526796 9384394
30526802 9384394
30526944 9384394
30526964 9384394
30527254 9384394
30527362 9384394
30533852 9384394
30533854 9384394
30533855 9384394
30524742 9384403
30530606 9384403
30530609 9384403
30530677 9384403
30530679 9384403
30532454 9384403
30532455 9384403
30534962 9384403
30534963 9384403
30534976 9384403
30534977 9384403
30524946 9384406
30526781 9384415
30526783 9384415
30526790 9384415
30526794 9384415
30526795 9384415
30526797 9384415
30526877 9384415
30526878 9384415
30526888 9384415
30526926 9384415
30527078 9384415
30528473 9384415
30530723 9384415
30530724 9384415
30530726 9384415
30530727 9384415
30530763 9384415
30535044 9384415
30535045 9384415
30538998 9384415
30525072 9384417
30525651 9384417
30530798 9384417
30538569 9384418
30538932 9384419
30525184 9384421
30528514 9384421
30529364 9384421
30528554 9384423
30528750 9384423
30532162 9384423
30532163 9384423
30529517 9384424
30529518 9384424
30526584 9384425
30526589 9384425
30526635 9384425
30526840 9384425
30526866 9384425
30526581 9384427
30523883 9384435
30523891 9384435
30523944 9384435
30524167 9384435
30524170 9384435
30528014 9384435
30529486 9384439
30525114 9384441
30523642 9384454
30523676 9384454
30524363 9384454
30524371 9384454
30524389 9384454
30524395 9384454
30524405 9384454
30524782 9384454
30529685 9384454
30529686 9384454
30530917 9384454
30530857 9384457
30538850 9384459
30525292 9384460
30528770 9384462
30524878 9384463
30524884 9384463
30524888 9384463
30525949 9384463
30523849 9384470
30523867 9384470
30523980 9384470
30524055 9384470
30524229 9384470
30524235 9384470
30524241 9384470
30524314 9384470
30529769 9384470
30529770 9384470
30529772 9384470
30529773 9384470
30529915 9384470
30529916 9384470
30529998 9384470
30529999 9384470
30538639 9384470
30538640 9384470
30538644 9384470
30523422 9384473
30523781 9384473
30523802 9384473
30523808 9384473
30523823 9384473
30523826 9384473
30523962 9384473
30529912 9384473
30529913 9384473
30538584 9384473
30535507 9384481
30527070 9384483
30530850 9384484
30530866 9384485
30531030 9384485
30531061 9384486
30523560 9384490
30523568 9384490
30523593 9384490
30523594 9384490
30523713 9384490
30529757 9384490
30529758 9384490
30525280 9384495
30525238 9384496
30531154 9384505
30539739 9384505
30527466 9384513
30527474 9384513
30527732 9384513
30527739 9384513
30527741 9384513
30527743 9384513
30529206 9384513
30531131 9384513
30534766 9384513
30534767 9384513
30539001 9384513
30539002 9384513
30539003 9384513
30530481 9384515
30531132 9384515
30523812 9384522
30523813 9384522
30524220 9384522
30528019 9384522
30531050 9384522
30531060 9384522
30531764 9384522
30531765 9384522
30538638 9384522
30527817 9384526
30523915 9384529
30523921 9384529
30523930 9384529
30529864 9384529
30529867 9384529
30529868 9384529
30538551 9384529
30538609 9384529
30531099 9384531
30523863 9384534
30523895 9384534
30523898 9384534
30523904 9384534
30524073 9384534
30524076 9384534
30524085 9384534
30524281 9384534
30524282 9384534
30524284 9384534
30538642 9384534
30525957 9384535
