30735522 9357630
30735791 9357630
30761996 9357630
30761998 9357630
30761999 9357630
30762000 9358075
30762000 9469226
30761995 9358292
30761995 9469787
30738062 9470343
30738062 9536548
30738354 100294128
30738354 9472560
30737198 112313186
30737198 52041768
30737198 52041779
30737198 9472275
30737211 112313186
30737211 52041768
30737211 52041779
30737211 9472275
30737287 112313186
30737287 52041768
30737287 52041779
30737287 9472275
30737330 112313186
30737330 52041768
30737330 52041779
30737330 9472275
30737332 112313186
30737332 52041768
30737332 52041779
30737332 9472275
30747147 112313186
30747147 52041768
30747147 52041779
30747147 9472275
30747148 112313186
30747148 52041768
30747148 52041779
30747148 9472275
30747247 112313186
30747247 52041768
30747247 52041779
30747247 9472275
30747251 112313186
30747251 52041768
30747251 52041779
30747251 9472275
30747254 112313186
30747254 52041768
30747254 52041779
30747254 9472275
30747786 112313186
30747786 52041768
30747786 52041779
30747786 9472275
30747787 112313186
30747787 52041768
30747787 52041779
30747787 9472275
30747789 112313186
30747789 52041768
30747789 52041779
30747789 9472275
30747790 112313186
30747790 52041768
30747790 52041779
30747790 9472275
30747797 112313186
30747797 52041768
30747797 52041779
30747797 9472275
30748736 112313186
30748736 52041768
30748736 52041779
30748736 9472275
30738107 112386976
30738107 9470204
30753246 112386976
30753246 9470204
30753247 112386976
30753247 9470204
30755024 112386976
30755024 9470204
30755025 112386976
30755025 9470204
30739264 112685057
30739264 9471370
30739281 112685057
30739281 9471370
30751297 112685057
30751297 9471370
30735458 112752588
30735458 51972888
30735458 51972889
30735458 51972890
30735458 9471696
30735465 112752588
30735465 51972888
30735465 51972889
30735465 51972890
30735465 9471696
30735468 112752588
30735468 51972888
30735468 51972889
30735468 51972890
30735468 9471696
30735486 112752588
30735486 51972888
30735486 51972889
30735486 51972890
30735486 9471696
30735618 112752588
30735618 51972888
30735618 51972889
30735618 51972890
30735618 9471696
30735739 112752588
30735739 51972888
30735739 51972889
30735739 51972890
30735739 9471696
30735815 112752588
30735815 51972888
30735815 51972889
30735815 51972890
30735815 9471696
30736182 112752588
30736182 51972888
30736182 51972889
30736182 51972890
30736182 9471696
30748795 112752588
30748795 51972888
30748795 51972889
30748795 51972890
30748795 9471696
30750365 112752588
30750365 51972888
30750365 51972889
30750365 51972890
30750365 9471696
30751277 112752588
30751277 51972888
30751277 51972889
30751277 51972890
30751277 9471696
30751764 112752588
30751764 51972888
30751764 51972889
30751764 51972890
30751764 9471696
30751765 112752588
30751765 51972888
30751765 51972889
30751765 51972890
30751765 9471696
30751768 112752588
30751768 51972888
30751768 51972889
30751768 51972890
30751768 9471696
30751769 112752588
30751769 51972888
30751769 51972889
30751769 51972890
30751769 9471696
30755786 115779260
30755786 88654984
30755786 9471167
30755787 115779260
30755787 88654984
30755787 9471167
30739661 115779275
30739661 9472217
30739674 115779275
30739674 9472217
30740244 115779275
30740244 9472217
30740821 115779275
30740821 9472217
30741113 115779275
30741113 9472217
30753774 115779275
30753774 9472217
30739870 115779282
30739870 51972887
30739870 88655013
30739870 9470549
30739888 115779282
30739888 51972887
30739888 88655013
30739888 9470549
30740307 115779282
30740307 51972887
30740307 88655013
30740307 9470549
30744594 115779282
30744594 51972887
30744594 88655013
30744594 9470549
30745283 115779282
30745283 51972887
30745283 88655013
30745283 9470549
30745503 115779282
30745503 51972887
30745503 88655013
30745503 9470549
30748813 115779282
30748813 51972887
30748813 88655013
30748813 9470549
30750214 115779282
30750214 51972887
30750214 88655013
30750214 9470549
30750215 115779282
30750215 51972887
30750215 88655013
30750215 9470549
30750346 115779282
30750346 51972887
30750346 88655013
30750346 9470549
30750567 115779282
30750567 51972887
30750567 88655013
30750567 9470549
30750568 115779282
30750568 51972887
30750568 88655013
30750568 9470549
30750584 115779282
30750584 51972887
30750584 88655013
30750584 9470549
30751476 115779282
30751476 51972887
30751476 88655013
30751476 9470549
30755922 115779282
30755922 51972887
30755922 88655013
30755922 9470549
30738042 115779331
30738042 9470553
30738185 115779331
30738185 9470553
30738190 115779331
30738190 9470553
30745608 115779331
30745608 9470553
30747401 115779331
30747401 9470553
30747402 115779331
30747402 9470553
30748732 115779331
30748732 9470553
30755214 115779331
30755214 9470553
30755215 115779331
30755215 9470553
30736090 163762714
30736090 9468174
30736099 163762714
30736099 9468174
30736101 163762714
30736101 9468174
30736105 163762714
30736105 9468174
30736107 163762714
30736107 9468174
30736109 163762714
30736109 9468174
30736111 163762714
30736111 9468174
30736115 163762714
30736115 9468174
30736117 163762714
30736117 9468174
30736119 163762714
30736119 9468174
30740633 163762714
30740633 9468174
30740670 163762714
30740670 9468174
30740672 163762714
30740672 9468174
30740674 163762714
30740674 9468174
30740676 163762714
30740676 9468174
30740678 163762714
30740678 9468174
30740683 163762714
30740683 9468174
30746443 163762714
30746443 9468174
30750225 163762714
30750225 9468174
30750226 163762714
30750226 9468174
30750681 163762714
30750681 9468174
30752100 163762714
30752100 9468174
30752101 163762714
30752101 9468174
30754058 163762714
30754058 9468174
30754064 163762714
30754064 9468174
30754065 163762714
30754065 9468174
30755364 163762714
30755364 9468174
30755365 163762714
30755365 9468174
30738885 163762721
30738885 9467481
30738889 163762721
30738889 9467481
30740703 163762721
30740703 9467481
30740705 163762721
30740705 9467481
30740707 163762721
30740707 9467481
30740709 163762721
30740709 9467481
30740711 163762721
30740711 9467481
30740712 163762721
30740712 9467481
30740713 163762721
30740713 9467481
30741078 163762721
30741078 9467481
30742572 163762721
30742572 9467481
30744207 163762721
30744207 9467481
30746943 163762721
30746943 9467481
30746951 163762721
30746951 9467481
30746952 163762721
30746952 9467481
30749649 163762721
30749649 9467481
30750131 163762721
30750131 9467481
30753682 163762721
30753682 9467481
30753683 163762721
30753683 9467481
30753704 163762721
30753704 9467481
30754102 163762721
30754102 9467481
30754103 163762721
30754103 9467481
30754920 163762721
30754920 9467481
30754921 163762721
30754921 9467481
30755720 163762721
30755720 9467481
30755721 163762721
30755721 9467481
30755946 163762721
30755946 9467481
30755947 163762721
30755947 9467481
30740577 164664132
30740577 9467531
30743035 164664132
30743035 9467531
30738460 88315341
30738460 9471035
30742710 88315341
30742710 9471035
30744186 88315341
30744186 9471035
30744190 88315341
30744190 9471035
30744191 88315341
30744191 9471035
30744812 88315341
30744812 9471035
30746018 88315341
30746018 9471035
30746934 88315341
30746934 9471035
30746938 88315341
30746938 9471035
30746939 88315341
30746939 9471035
30746946 88315341
30746946 9471035
30746947 88315341
30746947 9471035
30749652 88315341
30749652 9471035
30739726 88654953
30739726 9467404
30739767 88654953
30739767 9467404
30740954 88654953
30740954 9467404
30745656 88654953
30745656 9467404
30745657 88654953
30745657 9467404
30738550 88654974
30738550 9470541
30738553 88654974
30738553 9470541
30738559 88654974
30738559 9470541
30738575 88654974
30738575 9470541
30738577 88654974
30738577 9470541
30738942 88654974
30738942 9470541
30742708 88654974
30742708 9470541
30743698 88654974
30743698 9470541
30743706 88654974
30743706 9470541
30743707 88654974
30743707 9470541
30744805 88654974
30744805 9470541
30746813 88654974
30746813 9470541
30746818 88654974
30746818 9470541
30746819 88654974
30746819 9470541
30747021 88654974
30747021 9470541
30747022 88654974
30747022 9470541
30747034 88654974
30747034 9470541
30747037 88654974
30747037 9470541
30747040 88654974
30747040 9470541
30747051 88654974
30747051 9470541
30747052 88654974
30747052 9470541
30748513 88654974
30748513 9470541
30748514 88654974
30748514 9470541
30748525 88654974
30748525 9470541
30748532 88654974
30748532 9470541
30748754 88654974
30748754 9470541
30748762 88654974
30748762 9470541
30748875 88654974
30748875 9470541
30740259 88654991
30740259 9471817
30740265 88654991
30740265 9471817
30740286 88654991
30740286 9471817
30740874 88654991
30740874 9471817
30741138 88654991
30741138 9471817
30741152 88654991
30741152 9471817
30743517 88654991
30743517 9471817
30743907 88654991
30743907 9471817
30743908 88654991
30743908 9471817
30744375 88654991
30744375 9471817
30744591 88654991
30744591 9471817
30745982 88654991
30745982 9471817
30745983 88654991
30745983 9471817
30746261 88654991
30746261 9471817
30746262 88654991
30746262 9471817
30746264 88654991
30746264 9471817
30746265 88654991
30746265 9471817
30746700 88654991
30746700 9471817
30747669 88654991
30747669 9471817
30747726 88654991
30747726 9471817
30747727 88654991
30747727 9471817
30749718 88654991
30749718 9471817
30754040 88654991
30754040 9471817
30754041 88654991
30754041 9471817
30754900 88654991
30754900 9471817
30754901 88654991
30754901 9471817
30756421 88654991
30756421 9471817
30756443 88654991
30756443 9471817
30756439 88655000
30756439 9470533
30756440 88655000
30756440 9470533
30756441 88655000
30756441 9470533
30756442 88655000
30756442 9470533
30758757 88655000
30758757 9470533
30758964 88655000
30758964 9470533
30760824 88655000
30760824 9470533
30760827 88655000
30760827 9470533
30736357 9359162
30736357 9471906
30736640 9359162
30736640 9471906
30752382 9359162
30752382 9471906
30752383 9359162
30752383 9471906
30737128 9387460
30737128 9471352
30737150 9387460
30737150 9471352
30752572 9387460
30752572 9471352
30752573 9387460
30752573 9471352
30752618 9387460
30752618 9471352
30752619 9387460
30752619 9471352
30755802 9467398
30755803 9467398
30745255 9467399
30740174 9467401
30740185 9467401
30740432 9467401
30740677 9467401
30740768 9467401
30745826 9467401
30745828 9467401
30745829 9467401
30746323 9467401
30746356 9467401
30748778 9467401
30748788 9467401
30748790 9467401
30753962 9467401
30753963 9467401
30741282 9467402
30736249 9467403
30736256 9467403
30736611 9467403
30739337 9467405
30739067 9467407
30738395 9467408
30740176 9467409
30740382 9467409
30749651 9467410
30753712 9467411
30753714 9467411
30753716 9467411
30753718 9467411
30753719 9467411
30742055 9467412
30749755 9467412
30759415 9467412
30759416 9467412
30744781 9467414
30756403 9467415
30757370 9467415
30756406 9467416
30756407 9467416
30757371 9467416
30757372 9467417
30761170 9467417
30745800 9467418
30748388 9467418
30748989 9467418
30757378 9467419
30756431 9467420
30757379 9467420
30744124 9467421
30754914 9467421
30754915 9467421
30735531 9467422
30735532 9467422
30756455 9467427
30758877 9467427
30759782 9467427
30735533 9467428
30739135 9467429
30740715 9467430
30740717 9467430
30740721 9467430
30740723 9467430
30740724 9467430
30740846 9467430
30743049 9467430
30743057 9467430
30743067 9467430
30743073 9467430
30760978 9467430
30756460 9467431
30757390 9467431
30740847 9467432
30740848 9467432
30741534 9467432
30758740 9467433
30758896 9467433
30759014 9467433
30759779 9467433
30756458 9467434
30756459 9467434
30757389 9467434
30758899 9467434
30739152 9467435
30740863 9467436
30735400 9467438
30735447 9467438
30735547 9467438
30746799 9467438
30746800 9467438
30735401 9467441
30740182 9467443
30746379 9467443
30755340 9467443
30755341 9467443
30761223 9467443
30739000 9467444
30739002 9467445
30744673 9467447
30739004 9467448
30740880 9467450
30740881 9467450
30740884 9467451
30754808 9467452
30754810 9467452
30754811 9467452
30740726 9467453
30740728 9467453
30740730 9467453
30740732 9467453
30740733 9467453
30743061 9467453
30743077 9467453
30755002 9467453
30755003 9467453
30753798 9467454
30753799 9467454
30736198 9467456
30741783 9467456
30744692 9467456
30744694 9467457
30744695 9467457
30744696 9467458
30735451 9467460
30735591 9467460
30761260 9467463
30735437 9467464
30735444 9467464
30740450 9467465
30749686 9467465
30740752 9467466
30739041 9467467
30740754 9467468
30740756 9467469
30739047 9467470
30736947 9467471
30736953 9467471
30752432 9467471
30752433 9467471
30740606 9467473
30740647 9467473
30740684 9467473
30740691 9467473
30743088 9467473
30735462 9467475
30735463 9467475
30743533 9467476
30743543 9467476
30754846 9467476
30754847 9467476
30754848 9467476
30754849 9467476
30761164 9467476
30739060 9467477
30740773 9467478
30740775 9467479
30736966 9467480
30735319 9467482
30745918 9467483
30735330 9467487
30745929 9467490
30745930 9467490
30736093 9467496
30736095 9467496
30736637 9467496
30736643 9467496
30736645 9467496
30736647 9467496
30736649 9467496
30736651 9467496
30736653 9467496
30736655 9467496
30736656 9467496
30736794 9467496
30740635 9467496
30740637 9467496
30740639 9467496
30740641 9467496
30740645 9467496
30740646 9467496
30740667 9467496
30752092 9467496
30752093 9467496
30752374 9467496
30752375 9467496
30754030 9467496
30754032 9467496
30754033 9467496
30755944 9467496
30755945 9467496
30754886 9467497
30754887 9467497
30736833 9467498
30736835 9467498
30736975 9467498
30736839 9467499
30736840 9467499
30736842 9467499
30737074 9467499
30761171 9467501
30761175 9467502
30745953 9467503
30745956 9467504
30740648 9467505
30740652 9467505
30740653 9467505
30740654 9467505
30740656 9467505
30740658 9467505
30740660 9467505
30740664 9467505
30740879 9467505
30745025 9467505
30754034 9467505
30754035 9467505
30754046 9467505
30754047 9467505
30745958 9467506
30745959 9467506
30736854 9467507
30745667 9467507
30745803 9467508
30735323 9467509
30735372 9467509
30753420 9467510
30753422 9467510
30753423 9467510
30745973 9467511
30738330 9467512
30738332 9467512
30753427 9467512
30742302 9467513
30742310 9467513
30742311 9467513
30754602 9467513
30754603 9467513
30754604 9467513
30754605 9467513
30754606 9467514
30754607 9467514
30742324 9467515
30742326 9467515
30754608 9467515
30754609 9467515
30745822 9467516
30745823 9467516
30745824 9467517
30740536 9467518
30740538 9467518
30740539 9467518
30735391 9467519
30753440 9467520
30753441 9467520
30753448 9467521
30753449 9467521
30761929 9467521
30749317 9467522
30749913 9467522
30737380 9467523
30737920 9467523
30752856 9467523
30752857 9467523
30737921 9467524
30737742 9467525
30737749 9467525
30737922 9467525
30742663 9467525
30749333 9467526
30749350 9467526
30737923 9467527
30754640 9467529
30754641 9467529
30737929 9467530
30740859 9467534
30743155 9467534
30744218 9467534
30744222 9467534
30749259 9467534
30749260 9467534
30749352 9467541
30749440 9467541
30755722 9467541
30755724 9467541
30755725 9467541
30755735 9467541
30737942 9467543
30737944 9467543
30745714 9467544
30745717 9467544
30737945 9467545
30737947 9467546
30753232 9467546
30753233 9467546
30761884 9467546
30745718 9467547
30756430 9467549
30758303 9467549
30758863 9467549
30758919 9467549
30745888 9467550
30745889 9467550
30737561 9467551
30737831 9467551
30740596 9467551
30740598 9467551
30740599 9467551
30752812 9467551
30752813 9467551
30752814 9467551
30752815 9467551
30753008 9467551
30753009 9467551
30753020 9467551
30753021 9467551
30753022 9467551
30753023 9467551
30756142 9467551
30756143 9467551
30756144 9467551
30756146 9467551
30756148 9467551
30756150 9467551
30756152 9467551
30756153 9467551
30741741 9467552
30742256 9467552
30742303 9467552
30754512 9467552
30754513 9467552
30739207 9467553
30739373 9467553
30739686 9467553
30740215 9467553
30740233 9467553
30740238 9467553
30740284 9467553
30740288 9467553
30740597 9467553
30740602 9467553
30743850 9467553
30743853 9467553
30748598 9467553
30748599 9467553
30753782 9467553
30753783 9467553
30754891 9467553
30736278 9467554
30736784 9467554
30745744 9467554
30745733 9467555
30740440 9467556
30740442 9467557
30740444 9467557
30740446 9467557
30740447 9467557
30749378 9467558
30737967 9467560
30746902 9467562
30746910 9467562
30736436 9467566
30736633 9467566
30746911 9467569
30746912 9467569
30746913 9467571
30746914 9467571
30746917 9467576
30740569 9467582
30744258 9467582
30744280 9467582
30744869 9467582
30750169 9467582
30750170 9467582
30742075 9467585
30742077 9467585
30742343 9467585
30754538 9467585
30737981 9467587
30745752 9467589
30745753 9467589
30737986 9467594
30738968 9467600
30746930 9467600
30746931 9467600
30745759 9467604
30745760 9467604
30746932 9467606
30746935 9467609
30736719 9467630
30740601 9467630
30740603 9467630
30740604 9467630
30740605 9467630
30740607 9467630
30740611 9467630
30740612 9467630
30741948 9467630
30741952 9467630
30741956 9467630
30741958 9467630
30741962 9467630
30741966 9467630
30741968 9467630
30744997 9467630
30754022 9467630
30754023 9467630
30754468 9467630
30754469 9467630
30754470 9467630
30754471 9467630
30754626 9467630
30754627 9467630
30754678 9467630
30754679 9467630
30761830 9467630
30761835 9467630
30737052 9467638
30749248 9467638
30742804 9467646
30754554 9467646
30754555 9467646
30745774 9467647
30745777 9467649
30746949 9467650
30746950 9467650
30744123 9467653
30736675 9467655
30746953 9467657
30746954 9467657
30736678 9467658
30746957 9467659
30741987 9467662
30742246 9467673
30754572 9467673
30754573 9467673
30754574 9467688
30754575 9467688
30746801 9467690
30753240 9467697
30753241 9467697
30745791 9467700
30745794 9467702
30737702 9467703
30738091 9467718
30753248 9467718
30753250 9467718
30753251 9467718
30746971 9467721
30744145 9467723
30746974 9467725
30744148 9467726
30746977 9467729
30740162 9467730
30740358 9467730
30746990 9467732
30746995 9467734
30755438 9467734
30755439 9467734
30745662 9467736
30741707 9467738
30745668 9467739
30745671 9467739
30745669 9467740
30745670 9467740
30744013 9467744
30746841 9467746
30737575 9467751
30737577 9467751
30737582 9467751
30737589 9467751
30737591 9467751
30737593 9467751
30737728 9467751
30743403 9467751
30745036 9467751
30752816 9467751
30752817 9467751
30752828 9467751
30752829 9467751
30752830 9467751
30752831 9467751
30752832 9467751
30752833 9467751
30755834 9467751
30755835 9467751
30755948 9467751
30755949 9467751
30746844 9467752
30744018 9467754
30746847 9467755
30737746 9467757
30737747 9467761
30737914 9467761
30745684 9467764
30745685 9467765
30745686 9467765
30749004 9467767
30749009 9467768
30746862 9467769
30746865 9467772
30737760 9467777
30746868 9467779
30746869 9467779
30737767 9467782
30737770 9467782
30737769 9467786
30746713 9467789
30746714 9467789
30746717 9467790
30741744 9467793
30741745 9467793
30741897 9467793
30742315 9467793
30754584 9467793
30754585 9467793
30741746 9467797
30741911 9467797
30742280 9467797
30742314 9467797
30745009 9467797
30737348 9467805
30737618 9467805
30761850 9467805
30737619 9467808
30746887 9467810
30746888 9467810
30737787 9467813
30737931 9467813
30736454 9467815
30736200 9467821
30736456 9467821
30741918 9467821
30752216 9467821
30752217 9467821
30755854 9467821
30755855 9467821
30746736 9467823
30746739 9467825
30740113 9467827
30751384 9467827
30737566 9467830
30737568 9467830
30737570 9467830
30737572 9467830
30737597 9467830
30737638 9467830
30737722 9467830
30736302 9467832
30746749 9467834
30746750 9467834
30746753 9467836
30736226 9467843
30736478 9467843
30746756 9467845
30741784 9467847
30755700 9467849
30755701 9467849
30755704 9467851
30755705 9467851
30747290 9467854
30755706 9467854
30755707 9467854
30746609 9467856
30755404 9467856
30755405 9467856
30746771 9467859
30746776 9467861
30737672 9467863
30746779 9467864
30737673 9467866
30740157 9467870
30746624 9467871
30746627 9467873
30746789 9467875
30746790 9467875
30737527 9467878
30746791 9467879
30746792 9467879
30746793 9467881
30746798 9467883
30736360 9467892
30736570 9467892
30746642 9467894
30746645 9467896
30739943 9467898
30745310 9467898
30746648 9467900
30740026 9467906
30740027 9467906
30746658 9467910
30746660 9467910
30746661 9467910
30746662 9467911
30746665 9467913
30746669 9467916
30741696 9467918
30740041 9467922
30736232 9467924
30746510 9467926
30746513 9467928
30746517 9467929
30738912 9467931
30738915 9467933
30738919 9467936
30755634 9467941
30755636 9467941
30755638 9467941
30755640 9467941
30755641 9467941
30746529 9467944
30746532 9467944
30746535 9467946
30746538 9467946
30738933 9467948
30736108 9467958
30755650 9467963
30755651 9467963
30738937 9467966
30738938 9467966
30738944 9467966
30740943 9467968
30740945 9467968
30755654 9467968
30755655 9467968
30746552 9467971
30746553 9467971
30750686 9467973
30746556 9467975
30741582 9467977
30755502 9467979
30755503 9467979
30737459 9467980
30744731 9467980
30736122 9467982
30746400 9467983
30755506 9467985
30755508 9467985
30755509 9467985
30738951 9467987
30746403 9467990
30736126 9467991
30738953 9467994
30746458 9467994
30746406 9467997
30738955 9467998
30738957 9468000
30745305 9468003
30745308 9468003
30754028 9468003
30754029 9468003
30755520 9468005
30755521 9468005
30755526 9468007
30755527 9468007
30736144 9468009
30736145 9468009
30743976 9468009
30746424 9468011
30746427 9468013
30737322 9468014
30738978 9468016
30737324 9468019
30737328 9468021
30746591 9468022
30746594 9468024
30738988 9468026
30738990 9468026
30738991 9468030
30738994 9468033
30746447 9468035
30738996 9468037
30742335 9468039
30742806 9468039
30744980 9468039
30737344 9468040
30755412 9468041
30755413 9468041
30737368 9468042
30737369 9468043
30746311 9468045
30737212 9468046
30737285 9468046
30746319 9468049
30736223 9468063
30760933 9468063
30755586 9468066
30755587 9468066
30746480 9468068
30760935 9468075
30746483 9468076
30737381 9468078
30737576 9468078
30737388 9468079
30746330 9468081
30746333 9468083
30746338 9468084
30746339 9468084
30745001 9468089
30755104 9468089
30755105 9468089
30738888 9468092
30753438 9468092
30753439 9468092
30747829 9468095
30747830 9468095
30745004 9468097
30745005 9468100
30760953 9468105
30747833 9468108
30737205 9468120
30737239 9468120
30747837 9468123
30755452 9468124
30755453 9468124
30755454 9468126
30755455 9468126
30751814 9468127
30751815 9468127
30746355 9468130
30756355 9468137
30756356 9468137
30756357 9468137
30756358 9468137
30760809 9468137
30746359 9468139
30747853 9468142
30747855 9468142
30746207 9468146
30746208 9468146
30755294 9468146
30755296 9468146
30755298 9468146
30755299 9468146
30741226 9468150
30741227 9468150
30741232 9468150
30744883 9468150
30744884 9468150
30746202 9468156
30746209 9468156
30755306 9468156
30755308 9468156
30755310 9468156
30755311 9468156
30760820 9468159
30760823 9468159
30746370 9468178
30746377 9468178
30755478 9468179
30755479 9468179
30743991 9468182
30744001 9468182
30744002 9468182
30746367 9468182
30746372 9468182
30746373 9468182
30746374 9468183
30742737 9468185
30747872 9468186
30738609 9468187
30755324 9468188
30755325 9468188
30760994 9468189
30760996 9468191
30747875 9468192
30746219 9468193
30746220 9468193
30760997 9468197
30747878 9468198
30738773 9468199
30746225 9468200
30746228 9468201
30755496 9468202
30755497 9468202
30746397 9468203
30737291 9468204
30737293 9468206
30755342 9468207
30755343 9468207
30737286 9468208
30737288 9468208
30737290 9468208
30737292 9468208
30737294 9468208
30737297 9468208
30740735 9468208
30740737 9468208
30740741 9468208
30740743 9468208
30743059 9468208
30743075 9468208
30743679 9468208
30743680 9468208
30747781 9468208
30755546 9468208
30755547 9468208
30760979 9468208
30746240 9468210
30746246 9468211
30746439 9468213
30755360 9468213
30746260 9468214
30755369 9468216
30746263 9468217
30737161 9468218
30752622 9468218
30752624 9468218
30752625 9468218
30760885 9468219
30746110 9468220
30760888 9468221
30742793 9468222
30744874 9468222
30746113 9468223
30746116 9468224
30748730 9468225
30755380 9468225
30755381 9468225
30755382 9468225
30755383 9468225
30738667 9468226
30738852 9468228
30738854 9468228
30738856 9468228
30738858 9468228
30738860 9468228
30738862 9468228
30746574 9468228
30746582 9468228
30753696 9468228
30753697 9468228
30753722 9468228
30753723 9468228
30755376 9468228
30755377 9468228
30755384 9468228
30755386 9468228
30755388 9468228
30755389 9468228
30758951 9468233
30759028 9468233
30759521 9468233
30746286 9468234
30746287 9468234
30742644 9468235
30738472 9468237
30738505 9468237
30738515 9468237
30742694 9468237
30738498 9468238
30738516 9468238
30737184 9468240
30748706 9468240
30737185 9468241
30747782 9468243
30747785 9468243
30755234 9468244
30755235 9468244
30746130 9468245
30747788 9468246
30746135 9468247
30751766 9468248
30751767 9468248
30738507 9468249
30738531 9468249
30737530 9468255
30737531 9468255
30737826 9468255
30742667 9468255
30746151 9468257
30748861 9468257
30760981 9468257
30746001 9468259
30738551 9468260
30746006 9468261
30748893 9468261
30748947 9468261
30738558 9468262
30746009 9468263
30755274 9468264
30755276 9468264
30755277 9468264
30747502 9468265
30746170 9468266
30746176 9468267
30737071 9468268
30746179 9468269
30737073 9468270
30738406 9468271
30738409 9468271
30738407 9468272
30755124 9468273
30755125 9468273
30747673 9468274
30737078 9468276
30747676 9468277
30746020 9468279
30743922 9468280
30738576 9468281
30743925 9468282
30747522 9468283
30747523 9468283
30746192 9468284
30746041 9468285
30746044 9468286
30746047 9468287
30742375 9468288
30742379 9468288
30742408 9468288
30743947 9468289
30742420 9468291
30754636 9468291
30754637 9468291
30743964 9468292
30743967 9468293
30746080 9468294
30747415 9468295
30747418 9468295
30747419 9468295
30746083 9468297
30742441 9468298
30743980 9468299
30743832 9468300
30743835 9468301
30743838 9468302
30747433 9468303
30747436 9468304
30751568 9468305
30751569 9468305
30738331 9468306
30738333 9468306
30739988 9468307
30741224 9468307
30742371 9468308
30742464 9468308
30744983 9468308
30747439 9468310
30738335 9468312
30738337 9468313
30738339 9468314
30748937 9468315
30742312 9468316
30742316 9468317
30742318 9468317
30742319 9468317
30745012 9468317
30747454 9468318
30747457 9468319
30736718 9468320
30740685 9468320
30740689 9468320
30740690 9468320
30742483 9468320
30742485 9468320
30754066 9468320
30754067 9468320
30738351 9468321
30756402 9468322
30756404 9468324
30756405 9468325
30748955 9468326
30747299 9468327
30747300 9468327
30743769 9468328
30747302 9468328
30756408 9468329
30756409 9468329
30742332 9468330
30745014 9468330
30747307 9468332
30747308 9468332
30742338 9468334
30761924 9468337
30743879 9468339
30743880 9468339
30747475 9468340
30747478 9468341
30756420 9468343
30756422 9468344
30756423 9468344
30748972 9468345
30755090 9468346
30755091 9468346
30756425 9468347
30742651 9468349
30752841 9468349
30756426 9468349
30747217 9468353
30748976 9468353
30743728 9468354
30743729 9468354
30747323 9468355
30747324 9468355
30756429 9468356
30747325 9468357
30751459 9468358
30751460 9468358
30747328 9468359
30747490 9468361
30752840 9468362
30737974 9468367
30737979 9468367
30738229 9468367
30748829 9468368
30742200 9468369
30743742 9468370
30742203 9468371
30743745 9468372
30740904 9468373
30756445 9468373
30751471 9468374
30751472 9468374
30751473 9468374
30756446 9468376
30742208 9468378
30742209 9468378
30747340 9468381
30743748 9468383
30751474 9468384
30756449 9468387
30756450 9468387
30747343 9468388
30747346 9468389
30742374 9468392
30748840 9468395
30742131 9468396
30742153 9468396
30742250 9468396
30748844 9468396
30748849 9468398
30752866 9468402
30752867 9468402
30742221 9468404
30756461 9468406
30756462 9468408
30742226 9468410
30742240 9468410
30747361 9468411
30747364 9468412
30747367 9468413
30738262 9468414
30738263 9468414
30756310 9468415
30756311 9468417
30756314 9468419
30756315 9468421
30756316 9468423
30756317 9468425
30756318 9468426
30756319 9468428
30737533 9468430
30737536 9468430
30747215 9468430
30747216 9468430
30742241 9468433
30748710 9468435
30742247 9468439
30742249 9468444
30747382 9468445
30747385 9468447
30738280 9468449
30738283 9468454
30748920 9468454
30756331 9468456
30738285 9468458
30743637 9468459
30747231 9468462
30747234 9468464
30742261 9468466
30742263 9468466
30747239 9468472
30747240 9468472
30742266 9468475
30761855 9468477
30743651 9468479
30743652 9468479
30742112 9468486
30756351 9468491
30756352 9468493
30742117 9468494
30747252 9468496
30756359 9468498
30742283 9468499
30742284 9468499
30747258 9468500
30737336 9468501
30747259 9468501
30742285 9468502
30742029 9468516
30742287 9468516
30742289 9468516
30754430 9468516
30754431 9468516
30754514 9468516
30754518 9468516
30754519 9468516
30759086 9468516
30759087 9468516
30748753 9468522
30747101 9468524
30743508 9468526
30748759 9468527
30747104 9468529
30743670 9468530
30747107 9468531
30742132 9468533
30754546 9468533
30754547 9468533
30756370 9468536
30743673 9468538
30756372 9468540
30756373 9468543
30742136 9468545
30749348 9468556
30749351 9468556
30755726 9468556
30755727 9468556
30755734 9468556
30756374 9468556
30756375 9468556
30743676 9468558
30742139 9468560
30747270 9468563
30756377 9468564
30756378 9468565
30756379 9468567
30747273 9468568
30743526 9468569
30743536 9468569
30742141 9468572
30742148 9468572
30742150 9468572
30743690 9468574
30742151 9468576
30756390 9468578
30747128 9468580
30747129 9468580
30756391 9468582
30756392 9468584
30756393 9468585
30748619 9468587
30748620 9468587
30756394 9468590
30742157 9468591
30756397 9468592
30757369 9468592
30756398 9468596
30747298 9468598
30739525 9468599
30742002 9468601
30748796 9468603
30747143 9468608
30747144 9468608
30747146 9468612
30742178 9468616
30742179 9468616
30742022 9468624
30742024 9468624
30742025 9468624
30742027 9468626
30745542 9468628
30756266 9468628
30756267 9468628
30747164 9468630
30747167 9468631
30738066 9468633
30747010 9468634
30747013 9468634
30747018 9468634
30742045 9468635
30748512 9468636
30735813 9468643
30747180 9468645
30735814 9468647
30748515 9468649
30747183 9468651
30747186 9468653
30747189 9468656
30735955 9468662
30748680 9468662
30748682 9468666
30747035 9468668
30742062 9468670
30747038 9468672
30749909 9468674
30748530 9468678
30735832 9468680
30736006 9468680
30748533 9468681
30748536 9468683
30748539 9468684
30747050 9468685
30743459 9468686
30747053 9468687
30747058 9468689
30748551 9468691
30735688 9468693
30735692 9468693
30735694 9468693
30735696 9468693
30735698 9468693
30735700 9468693
30735702 9468693
30735718 9468693
30738731 9468693
30738869 9468693
30738871 9468693
30738875 9468693
30748557 9468693
30748558 9468693
30751742 9468693
30751743 9468693
30751746 9468693
30751748 9468693
30751749 9468693
30751758 9468693
30751759 9468693
30753698 9468693
30753699 9468693
30755930 9468693
30755932 9468693
30755934 9468693
30755935 9468693
30743472 9468698
30743477 9468701
30743478 9468701
30743479 9468702
30735707 9468703
30735709 9468705
30748570 9468706
30735719 9468710
30735720 9468710
30735721 9468711
30735723 9468713
30748423 9468717
30735725 9468720
30735727 9468720
30747092 9468722
30747095 9468723
30735728 9468728
30748429 9468732
30755752 9468737
30758801 9468737
30758913 9468737
30744999 9468739
30748591 9468741
30748594 9468742
30748597 9468743
30735740 9468744
30735742 9468745
30748443 9468749
30752460 9468751
30752461 9468751
30740900 9468752
30751097 9468754
30756322 9468754
30740902 9468756
30740908 9468758
30748461 9468759
30748466 9468761
30744717 9468762
30740921 9468764
30740925 9468766
30740927 9468766
30740928 9468767
30748483 9468770
30735785 9468772
30748488 9468774
30744730 9468776
30749876 9468781
30758827 9468784
30758994 9468801
30760965 9468801
30749891 9468802
30758843 9468806
30759034 9468806
30735503 9468810
30735623 9468810
30739768 9468814
30740816 9468814
30740950 9468814
30735671 9468815
30757368 9468818
30749764 9468821
30744792 9468828
30738457 9468831
30738903 9468831
30744797 9468831
30756433 9468835
30757380 9468835
30757382 9468835
30758714 9468846
30758717 9468846
30759781 9468846
30757381 9468847
30757383 9468848
30749610 9468850
30756434 9468852
30757384 9468852
30742041 9468870
30756451 9468870
30757385 9468870
30757386 9468870
30757387 9468870
30757388 9468870
30749612 9468874
30740853 9468875
30744661 9468876
30749638 9468883
30749843 9468883
30740875 9468884
30736899 9468885
30737089 9468885
30744683 9468885
30754962 9468892
30754964 9468892
30754965 9468892
30740584 9468893
30743034 9468893
30740890 9468895
30739030 9468896
30739033 9468897
30739035 9468898
30741693 9468904
30758793 9468904
30760962 9468904
30735459 9468907
30739053 9468909
30739057 9468914
30740769 9468921
30754852 9468924
30754853 9468924
30736801 9468927
30740939 9468932
30745925 9468932
30745926 9468932
30736829 9468936
30745946 9468938
30754892 9468939
30754893 9468939
30745810 9468941
30745811 9468941
30745812 9468943
30740516 9468948
30740518 9468948
30740519 9468948
30740523 9468948
30740525 9468948
30740527 9468948
30740528 9468948
30744891 9468948
30735382 9468949
30735385 9468951
30735386 9468951
30753436 9468954
30753437 9468954
30735389 9468956
30745989 9468957
30736886 9468963
30736887 9468963
30745830 9468966
30740543 9468968
30740545 9468968
30740546 9468968
30754120 9468972
30754121 9468972
30754786 9468972
30754787 9468972
30753450 9468974
30753451 9468974
30740549 9468976
30753454 9468980
30753455 9468980
30749326 9468983
30737918 9468987
30737919 9468989
30737932 9468990
30745702 9468991
30737934 9468993
30737935 9468994
30737936 9469003
30736599 9469009
30736601 9469009
30737939 9469011
30740580 9469012
30750387 9469012
30754504 9469013
30754505 9469013
30737950 9469015
30754508 9469016
30745721 9469019
30737952 9469028
30737954 9469030
30745724 9469031
30745727 9469033
30735296 9469044
30736790 9469046
30742054 9469048
30754520 9469048
30754522 9469048
30754524 9469048
30754525 9469048
30758486 9469054
30745742 9469056
30746921 9469057
30746926 9469064
30746929 9469074
30754542 9469077
30754543 9469077
30754544 9469079
30754545 9469079
30744110 9469080
30744111 9469080
30744112 9469082
30736662 9469083
30736663 9469083
30746941 9469084
30746942 9469084
30744115 9469087
30736665 9469090
30736667 9469098
30746945 9469102
30744118 9469104
30754562 9469106
30754563 9469106
30754564 9469108
30754565 9469108
30755668 9469108
30755669 9469108
30750922 9469110
30754566 9469118
30754567 9469118
30745783 9469120
30745786 9469122
30736680 9469124
30744131 9469126
30744132 9469126
30736683 9469128
30746961 9469132
30746962 9469132
30736684 9469134
30744135 9469137
30746963 9469139
30741991 9469140
30746968 9469142
30741994 9469143
30745011 9469145
30754586 9469145
30754587 9469145
30746812 9469146
30746815 9469148
30746980 9469149
30746981 9469151
30746987 9469153
30746988 9469153
30746989 9469153
30749292 9469154
30746830 9469156
30746831 9469156
30744006 9469158
30746834 9469160
30746835 9469160
30746838 9469162
30736403 9469164
30746850 9469165
30744023 9469168
30744025 9469168
30744026 9469168
30746853 9469170
30744027 9469171
30746856 9469173
30737750 9469178
30737752 9469180
30746859 9469183
30746701 9469185
30745690 9469186
30746706 9469187
30745691 9469189
30745695 9469189
30748692 9469189
30745696 9469190
30745699 9469190
30746872 9469191
30746875 9469193
30746878 9469194
30741370 9469200
30755826 9469200
30755828 9469200
30755829 9469200
30759787 9469206
30746725 9469208
30737621 9469210
30741754 9469212
30746728 9469213
30737377 9469215
30737626 9469215
30737627 9469215
30746891 9469216
30746892 9469216
30746895 9469217
30746896 9469217
30746742 9469218
30741771 9469219
30741777 9469220
30742291 9469220
30746768 9469221
30746613 9469222
30746614 9469222
30746617 9469224
30755406 9469224
30755407 9469224
30746618 9469225
30746782 9469228
30736351 9469229
30736352 9469234
30746630 9469239
30746633 9469239
30746636 9469239
30746639 9469239
30755753 9469241
30739513 9469249
30741686 9469249
30746501 9469251
30746504 9469253
30736227 9469258
30737401 9469262
30746507 9469263
30737405 9469265
30736391 9469269
30754122 9469271
30754123 9469271
30746672 9469276
30738900 9469278
30738904 9469281
30738907 9469283
30746520 9469285
30740057 9469288
30743866 9469288
30746523 9469293
30746526 9469297
30746693 9469299
30746541 9469300
30746544 9469302
30746547 9469303
30738941 9469304
30738945 9469305
30738947 9469307
30738949 9469308
30745387 9469309
30740096 9469310
30755512 9469313
30755513 9469313
30755514 9469315
30755515 9469315
30738960 9469316
30738962 9469319
30736138 9469321
30746418 9469322
30746580 9469326
30746589 9469326
30748729 9469326
30746584 9469329
30746588 9469329
30755394 9469329
30755396 9469329
30755398 9469329
30755399 9469329
30736155 9469330
30746433 9469332
30736157 9469345
30746436 9469348
30746437 9469350
30746438 9469350
30737331 9469351
30737333 9469354
30737334 9469357
30755554 9469359
30755555 9469359
30746452 9469360
30746453 9469360
30746454 9469363
30746457 9469364
30755400 9469367
30755401 9469367
30755402 9469369
30755403 9469369
30755408 9469371
30755409 9469371
30746305 9469376
30746306 9469378
30746307 9469378
30755570 9469382
30755571 9469382
30747799 9469384
30747800 9469384
30747801 9469389
30747821 9469389
30736192 9469392
30746471 9469394
30736194 9469396
30746475 9469397
30746476 9469397
30746477 9469400
30746324 9469401
30746327 9469403
30738877 9469408
30747824 9469410
30746496 9469412
30746497 9469412
30746498 9469414
30755442 9469416
30755443 9469416
30755444 9469422
30755445 9469422
30755446 9469422
30755447 9469422
30738894 9469425
30738897 9469427
30738898 9469427
30747842 9469429
30747846 9469431
30747849 9469434
30746363 9469435
30746364 9469439
30746366 9469439
30747860 9469442
30747863 9469445
30755316 9469447
30755317 9469447
30747866 9469449
30755318 9469452
30755319 9469452
30747869 9469456
30746214 9469459
30746218 9469459
30755482 9469463
30755484 9469463
30755485 9469463
30751840 9469466
30751841 9469466
30738615 9469467
30747882 9469469
30755334 9469472
30755335 9469472
30747887 9469474
30746234 9469478
30746237 9469480
30738635 9469488
30755356 9469491
30755358 9469491
30755359 9469491
30746250 9469493
30740860 9469496
30750160 9469496
30750161 9469496
30750382 9469496
30746252 9469498
30746256 9469499
30737153 9469513
30746101 9469515
30746104 9469517
30746107 9469520
30741133 9469521
30746272 9469522
30746274 9469522
30746277 9469524
30746278 9469524
30738509 9469525
30755226 9469526
30755228 9469526
30755229 9469526
30747777 9469528
30747621 9469534
30746290 9469538
30737190 9469540
30737191 9469542
30747791 9469543
30747798 9469545
30746143 9469548
30748872 9469548
30751770 9469554
30751771 9469554
30741023 9469558
30755268 9469561
30755269 9469561
30746164 9469563
30741191 9469572
30738564 9469574
30746016 9469575
30755286 9469579
30755287 9469579
30747512 9469580
30747513 9469580
30747514 9469583
30738410 9469585
30738411 9469585
30747517 9469587
30746185 9469588
30737080 9469591
30738417 9469593
30737086 9469596
30743930 9469598
30738588 9469601
30747532 9469604
30747533 9469608
30747536 9469611
30747539 9469613
30746050 9469614
30746053 9469616
30743952 9469617
30743954 9469619
30743803 9469621
30743804 9469621
30743805 9469623
30743970 9469625
30747406 9469627
30738301 9469628
30743973 9469630
30747409 9469632
30738479 9469635
30747420 9469637
30743829 9469638
30739975 9469640
30747428 9469642
30738321 9469657
30738324 9469659
30738326 9469662
30748924 9469665
30738328 9469666
30738491 9469670
30742307 9469673
30742308 9469673
30743846 9469676
30747445 9469678
30738341 9469680
30742322 9469682
30742325 9469685
30747460 9469687
30747463 9469688
30761918 9469690
30747466 9469691
30747467 9469693
30747468 9469693
30756411 9469697
30756413 9469700
30756414 9469700
30743717 9469701
30743718 9469701
30747311 9469704
30756418 9469707
30756419 9469709
30747316 9469712
30747317 9469712
30743883 9469715
30748812 9469718
30747481 9469719
30747484 9469721
30747487 9469724
30743730 9469726
30756432 9469727
30756435 9469730
30756436 9469731
30751462 9469733
30751463 9469733
30756438 9469735
30747331 9469736
30747334 9469737
30742364 9469741
30752858 9469744
30752859 9469744
30756452 9469746
30756453 9469746
30756454 9469749
30743755 9469750
30756456 9469753
30756457 9469753
30747351 9469754
30747352 9469754
30743758 9469755
30747355 9469756
30747358 9469757
30756307 9469765
30747204 9469768
30742234 9469770
30738103 9469772
30738104 9469774
30747371 9469775
30747372 9469775
30748704 9469777
30747373 9469778
30738272 9469779
30756321 9469780
30738275 9469782
30738276 9469783
30756323 9469784
30738278 9469786
30756326 9469788
30756328 9469790
30748877 9469792
30751354 9469799
30742251 9469801
30743791 9469803
30747228 9469805
30743795 9469806
30743799 9469807
30742104 9469809
30748891 9469811
30742107 9469812
30742109 9469817
30747243 9469819
30747246 9469823
30747249 9469825
30748747 9469828
30756361 9469831
30742123 9469833
30742124 9469833
30743662 9469834
30742125 9469835
30756364 9469836
30743667 9469838
30756369 9469841
30747267 9469843
30748763 9469844
30747110 9469845
30747113 9469847
30756380 9469849
30756381 9469849
30742143 9469852
30743682 9469857
30743683 9469857
30743684 9469857
30756382 9469859
30756383 9469859
30756384 9469859
30756385 9469859
30738013 9469861
30748611 9469863
30756386 9469864
30756387 9469866
30743688 9469869
30743689 9469869
30743691 9469869
30756388 9469870
30748614 9469873
30756389 9469876
30747282 9469877
30735916 9469879
30747285 9469880
30743534 9469881
30748786 9469883
30747132 9469885
30738032 9469887
30738039 9469889
30742010 9469899
30742011 9469899
30742015 9469902
30747151 9469904
30747152 9469904
30747158 9469905
30742038 9469907
30742039 9469907
30748506 9469909
30747174 9469911
30747175 9469913
30748509 9469916
30747028 9469917
30747029 9469919
30748520 9469922
30748521 9469922
30735822 9469925
30748522 9469929
30748523 9469929
30748524 9469932
30747193 9469933
30748527 9469935
30735829 9469937
30747197 9469940
30747198 9469940
30738090 9469943
30747199 9469945
30738095 9469950
30747041 9469951
30747044 9469954
30742071 9469955
30747048 9469956
30747049 9469956
30748542 9469957
30748545 9469959
30735847 9469960
30748548 9469961
30749931 9469972
30747061 9469975
30749935 9469977
30747064 9469979
30747067 9469982
30748569 9469984
30743485 9469987
30735713 9469990
30747080 9469991
30735716 9469993
30747083 9469994
30748418 9469995
30752436 9469997
30752437 9469997
30747089 9469998
30744987 9469999
30748582 9470001
30748585 9470002
30748588 9470004
30735730 9470006
30735755 9470006
30735756 9470006
30735734 9470008
30735738 9470010
30749990 9470011
30753800 9470014
30753801 9470014
30749995 9470015
30740910 9470018
30749847 9470020
30740914 9470023
30748471 9470024
30748476 9470024
30748477 9470024
30740919 9470025
30748473 9470027
30748474 9470027
30748475 9470028
30748478 9470030
30740930 9470031
30740932 9470033
30740933 9470033
30740936 9470034
30748492 9470036
30739229 9470039
30748495 9470041
30748498 9470042
30738633 9470046
30738634 9470046
30738783 9470046
30738791 9470046
30744801 9470046
30753456 9470046
30760942 9470046
30743551 9470049
30746696 9470067
30746697 9470067
30748420 9470067
30748424 9470067
30748425 9470067
30748427 9470067
30748428 9470067
30748421 9470069
30748426 9470069
30751318 9470069
30749812 9470075
30745860 9470081
30745867 9470081
30745898 9470081
30745902 9470081
30745904 9470081
30745910 9470081
30745911 9470081
30748794 9470081
30755252 9470081
30755253 9470081
30745893 9470082
30749039 9470083
30738208 9470086
30738224 9470086
30738334 9470086
30744779 9470086
30745652 9470089
30739574 9470090
30749152 9470090
30747583 9470092
30749617 9470092
30737556 9470098
30752762 9470098
30752763 9470098
30739312 9470100
30735683 9470101
30735445 9470104
30735499 9470104
30735517 9470104
30735746 9470104
30746784 9470104
30746786 9470104
30746787 9470104
30738081 9470106
30747425 9470106
30735467 9470110
30740872 9470113
30748957 9470113
30749875 9470114
30737624 9470118
30737392 9470123
30737395 9470123
30737521 9470123
30737562 9470123
30748711 9470123
30739417 9470126
30736328 9470128
30739966 9470129
30738023 9470130
30738361 9470130
30755220 9470130
30755221 9470130
30735949 9470140
30743979 9470140
30749621 9470140
30749622 9470140
30754954 9470140
30754955 9470140
30741050 9470144
30741049 9470145
30739389 9470146
30739392 9470146
30741278 9470146
30739880 9470148
30739889 9470148
30739898 9470148
30740470 9470148
30749666 9470148
30739324 9470150
30735856 9470152
30736013 9470152
30746746 9470152
30746744 9470153
30746718 9470155
30756366 9470155
30735507 9470159
30755618 9470159
30736847 9470167
30740015 9470169
30740029 9470169
30739973 9470170
30741065 9470171
30741067 9470171
30736348 9470173
30736355 9470173
30752182 9470173
30752184 9470173
30752185 9470173
30739464 9470174
30739500 9470174
30735670 9470178
30735672 9470178
30735674 9470178
30735676 9470178
30735678 9470178
30735680 9470178
30736183 9470178
30740501 9470178
30740505 9470178
30740507 9470178
30740513 9470178
30740556 9470178
30740558 9470178
30740824 9470178
30742614 9470178
30744852 9470178
30748313 9470178
30748314 9470178
30749679 9470178
30750259 9470178
30750260 9470178
30751738 9470178
30751740 9470178
30751741 9470178
30754008 9470178
30754009 9470178
30755798 9470178
30755799 9470178
30751410 9470181
30737542 9470183
30737544 9470183
30737547 9470183
30737548 9470183
30737550 9470183
30737554 9470183
30737700 9470183
30737717 9470183
30737736 9470183
30744741 9470183
30745537 9470183
30745538 9470183
30745540 9470183
30745543 9470183
30745544 9470183
30747213 9470183
30747214 9470183
30748667 9470183
30748668 9470183
30752804 9470183
30752805 9470183
30738048 9470184
30739588 9470185
30743483 9470188
30749719 9470188
30749721 9470188
30749798 9470188
30749810 9470188
30750392 9470188
30751302 9470188
30755782 9470188
30755783 9470188
30747381 9470192
30747384 9470192
30747501 9470192
30739272 9470193
30736841 9470194
30746821 9470195
30746832 9470195
30746836 9470195
30746839 9470195
30746842 9470195
30746845 9470195
30746848 9470195
30746851 9470195
30746854 9470195
30746857 9470195
30746860 9470195
30746863 9470195
30746867 9470198
30746871 9470198
30746874 9470198
30746877 9470198
30746880 9470198
30746883 9470198
30746886 9470198
30746890 9470198
30746894 9470198
30746899 9470198
30746900 9470198
30739917 9470201
30739920 9470201
30741188 9470201
30736231 9470205
30736520 9470205
30736654 9470205
30748911 9470207
30747515 9470208
30747516 9470208
30738302 9470209
30761259 9470210
30741556 9470211
30756309 9470212
30748033 9470213
30749741 9470213
30745725 9470215
30745726 9470215
30740102 9470216
30741083 9470218
30739575 9470219
30739610 9470219
30739639 9470219
30751303 9470219
30751305 9470219
30751457 9470219
30754088 9470219
30754089 9470219
30739950 9470221
30755776 9470223
30755777 9470223
30738005 9470224
30736208 9470226
30742636 9470226
30746235 9470226
30746236 9470226
30755626 9470226
30755627 9470226
30747011 9470228
30738985 9470232
30747920 9470235
30750461 9470235
30750462 9470235
30738394 9470236
30756363 9470237
30749599 9470239
30745682 9470241
30745688 9470241
30748464 9470241
30748465 9470241
30736806 9470243
30744702 9470243
30761172 9470244
30755494 9470245
30755495 9470245
30743749 9470246
30743753 9470246
30751236 9470247
30739331 9470248
30739347 9470248
30739358 9470248
30739360 9470248
30739383 9470248
30739422 9470248
30747599 9470249
30742376 9470251
30742411 9470251
30742414 9470251
30745616 9470251
30735421 9470252
30735422 9470253
30735423 9470253
30735424 9470254
30735701 9470254
30735452 9470257
30735477 9470257
30735597 9470257
30739188 9470258
30744819 9470258
30753750 9470259
30753751 9470259
30739527 9470263
30740621 9470263
30743509 9470263
30743510 9470263
30745375 9470264
30736255 9470266
30736274 9470266
30736517 9470266
30736277 9470267
30737745 9470269
30737754 9470269
30737910 9470269
30737938 9470269
30744769 9470269
30750921 9470269
30752864 9470269
30752865 9470269
30752868 9470269
30752869 9470269
30735446 9470281
30735450 9470281
30735470 9470281
30735564 9470281
30735567 9470281
30735589 9470281
30751582 9470281
30751583 9470281
30751584 9470281
30751585 9470281
30751588 9470281
30751589 9470281
30735304 9470283
30735354 9470283
30741748 9470287
30741749 9470287
30741751 9470287
30741753 9470287
30741759 9470287
30741909 9470287
30741914 9470287
30742297 9470287
30741742 9470288
30741894 9470288
30742021 9470288
30742265 9470288
30736321 9470289
30749993 9470291
30749994 9470291
30750384 9470291
30754110 9470294
30754112 9470294
30754113 9470294
30741663 9470297
30741675 9470297
30741953 9470297
30742101 9470297
30742103 9470297
30742106 9470297
30742108 9470297
30742110 9470297
30740445 9470301
30747596 9470304
30740873 9470307
30760952 9470307
30748113 9470309
30750097 9470311
30739874 9470312
30745969 9470312
30738025 9470314
30738027 9470314
30738028 9470314
30738182 9470314
30735535 9470315
30735557 9470315
30735569 9470315
30751580 9470315
30751581 9470315
30741725 9470317
30745374 9470318
30736336 9470320
30736283 9470321
30738471 9470335
30738490 9470335
30738492 9470335
30738497 9470335
30738519 9470335
30738527 9470335
30738528 9470335
30738529 9470335
30738542 9470335
30738544 9470335
30738556 9470335
30746802 9470335
30746965 9470335
30746969 9470335
30746970 9470335
30745912 9470336
30738356 9470337
30738373 9470337
30742683 9470337
30745263 9470337
30753804 9470338
30753805 9470338
30736872 9470339
30747559 9470339
30747560 9470339
30747561 9470340
30737019 9470341
30755288 9470344
30755289 9470344
30735798 9470350
30735942 9470350
30740046 9470350
30740152 9470350
30740311 9470350
30740379 9470350
30740406 9470350
30740443 9470350
30740937 9470350
30743234 9470350
30744921 9470350
30745933 9470350
30745944 9470350
30745945 9470350
30746315 9470350
30746318 9470350
30746326 9470350
30746328 9470350
30746329 9470350
30746361 9470350
30748787 9470350
30748789 9470350
30754908 9470350
30754909 9470350
30755800 9470350
30755801 9470350
30736412 9470354
30736419 9470354
30746371 9470355
30746375 9470355
30746376 9470355
30745761 9470357
30745762 9470357
30748563 9470358
30739477 9470359
30739516 9470361
30739528 9470361
30740849 9470361
30751187 9470361
30751301 9470361
30760970 9470361
30737403 9470366
30737409 9470366
30737501 9470366
30743678 9470366
30743685 9470366
30743692 9470366
30747134 9470366
30747162 9470366
30747163 9470366
30754998 9470366
30755000 9470366
30755001 9470366
30737625 9470367
30736376 9470368
30736379 9470368
30736883 9470368
30737013 9470368
30737016 9470368
30738598 9470369
30738863 9470369
30746518 9470369
30746915 9470369
30755434 9470369
30755435 9470369
30736388 9470370
30736389 9470370
30736392 9470370
30736417 9470370
30736709 9470370
30743968 9470370
30743969 9470370
30740010 9470371
30740012 9470371
30737997 9470379
30738000 9470379
30753242 9470379
30753243 9470379
30753350 9470379
30753351 9470379
30741029 9470381
30751478 9470384
30751480 9470384
30751481 9470384
30751484 9470384
30751486 9470384
30756327 9470384
30737193 9470386
30736370 9470387
30752190 9470387
30752191 9470387
30736414 9470388
30739913 9470389
30739827 9470390
30739837 9470390
30743595 9470390
30744925 9470390
30736619 9470391
30745602 9470391
30746399 9470392
30746401 9470392
30746402 9470392
30746405 9470392
30746422 9470392
30746423 9470392
30749945 9470392
30746416 9470394
30746419 9470394
30746421 9470394
30746426 9470394
30746432 9470394
30746434 9470394
30755354 9470394
30755355 9470394
30736215 9470395
30743788 9470397
30740171 9470399
30746320 9470399
30748785 9470400
30737968 9470401
30742679 9470401
30743725 9470401
30743726 9470401
30737980 9470402
30737982 9470402
30738132 9470402
30738641 9470403
30751298 9470404
30736308 9470405
30736335 9470405
30743449 9470406
30738353 9470407
30738355 9470407
30738357 9470407
30756288 9470409
30756289 9470409
30760939 9470409
30737351 9470410
30737353 9470410
30737636 9470411
30737412 9470416
30747227 9470416
30747230 9470416
30747232 9470416
30747233 9470416
30747832 9470416
30749840 9470416
30750016 9470416
30750017 9470416
30752806 9470416
30752807 9470416
30739887 9470420
30739892 9470420
30739900 9470420
30739910 9470420
30739912 9470420
30739914 9470420
30739927 9470420
30739929 9470420
30741199 9470420
30741218 9470420
30744932 9470420
30745162 9470420
30747685 9470420
30747768 9470420
30748326 9470420
30748327 9470420
30749511 9470420
30749512 9470420
30750189 9470420
30750190 9470420
30750210 9470420
30751124 9470420
30756258 9470420
30756259 9470420
30740968 9470422
30735922 9470425
30735923 9470425
30751830 9470425
30751831 9470425
30739962 9470426
30740001 9470426
30737996 9470429
30738164 9470429
30739777 9470431
30739784 9470431
30739792 9470431
30741305 9470431
30756396 9470431
30739799 9470432
30741310 9470433
30748463 9470434
30739480 9470435
30736354 9470436
30735852 9470439
30744662 9470439
30746723 9470439
30755422 9470439
30755688 9470439
30760926 9470439
30756365 9470441
30741682 9470443
30754466 9470443
30754467 9470443
30737639 9470444
30760938 9470444
30739604 9470446
30739672 9470446
30740826 9470446
30740832 9470446
30743941 9470447
30743944 9470448
30748449 9470449
30743935 9470450
30743938 9470451
30739161 9470452
30740575 9470452
30740582 9470452
30743045 9470452
30751300 9470453
30739488 9470454
30739499 9470454
30739339 9470455
30736923 9470456
30742776 9470457
30740376 9470459
30743283 9470459
30746331 9470459
30746332 9470459
30745622 9470460
30739744 9470461
30740243 9470461
30739435 9470465
30741073 9470465
30749776 9470466
30744447 9470468
30749480 9470469
30740143 9470469
30740143 9471339
30743279 9470469
30743279 9471339
30749386 9470470
30749479 9470470
30747607 9470471
30739835 9470472
30739841 9470472
30739843 9470472
30739846 9470472
30739359 9470474
30739394 9470474
30749796 9470475
30741024 9470477
30741025 9470477
30739770 9470479
30740517 9470479
30740532 9470479
30740544 9470479
30738037 9470480
30738040 9470480
30738045 9470480
30738046 9470480
30738051 9470480
30738378 9470480
30749173 9470481
30739491 9470482
30739506 9470482
30749689 9470483
30737763 9470486
30752862 9470486
30752863 9470486
30739387 9470487
30739183 9470489
30746715 9470490
30746716 9470490
30738012 9470492
30738485 9470494
30738650 9470496
30738833 9470496
30747112 9470496
30753458 9470496
30753459 9470496
30755458 9470496
30755459 9470496
30749769 9470498
30746039 9470501
30746040 9470501
30746054 9470501
30746057 9470501
30746042 9470503
30746045 9470503
30746051 9470503
30746052 9470503
30746078 9470503
30746081 9470503
30746082 9470503
30755256 9470503
30755257 9470503
30755260 9470503
30755261 9470503
30746060 9470504
30739650 9470505
30739664 9470505
30739692 9470505
30748743 9470506
30739538 9470509
30741107 9470509
30751304 9470509
30751307 9470509
30737131 9470510
30744709 9470510
30741178 9470514
30741180 9470514
30741181 9470514
30741184 9470514
30745261 9470516
30741801 9470530
30758810 9470530
30752514 9470554
30752515 9470554
30743872 9470555
30746302 9470555
30745827 9470556
30741879 9470557
30742337 9470557
30746167 9470560
30736174 9470561
30747171 9470562
30736281 9470563
30736290 9470563
30736617 9470563
30739388 9470564
30744830 9470566
30753708 9470568
30753709 9470568
30747023 9470571
30748745 9470571
30755728 9470575
30755730 9470575
30755731 9470575
30749346 9470577
30749223 9470581
30749247 9470581
30736928 9470584
30740840 9470585
30752176 9470588
30752177 9470588
30749870 9470590
30751182 9470591
30736238 9470595
30736257 9470595
30736241 9470596
30737223 9470598
30739781 9470600
30739789 9470600
30749281 9470605
30760964 9470606
30752834 9470607
30752836 9470607
30752837 9470607
30761852 9470607
30737644 9470608
30739470 9470609
30739482 9470609
30739473 9470610
30739485 9470611
30739345 9470613
30739258 9470614
30736705 9470615
30741667 9470618
30741669 9470618
30741831 9470618
30742100 9470618
30742105 9470618
30742111 9470618
30742102 9470620
30741189 9470624
30740009 9470625
30738484 9470626
30751368 9470627
30747155 9470628
30736128 9470630
30739310 9470631
30751294 9470631
30756415 9470631
30747718 9470632
30747772 9470632
30747773 9470632
30748804 9470632
30747774 9470633
30739854 9470634
30740781 9470639
30748935 9470639
30753982 9470639
30753983 9470639
30739625 9470640
30740833 9470640
30740834 9470640
30742774 9470640
30740835 9470643
30736416 9470644
30736808 9470650
30741762 9470650
30741901 9470650
30742378 9470650
30746187 9470650
30749566 9470650
30749567 9470650
30749636 9470650
30754576 9470650
30754577 9470650
30755074 9470650
30755075 9470650
30755282 9470650
30755283 9470650
30761104 9470650
30761156 9470650
30742017 9470653
30754118 9470653
30754119 9470653
30742020 9470657
30740141 9470659
30740146 9470659
30740336 9470659
30740360 9470659
30740365 9470659
30740370 9470659
30746703 9470659
30746188 9470660
30739872 9470662
30739878 9470662
30739881 9470662
30739885 9470662
30747558 9470665
30739400 9470668
30746681 9470671
30746686 9470671
30746687 9470671
30753796 9470671
30753797 9470671
30738420 9470673
30738414 9470677
30738419 9470677
30739812 9470678
30735485 9470680
30735497 9470680
30735526 9470680
30735655 9470680
30735715 9470680
30751600 9470680
30751602 9470680
30751604 9470680
30751605 9470680
30751762 9470680
30751763 9470680
30760925 9470680
30741242 9470681
30741013 9470682
30739699 9470683
30739265 9470684
30739329 9470684
30749518 9470684
30749519 9470684
30751295 9470684
30736303 9470686
30736786 9470686
30736319 9470687
30735425 9470690
30735576 9470690
30735729 9470690
30738800 9470690
30738620 9470692
30738648 9470692
30746563 9470692
30746592 9470692
30746595 9470692
30746596 9470692
30755374 9470692
30755375 9470692
30738657 9470693
30745617 9470697
30754642 9470697
30754659 9470697
30739858 9470699
30739876 9470700
30745391 9470701
30739408 9470704
30739423 9470704
30744832 9470706
30738342 9470707
30738099 9470710
30738102 9470710
30738105 9470710
30748671 9470710
30736816 9470711
30736817 9470711
30736818 9470711
30751606 9470714
30751607 9470714
30741768 9470718
30741779 9470718
30742233 9470718
30742279 9470718
30742288 9470718
30742305 9470718
30739598 9470719
30753772 9470719
30753773 9470719
30755664 9470720
30755665 9470720
30735884 9470721
30735885 9470721
30736038 9470721
30736041 9470721
30736050 9470721
30736060 9470721
30748615 9470721
30748616 9470721
30748936 9470721
30751994 9470721
30751995 9470721
30752098 9470721
30752099 9470721
30753694 9470723
30753695 9470723
30736322 9470724
30736736 9470724
30739413 9470725
30739414 9470725
30747610 9470726
30741158 9470727
30737346 9470730
30737349 9470730
30737567 9470730
30737724 9470730
30744737 9470730
30747194 9470730
30747195 9470730
30751285 9470730
30752722 9470730
30752723 9470730
30736285 9470732
30739814 9470733
30736310 9470734
30749692 9470736
30736866 9470741
30736869 9470741
30736878 9470741
30736882 9470741
30747555 9470741
30747556 9470741
30747557 9470741
30751283 9470741
30738193 9470743
30738194 9470743
30738366 9470743
30756464 9470745
30739243 9470748
30741026 9470748
30748212 9470748
30748224 9470748
30749728 9470748
30749881 9470748
30750730 9470748
30750731 9470748
30751487 9470748
30741281 9470749
30752194 9470751
30752195 9470751
30746710 9470760
30750358 9470761
30750359 9470761
30739314 9470763
30739315 9470763
30739317 9470763
30739486 9470765
30736341 9470766
30736343 9470766
30736724 9470766
30755558 9470766
30735375 9470771
30743798 9470771
30744659 9470771
30746770 9470771
30745372 9470772
30750124 9470772
30750125 9470772
30737197 9470776
30737204 9470776
30737241 9470776
30737277 9470776
30738995 9470776
30738997 9470776
30747241 9470776
30747271 9470776
30755488 9470776
30755490 9470776
30755491 9470776
30740512 9470780
30753976 9470780
30753978 9470780
30753979 9470780
30749766 9470782
30739305 9470783
30741060 9470783
30753740 9470783
30753741 9470783
30739691 9470784
30751393 9470784
30749005 9470786
30749006 9470786
30745968 9470787
30739774 9470788
30741306 9470788
30741132 9470790
30736452 9470792
30752426 9470792
30752427 9470792
30739657 9470793
30739658 9470793
30741084 9470795
30735691 9470803
30736340 9470804
30738065 9470810
30738074 9470810
30738078 9470810
30738079 9470810
30738260 9470810
30738266 9470810
30753418 9470810
30753419 9470810
30738054 9470811
30748452 9470812
30736917 9470814
30737263 9470818
30737323 9470818
30743768 9470818
30744478 9470818
30744479 9470818
30754876 9470818
30754877 9470818
30754878 9470818
30754879 9470818
30754880 9470818
30754881 9470818
30749910 9470821
30752626 9470821
30752627 9470821
30739137 9470823
30751139 9470823
30751141 9470823
30760975 9470823
30754898 9470826
30754899 9470826
30741182 9470827
30743430 9470828
30740970 9470830
30740971 9470830
30739863 9470831
30740468 9470831
30739852 9470833
30739856 9470833
30739859 9470833
30740813 9470833
30741193 9470833
30741198 9470833
30741309 9470833
30761166 9470833
30749773 9470835
30738604 9470838
30738605 9470838
30746508 9470838
30746512 9470838
30746516 9470838
30748546 9470838
30748547 9470838
30735456 9470840
30735457 9470840
30735752 9470840
30735753 9470840
30738063 9470845
30738088 9470845
30738092 9470845
30738101 9470845
30738340 9470845
30744780 9470845
30751320 9470845
30753428 9470845
30753429 9470845
30753430 9470845
30753431 9470845
30741105 9470847
30741219 9470848
30739873 9470851
30743885 9470851
30743894 9470851
30743896 9470851
30743897 9470851
30754902 9470851
30754903 9470851
30737433 9470853
30747130 9470853
30747131 9470853
30748963 9470855
30738632 9470864
30743789 9470864
30743790 9470864
30747435 9470864
30738058 9470865
30738380 9470865
30745551 9470865
30747398 9470865
30739025 9470868
30742712 9470868
30746570 9470869
30748607 9470872
30749991 9470872
30750390 9470872
30750391 9470872
30755832 9470872
30748556 9470874
30748559 9470874
30748560 9470874
30739659 9470876
30748773 9470876
30739180 9470880
30749778 9470880
30746651 9470881
30744155 9470883
30746719 9470883
30736851 9470885
30736853 9470885
30736855 9470885
30741203 9470886
30753778 9470887
30753779 9470887
30739737 9470890
30744034 9470890
30744038 9470890
30756282 9470890
30756283 9470890
30756353 9470893
30760986 9470895
30751383 9470896
30756437 9470896
30736435 9470897
30736715 9470897
30739576 9470898
30739578 9470898
30735809 9470900
30735811 9470900
30735966 9470900
30736125 9470900
30736127 9470900
30737643 9470901
30736422 9470905
30736431 9470905
30736658 9470905
30739313 9470906
30739356 9470906
30739269 9470907
30753742 9470907
30753743 9470907
30746175 9470908
30745618 9470909
30755208 9470910
30755209 9470911
30739805 9470921
30739810 9470921
30739840 9470921
30739899 9470921
30739923 9470921
30739935 9470921
30739958 9470921
30739980 9470921
30740006 9470921
30740094 9470921
30740125 9470921
30740126 9470921
30740462 9470921
30740948 9470921
30741175 9470921
30743258 9470921
30744469 9470921
30744470 9470921
30744918 9470921
30745154 9470921
30745406 9470921
30745407 9470921
30745453 9470921
30745647 9470921
30745648 9470921
30748823 9470921
30749819 9470921
30750558 9470921
30748699 9470924
30737830 9470931
30747525 9470931
30752874 9470931
30752876 9470931
30752877 9470931
30739831 9470932
30740466 9470932
30749229 9470933
30746650 9470934
30746653 9470934
30739949 9470936
30739952 9470936
30739323 9470938
30739326 9470938
30749996 9470940
30743660 9470941
30736877 9470942
30736891 9470942
30737000 9470942
30736307 9470943
30739232 9470944
30738096 9470947
30738100 9470947
30738202 9470947
30738222 9470947
30735295 9470951
30735300 9470951
30735309 9470951
30747491 9470951
30755518 9470951
30755519 9470951
30736892 9470956
30736893 9470956
30736981 9470956
30736988 9470956
30737056 9470956
30737079 9470956
30736867 9470958
30736870 9470958
30755766 9470960
30755767 9470960
30736362 9470963
30736396 9470963
30736398 9470963
30738026 9470964
30738047 9470964
30739940 9470965
30739945 9470965
30736879 9470966
30761933 9470966
30736304 9470967
30736738 9470967
30736323 9470968
30736324 9470968
30736327 9470968
30740994 9470969
30745965 9470970
30740996 9470971
30740999 9470971
30741726 9470975
30742032 9470975
30742033 9470975
30746162 9470975
30746165 9470975
30746166 9470975
30746169 9470975
30739695 9470982
30739743 9470982
30739769 9470982
30740296 9470982
30740515 9470982
30740530 9470982
30740535 9470982
30740542 9470982
30753780 9470982
30753781 9470982
30745450 9470984
30736366 9470990
30736374 9470990
30736380 9470990
30736383 9470990
30736555 9470990
30736625 9470990
30743971 9470990
30743972 9470990
30739134 9470994
30739149 9470994
30739151 9470994
30740201 9470994
30740595 9470994
30740924 9470994
30747015 9470995
30755440 9470995
30755441 9470995
30747019 9470996
30751150 9470998
30751491 9470998
30751494 9470998
30761822 9470998
30741059 9471000
30738658 9471004
30738659 9471004
30746542 9471004
30746545 9471004
30746546 9471004
30746774 9471004
30746777 9471004
30746796 9471004
30746797 9471004
30755430 9471004
30755431 9471004
30746927 9471007
30746928 9471007
30745351 9471009
30737751 9471012
30737753 9471012
30737755 9471012
30739483 9471013
30739778 9471014
30741296 9471014
30740014 9471017
30740071 9471017
30740083 9471017
30739061 9471018
30744889 9471019
30743857 9471020
30739540 9471021
30739541 9471021
30741153 9471023
30741157 9471023
30741159 9471023
30741162 9471023
30755656 9471023
30755657 9471023
30739469 9471024
30745862 9471025
30749682 9471025
30741275 9471027
30741283 9471030
30739559 9471031
30739577 9471031
30739614 9471031
30739644 9471031
30751293 9471032
30749523 9471033
30749524 9471033
30749767 9471033
30739022 9471036
30739023 9471036
30747548 9471037
30747550 9471037
30747551 9471038
30739376 9471039
30740963 9471040
30740964 9471040
30740966 9471040
30740967 9471040
30749724 9471040
30746266 9471041
30746273 9471046
30739667 9471047
30743659 9471048
30739942 9471050
30739959 9471050
30745919 9471053
30755254 9471053
30755255 9471053
30745922 9471055
30745923 9471055
30745924 9471056
30745420 9471059
30754026 9471059
30754027 9471059
30744017 9471063
30748589 9471063
30748590 9471063
30755588 9471063
30755590 9471063
30755591 9471063
30746231 9471065
30740048 9471066
30740049 9471066
30740051 9471066
30742743 9471066
30736920 9471067
30747611 9471071
30739431 9471072
30739438 9471072
30739450 9471072
30741076 9471072
30756399 9471078
30746157 9471080
30746161 9471080
30741288 9471081
30736408 9471083
30736432 9471083
30736566 9471083
30752376 9471083
30752377 9471083
30745943 9471084
30741177 9471087
30742735 9471087
30742306 9471088
30748870 9471088
30751386 9471090
30759030 9471090
30739731 9471091
30739834 9471091
30740456 9471091
30741187 9471091
30742733 9471091
30744835 9471091
30749664 9471091
30760940 9471093
30747574 9471094
30738427 9471096
30738895 9471096
30745739 9471097
30736504 9471100
30756428 9471102
30756428 9471105
30736248 9471105
30752175 9471105
30737410 9471109
30737524 9471109
30739240 9471109
30744225 9471109
30744940 9471109
30745489 9471109
30745490 9471109
30749256 9471109
30749257 9471109
30749268 9471109
30751045 9471109
30751048 9471109
30751049 9471109
30755222 9471109
30755223 9471109
30739254 9471110
30744453 9471113
30745446 9471114
30748348 9471114
30749821 9471114
30749822 9471114
30741214 9471115
30739143 9471117
30739144 9471118
30746733 9471121
30755426 9471121
30755427 9471121
30751836 9471123
30751837 9471123
30751838 9471124
30751839 9471124
30755344 9471126
30755346 9471126
30755347 9471126
30735924 9471128
30735560 9471130
30735566 9471130
30735438 9471131
30735495 9471132
30755424 9471135
30755425 9471135
30746382 9471137
30735711 9471138
30735433 9471140
30737373 9471149
30737375 9471149
30737376 9471149
30737378 9471149
30737546 9471149
30737569 9471149
30737629 9471149
30737637 9471149
30737726 9471149
30747823 9471149
30747825 9471149
30747826 9471149
30756427 9471149
30758996 9471149
30759036 9471149
30738399 9471151
30738424 9471151
30753434 9471151
30753435 9471151
30735818 9471157
30735825 9471157
30736190 9471157
30751896 9471157
30751897 9471157
30744151 9471159
30744157 9471159
30738317 9471160
30752570 9471162
30752571 9471162
30745643 9471163
30747633 9471165
30743554 9471168
30743497 9471169
30743505 9471169
30745974 9471169
30745979 9471169
30748805 9471169
30746251 9471170
30740912 9471171
30738070 9471174
30738072 9471174
30738370 9471174
30755516 9471174
30755517 9471174
30747326 9471184
30747347 9471184
30747348 9471184
30739199 9471188
30736865 9471189
30737077 9471189
30752442 9471189
30752443 9471189
30739436 9471191
30736325 9471192
30739866 9471194
30760948 9471194
30739493 9471196
30739539 9471197
30739595 9471197
30740128 9471198
30739283 9471201
30739299 9471201
30739349 9471201
30739399 9471201
30739430 9471201
30741046 9471201
30756294 9471201
30756295 9471201
30760951 9471202
30738205 9471205
30740000 9471208
30756463 9471211
30738982 9471213
30738987 9471213
30738989 9471213
30751366 9471213
30759250 9471213
30741020 9471216
30747006 9471217
30743480 9471218
30745971 9471218
30745972 9471218
30747737 9471218
30747738 9471218
30747743 9471218
30747744 9471218
30759420 9471219
30740023 9471220
30748416 9471220
30748417 9471220
30739555 9471221
30739558 9471221
30739564 9471221
30749146 9471221
30749668 9471221
30739562 9471222
30747794 9471223
30747795 9471223
30736863 9471224
30736873 9471224
30736890 9471224
30736901 9471224
30736984 9471224
30737008 9471224
30737082 9471224
30752440 9471224
30752441 9471224
30752560 9471224
30752561 9471224
30741109 9471225
30737219 9471227
30735677 9471229
30735873 9471229
30751598 9471229
30751599 9471229
30745649 9471230
30739233 9471231
30739071 9471232
30738001 9471234
30738004 9471234
30738152 9471234
30742673 9471234
30747377 9471234
30747378 9471234
30748916 9471234
30747379 9471235
30739738 9471236
30751253 9471236
30739543 9471237
30749696 9471237
30748323 9471238
30735514 9471247
30735515 9471247
30735750 9471247
30738061 9471247
30738368 9471247
30747518 9471247
30750503 9471252
30736237 9471258
30745735 9471258
30751279 9471260
30749594 9471263
30759119 9471263
30755746 9471264
30745201 9471268
30746692 9471268
30747835 9471268
30747836 9471268
30759045 9471269
30739278 9471272
30739282 9471272
30739297 9471272
30739327 9471272
30739365 9471272
30741045 9471272
30741048 9471272
30741575 9471272
30760911 9471272
30760912 9471272
30760921 9471272
30737537 9471275
30737622 9471275
30737648 9471275
30737650 9471275
30737667 9471275
30738508 9471279
30745443 9471282
30748366 9471282
30736311 9471284
30736313 9471284
30736314 9471284
30736316 9471284
30736318 9471284
30736320 9471284
30747867 9471284
30748982 9471284
30736305 9471287
30738805 9471292
30746620 9471292
30746640 9471292
30746641 9471292
30746644 9471292
30739289 9471295
30739295 9471295
30740551 9471295
30740698 9471295
30740979 9471295
30741538 9471295
30749730 9471295
30743875 9471299
30746680 9471299
30746684 9471299
30746685 9471299
30737985 9471306
30737987 9471306
30738143 9471306
30738296 9471306
30738322 9471306
30738323 9471306
30738456 9471306
30738902 9471306
30742698 9471306
30744798 9471306
30746959 9471306
30746976 9471306
30746979 9471306
30747320 9471306
30747321 9471306
30747375 9471306
30749644 9471306
30753424 9471306
30753425 9471306
30755436 9471306
30755437 9471306
30755510 9471306
30755511 9471306
30745447 9471310
30741149 9471317
30744880 9471317
30749720 9471317
30739877 9471319
30739905 9471319
30739919 9471319
30739996 9471319
30753784 9471319
30753785 9471319
30753788 9471319
30753789 9471319
30750009 9471322
30755136 9471322
30755137 9471322
30755838 9471322
30755839 9471322
30739951 9471324
30740947 9471324
30739029 9471327
30755646 9471327
30755647 9471327
30747604 9471328
30741773 9471330
30741934 9471330
30742252 9471330
30745007 9471330
30741775 9471332
30745256 9471336
30749422 9471336
30749423 9471336
30749921 9471336
30750289 9471336
30749483 9471338
30743267 9471341
30744906 9471341
30750278 9471341
30750279 9471341
30740820 9471343
30744964 9471347
30749780 9471347
30756410 9471348
30749360 9471349
30747713 9471350
30736820 9471353
30738386 9471354
30736293 9471355
30736295 9471355
30736296 9471355
30740693 9471360
30749656 9471360
30749657 9471361
30741018 9471362
30741007 9471363
30740961 9471367
30747637 9471367
30747639 9471367
30753756 9471367
30753757 9471367
30753768 9471367
30753769 9471367
30738384 9471369
30747169 9471369
30738600 9471371
30738601 9471372
30738610 9471375
30744800 9471375
30747509 9471375
30747510 9471375
30748981 9471375
30747511 9471377
30739457 9471379
30739459 9471379
30737120 9471383
30737133 9471383
30747330 9471383
30747332 9471383
30747333 9471383
30747775 9471383
30747776 9471383
30752594 9471383
30752595 9471383
30739425 9471385
30741068 9471385
30741070 9471385
30736735 9471386
30741361 9471390
30748824 9471390
30749883 9471390
30739370 9471394
30739403 9471394
30741031 9471394
30741127 9471395
30740706 9471399
30751377 9471399
30737783 9471401
30737811 9471401
30755022 9471401
30755023 9471401
30737766 9471408
30737771 9471408
30737800 9471408
30737828 9471408
30737917 9471408
30737948 9471408
30737949 9471408
30737951 9471408
30742659 9471408
30752872 9471408
30752873 9471408
30755522 9471408
30755523 9471408
30747529 9471411
30740091 9471412
30740108 9471412
30747278 9471416
30747279 9471416
30735287 9471417
30746100 9471427
30748871 9471427
30739882 9471429
30739903 9471429
30739918 9471429
30740965 9471431
30751159 9471432
30739931 9471433
30739934 9471433
30739938 9471433
30751314 9471433
30735908 9471437
30735918 9471437
30735935 9471437
30736068 9471437
30752142 9471437
30752143 9471437
30746765 9471439
30749007 9471440
30749008 9471440
30740842 9471442
30739681 9471444
30754082 9471444
30754083 9471444
30754884 9471446
30754885 9471446
30760922 9471446
30746666 9471448
30748540 9471450
30748541 9471450
30741010 9471451
30754080 9471451
30745123 9471452
30754081 9471452
30735302 9471461
30735351 9471461
30735383 9471461
30738277 9471461
30738279 9471461
30738282 9471461
30738284 9471461
30747440 9471461
30747441 9471461
30747444 9471461
30747456 9471461
30747459 9471461
30747461 9471461
30747462 9471461
30747464 9471461
30747473 9471461
30747474 9471461
30736913 9471462
30739148 9471463
30743153 9471463
30736201 9471472
30736856 9471472
30746226 9471472
30746227 9471472
30752434 9471472
30752435 9471472
30755312 9471472
30755313 9471472
30737054 9471473
30741200 9471474
30755856 9471474
30755858 9471474
30755859 9471474
30739069 9471476
30746096 9471476
30746097 9471476
30739515 9471478
30748878 9471478
30753760 9471478
30753761 9471478
30735803 9471490
30735824 9471490
30735862 9471490
30735968 9471490
30735990 9471490
30736000 9471490
30736047 9471490
30736102 9471490
30736129 9471490
30740170 9471490
30740401 9471490
30746386 9471490
30746442 9471490
30746734 9471490
30746738 9471490
30746740 9471490
30746741 9471490
30748580 9471490
30748581 9471490
30748592 9471490
30748593 9471490
30755070 9471490
30755072 9471490
30755073 9471490
30755362 9471490
30755363 9471490
30755762 9471490
30760929 9471490
30740827 9471492
30741104 9471492
30745661 9471493
30739570 9471494
30749695 9471494
30741161 9471496
30741163 9471496
30739780 9471498
30739794 9471498
30741680 9471504
30746139 9471504
30746140 9471504
30760960 9471504
30744784 9471507
30739382 9471509
30741516 9471509
30748890 9471509
30749681 9471509
30749807 9471509
30751412 9471509
30736130 9471511
30744867 9471512
30745954 9471519
30755658 9471519
30755659 9471519
30761151 9471519
30736875 9471521
30748025 9471523
30749785 9471523
30737420 9471525
30738495 9471527
30739063 9471527
30739068 9471527
30746085 9471527
30755262 9471527
30755263 9471527
30737337 9471529
30737340 9471529
30737347 9471529
30754981 9471529
30761848 9471529
30761849 9471529
30740814 9471530
30741719 9471531
30741720 9471531
30741721 9471531
30741864 9471531
30742154 9471531
30746171 9471531
30746172 9471531
30739031 9471533
30739114 9471533
30750047 9471533
30736294 9471534
30745603 9471534
30737116 9471535
30736846 9471536
30743635 9471544
30739741 9471545
30753776 9471545
30753777 9471545
30756417 9471546
30752702 9471548
30752703 9471548
30756329 9471550
30756330 9471550
30749361 9471552
30749362 9471552
30741270 9471555
30741077 9471557
30741079 9471557
30741080 9471557
30745451 9471560
30736912 9471562
30736916 9471562
30736919 9471562
30736922 9471562
30736927 9471562
30737586 9471566
30744113 9471566
30744114 9471566
30735303 9471570
30735305 9471570
30735361 9471570
30738647 9471570
30738649 9471570
30738661 9471570
30738814 9471570
30747483 9471570
30747485 9471570
30747486 9471570
30748561 9471570
30748562 9471570
30738932 9471575
30747109 9471575
30753452 9471575
30753453 9471575
30755042 9471575
30755044 9471575
30755045 9471575
30739819 9471577
30754904 9471581
30754905 9471581
30739200 9471582
30739203 9471582
30751500 9471583
30751501 9471583
30736211 9471591
30736442 9471591
30736471 9471591
30741733 9471591
30741743 9471591
30741760 9471591
30741765 9471591
30741778 9471591
30741859 9471591
30741888 9471591
30742225 9471591
30742258 9471591
30742262 9471591
30742274 9471591
30746232 9471591
30746233 9471591
30755670 9471591
30755672 9471591
30755673 9471591
30755764 9471591
30755765 9471591
30761105 9471591
30742142 9471592
30746133 9471592
30746134 9471592
30741670 9471595
30741683 9471595
30741806 9471595
30741872 9471595
30741959 9471595
30742115 9471595
30742116 9471595
30748855 9471595
30755264 9471595
30755265 9471595
30737756 9471604
30737758 9471604
30737761 9471604
30737784 9471604
30737788 9471604
30737796 9471604
30737819 9471604
30737827 9471604
30737933 9471604
30741644 9471604
30741645 9471604
30742158 9471604
30742202 9471604
30748728 9471604
30752870 9471604
30752871 9471604
30738116 9471618
30738123 9471618
30738233 9471618
30747386 9471618
30747387 9471618
30753238 9471618
30753239 9471618
30739668 9471621
30739702 9471621
30739026 9471625
30741176 9471627
30749878 9471630
30748446 9471636
30741729 9471641
30739989 9471644
30739995 9471644
30741015 9471651
30750725 9471651
30749665 9471653
30739725 9471656
30739673 9471657
30739193 9471663
30739195 9471663
30739196 9471663
30741573 9471663
30745081 9471663
30745083 9471663
30750446 9471663
30750447 9471663
30750452 9471663
30751291 9471663
30755918 9471663
30748494 9471667
30749890 9471698
30739014 9471700
30742012 9471705
30742129 9471705
30742259 9471705
30748953 9471705
30745390 9471713
30745394 9471713
30736819 9471721
30736826 9471721
30745704 9471721
30738002 9471728
30738008 9471728
30738011 9471728
30738036 9471728
30738169 9471728
30738178 9471728
30739756 9471733
30744367 9471733
30744372 9471733
30760947 9471733
30760987 9471733
30739626 9471736
30739630 9471736
30740819 9471736
30740823 9471736
30741112 9471736
30740997 9471738
30755224 9471740
30755225 9471740
30739350 9471743
30739353 9471743
30739366 9471743
30761160 9471743
30737203 9471745
30737289 9471745
30741640 9471756
30745747 9471758
30740081 9471764
30739407 9471766
30744829 9471823
30744952 9471823
30749589 9471826
30749600 9471826
30755744 9471826
30755745 9471826
30739523 9471832
30739242 9471833
30739215 9471834
30745363 9471837
30755774 9471837
30755775 9471837
30751286 9471838
30746253 9471839
30746254 9471839
30740169 9471845
30746997 9471846
30749932 9471862
30749997 9471862
30749998 9471862
30739795 9471865
30739815 9471865
30738482 9471874
30746068 9471874
30746069 9471874
30748741 9471874
30751288 9471874
30755550 9471874
30755551 9471874
30739474 9471876
30740559 9471876
30739259 9471877
30754896 9471879
30754897 9471879
30741642 9471881
30754104 9471881
30754105 9471881
30743917 9471884
30746293 9471884
30746294 9471884
30754506 9471884
30754507 9471884
30754906 9471884
30754907 9471884
30739656 9471886
30739696 9471886
30739748 9471886
30740815 9471886
30741119 9471888
30736207 9471894
30736721 9471894
30736764 9471894
30741755 9471894
30741937 9471894
30744691 9471894
30745748 9471894
30745749 9471894
30746210 9471894
30746211 9471894
30746215 9471894
30746229 9471894
30748479 9471894
30755576 9471894
30755577 9471894
30741728 9471895
30748881 9471896
30742156 9471897
30741717 9471898
30739762 9471900
30739764 9471900
30744935 9471902
30739884 9471903
30739901 9471903
30739963 9471903
30739974 9471903
30739991 9471903
30740013 9471903
30744893 9471903
30749376 9471905
30749501 9471905
30749502 9471905
30738415 9471907
30745421 9471908
30739309 9471909
30740061 9471911
30740075 9471911
30749867 9471911
30739150 9471919
30740929 9471919
30747206 9471920
30737649 9471923
30736312 9471925
30741125 9471932
30739720 9471934
30739811 9471934
30739842 9471934
30740460 9471934
30741174 9471934
30738396 9471935
30738398 9471935
30738385 9471941
30747170 9471941
30739172 9471942
30748765 9471942
30744010 9471943
30735928 9471944
30745658 9471945
30751334 9471947
30751489 9471948
30743865 9471949
30740016 9471953
30740017 9471953
30741803 9471969
30751400 9471969
30758260 9471969
30745646 9471971
30739379 9471976
30749691 9471976
30740886 9471977
30754888 9471980
30754890 9471980
30759142 9471982
30739011 9471983
30747255 9471985
30738031 9471987
30738038 9471987
30751183 9471988
30753738 9471988
30753739 9471988
30752628 9471992
30752629 9471992
30737226 9471994
30748817 9471995
30743876 9471997
30739984 9472000
30739267 9472001
30739362 9472004
30736607 9472009
30751467 9472011
30741279 9472013
30741301 9472019
30749206 9472019
30751317 9472019
30736282 9472021
30751281 9472021
30737350 9472027
30737360 9472027
30737538 9472027
30737655 9472027
30742655 9472027
30747181 9472027
30747182 9472027
30747200 9472027
30747201 9472027
30747219 9472027
30747220 9472027
30747594 9472030
30747595 9472030
30735886 9472038
30735890 9472038
30736011 9472038
30755760 9472038
30755761 9472038
30739971 9472040
30753792 9472040
30753793 9472040
30748903 9472043
30753752 9472043
30756416 9472043
30739448 9472044
30753753 9472044
30738093 9472048
30738271 9472048
30743715 9472049
30745700 9472053
30745701 9472053
30735529 9472055
30751614 9472055
30751615 9472055
30735527 9472057
30746780 9472057
30746781 9472057
30738548 9472062
30738549 9472062
30739058 9472062
30735872 9472078
30735903 9472078
30735919 9472078
30736147 9472078
30746726 9472078
30746759 9472078
30746760 9472078
30746763 9472078
30746764 9472078
30735475 9472082
30735679 9472082
30745458 9472085
30748626 9472085
30745459 9472086
30737977 9472089
30739839 9472091
30739829 9472094
30741197 9472097
30752112 9472102
30760927 9472102
30736823 9472106
30736827 9472106
30742182 9472116
30746125 9472116
30746129 9472116
30749750 9472116
30749754 9472116
30755266 9472116
30755267 9472116
30739381 9472118
30739865 9472120
30740520 9472120
30739985 9472124
30740002 9472124
30740003 9472124
30741220 9472124
30756279 9472124
30750186 9472128
30750187 9472128
30753794 9472128
30753795 9472128
30739796 9472130
30738060 9472132
30738210 9472132
30738215 9472132
30738305 9472132
30736731 9472137
30736732 9472137
30737816 9472150
30737927 9472150
30737928 9472150
30740986 9472150
30741641 9472150
30741788 9472150
30742060 9472150
30742797 9472150
30744990 9472150
30755788 9472150
30755789 9472150
30737540 9472152
30748725 9472152
30738030 9472154
30738052 9472154
30740037 9472156
30738478 9472157
30739024 9472158
30739028 9472158
30747054 9472158
30748755 9472158
30747031 9472159
30741141 9472160
30744715 9472161
30745961 9472164
30748965 9472164
30743934 9472168
30743940 9472168
30743943 9472168
30743946 9472168
30748447 9472168
30748448 9472168
30748460 9472169
30756401 9472170
30748600 9472171
30743641 9472172
30739410 9472173
30740838 9472173
30741857 9472175
30745400 9472177
30745401 9472177
30740109 9472178
30740935 9472178
30745808 9472178
30745809 9472178
30740110 9472180
30740112 9472182
30740022 9472183
30740878 9472184
30740019 9472186
30743870 9472186
30748444 9472186
30755574 9472186
30755575 9472186
30740098 9472187
30739038 9472188
30738966 9472190
30745962 9472191
30756312 9472192
30736347 9472193
30736381 9472193
30736407 9472193
30736430 9472193
30736437 9472193
30736583 9472193
30745722 9472193
30745723 9472193
30752398 9472193
30752399 9472193
30748457 9472194
30748458 9472195
30742146 9472196
30747590 9472197
30747597 9472197
30747608 9472197
30747609 9472197
30748712 9472197
30747600 9472198
30747601 9472198
30745745 9472199
30745746 9472199
30739126 9472200
30739127 9472200
30739130 9472200
30739162 9472200
30740579 9472200
30740862 9472200
30740993 9472200
30740995 9472200
30740998 9472200
30741503 9472200
30744107 9472200
30744108 9472200
30744230 9472200
30744231 9472200
30747904 9472200
30748171 9472200
30748629 9472200
30748630 9472200
30749661 9472200
30750028 9472200
30750029 9472200
30750154 9472200
30750385 9472200
30750403 9472200
30755566 9472200
30755567 9472200
30760955 9472200
30761823 9472200
30736378 9472201
30736382 9472201
30736438 9472201
30736439 9472201
30736594 9472201
30736713 9472201
30749633 9472201
30752186 9472201
30752187 9472201
30738518 9472202
30738713 9472202
30738890 9472202
30760980 9472203
30756313 9472204
30739589 9472205
30747553 9472206
30748856 9472206
30737397 9472208
30737772 9472208
30737780 9472208
30737804 9472208
30737925 9472208
30749639 9472208
30753230 9472208
30753231 9472208
30741674 9472209
30741829 9472209
30742675 9472210
30747407 9472210
30747410 9472210
30747416 9472210
30747430 9472210
30747431 9472210
30747432 9472210
30748734 9472210
30753378 9472210
30753379 9472210
30743793 9472211
30743794 9472211
30735747 9472212
30751744 9472212
30751745 9472212
30738614 9472213
30738616 9472213
30738626 9472213
30738629 9472213
30738630 9472213
30738753 9472213
30738777 9472213
30738785 9472213
30738837 9472213
30738910 9472213
30741156 9472214
30741160 9472214
30741151 9472215
30739048 9472218
30746549 9472218
30746560 9472218
30739049 9472219
30746590 9472220
30740926 9472222
30738358 9472224
30739140 9472225
30739146 9472225
30738313 9472227
30748735 9472227
30738086 9472228
30739291 9472230
30740836 9472230
30753744 9472230
30753745 9472230
30738580 9472231
30738583 9472234
30744810 9472234
30741194 9472235
30743777 9472236
30743779 9472236
30743780 9472236
30739797 9472237
30739817 9472237
30739855 9472239
30739891 9472239
30738292 9472243
30738587 9472243
30753244 9472243
30753245 9472243
30739654 9472246
30749714 9472246
30750345 9472246
30755850 9472246
30739636 9472248
30739638 9472248
30739641 9472248
30739642 9472248
30739647 9472248
30739648 9472248
30739649 9472248
30741118 9472248
30741121 9472248
30741123 9472248
30741126 9472248
30741131 9472248
30753770 9472248
30739397 9472251
30739398 9472251
30739280 9472252
30739490 9472253
30739508 9472253
30739548 9472253
30745376 9472253
30745377 9472253
30739478 9472254
30739497 9472254
30738554 9472255
30747627 9472256
30738480 9472257
30738481 9472257
30739804 9472258
30740085 9472259
30747712 9472259
30749358 9472259
30749359 9472259
30749892 9472259
30736427 9472261
30737808 9472264
30737940 9472264
30737941 9472264
30737943 9472264
30742661 9472264
30756395 9472266
30753762 9472268
30739791 9472269
30760924 9472280
30741926 9472281
30738306 9472282
30745869 9472284
30749684 9472284
30745947 9472285
30745949 9472285
30741277 9472286
30741150 9472287
30741297 9472288
30736644 9472289
30739225 9472290
30748117 9472290
30750067 9472290
30761162 9472290
30739325 9472291
30743640 9472292
30735493 9472293
30735628 9472293
30735675 9472293
30735891 9472293
30735898 9472293
30736032 9472293
30746729 9472293
30746730 9472293
30751278 9472293
30751824 9472293
30751826 9472293
30751828 9472293
30751829 9472293
30736572 9472296
30736779 9472296
30747861 9472296
30747862 9472296
30751820 9472296
30751822 9472296
30751823 9472296
30741790 9472297
30760961 9472297
30739902 9472298
30739904 9472298
30739906 9472298
30739908 9472298
30740972 9472299
30740052 9472301
30740663 9472301
30740665 9472301
30740882 9472301
30737389 9472306
30737399 9472306
30737455 9472306
30737463 9472306
30737471 9472306
30737479 9472306
30737620 9472306
30747179 9472306
30745367 9472307
30745370 9472307
30750113 9472307
30750114 9472307
30739670 9472308
30761176 9472309
30741273 9472310
30739138 9472311
30739145 9472311
30738458 9472313
30742912 9472313
30739871 9472314
30739907 9472314
30739922 9472314
30739939 9472314
30739968 9472314
30739990 9472314
30740034 9472314
30749710 9472314
30749598 9472315
30754882 9472316
30754883 9472316
30746810 9472319
30738981 9472320
30738983 9472320
30747004 9472320
30747007 9472320
30747008 9472320
30736235 9472321
30736244 9472321
30736514 9472321
30745737 9472321
30745738 9472321
30737123 9472326
30737127 9472326
30737135 9472326
30737148 9472326
30737217 9472326
30738408 9472326
30738428 9472326
30738440 9472326
30738899 9472326
30739036 9472326
30742646 9472326
30744806 9472326
30746955 9472326
30746956 9472326
30746972 9472326
30747336 9472326
30747339 9472326
30747341 9472326
30747342 9472326
30747353 9472326
30747357 9472326
30748707 9472326
30749641 9472326
30749926 9472326
30749927 9472326
30755504 9472326
30755505 9472326
30735760 9472328
30743915 9472329
30741088 9472334
30745392 9472334
30745393 9472334
30748771 9472334
30755784 9472334
30755785 9472334
30737371 9472339
30737571 9472339
30737573 9472339
30737574 9472339
30737730 9472339
30744733 9472339
30747172 9472339
30747173 9472339
30744036 9472340
30741276 9472342
30746564 9472343
30739897 9472345
30741216 9472345
30735921 9472346
30739201 9472348
30739214 9472348
30739221 9472348
30739231 9472348
30739244 9472348
30741274 9472348
30751292 9472348
30755632 9472349
30755633 9472349
30735802 9472351
30740760 9472351
30738644 9472354
30744786 9472354
30742506 9472355
30744710 9472356
30747245 9472356
30747294 9472356
30747783 9472356
30747784 9472356
30739978 9472357
30740949 9472357
30756362 9472358
30749453 9472360
30749456 9472360
30749459 9472360
30749462 9472360
30749465 9472360
30749474 9472360
30749475 9472360
30749924 9472360
30747526 9472361
30751594 9472362
30751596 9472362
30751597 9472362
30751760 9472362
30751761 9472362
30744152 9472365
30756367 9472365
30756368 9472365
30745675 9472366
30745677 9472366
30748867 9472366
30745676 9472367
30744422 9472368
30744423 9472368
30750118 9472370
30736930 9472371
30737651 9472372
30747190 9472372
30747192 9472372
30748722 9472372
30748608 9472373
30755830 9472373
30739786 9472376
30739793 9472376
30741700 9472378
30741870 9472378
30742040 9472378
30742042 9472378
30742171 9472378
30742177 9472378
30748857 9472378
30749751 9472378
30760963 9472378
30739512 9472382
30740236 9472382
30740891 9472382
30740899 9472382
30740901 9472382
30740903 9472382
30740905 9472382
30740991 9472382
30741685 9472382
30741827 9472382
30741992 9472382
30741997 9472382
30741998 9472382
30742074 9472382
30742118 9472382
30742120 9472382
30742355 9472382
30744831 9472382
30745016 9472382
30746244 9472382
30746245 9472382
30746247 9472382
30748797 9472382
30754078 9472382
30754079 9472382
30760954 9472382
30740896 9472383
30749614 9472384
30738400 9472385
30739948 9472386
30739976 9472386
30740060 9472387
30740072 9472387
30740073 9472387
30740084 9472387
30740092 9472387
30740105 9472387
30740118 9472387
30740796 9472387
30744894 9472387
30744896 9472387
30749815 9472387
30740797 9472389
30739816 9472390
30739818 9472390
30741192 9472390
30741195 9472390
30751313 9472390
30738003 9472393
30738006 9472393
30738007 9472393
30737434 9472396
30737436 9472396
30737512 9472396
30737559 9472396
30744116 9472396
30754910 9472396
30754911 9472396
30739186 9472401
30739351 9472401
30739439 9472401
30739443 9472401
30740261 9472401
30740600 9472401
30740887 9472401
30740893 9472401
30740894 9472401
30740915 9472401
30740916 9472401
30740975 9472401
30741472 9472401
30741654 9472401
30741988 9472401
30744871 9472401
30745802 9472401
30747658 9472401
30747659 9472401
30748304 9472401
30748770 9472401
30748984 9472401
30749814 9472401
30751088 9472401
30754912 9472401
30754913 9472401
30755314 9472401
30755315 9472401
30754076 9472403
30754077 9472403
30736264 9472404
30736279 9472404
30736289 9472404
30736615 9472404
30736741 9472404
30736212 9472405
30736280 9472406
30736287 9472407
30736288 9472408
30739613 9472409
30739596 9472410
30739597 9472410
30739600 9472410
30740619 9472410
30751378 9472412
30738798 9472415
30746622 9472415
30746625 9472415
30746637 9472415
30746638 9472415
30743524 9472416
30754844 9472416
30754845 9472416
30745941 9472417
30745942 9472419
30748819 9472420
30742821 9472421
30743606 9472422
30739609 9472423
30739637 9472423
30739677 9472423
30739718 9472423
30749663 9472423
30760995 9472426
30737358 9472427
30737138 9472431
30737969 9472431
30737970 9472431
30737984 9472431
30737988 9472431
30737995 9472431
30738010 9472431
30738235 9472431
30738316 9472431
30744782 9472431
30754802 9472431
30754803 9472431
30735291 9472433
30735291 9536865
30748670 9472433
30748670 9536865
30751570 9472433
30751570 9536865
30751571 9472433
30751571 9536865
30735931 9472434
30742959 9472443
30747650 9472443
30747985 9472443
30749791 9472443
30749792 9472443
30749850 9472443
30749852 9472443
30750494 9472443
30750499 9472443
30739960 9472444
30753786 9472444
30753787 9472444
30741307 9472445
30740055 9472446
30738016 9472448
30738109 9472448
30738300 9472448
30749640 9472448
30736385 9472450
30736588 9472450
30736734 9472450
30752188 9472450
30752384 9472450
30752386 9472450
30752387 9472450
30741122 9472451
30736225 9472458
30736491 9472458
30736803 9472458
30736944 9472458
30745715 9472458
30745716 9472458
30752424 9472458
30752425 9472458
30752430 9472458
30752431 9472458
30746722 9472459
30747655 9472460
30747656 9472460
30738563 9472471
30738585 9472471
30738589 9472471
30738595 9472471
30738607 9472471
30738826 9472471
30738924 9472471
30746493 9472471
30746522 9472471
30746525 9472471
30746530 9472471
30746531 9472471
30746918 9472471
30746924 9472471
30746925 9472471
30748549 9472471
30748752 9472471
30748922 9472471
30748923 9472471
30749606 9472471
30749607 9472471
30753444 9472471
30753445 9472471
30755584 9472471
30755585 9472471
30755748 9472471
30755749 9472471
30760941 9472471
30737379 9472479
30737383 9472479
30737390 9472479
30737421 9472479
30737466 9472479
30737485 9472479
30737494 9472479
30737513 9472479
30739141 9472479
30739171 9472479
30739211 9472479
30740610 9472479
30740688 9472479
30740982 9472479
30745024 9472479
30745790 9472479
30747121 9472479
30747122 9472479
30747125 9472479
30747140 9472479
30747236 9472479
30748713 9472479
30748718 9472479
30749560 9472479
30749561 9472479
30751290 9472479
30752800 9472479
30752801 9472479
30739651 9472482
30738680 9472495
30743759 9472495
30744789 9472495
30736902 9472498
30736904 9472498
30736909 9472498
30737046 9472498
30737048 9472498
30739749 9472499
30738075 9472500
30747399 9472500
30747403 9472500
30748043 9472502
30760990 9472503
30740031 9472505
30740032 9472505
30740033 9472505
30740858 9472506
30743157 9472506
30750147 9472506
30756424 9472506
30739800 9472507
30739813 9472507
30739830 9472507
30740464 9472507
30739862 9472508
30739890 9472508
30739930 9472508
30739377 9472509
30739380 9472509
30739070 9472511
30736501 9472513
30736522 9472513
30736603 9472513
30749629 9472513
30746772 9472515
30751784 9472517
30751785 9472517
30739926 9472518
30742273 9472519
30745935 9472520
30745936 9472520
30736230 9472521
30736299 9472521
30736518 9472521
30736605 9472521
30736650 9472521
30744828 9472522
30745264 9472523
30747631 9472524
30743771 9472526
30735708 9472527
30751612 9472527
30751613 9472527
30736426 9472528
30736429 9472528
30736386 9472529
30736636 9472529
30736660 9472529
30736836 9472530
30741185 9472531
30739336 9472532
30745903 9472533
30739250 9472535
30741565 9472535
30750057 9472535
30750063 9472535
30750064 9472535
30747056 9472536
30747065 9472536
30747066 9472536
30747068 9472536
30747069 9472536
30747105 9472536
30755456 9472536
30755457 9472536
30739733 9472538
30739734 9472538
30739740 9472538
30739742 9472538
30739745 9472538
30739746 9472538
30739747 9472538
30739752 9472538
30739753 9472538
30740841 9472538
30743916 9472540
30743921 9472540
30755280 9472540
30755281 9472540
30738606 9472541
30738760 9472541
30738828 9472541
30739983 9472542
30740475 9472542
30741241 9472542
30745448 9472542
30745449 9472542
30745641 9472542
30745642 9472542
30741054 9472544
30748144 9472544
30749770 9472544
30751174 9472544
30748703 9472545
30739947 9472546
30739965 9472546
30741231 9472546
30749111 9472546
30753790 9472546
30753791 9472546
30739287 9472547
30741075 9472548
30739479 9472550
30746499 9472551
30746500 9472551
30743731 9472552
30744475 9472552
30747359 9472552
30747360 9472552
30754932 9472552
30754933 9472552
30736664 9472553
30736722 9472553
30747671 9472553
30747672 9472553
30747674 9472553
30747675 9472553
30740069 9472554
30739437 9472555
30740710 9472555
30741271 9472555
30739354 9472556
30741272 9472556
30743710 9472558
30743712 9472558
30743713 9472558
30747084 9472558
30747087 9472558
30747090 9472558
30747093 9472558
30747094 9472558
30747097 9472558
30749645 9472558
30753442 9472558
30753443 9472558
30755038 9472558
30755039 9472558
30749233 9472559
30738219 9472561
30738223 9472561
30738225 9472561
30738226 9472561
30738261 9472561
30738352 9472561
30738382 9472561
30745549 9472561
30745550 9472561
30736597 9472563
30736618 9472563
30736620 9472563
30736622 9472563
30736624 9472563
30736630 9472563
30736631 9472563
30736743 9472563
30736782 9472563
30737057 9472563
30737059 9472563
30737061 9472563
30737063 9472563
30737066 9472563
30738830 9472563
30738857 9472563
30742566 9472563
30744690 9472563
30748642 9472563
30748643 9472563
30748648 9472563
30750691 9472563
30752402 9472563
30752403 9472563
30752562 9472563
30752563 9472563
30752564 9472563
30752565 9472563
30738214 9472564
