16614226 9248504
16614226 9525917
16614375 9248504
16614375 9525917
16614225 9248506
16614225 9525920
16614228 9248506
16614228 9525920
16614144 9248518
16614144 9525546
16614162 9248518
16614162 9525546
16614166 9248518
16614166 9525546
16614217 9248518
16614217 9525546
16614220 9248518
16614220 9525546
16614223 9248518
16614223 9525546
16616589 9249046
16616589 9522654
16616464 9249075
16616464 9523399
16616590 9249131
16616590 9522657
16616463 9249713
16616463 9524140
16616352 9250191
16616353 9250191
16616468 9250191
16616468 9525345
16614163 9250192
16618034 9250192
16614161 9250192
16614161 9525309
16614165 9250192
16614165 9525309
16614218 9250192
16614218 9525309
16614219 9250192
16614219 9525309
16614221 9250192
16614221 9525309
16614222 9250192
16614222 9525309
16618033 9250192
16618033 9525309
16614147 9250197
16614152 9250197
16614158 9250197
16614174 9250197
16614203 9250197
16614213 9250197
16614214 9250197
16614237 9250197
16615755 9250197
16616351 9250197
16616466 9250197
16618035 9250197
16614193 9250197
16614193 9525335
16614212 9250197
16614212 9525335
16616348 9250197
16616348 9525335
16616465 9250197
16616465 9525335
16618036 9250197
16618036 9525335
16614196 9250234
16614196 9524994
16616467 9250260
16616467 9524449
16614227 9250312
16614227 9521640
16739175 9378269
16739175 9523152
16739124 9379512
16739124 9525722
16747242 9380527
16747242 9525010
16743535 9380530
16747244 9380530
16747246 9380530
16747248 9380530
16747249 9380530
16747250 9380530
16747250 9525042
16747251 9380530
16747251 9525042
16747253 9380530
16747253 9525042
16747254 9380530
16747254 9525042
16747255 9380530
16747255 9525042
16743552 9380533
16747232 9380533
16747233 9380533
16693453 9473334
16693453 9522472
16737927 112472359
16737927 9524173
16736545 181272924
16736545 39393713
16736545 9524562
16736553 181272924
16736553 39393713
16736553 9524562
16737588 181272924
16737588 39393713
16737588 9524562
16741543 181272924
16741543 39393713
16741543 9524562
16743322 181272924
16743322 39393713
16743322 9524562
16743323 181272924
16743323 39393713
16743323 9524562
16736576 39393703
16736576 39393704
16736576 9525632
16736587 39393703
16736587 39393704
16736587 9525632
16736615 39393703
16736615 39393704
16736615 9525632
16736651 39393703
16736651 39393704
16736651 9525632
16737283 39393703
16737283 39393704
16737283 9525632
16737456 39393703
16737456 39393704
16737456 9525632
16737506 39393703
16737506 39393704
16737506 9525632
16738006 39393703
16738006 39393704
16738006 9525632
16738178 39393703
16738178 39393704
16738178 9525632
16738183 39393703
16738183 39393704
16738183 9525632
16738190 39393703
16738190 39393704
16738190 9525632
16738191 39393703
16738191 39393704
16738191 9525632
16738472 39393703
16738472 39393704
16738472 9525632
16738477 39393703
16738477 39393704
16738477 9525632
16738479 39393703
16738479 39393704
16738479 9525632
16740924 39393703
16740924 39393704
16740924 9525632
16741539 39393703
16741539 39393704
16741539 9525632
16743138 39393703
16743138 39393704
16743138 9525632
16743139 39393703
16743139 39393704
16743139 9525632
16743406 39393703
16743406 39393704
16743406 9525632
16743407 39393703
16743407 39393704
16743407 9525632
16744835 39393705
16744835 39393706
16744835 39393719
16744835 39393720
16744835 9524370
16744836 39393705
16744836 39393706
16744836 39393719
16744836 39393720
16744836 9524370
16744893 39393705
16744893 39393706
16744893 39393719
16744893 39393720
16744893 9524370
16744896 39393705
16744896 39393706
16744896 39393719
16744896 39393720
16744896 9524370
16744904 39393705
16744904 39393706
16744904 39393719
16744904 39393720
16744904 9524370
16744905 39393705
16744905 39393706
16744905 39393719
16744905 39393720
16744905 9524370
16744906 39393705
16744906 39393706
16744906 39393719
16744906 39393720
16744906 9524370
16744907 39393705
16744907 39393706
16744907 39393719
16744907 39393720
16744907 9524370
16744912 39393705
16744912 39393706
16744912 39393719
16744912 39393720
16744912 9524370
16744913 39393705
16744913 39393706
16744913 39393719
16744913 39393720
16744913 9524370
16744916 39393705
16744916 39393706
16744916 39393719
16744916 39393720
16744916 9524370
16744919 39393705
16744919 39393706
16744919 39393719
16744919 39393720
16744919 9524370
16744927 39393705
16744927 39393706
16744927 39393719
16744927 39393720
16744927 9524370
16744950 39393705
16744950 39393706
16744950 39393719
16744950 39393720
16744950 9524370
16744951 39393705
16744951 39393706
16744951 39393719
16744951 39393720
16744951 9524370
16744962 39393705
16744962 39393706
16744962 39393719
16744962 39393720
16744962 9524370
16744963 39393705
16744963 39393706
16744963 39393719
16744963 39393720
16744963 9524370
16744964 39393705
16744964 39393706
16744964 39393719
16744964 39393720
16744964 9524370
16744965 39393705
16744965 39393706
16744965 39393719
16744965 39393720
16744965 9524370
16744966 39393705
16744966 39393706
16744966 39393719
16744966 39393720
16744966 9524370
16744967 39393705
16744967 39393706
16744967 39393719
16744967 39393720
16744967 9524370
16744968 39393705
16744968 39393706
16744968 39393719
16744968 39393720
16744968 9524370
16745226 39393705
16745226 39393706
16745226 39393719
16745226 39393720
16745226 9524370
16745227 39393705
16745227 39393706
16745227 39393719
16745227 39393720
16745227 9524370
16745228 39393705
16745228 39393706
16745228 39393719
16745228 39393720
16745228 9524370
16745451 39393705
16745451 39393706
16745451 39393719
16745451 39393720
16745451 9524370
16745581 39393705
16745581 39393706
16745581 39393719
16745581 39393720
16745581 9524370
16745582 39393705
16745582 39393706
16745582 39393719
16745582 39393720
16745582 9524370
16737050 39393707
16737050 39393708
16737050 9524340
16737050 9524393
16737053 39393707
16737053 39393708
16737053 9524340
16737053 9524393
16737065 39393707
16737065 39393708
16737065 9524340
16737065 9524393
16737068 39393707
16737068 39393708
16737068 9524340
16737068 9524393
16737082 39393707
16737082 39393708
16737082 9524340
16737082 9524393
16737265 39393707
16737265 39393708
16737265 9524340
16737265 9524393
16737449 39393707
16737449 39393708
16737449 9524340
16737449 9524393
16738382 39393707
16738382 39393708
16738382 9524340
16738382 9524393
16743236 39393707
16743236 39393708
16743236 9524340
16743236 9524393
16743237 39393707
16743237 39393708
16743237 9524340
16743237 9524393
16743344 39393707
16743344 39393708
16743344 9524340
16743344 9524393
16743345 39393707
16743345 39393708
16743345 9524340
16743345 9524393
16746365 39393707
16746365 39393708
16746365 9524340
16746365 9524393
16735899 39393709
16735899 39393711
16735899 9525245
16735924 39393709
16735924 39393711
16735924 9525245
16736026 39393709
16736026 39393711
16736026 9525245
16736037 39393709
16736037 39393711
16736037 9525245
16736554 39393709
16736554 39393711
16736554 9525245
16736559 39393709
16736559 39393711
16736559 9525245
16736586 39393709
16736586 39393711
16736586 9525245
16736597 39393709
16736597 39393711
16736597 9525245
16736600 39393709
16736600 39393711
16736600 9525245
16737430 39393709
16737430 39393711
16737430 9525245
16737448 39393709
16737448 39393711
16737448 9525245
16737647 39393709
16737647 39393711
16737647 9525245
16737649 39393709
16737649 39393711
16737649 9525245
16739647 39393709
16739647 39393711
16739647 9525245
16740233 39393709
16740233 39393711
16740233 9525245
16740234 39393709
16740234 39393711
16740234 9525245
16740438 39393709
16740438 39393711
16740438 9525245
16740935 39393709
16740935 39393711
16740935 9525245
16740956 39393709
16740956 39393711
16740956 9525245
16740970 39393709
16740970 39393711
16740970 9525245
16740971 39393709
16740971 39393711
16740971 9525245
16740973 39393709
16740973 39393711
16740973 9525245
16740974 39393709
16740974 39393711
16740974 9525245
16740976 39393709
16740976 39393711
16740976 9525245
16740977 39393709
16740977 39393711
16740977 9525245
16743226 39393709
16743226 39393711
16743226 9525245
16743227 39393709
16743227 39393711
16743227 9525245
16735887 39393714
16735887 9524111
16736012 39393714
16736012 9524111
16736157 39393715
16736157 39393716
16736157 9524829
16743312 39393715
16743312 39393716
16743312 9524829
16743313 39393715
16743313 39393716
16743313 9524829
16735913 39393717
16735913 39393718
16735913 9524329
16735978 39393717
16735978 39393718
16735978 9524329
16735980 39393717
16735980 39393718
16735980 9524329
16736140 39393717
16736140 39393718
16736140 9524329
16736144 39393717
16736144 39393718
16736144 9524329
16736319 39393717
16736319 39393718
16736319 9524329
16740582 39393717
16740582 39393718
16740582 9524329
16740583 39393717
16740583 39393718
16740583 9524329
16741301 39393717
16741301 39393718
16741301 9524329
16741305 39393717
16741305 39393718
16741305 9524329
16741306 39393717
16741306 39393718
16741306 9524329
16741389 39393717
16741389 39393718
16741389 9524329
16743279 39393717
16743279 39393718
16743279 9524329
16743294 39393717
16743294 39393718
16743294 9524329
16743295 39393717
16743295 39393718
16743295 9524329
16743302 39393717
16743302 39393718
16743302 9524329
16743303 39393717
16743303 39393718
16743303 9524329
16743314 39393717
16743314 39393718
16743314 9524329
16743315 39393717
16743315 39393718
16743315 9524329
16746367 39393717
16746367 39393718
16746367 9524329
16746368 39393717
16746368 39393718
16746368 9524329
16738639 46114836
16738639 46114838
16738639 9521797
16738639 9524960
16738641 46114836
16738641 46114838
16738641 9521797
16738641 9524960
16738643 46114836
16738643 46114838
16738643 9521797
16738643 9524960
16738645 46114836
16738645 46114838
16738645 9521797
16738645 9524960
16738647 46114836
16738647 46114838
16738647 9521797
16738647 9524960
16738649 46114836
16738649 46114838
16738649 9521797
16738649 9524960
16740172 46114836
16740172 46114838
16740172 9521797
16740172 9524960
16742338 46114836
16742338 46114838
16742338 9521797
16742338 9524960
16742339 46114836
16742339 46114838
16742339 9521797
16742339 9524960
16742700 46114836
16742700 46114838
16742700 9521797
16742700 9524960
16742701 46114836
16742701 46114838
16742701 9521797
16742701 9524960
16736878 88607548
16736878 9523740
16736880 88607548
16736880 9523740
16737942 88607559
16737942 9524739
16739807 88607559
16739807 9524739
16739939 88607559
16739939 9524739
16740386 88607559
16740386 9524739
16740391 88607559
16740391 9524739
16740398 88607559
16740398 9524739
16740399 88607559
16740399 9524739
16740923 88607559
16740923 9524739
16740926 88607559
16740926 9524739
16740927 88607559
16740927 9524739
16741506 88607559
16741506 9524739
16739068 9521597
16735784 9521598
16735798 9521598
16743272 9521598
16743273 9521598
16739280 9521601
16739282 9521601
16739284 9521601
16739293 9521601
16739306 9521601
16739308 9521601
16739332 9521601
16739370 9521601
16739372 9521601
16739374 9521601
16739376 9521601
16739583 9521601
16739595 9521601
16739597 9521601
16740080 9521601
16741265 9521601
16741385 9521601
16741388 9521601
16741910 9521601
16741912 9521601
16741913 9521601
16739269 9521603
16742278 9521603
16742279 9521603
16735865 9521613
16735881 9521613
16736011 9521613
16736014 9521613
16736062 9521613
16736072 9521613
16743450 9521613
16743451 9521613
16743502 9521613
16743503 9521613
16736172 9521616
16736173 9521616
16736174 9521616
16743201 9521616
16738200 9521618
16736724 9521620
16736030 9521622
16737117 9521626
16737339 9521626
16740401 9521627
16740402 9521627
16740385 9521628
16738217 9521632
16738243 9521632
16738302 9521632
16738305 9521632
16738487 9521632
16740639 9521632
16740640 9521632
16743134 9521632
16743135 9521632
16743154 9521632
16743155 9521632
16736814 9521635
16736825 9521635
16736839 9521635
16736961 9521636
16741484 9521636
16736590 9521637
16739297 9521638
16737950 9521641
16739421 9521643
16739580 9521643
16736178 9521644
16738554 9521659
16738705 9521659
16738707 9521659
16738971 9521659
16740571 9521659
16740573 9521659
16740574 9521659
16741840 9521659
16741842 9521659
16741843 9521659
16738298 9521660
16738485 9521660
16739576 9521662
16738346 9521666
16739104 9521666
16740522 9521666
16740523 9521666
16741009 9521668
16739008 9521670
16739959 9521670
16740125 9521670
16741369 9521670
16737900 9521671
16744164 9521672
16735787 9521673
16737903 9521674
16740862 9521675
16740863 9521675
16737904 9521676
16737905 9521676
16740864 9521677
16737906 9521679
16740867 9521680
16736268 9521695
16736269 9521695
16736273 9521695
16736274 9521695
16737681 9521700
16737682 9521700
16737683 9521703
16735849 9521723
16735850 9521723
16735942 9521723
16736066 9521723
16735853 9521730
16739744 9521730
16737689 9521736
16741144 9521736
16741274 9521736
16741275 9521736
16735858 9521738
16740937 9521753
16742672 9521761
16742673 9521761
16738535 9521764
16741269 9521764
16737754 9521766
16739480 9521771
16739484 9521771
16739486 9521771
16739488 9521771
16739490 9521771
16739491 9521771
16739805 9521771
16742131 9521771
16742132 9521771
16742133 9521771
16742134 9521771
16742135 9521771
16747123 9521771
16737756 9521773
16736974 9521781
16737974 9521781
16738133 9521781
16740150 9521781
16737733 9521794
16740140 9521794
16744572 9521797
16744573 9521797
16744574 9521797
16737894 9521797
16737894 9524930
16738091 9521797
16738091 9524930
16739717 9521797
16739717 9524930
16740266 9521797
16740266 9524930
16740267 9521797
16740267 9524930
16741574 9521797
16741574 9524930
16742894 9521797
16742894 9524930
16742895 9521797
16742895 9524930
16740816 9521801
16742744 9521801
16742745 9521801
16737021 9521812
16741568 9521812
16744461 9521812
16740785 9521815
16737037 9521817
16737827 9521817
16737828 9521818
16738188 9521822
16741630 9521822
16741632 9521822
16742482 9521828
16742484 9521828
16742485 9521828
16744152 9521828
16744154 9521828
16735776 9521837
16740850 9521840
16741637 9521851
16739632 9521853
16741446 9521853
16737036 9521857
16737830 9521857
16737832 9521857
16736252 9521871
16741322 9521871
16742792 9521871
16742793 9521871
16742798 9521871
16742799 9521871
16736254 9521882
16744710 9521921
16738451 9521931
16741362 9521931
16738455 9521934
16738456 9521934
16738457 9521934
16737671 9521937
16737673 9521940
16738458 9521941
16736890 9521950
16735839 9521968
16735843 9521968
16737679 9521971
16740060 9521973
16737010 9521981
16737012 9521981
16737243 9521981
16742660 9521981
16737011 9521984
16742661 9521984
16737739 9521988
16739703 9521988
16740159 9521988
16737743 9522010
16737745 9522010
16738529 9522026
16735914 9522031
16735918 9522031
16737749 9522033
16739360 9522046
16739364 9522046
16739485 9522046
16740134 9522065
16747087 9522069
16747088 9522069
16742736 9522074
16742738 9522074
16742739 9522074
16737811 9522077
16737812 9522077
16739552 9522079
16736175 9522087
16736561 9522105
16737590 9522105
16743214 9522105
16743215 9522105
16737593 9522116
16737594 9522116
16741618 9522121
16741620 9522121
16740687 9522127
16740688 9522127
16741622 9522127
16736300 9522137
16736305 9522137
16736425 9522137
16744142 9522137
16744143 9522151
16741625 9522158
16743324 9522158
16743325 9522158
16743360 9522160
16743362 9522160
16743363 9522160
16740839 9522162
16740842 9522162
16741426 9522162
16737451 9522172
16741324 9522172
16741627 9522172
16737020 9522175
16737859 9522175
16739620 9522178
16739622 9522178
16737024 9522185
16737860 9522185
16739366 9522209
16739623 9522209
16741804 9522209
16741805 9522209
16740847 9522212
16736240 9522215
16736244 9522227
16736245 9522240
16739628 9522246
16738441 9522249
16736247 9522254
16738443 9522258
16737660 9522276
16737661 9522276
16737663 9522276
16738445 9522278
16737662 9522285
16737664 9522289
16737665 9522289
16735830 9522291
16736007 9522291
16738449 9522296
16740910 9522298
16741167 9522298
16737669 9522301
16740912 9522304
16740915 9522306
16742650 9522313
16742651 9522313
16736990 9522319
16742652 9522319
16742653 9522319
16738258 9522336
16738400 9522336
16738402 9522336
16740341 9522336
16741409 9522336
16744488 9522336
16738510 9522339
16742658 9522343
16742659 9522343
16738514 9522371
16738515 9522371
16740690 9522373
16740691 9522373
16740692 9522375
16737761 9522381
16737762 9522381
16741479 9522381
16737735 9522386
16735902 9522397
16740695 9522399
16736092 9522401
16740762 9522404
16736447 9522414
16736452 9522414
16740104 9522414
16740584 9522414
16740585 9522414
16743286 9522414
16743287 9522414
16742936 9522463
16742937 9522463
16744622 9522463
16737580 9522467
16737581 9522467
16744809 9522472
16737583 9522476
16741610 9522480
16737586 9522482
16741612 9522486
16737589 9522490
16740830 9522492
16740831 9522492
16740832 9522499
16739611 9522505
16740835 9522509
16743358 9522511
16743359 9522511
16739619 9522516
16743991 9522518
16738436 9522524
16737651 9522532
16737652 9522532
16737654 9522532
16743330 9522532
16743331 9522532
16741397 9522537
16738439 9522540
16736729 9522580
16737655 9522580
16740158 9522580
16741460 9522580
16737656 9522585
16737658 9522590
16736711 9522622
16737133 9522622
16737659 9522622
16736303 9522627
16736308 9522627
16736310 9522627
16740049 9522628
16736306 9522637
16736307 9522637
16736423 9522637
16736800 9522640
16737720 9522640
16737722 9522642
16737724 9522642
16742838 9522642
16742839 9522642
16737725 9522646
16740684 9522648
16740685 9522648
16740686 9522649
16736085 9522651
16746366 9522651
16736089 9522652
16739361 9522654
16739532 9522654
16739534 9522657
16737557 9522658
16737559 9522658
16737561 9522658
16737565 9522658
16737567 9522658
16737569 9522658
16737570 9522658
16742884 9522658
16742885 9522658
16743006 9522658
16743007 9522658
16737575 9522662
16737576 9522662
16737577 9522662
16740823 9522663
16742560 9522664
16740826 9522666
16736220 9522668
16742562 9522673
16742563 9522673
16739604 9522676
16736222 9522683
16736227 9522683
16736465 9522683
16736496 9522683
16737642 9522685
16738037 9522685
16735811 9522687
16735813 9522688
16739382 9522699
16739383 9522699
16737648 9522703
16735817 9522704
16744463 9522705
16743418 9522706
16743419 9522706
16740036 9522707
16741453 9522711
16736784 9522713
16737704 9522713
16737711 9522713
16736291 9522721
16741457 9522721
16737713 9522722
16737714 9522722
16740672 9522724
16737715 9522725
16739450 9522729
16741438 9522729
16741439 9522729
16741442 9522729
16741443 9522729
16737719 9522732
16740678 9522734
16736075 9522735
16740107 9522738
16738179 9522741
16738185 9522741
16738278 9522741
16737494 9522743
16737495 9522743
16737496 9522751
16743146 9522751
16743147 9522751
16737497 9522756
16737484 9522762
16737486 9522762
16737488 9522762
16737490 9522762
16737498 9522762
16738066 9522762
16737499 9522763
16738068 9522763
16743268 9522765
16743269 9522765
16740811 9522766
16740817 9522767
16736212 9522768
16736385 9522768
16736203 9522776
16736217 9522776
16736370 9522776
16737631 9522777
16737633 9522779
16738221 9522789
16738224 9522789
16738225 9522789
16739909 9522789
16740161 9522789
16740592 9522789
16740595 9522789
16740596 9522789
16746387 9522789
16740594 9522791
16737637 9522793
16740597 9522794
16737639 9522796
16735990 9522801
16735992 9522801
16735994 9522801
16735995 9522801
16736050 9522801
16736054 9522801
16736056 9522801
16736111 9522801
16736113 9522801
16736122 9522801
16736124 9522801
16736125 9522801
16743364 9522801
16743366 9522801
16743368 9522801
16743370 9522801
16743372 9522801
16743374 9522801
16743375 9522801
16743400 9522801
16743401 9522801
16743404 9522801
16743405 9522801
16743440 9522801
16743442 9522801
16743452 9522801
16743454 9522801
16743455 9522801
16739378 9522802
16742620 9522803
16742622 9522803
16742623 9522803
16736514 9522815
16741505 9522815
16742624 9522815
16742625 9522815
16742626 9522817
16742627 9522817
16740663 9522818
16740666 9522820
16737708 9522823
16735861 9522826
16735862 9522826
16736060 9522826
16739347 9522829
16739444 9522829
16739536 9522829
16740669 9522830
16744526 9522832
16746555 9522832
16737481 9522837
16737482 9522837
16737485 9522837
16741592 9522837
16743144 9522837
16743145 9522837
16744777 9522837
16737487 9522838
16737489 9522839
16738497 9522841
16742474 9522841
16742475 9522841
16743664 9522846
16743665 9522846
16743666 9522846
16743673 9522846
16743892 9522846
16743900 9522846
16736691 9522849
16737299 9522849
16737552 9522849
16737556 9522849
16743894 9522850
16737553 9522851
16737558 9522851
16739295 9522854
16739307 9522854
16736201 9522858
16746572 9522860
16736208 9522863
16736209 9522863
16741363 9522864
16740581 9522865
16737625 9522866
16739368 9522868
16740650 9522869
16740653 9522872
16740659 9522875
16744513 9522880
16746370 9522880
16743783 9522885
16744019 9522885
16744020 9522885
16744021 9522885
16741504 9522892
16736695 9522896
16737343 9522896
16738086 9522896
16742460 9522907
16742461 9522907
16736102 9522914
16736104 9522914
16736106 9522914
16736108 9522914
16736109 9522914
16736121 9522914
16736290 9522920
16739830 9522920
16742464 9522920
16742466 9522920
16742467 9522920
16744144 9522920
16744153 9522920
16742468 9522922
16736126 9522924
16737541 9522926
16739281 9522927
16739283 9522931
16739285 9522931
16737383 9522941
16737385 9522941
16737387 9522941
16737389 9522941
16737393 9522941
16737395 9522941
16737398 9522941
16737399 9522941
16737410 9522941
16737412 9522941
16737414 9522941
16737416 9522941
16737752 9522941
16741469 9522941
16742518 9522941
16742519 9522941
16742532 9522941
16742534 9522941
16742536 9522941
16742537 9522941
16742552 9522941
16742554 9522941
16742556 9522941
16742557 9522941
16742666 9522941
16742667 9522941
16742734 9522941
16742735 9522941
16738034 9522944
16741351 9522944
16737611 9522945
16740572 9522947
16737615 9522948
16740575 9522949
16739354 9522952
16739355 9522952
16739356 9522952
16740578 9522955
16743098 9522956
16743100 9522956
16743101 9522956
16744748 9522956
16736986 9522966
16737260 9522966
16741424 9522966
16741425 9522967
16741427 9522968
16740644 9522969
16736041 9522970
16736042 9522973
16736043 9522973
16736045 9522977
16735863 9522981
16736046 9522981
16736047 9522984
16737461 9522986
16745054 9522989
16745061 9522989
16745062 9522989
16743228 9522992
16743230 9522992
16743231 9522992
16742454 9522995
16742456 9522995
16742459 9522995
16737531 9522997
16737532 9522997
16737533 9522997
16737535 9522997
16737538 9522999
16737539 9522999
16741341 9523001
16737602 9523002
16740563 9523003
16737606 9523004
16740566 9523005
16740569 9523007
16744420 9523008
16744421 9523008
16736238 9523010
16741323 9523010
16741415 9523010
16741417 9523010
16737510 9523013
16737511 9523013
16737512 9523013
16743150 9523013
16743151 9523013
16740632 9523014
16741419 9523017
16740635 9523021
16740638 9523022
16736033 9523025
16736034 9523025
16736036 9523027
16741191 9523030
16743782 9523033
16743792 9523033
16743793 9523033
16743893 9523033
16741194 9523037
16736578 9523041
16737331 9523041
16737454 9523041
16741197 9523045
16737455 9523048
16737457 9523050
16737459 9523054
16737523 9523056
16736740 9523058
16737529 9523060
16739265 9523062
16739267 9523064
16739268 9523065
16738083 9523067
16737772 9523069
16737774 9523069
16742512 9523069
16737340 9523076
16737344 9523076
16737351 9523076
16737353 9523076
16737355 9523076
16737357 9523076
16737361 9523076
16737363 9523076
16737365 9523076
16737367 9523076
16737369 9523076
16737371 9523076
16737372 9523076
16737574 9523076
16738054 9523076
16738056 9523076
16738098 9523076
16742882 9523076
16742883 9523076
16742994 9523076
16742995 9523076
16743014 9523076
16743016 9523076
16743017 9523076
16743124 9523076
16743125 9523076
16743142 9523076
16743143 9523076
16739970 9523077
16736733 9523081
16737373 9523081
16738788 9523085
16738791 9523085
16736023 9523086
16736025 9523088
16741180 9523089
16741181 9523091
16741182 9523091
16738223 9523092
16741183 9523093
16738226 9523094
16738227 9523094
16741186 9523095
16738229 9523096
16741189 9523098
16737446 9523100
16736542 9523101
16737447 9523101
16746329 9523101
16743212 9523102
16743213 9523102
16737508 9523103
16737509 9523103
16737513 9523103
16739255 9523105
16739144 9523106
16739256 9523106
16739257 9523107
16739893 9523108
16743060 9523119
16743061 9523119
16740542 9523120
16740545 9523121
16740548 9523122
16742284 9523123
16742285 9523123
16738140 9523124
16739963 9523125
16739964 9523125
16739965 9523126
16739968 9523127
16739969 9523127
16738782 9523128
16740612 9523129
16736010 9523130
16736013 9523131
16736015 9523132
16738210 9523133
16741171 9523135
16736017 9523136
16743770 9523138
16736019 9523140
16741174 9523143
16741177 9523145
16741736 9523148
16743777 9523148
16743778 9523148
16737437 9523150
16737439 9523151
16738729 9523156
16739045 9523156
16740827 9523156
16742420 9523156
16742423 9523156
16742440 9523156
16741237 9523159
16741243 9523159
16741244 9523159
16737504 9523162
16744895 9523168
16739241 9523169
16739885 9523170
16736564 9523171
16737287 9523171
16740530 9523173
16739889 9523174
16740533 9523175
16741318 9523178
16740536 9523179
16740539 9523181
16741950 9523184
16741952 9523184
16741954 9523184
16741956 9523184
16741957 9523184
16741090 9523187
16739950 9523188
16739951 9523188
16741098 9523189
16741100 9523189
16741101 9523189
16736570 9523190
16739954 9523191
16739955 9523192
16739957 9523193
16740600 9523195
16739096 9523197
16736577 9523199
16736592 9523199
16737269 9523199
16737333 9523199
16741538 9523199
16737990 9523200
16738674 9523201
16746372 9523201
16736003 9523202
16736004 9523202
16741160 9523203
16738201 9523204
16736006 9523205
16738203 9523206
16738209 9523206
16741163 9523207
16736008 9523208
16741166 9523209
16738207 9523210
16740166 9523211
16741168 9523211
16736645 9523212
16744395 9523216
16736490 9523217
16737422 9523221
16737427 9523221
16738654 9523221
16738656 9523221
16738690 9523221
16738991 9523221
16738993 9523221
16739001 9523221
16739003 9523221
16739005 9523221
16739020 9523221
16739022 9523221
16739024 9523221
16739026 9523221
16739027 9523221
16741822 9523221
16741824 9523221
16741825 9523221
16741834 9523221
16741836 9523221
16741837 9523221
16742190 9523221
16742191 9523221
16742522 9523221
16742523 9523221
16742524 9523221
16742526 9523221
16742527 9523221
16738691 9523223
16740521 9523225
16736497 9523227
16739304 9523233
16737424 9523234
16738661 9523234
16738663 9523234
16738665 9523234
16739009 9523234
16739029 9523234
16739031 9523234
16739033 9523234
16739035 9523234
16739039 9523234
16739913 9523234
16740005 9523234
16740006 9523234
16740046 9523234
16741940 9523234
16741942 9523234
16742162 9523234
16742163 9523234
16742342 9523234
16742343 9523234
16742354 9523234
16742355 9523234
16747181 9523234
16739309 9523235
16741083 9523237
16741085 9523237
16741086 9523237
16741087 9523238
16739942 9523239
16739086 9523240
16736630 9523242
16736632 9523243
16742978 9523246
16742979 9523246
16743820 9523247
16741222 9523249
16741225 9523251
16741229 9523252
16736704 9523255
16736709 9523255
16738040 9523262
16738045 9523262
16740414 9523262
16740420 9523262
16740479 9523262
16740516 9523262
16740943 9523262
16740945 9523262
16740948 9523262
16743088 9523262
16743089 9523262
16739860 9523267
16739866 9523268
16736484 9523269
16738688 9523270
16742890 9523271
16741078 9523274
16739072 9523277
16736557 9523279
16739078 9523280
16737976 9523282
16737977 9523282
16741147 9523284
16740362 9523285
16744794 9523287
16741149 9523293
16744795 9523296
16741211 9523299
16741214 9523301
16741217 9523302
16739857 9523303
16738671 9523304
16738676 9523306
16737893 9523308
16738678 9523313
16739921 9523314
16739060 9523316
16741069 9523320
16739064 9523322
16739066 9523323
16742950 9523324
16740992 9523325
16740993 9523326
16741200 9523327
16743703 9523338
16746417 9523338
16741203 9523340
16741204 9523342
16741205 9523343
16739123 9523356
16739206 9523356
16738669 9523361
16741052 9523363
16743646 9523368
16743652 9523368
16741055 9523369
16739911 9523370
16741058 9523371
16739054 9523372
16742306 9523373
16741120 9523374
16744771 9523375
16741125 9523376
16741597 9523377
16744772 9523377
16742940 9523378
16742941 9523378
16741128 9523380
16741129 9523382
16736604 9523383
16746400 9523386
16740983 9523387
16740984 9523389
16740985 9523389
16740986 9523390
16740989 9523391
16741936 9523396
16741938 9523396
16741939 9523396
16742148 9523396
16742150 9523396
16742151 9523396
16737873 9523397
16737875 9523398
16741044 9523400
16741049 9523401
16739905 9523402
16736523 9523403
16739044 9523404
16736525 9523405
16739908 9523406
16739046 9523407
16736527 9523408
16739048 9523410
16737940 9523411
16741112 9523413
16741113 9523413
16741114 9523415
16741115 9523416
16741116 9523416
16741117 9523417
16739119 9523419
16738496 9523423
16739752 9523423
16740978 9523427
16737790 9523429
16744173 9523429
16737787 9523435
16737788 9523435
16737794 9523435
16742513 9523435
16746492 9523435
16743562 9523442
16743565 9523442
16742780 9523444
16742781 9523444
16740183 9523446
16738638 9523448
16739824 9523448
16740185 9523451
16740189 9523457
16737865 9523460
16737867 9523466
16737868 9523468
16741036 9523470
16741037 9523470
16736511 9523472
16736512 9523474
16736518 9523478
16737938 9523481
16741102 9523482
16736293 9523486
16741103 9523494
16738492 9523496
16741109 9523498
16742926 9523500
16742927 9523500
16742064 9523501
16742065 9523501
16735888 9523502
16737786 9523504
16737789 9523507
16741818 9523509
16741819 9523509
16737853 9523511
16737854 9523513
16737856 9523515
16737858 9523517
16739594 9523519
16741023 9523521
16741025 9523523
16741028 9523525
16736505 9523528
16736509 9523529
16738706 9523532
16740882 9523534
16742054 9523534
16742055 9523534
16738708 9523536
16740886 9523538
16738480 9523540
16738482 9523542
16738484 9523543
16736289 9523545
16738486 9523546
16738488 9523547
16735873 9523549
16735878 9523551
16740095 9523553
16740098 9523559
16740099 9523568
16737773 9523573
16737776 9523573
16737777 9523576
16736996 9523579
16736998 9523580
16737833 9523588
16737834 9523588
16737835 9523588
16737840 9523588
16737837 9523591
16737841 9523591
16737842 9523591
16737844 9523593
16737846 9523594
16741015 9523595
16744171 9523596
16744172 9523599
16740873 9523600
16740874 9523601
16740875 9523601
16736272 9523602
16736277 9523606
16737691 9523609
16742042 9523611
16742043 9523611
16738478 9523614
16735860 9523616
16737693 9523619
16737696 9523621
16737697 9523622
16735866 9523625
16735868 9523626
16743466 9523627
16743467 9523627
16736194 9523629
16736346 9523629
16741450 9523629
16738543 9523630
16744805 9523631
16744806 9523633
16739572 9523636
16742112 9523636
16742113 9523636
16736981 9523638
16737768 9523639
16736987 9523640
16740157 9523642
16737831 9523644
16737838 9523644
16740124 9523644
16737836 9523645
16737839 9523646
16736193 9523647
16736502 9523649
16738001 9523650
16741130 9523651
16736862 9523652
16736865 9523652
16736867 9523652
16736869 9523652
16736874 9523652
16738000 9523652
16744452 9523653
16744456 9523653
16744457 9523653
16745293 9523653
16736875 9523653
16736875 9524177
16742688 9523653
16742688 9524177
16740071 9523657
16741142 9523657
16741143 9523657
16742500 9523657
16742501 9523657
16742654 9523657
16742655 9523657
16742657 9523657
16742646 9523660
16738719 9523661
16737783 9523662
16737784 9523662
16737895 9523663
16740263 9523663
16737897 9523664
16741331 9523666
16736908 9523670
16736837 9523671
16738017 9523671
16736826 9523672
16738272 9523673
16738408 9523673
16735886 9523683
16735893 9523683
16735927 9523683
16735966 9523683
16743326 9523683
16743328 9523683
16743329 9523683
16743436 9523683
16743437 9523683
16736614 9523687
16736667 9523687
16736682 9523687
16736692 9523687
16736693 9523687
16737111 9523687
16737341 9523687
16737578 9523687
16737582 9523687
16737632 9523687
16737634 9523687
16737635 9523687
16738053 9523687
16741335 9523687
16738282 9523692
16735884 9523695
16740097 9523701
16741040 9523703
16741041 9523703
16740274 9523704
16741407 9523707
16744749 9523707
16736821 9523708
16736835 9523708
16737370 9523708
16741480 9523710
16736994 9523712
16737222 9523712
16737866 9523712
16737973 9523712
16740931 9523712
16741533 9523712
16738996 9523722
16742214 9523725
16742215 9523725
16736584 9523726
16737291 9523726
16737667 9523726
16739479 9523730
16739543 9523730
16739630 9523730
16741207 9523730
16741209 9523730
16741215 9523730
16741216 9523730
16741219 9523730
16741220 9523730
16741379 9523730
16741554 9523730
16742286 9523730
16737981 9523732
16736897 9523734
16736898 9523734
16736901 9523734
16736906 9523734
16737520 9523735
16736896 9523736
16736877 9523739
16737997 9523739
16741252 9523741
16741392 9523741
16741896 9523741
16741897 9523741
16741248 9523742
16741250 9523742
16741251 9523742
16741308 9523749
16736879 9523756
16737937 9523756
16740648 9523756
16740651 9523756
16740652 9523756
16741032 9523756
16741067 9523756
16741068 9523756
16741118 9523756
16741121 9523756
16741123 9523756
16741124 9523756
16742758 9523756
16738247 9523760
16740598 9523760
16741013 9523760
16741014 9523760
16739386 9523761
16739471 9523761
16736304 9523764
16741454 9523764
16746371 9523764
16736241 9523768
16736533 9523768
16736713 9523768
16736716 9523768
16736719 9523768
16736720 9523768
16740990 9523768
16740991 9523768
16738335 9523777
16738404 9523777
16742590 9523777
16742591 9523777
16736091 9523778
16736123 9523778
16740403 9523779
16736803 9523781
16738073 9523782
16746398 9523783
16740641 9523784
16741353 9523787
16741361 9523789
16735780 9523790
16735791 9523790
16736218 9523802
16736225 9523802
16736253 9523802
16736256 9523802
16736260 9523802
16736263 9523802
16736278 9523802
16736401 9523802
16736522 9523802
16736524 9523802
16741319 9523802
16739296 9523815
16739569 9523815
16741238 9523815
16738501 9523818
16735898 9523823
16735925 9523823
16735972 9523823
16735987 9523823
16735989 9523823
16735991 9523823
16736052 9523823
16738870 9523831
16740836 9523831
16740845 9523831
16740846 9523831
16738867 9523833
16738992 9523833
16736611 9523842
16737099 9523842
16736836 9523845
16736836 9524179
16736876 9523845
16736876 9524179
16739770 9523845
16739770 9524179
16736229 9523852
16736446 9523852
16736456 9523852
16741420 9523852
16741423 9523852
16743044 9523852
16743045 9523852
16745015 9523856
16737718 9523859
16736771 9523861
16736892 9523864
16736914 9523864
16737600 9523865
16737601 9523865
16739369 9523867
16739506 9523867
16737657 9523870
16736626 9523875
16736631 9523875
16736636 9523875
16736641 9523875
16747469 9523875
16736789 9523877
16737751 9523882
16737755 9523882
16737015 9523884
16735876 9523886
16735997 9523886
16738683 9523888
16742304 9523888
16742305 9523888
16739348 9523890
16739362 9523890
16746382 9523894
16736899 9523895
16736929 9523895
16736939 9523895
16737960 9523895
16738018 9523895
16741464 9523895
16739305 9523897
16739310 9523897
16739313 9523897
16739316 9523897
16744056 9523902
16744057 9523902
16746403 9523902
16735781 9523910
16735903 9523910
16735904 9523910
16741742 9523910
16741743 9523910
16740693 9523912
16740694 9523912
16739515 9523915
16739596 9523915
16739598 9523915
16739603 9523915
16740360 9523919
16746369 9523925
16736585 9523935
16736606 9523935
16736284 9523940
16736285 9523940
16736517 9523940
16740067 9523940
16740876 9523940
16740877 9523940
16741104 9523940
16741314 9523940
16746402 9523942
16739635 9523951
16741564 9523953
16736255 9523967
16739867 9523969
16738736 9523970
16736710 9523971
16740381 9523972
16740382 9523973
16739333 9523974
16741273 9523976
16741276 9523976
16741277 9523976
16737978 9523978
16740719 9523978
16740720 9523978
16741535 9523978
16738516 9523980
16738518 9523980
16741326 9523990
16743282 9523990
16743283 9523990
16738194 9523994
16738196 9523994
16738213 9523994
16738292 9523994
16743034 9523994
16743035 9523994
16736607 9523998
16736610 9523998
16737104 9523998
16737610 9523998
16736547 9524004
16736562 9524004
16737591 9524004
16739764 9524004
16740111 9524004
16743072 9524006
16743073 9524006
16736656 9524008
16736573 9524010
16737289 9524010
16738551 9524017
16738969 9524017
16737295 9524018
16737620 9524018
16740239 9524018
16736625 9524019
16736029 9524022
16736084 9524022
16739746 9524022
16743384 9524022
16743385 9524022
16738745 9524024
16736027 9524026
16736603 9524028
16737678 9524028
16736681 9524032
16737071 9524037
16737452 9524037
16740665 9524037
16740668 9524037
16740670 9524037
16740671 9524037
16736652 9524038
16736672 9524038
16736674 9524038
16736705 9524038
16736722 9524038
16737629 9524038
16737645 9524038
16737729 9524038
16737732 9524038
16737876 9524039
16738195 9524059
16738295 9524059
16738483 9524059
16735845 9524069
16735847 9524069
16736487 9524070
16736488 9524070
16737983 9524072
16746380 9524072
16741390 9524076
16741434 9524076
16741798 9524082
16741799 9524082
16735910 9524092
16736016 9524092
16736049 9524092
16743336 9524092
16743337 9524092
16737765 9524094
16737766 9524094
16737767 9524094
16736605 9524097
16737605 9524097
16739350 9524100
16743663 9524100
16735844 9524103
16735874 9524117
16736177 9524136
16736187 9524136
16737415 9524143
16737851 9524143
16737852 9524143
16739053 9524143
16739841 9524144
16738760 9524148
16739023 9524148
16740181 9524148
16744007 9524150
16737926 9524152
16740559 9524152
16740560 9524152
16736757 9524154
16739287 9524157
16739326 9524157
16739440 9524157
16739530 9524157
16739551 9524157
16740543 9524157
16741892 9524157
16741893 9524157
16741894 9524157
16741895 9524157
16737617 9524158
16737677 9524158
16736658 9524161
16736660 9524161
16736683 9524161
16737272 9524161
16737519 9524161
16737524 9524161
16741476 9524161
16736833 9524164
16736848 9524164
16736864 9524164
16736657 9524168
16736872 9524174
16742706 9524178
16742706 9525455
16742707 9524179
16742708 9524180
16736744 9524181
16737197 9524182
16736873 9524184
16737217 9524184
16737939 9524184
16737261 9524200
16737262 9524200
16737405 9524200
16738373 9524200
16738374 9524200
16739220 9524200
16739224 9524200
16741560 9524200
16741573 9524200
16742234 9524200
16742235 9524200
16744225 9524200
16744226 9524200
16744485 9524200
16744486 9524200
16744608 9524200
16744609 9524200
16744610 9524200
16744611 9524200
16744612 9524200
16744613 9524200
16744614 9524200
16745218 9524200
16745219 9524200
16745220 9524200
16737025 9524213
16737843 9524213
16738527 9524216
16738677 9524216
16739987 9524216
16738783 9524237
16738800 9524237
16741862 9524237
16741863 9524237
16736748 9524243
16736756 9524243
16736762 9524243
16736781 9524243
16736811 9524243
16736823 9524243
16736830 9524243
16736841 9524243
16741534 9524243
16736755 9524245
16737560 9524247
16743112 9524249
16743113 9524249
16737108 9524252
16738062 9524252
16736649 9524257
16738060 9524257
16737911 9524262
16739586 9524267
16741256 9524267
16736622 9524273
16741330 9524273
16740238 9524274
16738341 9524283
16738392 9524283
16741026 9524283
16741184 9524283
16741187 9524283
16741188 9524283
16738394 9524299
16738444 9524299
16740654 9524299
16740655 9524299
16741080 9524299
16741173 9524299
16741176 9524299
16741178 9524299
16741179 9524299
16742768 9524299
16742769 9524299
16738276 9524340
16739791 9524340
16746383 9524340
16746384 9524340
16746386 9524340
16736997 9524395
16737002 9524395
16737863 9524395
16738139 9524395
16742502 9524397
16742503 9524397
16737039 9524399
16737781 9524399
16741137 9524399
16737230 9524401
16740168 9524403
16741470 9524404
16737705 9524408
16737710 9524408
16741429 9524408
16742307 9524410
16736765 9524412
16736754 9524415
16740963 9524415
16746381 9524415
16741372 9524425
16738873 9524433
16736694 9524442
16736699 9524442
16737304 9524442
16737564 9524442
16738081 9524442
16743126 9524442
16743127 9524442
16743128 9524442
16743129 9524442
16736739 9524444
16736741 9524444
16738092 9524444
16741038 9524445
16741039 9524445
16737943 9524446
16736926 9524447
16736936 9524448
16737624 9524450
16737627 9524450
16740156 9524450
16741616 9524459
16741368 9524461
16741486 9524461
16738536 9524466
16738539 9524466
16738490 9524467
16737817 9524469
16738263 9524471
16738780 9524475
16738936 9524475
16739181 9524476
16740520 9524476
16742452 9524476
16742453 9524476
16742478 9524478
16742479 9524478
16740801 9524480
16742854 9524480
16742855 9524480
16736949 9524482
16741462 9524482
16737956 9524484
16737957 9524484
16744411 9524486
16736842 9524487
16741355 9524487
16736843 9524489
16740913 9524491
16740914 9524491
16740374 9524492
16741394 9524494
16740394 9524495
16740853 9524496
16737003 9524498
16740538 9524507
16741377 9524507
16736858 9524508
16737999 9524508
16738756 9524513
16738879 9524513
16739299 9524514
16736619 9524516
16737293 9524516
16737676 9524516
16736940 9524518
16736941 9524520
16736697 9524528
16739454 9524532
16741902 9524532
16741903 9524532
16741904 9524532
16741905 9524532
16741242 9524535
16741245 9524535
16743590 9524536
16737845 9524542
16738817 9524542
16739095 9524542
16740821 9524542
16740822 9524542
16740825 9524542
16741531 9524542
16741552 9524542
16742056 9524542
16742057 9524542
16742538 9524542
16742539 9524542
16742544 9524542
16742545 9524542
16740794 9524543
16740795 9524543
16740799 9524543
16739210 9524548
16739229 9524548
16735906 9524552
16735964 9524552
16736009 9524552
16739523 9524554
16740193 9524556
16736769 9524570
16736859 9524570
16737194 9524570
16737256 9524570
16737915 9524570
16737918 9524570
16737936 9524570
16738003 9524570
16738234 9524570
16738235 9524570
16738448 9524570
16738450 9524570
16738453 9524570
16738454 9524570
16738459 9524570
16738460 9524570
16740117 9524570
16740627 9524570
16740633 9524570
16740636 9524570
16741492 9524570
16742742 9524570
16736850 9524572
16737998 9524574
16736163 9524575
16737910 9524577
16736618 9524581
16736623 9524581
16736624 9524581
16736640 9524581
16738032 9524581
16738725 9524583
16739351 9524584
16739353 9524584
16739371 9524584
16741919 9524584
16746399 9524584
16738015 9524585
16744558 9524585
16739562 9524589
16739563 9524589
16741494 9524590
16736094 9524591
16736112 9524591
16736132 9524591
16736088 9524592
16736101 9524592
16738741 9524596
16739112 9524596
16739114 9524596
16739118 9524596
16740833 9524596
16740834 9524596
16738522 9524598
16736727 9524602
16737899 9524602
16741327 9524602
16742898 9524602
16742899 9524602
16736591 9524608
16736616 9524608
16736760 9524611
16736840 9524611
16737366 9524611
16736181 9524629
16736186 9524631
16740890 9524633
16736262 9524641
16736507 9524641
16736508 9524641
16740003 9524641
16740746 9524641
16742778 9524641
16737277 9524643
16736761 9524644
16738246 9524651
16741493 9524651
16738709 9524655
16738662 9524657
16737250 9524660
16737847 9524660
16747532 9524670
16738215 9524673
16739253 9524677
16738533 9524681
16739999 9524682
16740000 9524682
16738644 9524685
16736851 9524687
16736856 9524687
16736861 9524687
16739323 9524704
16736778 9524706
16738531 9524709
16738593 9524719
16739017 9524719
16739839 9524719
16740045 9524719
16742164 9524719
16742165 9524719
16736233 9524731
16736234 9524731
16737612 9524731
16737613 9524731
16737614 9524731
16738534 9524732
16738652 9524732
16736796 9524736
16736820 9524736
16737364 9524736
16736653 9524741
16736654 9524741
16737626 9524741
16738030 9524741
16736763 9524746
16736790 9524746
16736797 9524746
16736805 9524746
16736806 9524746
16736807 9524746
16740262 9524746
16740265 9524746
16740268 9524746
16740269 9524746
16742864 9524746
16742865 9524746
16744575 9524746
16736804 9524748
16736703 9524751
16736854 9524755
16735859 9524761
16735875 9524761
16735953 9524761
16739028 9524770
16741371 9524770
16737325 9524777
16737785 9524777
16740009 9524777
16740011 9524777
16740012 9524777
16739143 9524784
16739149 9524784
16741193 9524789
16741370 9524789
16736179 9524794
16736184 9524794
16736920 9524798
16739922 9524799
16739923 9524799
16742840 9524805
16742841 9524805
16746392 9524805
16736663 9524810
16737500 9524810
16737503 9524810
16737507 9524810
16740025 9524810
16740113 9524810
16739290 9524821
16739291 9524821
16739553 9524821
16742090 9524821
16742091 9524821
16742268 9524821
16742269 9524821
16742274 9524821
16742275 9524821
16738732 9524849
16738744 9524849
16737438 9524854
16737445 9524854
16738942 9524862
16739085 9524865
16737869 9524867
16737871 9524867
16740380 9524867
16740717 9524867
16740371 9524872
16738416 9524873
16737650 9524876
16737286 9524911
16737290 9524911
16737292 9524911
16737294 9524911
16737296 9524911
16737298 9524911
16737300 9524911
16737302 9524911
16737505 9524911
16737548 9524911
16737550 9524911
16737551 9524911
16737554 9524911
16737579 9524911
16737599 9524911
16738007 9524911
16738070 9524911
16739766 9524911
16740103 9524911
16740145 9524911
16740485 9524911
16740489 9524911
16740938 9524911
16741477 9524911
16742992 9524911
16742993 9524911
16743136 9524911
16743137 9524911
16737306 9524935
16737345 9524935
16739693 9524935
16742998 9524935
16742999 9524935
16744660 9524937
16744661 9524937
16744662 9524937
16744761 9524937
16744663 9524941
16744664 9524941
16744762 9524941
16744763 9524941
16738795 9524967
16738797 9524967
16736915 9524969
16741601 9524971
16744804 9524971
16742944 9524982
16742946 9524982
16742947 9524982
16747210 9524982
16737913 9524989
16738010 9524991
16739271 9524999
16742256 9525001
16741202 9525003
16742257 9525003
16739504 9525008
16735891 9525020
16735896 9525020
16735900 9525020
16735974 9525020
16736031 9525020
16736032 9525020
16736035 9525020
16736090 9525020
16736093 9525020
16736107 9525020
16736115 9525020
16740231 9525020
16740232 9525020
16743397 9525020
16743402 9525020
16743403 9525020
16743456 9525020
16743457 9525020
16735846 9525042
16735848 9525042
16735864 9525042
16735872 9525042
16735950 9525042
16735955 9525042
16743492 9525042
16743493 9525042
16743508 9525042
16743509 9525042
16743532 9525042
16743533 9525042
16737753 9525049
16736884 9525063
16736902 9525063
16738150 9525063
16741481 9525063
16741532 9525063
16742694 9525063
16742695 9525063
16737029 9525065
16741138 9525065
16741467 9525065
16738502 9525077
16738580 9525077
16738668 9525077
16739776 9525077
16740184 9525077
16741432 9525077
16742314 9525077
16742315 9525077
16737392 9525081
16737763 9525081
16738562 9525085
16742297 9525085
16735837 9525116
16738474 9525127
16738475 9525127
16738476 9525127
16740235 9525131
16735892 9525139
16744885 9525141
16744991 9525141
16736571 9525145
16736580 9525145
16740427 9525145
16740696 9525145
16740697 9525145
16740919 9525145
16740932 9525145
16740933 9525145
16739279 9525149
16739637 9525149
16739517 9525151
16739275 9525153
16739152 9525158
16735835 9525165
16735840 9525165
16736952 9525167
16736962 9525167
16736954 9525169
16740721 9525171
16742709 9525172
16736855 9525174
16738161 9525175
16736574 9525184
16737598 9525184
16737670 9525184
16738021 9525184
16740987 9525184
16743200 9525184
16740136 9525204
16741754 9525216
16741756 9525216
16741757 9525216
16736647 9525219
16735869 9525264
16735871 9525264
16736044 9525264
16736782 9525265
16737043 9525269
16736946 9525271
16736900 9525276
16736942 9525276
16736959 9525276
16737958 9525276
16741051 9525276
16741461 9525276
16741463 9525276
16741746 9525286
16741747 9525286
16738747 9525303
16738840 9525303
16739043 9525303
16739097 9525303
16742442 9525303
16742443 9525303
16738718 9525355
16738851 9525355
16739036 9525355
16740041 9525355
16742510 9525355
16742511 9525355
16738803 9525366
16738975 9525366
16740567 9525366
16740568 9525366
16740579 9525366
16741375 9525366
16738792 9525369
16736917 9525372
16736922 9525372
16736924 9525372
16736925 9525372
16737621 9525373
16740675 9525375
16739602 9525376
16735877 9525384
16735879 9525384
16735882 9525384
16735985 9525384
16740096 9525384
16743490 9525384
16743491 9525384
16738764 9525394
16739875 9525397
16739109 9525408
16739246 9525408
16739247 9525408
16740531 9525408
16740532 9525408
16741195 9525408
16741196 9525408
16741198 9525408
16741199 9525408
16736904 9525412
16736775 9525413
16736783 9525413
16737368 9525413
16736943 9525416
16737000 9525418
16737864 9525418
16738141 9525418
16740379 9525418
16740925 9525449
16744453 9525455
16738538 9525476
16738687 9525476
16741164 9525476
16741165 9525476
16741838 9525476
16741839 9525476
16746393 9525476
16737114 9525480
16737101 9525481
16736223 9525483
16736235 9525483
16736239 9525483
16740760 9525483
16740761 9525483
16741412 9525483
16737607 9525484
16737608 9525486
16737609 9525486
16736706 9525488
16735834 9525499
16735838 9525499
16735841 9525499
16735851 9525499
16735854 9525499
16735855 9525499
16735937 9525499
16736068 9525499
16739331 9525504
16739584 9525504
16736690 9525506
16737301 9525506
16736707 9525508
16742996 9525508
16742997 9525508
16739107 9525534
16739111 9525534
16739115 9525534
16739120 9525534
16739129 9525534
16739130 9525534
16739136 9525534
16739141 9525534
16739201 9525534
16739218 9525534
16739266 9525534
16740812 9525534
16740966 9525534
16742724 9525534
16742725 9525534
16737004 9525537
16737239 9525537
16738004 9525537
16741056 9525537
16741057 9525537
16739493 9525540
16739600 9525540
16735782 9525570
16735783 9525570
16735786 9525570
16741541 9525570
16743306 9525570
16743307 9525570
16739231 9525583
16741376 9525583
16736171 9525586
16739363 9525599
16739365 9525599
16739377 9525599
16739379 9525599
16739385 9525599
16739456 9525599
16739463 9525599
16739468 9525599
16739487 9525599
16739612 9525599
16739613 9525599
16739617 9525599
16739621 9525599
16739625 9525599
16741529 9525599
16741914 9525599
16741915 9525599
16739345 9525605
16739618 9525605
16739318 9525611
16739426 9525611
16739435 9525611
16739538 9525611
16741227 9525611
16741228 9525611
16747534 9525614
16742264 9525618
16742265 9525618
16736661 9525649
16736664 9525649
16736696 9525649
16736725 9525649
16736726 9525649
16737528 9525649
16737898 9525649
16737901 9525649
16737907 9525649
16737912 9525649
16739903 9525649
16740029 9525649
16740949 9525649
16741475 9525649
16746377 9525649
16736189 9525652
16736541 9525655
16740802 9525657
16736795 9525659
16738804 9525661
16741978 9525671
16741979 9525671
16736678 9525672
16736407 9525681
16740809 9525681
16740981 9525681
16740982 9525681
16738520 9525686
16738524 9525689
16738675 9525689
16742208 9525692
16739820 9525695
16736698 9525696
16736794 9525699
16740491 9525700
16736812 9525701
16735775 9525703
16735777 9525703
16739339 9525706
16740920 9525709
16741485 9525712
16736933 9525713
16737982 9525713
16740783 9525716
16740893 9525716
16738214 9525725
16738206 9525727
16736038 9525729
16736742 9525733
16736746 9525733
16738094 9525733
16742862 9525735
16737264 9525743
16737266 9525743
16737271 9525743
16737329 9525743
16739689 9525743
16741603 9525743
16741604 9525743
16743380 9525743
16743381 9525743
16744845 9525743
16744846 9525743
16744847 9525743
16744850 9525743
16744851 9525743
16744852 9525743
16745222 9525743
16736736 9525749
16742812 9525749
16742813 9525749
16740487 9525751
16741588 9525751
16741589 9525751
16739274 9525757
16739579 9525757
16739578 9525766
16741223 9525766
16742122 9525766
16742124 9525766
16742125 9525766
16742140 9525766
16742141 9525766
16736677 9525768
16736680 9525768
16736687 9525768
16737518 9525768
16737521 9525768
16738079 9525771
16736702 9525772
16736913 9525775
16742356 9525780
16742357 9525780
16738766 9525799
16738771 9525799
16738772 9525799
16738909 9525799
16738956 9525799
16739073 9525799
16739842 9525799
16740077 9525799
16740082 9525799
16740083 9525799
16740562 9525799
16740576 9525799
16740661 9525799
16740922 9525799
16741161 9525799
16741162 9525799
16742000 9525799
16742001 9525799
16737213 9525803
16742726 9525803
16742727 9525803
16744163 9525807
16739916 9525810
16740038 9525810
16746961 9525811
16736629 9525814
16736673 9525816
16737297 9525818
16737006 9525820
16737861 9525820
16737870 9525820
16737872 9525820
16738104 9525820
16736153 9525826
16736440 9525826
16741643 9525826
16740186 9525832
16740854 9525832
16740855 9525832
16735857 9525837
16735832 9525847
16735944 9525847
16736001 9525847
16736005 9525847
16736767 9525849
16736802 9525849
16736815 9525850
16736849 9525850
16736857 9525850
16736870 9525850
16737992 9525850
16737994 9525850
16737995 9525850
16737996 9525850
16739924 9525854
16739941 9525859
16738014 9525861
16738517 9525883
16738519 9525883
16738521 9525883
16738586 9525883
16738596 9525883
16738664 9525883
16739944 9525883
16740169 9525883
16740173 9525883
16738670 9525887
16738540 9525891
16738618 9525891
16738655 9525891
16738574 9525893
16736895 9525896
16738252 9525909
16741398 9525909
16742772 9525909
16747112 9525909
16738250 9525913
16740610 9525913
16740613 9525913
16740618 9525913
16740619 9525913
16740361 9525923
16746388 9525923
16736751 9525925
16736832 9525927
16736834 9525927
16738266 9525938
16738372 9525938
16738438 9525938
16739103 9525938
16739106 9525938
16739251 9525938
16739657 9525938
16740163 9525938
16740164 9525938
16740525 9525938
16741378 9525938
16741402 9525938
16738769 9525958
16738770 9525958
16740848 9525958
16741145 9525958
16741146 9525958
16742012 9525958
16742014 9525958
16742015 9525958
16742020 9525958
16742021 9525958
16736957 9525961
16736975 9525961
16736980 9525961
16739139 9525975
16741556 9525975
16737543 9525979
16737544 9525979
16736684 9525983
16737522 9525983
16737460 9525984
16737479 9525984
16739314 9525991
16739432 9525991
16739483 9525991
16741920 9525991
16741921 9525991
16737032 9525996
16740908 9525999
16741373 9526009
16744487 9526015
16744489 9526015
16736977 9526019
16736979 9526019
16736983 9526019
16740144 9526019
16740960 9526019
16741482 9526019
16736966 9526024
16736967 9526024
16738128 9526024
16744438 9526028
16744454 9526028
16744458 9526028
16736267 9526047
16736785 9526047
16736791 9526047
16736792 9526047
16736910 9526047
16737188 9526047
16737378 9526047
16737709 9526047
16739993 9526047
16739997 9526047
16740878 9526047
16741053 9526047
16741054 9526047
16742647 9526047
16742656 9526047
16742682 9526047
16742683 9526047
16744412 9526047
16736992 9526051
