5926025 21774927
5926025 21981944
5928134 21774927
5928134 21981944
5928243 21774927
5928243 21981944
5928127 21775072
5928127 21982169
5928139 21775072
5928139 21982169
5936871 21775072
5936871 21982169
5936872 21775072
5936872 21982169
5936873 21775310
5936873 21984351
5928137 21775865
5928137 21982157
5928261 21775865
5928261 21982157
5928355 21775914
5928355 21982169
5928356 21775914
5928356 21982169
5925754 21776084
5925754 21984232
5925979 21776084
5925979 21984232
5936880 21776084
5936880 21984232
5936881 21776084
5936881 21984232
5936882 21776084
5936882 21984232
5936883 21776084
5936883 21984232
5936884 21776084
5936884 21984232
5925721 21776131
5925721 21982243
5925730 21776131
5925730 21982243
5925837 21776131
5925837 21982243
5929614 21776131
5929614 21982243
5929616 21776131
5929616 21982243
5936877 21776131
5936877 21982243
5936878 21776131
5936878 21982243
148037825 117027419
148037825 117027426
148037825 120960691
148037825 21777755
148038418 117027419
148038418 117027426
148038418 120960691
148038418 21777755
148040578 117027419
148040578 117027426
148040578 120960691
148040578 21777755
148040687 117027419
148040687 117027426
148040687 120960691
148040687 21777755
148041224 117027419
148041224 117027426
148041224 120960691
148041224 21777755
148041868 117027419
148041868 117027426
148041868 120960691
148041868 21777755
148041944 117027419
148041944 117027426
148041944 120960691
148041944 21777755
148042289 117027419
148042289 117027426
148042289 120960691
148042289 21777755
148042290 117027419
148042290 117027426
148042290 120960691
148042290 21777755
148042291 117027419
148042291 117027426
148042291 120960691
148042291 21777755
148042292 117027419
148042292 117027426
148042292 120960691
148042292 21777755
148038198 190385741
148038198 21775384
148038200 190385741
148038200 21775384
148038202 190385741
148038202 21775384
148038205 190385741
148038205 21775384
148038404 190385741
148038404 21775384
148038490 190385741
148038490 21775384
148038900 190385741
148038900 21775384
148041980 190385741
148041980 21775384
148041957 21774589
148041958 21774589
148040955 21774592
148041587 21774597
148041588 21774597
148038008 21774618
148038021 21774618
148038032 21774618
148038037 21774618
148038040 21774618
148038043 21774618
148038048 21774618
148038051 21774618
148038201 21774618
148041318 21774618
148041319 21774618
148041369 21774618
148041370 21774618
148041379 21774618
148041380 21774618
148044860 21774618
148045529 21774618
148037945 21774627
148037961 21774627
148037990 21774627
148038010 21774627
148038016 21774627
148038486 21774627
148037809 21774636
148038297 21774636
148040574 21774636
148040675 21774636
148042299 21774636
148045495 21774636
148045496 21774636
148038886 21774639
148037533 21774660
148039108 21774660
148039114 21774660
148040455 21774660
148041682 21774660
148041686 21774660
148041689 21774660
148041973 21774660
148042480 21774660
148042481 21774660
148042482 21774660
148042577 21774660
148042578 21774660
148044859 21774660
148039012 21774703
148039056 21774703
148039061 21774703
148039150 21774703
148039152 21774703
148039247 21774703
148039403 21774703
148041545 21774703
148041970 21774703
148038014 21774708
148038020 21774708
148040899 21774708
148038592 21774752
148039799 21774752
148039922 21774752
148039938 21774752
148037790 21774766
148038284 21774766
148038286 21774766
148040887 21774766
148042147 21774766
148037788 21774770
148040408 21774770
148041215 21774770
148041241 21774770
148041242 21774770
148041757 21774770
148040779 21774773
148037979 21774777
148038006 21774777
148038395 21774777
148042306 21774781
148042307 21774781
148042308 21774781
148045505 21774781
148045506 21774781
148038024 21774783
148038029 21774783
148042957 21774831
148045414 21774831
148045415 21774831
148038682 21774836
148040600 21774836
148040624 21774836
148041913 21774836
148041914 21774836
148044857 21774836
148041912 21774840
148037897 21774844
148037898 21774844
148037900 21774844
148037903 21774844
148037904 21774844
148042213 21774844
148042214 21774844
148038611 21774847
148040206 21774860
148040354 21774860
148038617 21774875
148041623 21774875
148042529 21774875
148042530 21774875
148037541 21774887
148040568 21774887
148040867 21774887
148042477 21774887
148042478 21774887
148040192 21774909
148040368 21774909
148040094 21774923
148038680 21774931
148038714 21774931
148045459 21774933
148045460 21774933
148041216 21774934
148041963 21774938
148041853 21774940
148041854 21774940
148041740 21774946
148042463 21774946
148042464 21774946
148041219 21774947
148041590 21774950
148041967 21774950
148041744 21774951
148041969 21774954
148041631 21774957
148041857 21774959
148041516 21774962
148041520 21774962
148041521 21774962
148038625 21774967
148038787 21774967
148038801 21774967
148040835 21774967
148041746 21774967
148038647 21774975
148040500 21774975
148040821 21774975
148041747 21774975
148041524 21774981
148041413 21774983
148039827 21774986
148040075 21774986
148040853 21774986
148041639 21774989
148041645 21774989
148041646 21774989
148045428 21774992
148045432 21774992
148045527 21774992
148041303 21774994
148045433 21774996
148041529 21774998
148041532 21774998
148041533 21774998
148041416 21775001
148043151 21775003
148045436 21775004
148037535 21775025
148037578 21775025
148039103 21775025
148039110 21775025
148040872 21775025
148041820 21775025
148041972 21775025
148042589 21775025
148042590 21775025
148045437 21775025
148045438 21775025
148041307 21775029
148041829 21775029
148041830 21775029
148043039 21775036
148043040 21775036
148041308 21775051
148041942 21775053
148039609 21775058
148039610 21775058
148045439 21775059
148041943 21775062
148041312 21775065
148041832 21775065
148040720 21775067
148041945 21775067
148043193 21775067
148039033 21775072
148041296 21775073
148041834 21775073
148041835 21775073
148041723 21775074
148041836 21775076
148041613 21775078
148041839 21775080
148041636 21775085
148041641 21775085
148045518 21775085
148045520 21775085
148045521 21775085
148041616 21775087
148045522 21775088
148039805 21775089
148045476 21775091
148045479 21775091
148045488 21775091
148045523 21775091
148045410 21775093
148039212 21775099
148039238 21775099
148039350 21775099
148039395 21775099
148040665 21775099
148041027 21775099
148041030 21775099
148042131 21775099
148045411 21775099
148045412 21775099
148041506 21775100
148043352 21775102
148045413 21775104
148043130 21775107
148043137 21775107
148045416 21775108
148041810 21775109
148045419 21775110
148045422 21775110
148041924 21775111
148043138 21775112
148043149 21775112
148043703 21775112
148042134 21775113
148043139 21775113
148043141 21775113
148041816 21775114
148041703 21775115
148041704 21775115
148043550 21775118
148041705 21775119
148041819 21775121
148043553 21775123
148041708 21775125
148043199 21775127
148043201 21775127
148045500 21775127
148045501 21775127
148042317 21775128
148045502 21775128
148045503 21775128
148045504 21775129
148045507 21775129
148043221 21775130
148043222 21775132
148040091 21775133
148045509 21775134
148040093 21775136
148038588 21775142
148041900 21775142
148041905 21775142
148041906 21775142
148042911 21775156
148042913 21775156
148042914 21775156
148042999 21775156
148043000 21775156
148043001 21775156
148043002 21775156
148043557 21775156
148042367 21775165
148043228 21775165
148043229 21775167
148043003 21775170
148043004 21775170
148041904 21775177
148041907 21775179
148043200 21775181
148042319 21775185
148042320 21775185
148043202 21775185
148043427 21775188
148043428 21775188
148043204 21775190
148043318 21775194
148040074 21775196
148043207 21775199
148043209 21775199
148040076 21775201
148043208 21775204
148037736 21775214
148037768 21775214
148038120 21775214
148038281 21775214
148040398 21775214
148040881 21775214
148042507 21775214
148042508 21775214
148038282 21775216
148038174 21775219
148045530 21775219
148040051 21775227
148044776 21775227
148037971 21775228
148037976 21775228
148038179 21775228
148038478 21775228
148040582 21775230
148040587 21775231
148040592 21775231
148038047 21775232
148038489 21775232
148040250 21775237
148042843 21775237
148042844 21775237
148038268 21775240
148040037 21775241
148042971 21775241
148042972 21775241
148039784 21775242
148040039 21775242
148040673 21775243
148038161 21775248
148038352 21775248
148038494 21775248
148038353 21775250
148039285 21775277
148039583 21775277
148039585 21775277
148039593 21775277
148039684 21775277
148040340 21775277
148041049 21775277
148038356 21775278
148040569 21775279
148040232 21775280
148040235 21775295
148041999 21775295
148038009 21775307
148038044 21775307
148038046 21775307
148038164 21775307
148038199 21775307
148038403 21775307
148041378 21775307
148041381 21775307
148042193 21775307
148042194 21775307
148040236 21775308
148040011 21775309
148042983 21775309
148042984 21775309
148040238 21775311
148038773 21775312
148040965 21775312
148038440 21775313
148042387 21775315
148042389 21775315
148042390 21775315
148038224 21775316
148038476 21775316
148040913 21775316
148038637 21775320
148038872 21775320
148038874 21775320
148038971 21775320
148038972 21775320
148045536 21775320
148038226 21775335
148038256 21775335
148040101 21775340
148040960 21775342
148038117 21775345
148040216 21775350
148040245 21775350
148040852 21775352
148037995 21775356
148037996 21775356
148038007 21775356
148038640 21775357
148038582 21775358
148040107 21775358
148038868 21775362
148040469 21775362
148040805 21775362
148037749 21775363
148038309 21775363
148038310 21775363
148038311 21775363
148040637 21775364
148037544 21775371
148037589 21775371
148037675 21775371
148040916 21775371
148042345 21775371
148042346 21775371
148042483 21775371
148042484 21775371
148040524 21775373
148042370 21775374
148038312 21775375
148040639 21775377
148038316 21775379
148038207 21775385
148038840 21775386
148042265 21775388
148042266 21775388
148037982 21775397
148038012 21775397
148038208 21775397
148038211 21775397
148038385 21775397
148042790 21775398
148038846 21775400
148042791 21775405
148042792 21775405
148038621 21775408
148038629 21775408
148038328 21775411
148040946 21775411
148038623 21775418
148038626 21775420
148038636 21775423
148040504 21775423
148038405 21775424
148038406 21775424
148042579 21775429
148042580 21775429
148038620 21775450
148040268 21775450
148040373 21775450
148040763 21775450
148040771 21775450
148042130 21775450
148042559 21775450
148042560 21775450
148042879 21775451
148042880 21775451
148038824 21775452
148042023 21775459
148037746 21775462
148040810 21775462
148038600 21775463
148038826 21775464
148042997 21775466
148042998 21775466
148040700 21775467
148038602 21775468
148038828 21775471
148040684 21775473
148040707 21775473
148038609 21775475
148040709 21775482
148041112 21775482
148041114 21775482
148042221 21775483
148042222 21775483
148042975 21775487
148042976 21775487
148038706 21775490
148038805 21775490
148039271 21775492
148042749 21775492
148042750 21775492
148038807 21775494
148042008 21775495
148037629 21775498
148037680 21775498
148038228 21775498
148038230 21775498
148038232 21775498
148038234 21775498
148038236 21775498
148038238 21775498
148038242 21775498
148038244 21775498
148041209 21775498
148042330 21775498
148042347 21775498
148042348 21775498
148042491 21775498
148042493 21775498
148042494 21775498
148042505 21775498
148042506 21775498
148042623 21775498
148042624 21775498
148042646 21775498
148042647 21775498
148042648 21775498
148045534 21775498
148042421 21775502
148042422 21775502
148042423 21775504
148042424 21775504
148039289 21775513
148040289 21775513
148042649 21775513
148042651 21775513
148042652 21775513
148042653 21775513
148042655 21775513
148042656 21775513
148039484 21775544
148041034 21775544
148041976 21775544
148042733 21775544
148042734 21775544
148042741 21775544
148042742 21775544
148041210 21775548
148042625 21775548
148042626 21775548
148038277 21775554
148038278 21775554
148040936 21775554
148042513 21775554
148042514 21775554
148040934 21775555
148042515 21775555
148042516 21775555
148042935 21775557
148042937 21775557
148042938 21775557
148042915 21775558
148042916 21775558
148044783 21775560
148037997 21775561
148038035 21775561
148037660 21775563
148037551 21775565
148041783 21775565
148037553 21775568
148037559 21775568
148037628 21775568
148037779 21775571
148040932 21775571
148044763 21775573
148039034 21775575
148039105 21775575
148039185 21775575
148039072 21775577
148039159 21775577
148039161 21775577
148039163 21775577
148039189 21775580
148037642 21775581
148037643 21775583
148041349 21775583
148041350 21775583
148044867 21775583
148041190 21775586
148037646 21775587
148041193 21775588
148037536 21775608
148037720 21775608
148038075 21775608
148040947 21775608
148040949 21775608
148041667 21775608
148042601 21775608
148042602 21775608
148039871 21775617
148039982 21775617
148041082 21775617
148041198 21775619
148041199 21775619
148039160 21775621
148044855 21775622
148039078 21775623
148039164 21775623
148040979 21775623
148044815 21775623
148044817 21775623
148044818 21775623
148039277 21775625
148039166 21775626
148037841 21775628
148039167 21775630
148039021 21775663
148039024 21775663
148039086 21775663
148039092 21775663
148039099 21775663
148039168 21775663
148039169 21775663
148039172 21775663
148039441 21775663
148040972 21775663
148041056 21775663
148041823 21775663
148041824 21775663
148041981 21775663
148042703 21775663
148042704 21775663
148037956 21775664
148039580 21775666
148041171 21775667
148039584 21775668
148039686 21775668
148041284 21775670
148041285 21775670
148039586 21775671
148041174 21775672
148039589 21775673
148039140 21775677
148039779 21775684
148039894 21775684
148041068 21775684
148039145 21775686
148039146 21775686
148041480 21775691
148041481 21775691
148041595 21775696
148041482 21775698
148039149 21775702
148041371 21775706
148041598 21775708
148041485 21775711
148037715 21775717
148041374 21775719
148039562 21775720
148041489 21775724
148041150 21775728
148041377 21775729
148039564 21775731
148041153 21775734
148039566 21775737
148037569 21775739
148037609 21775739
148039224 21775744
148039548 21775744
148041043 21775744
148041269 21775747
148041270 21775747
148039231 21775750
148039239 21775750
148041157 21775753
148039232 21775757
148039233 21775757
148040992 21775757
148039234 21775760
148041569 21775765
148041570 21775765
148039882 21775770
148039983 21775770
148041440 21775770
148041441 21775770
148041573 21775772
148041574 21775772
148041461 21775775
148041687 21775776
148039763 21775777
148041351 21775780
148041240 21775784
148041466 21775787
148041353 21775790
148039541 21775792
148045485 21775793
148045486 21775793
148041243 21775797
148041469 21775798
148041356 21775799
148039545 21775802
148045489 21775803
148041881 21775805
148041995 21775811
148039268 21775829
148039659 21775829
148041024 21775829
148041997 21775832
148041886 21775834
148043099 21775836
148043100 21775836
148039215 21775840
148044907 21775843
148041550 21775845
148041664 21775848
148041665 21775848
148041666 21775849
148041553 21775850
148041330 21775853
148041556 21775855
148041669 21775856
148045461 21775859
148045464 21775861
148039521 21775862
148043180 21775866
148039523 21775867
148041336 21775869
148039524 21775870
148041113 21775875
148043419 21775875
148045469 21775877
148045470 21775877
148041226 21775880
148041001 21775883
148041863 21775886
148041752 21775888
148041753 21775888
148043077 21775889
148043078 21775889
148041640 21775890
148041658 21775893
148041979 21775893
148041420 21775894
148041421 21775894
148041647 21775896
148041422 21775897
148041536 21775898
148045442 21775899
148039612 21775900
148041425 21775901
148045443 21775904
148045444 21775904
148041313 21775906
148039839 21775908
148041539 21775910
148045445 21775911
148041317 21775916
148041205 21775922
148039507 21775924
148041840 21775925
148041841 21775925
148039509 21775927
148043167 21775931
148043168 21775933
148043169 21775933
148043170 21775933
148041844 21775936
148041845 21775936
148038821 21775939
148041180 21775939
148041959 21775939
148041621 21775942
148041622 21775942
148041848 21775943
148039811 21775944
148041785 21775946
148041849 21775946
148039066 21775955
148041513 21775955
148041514 21775955
148042854 21775955
148039283 21775957
148039701 21775957
148041627 21775959
148041628 21775959
148041515 21775960
148041517 21775961
148043250 21775963
148045425 21775964
148043140 21775965
148043148 21775965
148041931 21775966
148043143 21775968
148043144 21775970
148043145 21775971
148041933 21775973
148041934 21775978
148041822 21775979
148041937 21775981
148041825 21775983
148041601 21775985
148041714 21775988
148041715 21775997
148043675 21776001
148043676 21776001
148041604 21776004
148041607 21776006
148045454 21776006
148045455 21776006
148043340 21776007
148045401 21776010
148045515 21776011
148045516 21776011
148043230 21776012
148045406 21776013
148045407 21776013
148045519 21776014
148043129 21776015
148041805 21776016
148041806 21776017
148041809 21776018
148043322 21776019
148043210 21776021
148043214 21776023
148040195 21776030
148043632 21776032
148037944 21776034
148037972 21776034
148038181 21776034
148038482 21776034
148038295 21776035
148042851 21776040
148042852 21776040
148042853 21776040
148043528 21776040
148038299 21776041
148040062 21776047
148040063 21776047
148040066 21776051
148041074 21776051
148040590 21776052
148043613 21776056
148043506 21776058
148038276 21776061
148038279 21776064
148040040 21776067
148039798 21776073
148040042 21776073
148040043 21776077
148040685 21776079
148038363 21776081
148044795 21776081
148040243 21776083
148040244 21776083
148038259 21776086
148040247 21776087
148038603 21776090
148038780 21776090
148038781 21776090
148038782 21776090
148040884 21776094
148038898 21776095
148038786 21776097
148040028 21776100
148038343 21776102
148038347 21776104
148038870 21776105
148038871 21776106
148038873 21776106
148038875 21776106
148038876 21776106
148038962 21776109
148038984 21776109
148037621 21776111
148037623 21776111
148037704 21776111
148042185 21776111
148042186 21776111
148040001 21776114
148040974 21776123
148038761 21776125
148041185 21776125
148041186 21776125
148040116 21776127
148038878 21776129
148040868 21776132
148038432 21776133
148038320 21776135
148038321 21776135
148038323 21776139
148038324 21776139
148038436 21776141
148038437 21776141
148040536 21776143
148038325 21776145
148038438 21776148
148040203 21776150
148042162 21776150
148042164 21776152
148040953 21776154
148038856 21776156
148038632 21776157
148042692 21776159
148038638 21776160
148038301 21776162
148042475 21776165
148042476 21776165
148037741 21776168
148040404 21776168
148038830 21776170
148042368 21776174
148042144 21776178
148042032 21776180
148038836 21776181
148038838 21776181
148038610 21776183
148040603 21776184
148042233 21776186
148042234 21776186
148038811 21776189
148038813 21776190
148038815 21776191
148040918 21776194
148041760 21776195
148042325 21776195
148042326 21776195
148042526 21776196
148042527 21776199
148042727 21776201
148042728 21776201
148042813 21776204
148042814 21776204
148041764 21776210
148044790 21776210
148042909 21776212
148037678 21776213
148041674 21776213
148041675 21776213
148037568 21776215
148037983 21776217
148044888 21776218
148037656 21776220
148037658 21776223
148039244 21776254
148039390 21776254
148039393 21776254
148039400 21776254
148040982 21776254
148041045 21776254
148045420 21776254
148045421 21776254
148041093 21776256
148039173 21776257
148037965 21776258
148039590 21776259
148039680 21776259
148037859 21776262
148039594 21776265
148039595 21776265
148041182 21776268
148039596 21776269
148041184 21776270
148041299 21776271
148041187 21776272
148041077 21776274
148039151 21776275
148039156 21776277
148039158 21776279
148041492 21776284
148041493 21776284
148041494 21776286
148037724 21776295
148041271 21776297
148041384 21776299
148037728 21776303
148039574 21776306
148039576 21776308
148039578 21776309
148041165 21776310
148041168 21776312
148041690 21776313
148041693 21776315
148039249 21776324
148041697 21776325
148041698 21776325
148041472 21776326
148041699 21776327
148039999 21776331
148041475 21776335
148041363 21776339
148041476 21776340
148041364 21776342
148039551 21776344
148041479 21776345
148045499 21776347
148041257 21776349
148041033 21776353
148041672 21776355
148039973 21776359
148039975 21776360
148041676 21776362
148041564 21776364
148041677 21776365
148041451 21776370
148041454 21776374
148041457 21776379
148041345 21776381
148041346 21776383
148041347 21776383
148041348 21776385
148043195 21776388
148043196 21776388
148043197 21776388
148045508 21776388
148045512 21776388
148041238 21776390
148039539 21776392
148041761 21776393
148041765 21776395
148041540 21776397
148041653 21776398
148041430 21776401
148041544 21776403
148039845 21776407
148041433 21776410
148045450 21776412
148045451 21776412
148041547 21776413
148041436 21776417
148039512 21776418
148043171 21776420
148041439 21776422
148041327 21776424
148045458 21776425
148040207 21776433
148040220 21776433
148040227 21776433
148045426 21776436
148038337 21776438
148038338 21776438
148041691 21776440
148041692 21776440
148040753 21776441
148042014 21776441
148043071 21776442
148043072 21776442
148038839 21776453
148041742 21776453
148042543 21776453
148042544 21776453
148042545 21776453
148042546 21776453
148042547 21776453
148042548 21776453
148041755 21776455
148041846 21776455
148041847 21776455
148041876 21776455
148042125 21776455
148042126 21776455
148042267 21776455
148042269 21776455
148042270 21776455
148042311 21776455
148042312 21776455
148042323 21776455
148042324 21776455
148037980 21776456
148037991 21776456
148038001 21776456
148038394 21776456
148038425 21776457
148037960 21776458
148037973 21776458
148037925 21776459
148037832 21776464
148041088 21776464
148037834 21776466
148037871 21776470
148038367 21776470
148040894 21776470
148044797 21776470
148038042 21776474
148038055 21776474
148040920 21776474
148041325 21776474
148041328 21776474
148045528 21776474
148040439 21776475
148041265 21776475
148038068 21776487
148038082 21776487
148040915 21776487
148041652 21776487
148041661 21776487
148041662 21776487
148042605 21776487
148042606 21776487
148037718 21776503
148038071 21776503
148040939 21776503
148042615 21776503
148042616 21776503
148042627 21776503
148042629 21776503
148042631 21776503
148042633 21776503
148042634 21776503
148039828 21776518
148039833 21776518
148039846 21776518
148039954 21776518
148039960 21776518
148039964 21776518
148040060 21776518
148040109 21776518
148040110 21776518
148040777 21776518
148040784 21776518
148041110 21776518
148040197 21776520
148037885 21776522
148045448 21776526
148045449 21776526
148037957 21776530
148037975 21776530
148037993 21776530
148038002 21776530
148038018 21776530
148038382 21776530
148038484 21776530
148040900 21776530
148040633 21776535
148040722 21776535
148040746 21776535
148042469 21776535
148042470 21776535
148037821 21776536
148041871 21776536
148041872 21776536
148042309 21776536
148042310 21776536
148037798 21776539
148037807 21776539
148041230 21776539
148041231 21776539
148043194 21776542
148037782 21776543
148038679 21776546
148038851 21776548
148042349 21776550
148042350 21776550
148037784 21776551
148038885 21776552
148040622 21776552
148040701 21776552
148040957 21776552
148038026 21776553
148038031 21776555
148041324 21776558
148038674 21776561
148038683 21776561
148038689 21776561
148038695 21776561
148038755 21776561
148038848 21776561
148040625 21776561
148037869 21776564
148038422 21776564
148040656 21776567
148040678 21776567
148038283 21776568
148037787 21776569
148038448 21776569
148040921 21776570
148037934 21776573
148037935 21776573
148037938 21776573
148037939 21776573
148037943 21776573
148037946 21776573
148038423 21776573
148037727 21776584
148038092 21776584
148041671 21776584
148041716 21776584
148041717 21776584
148042371 21776584
148042372 21776584
148042383 21776584
148042384 21776584
148042385 21776584
148042386 21776584
148037723 21776594
148037725 21776594
148038078 21776594
148038275 21776594
148038298 21776594
148041206 21776594
148041207 21776594
148038651 21776601
148038655 21776601
148038685 21776601
148038691 21776601
148038896 21776601
148040627 21776601
148040630 21776601
148040649 21776601
148040657 21776601
148040726 21776601
148042128 21776601
148037839 21776607
148041302 21776607
148041304 21776607
148041305 21776607
148041837 21776607
148041838 21776607
148041935 21776607
148037545 21776608
148041694 21776608
148041700 21776608
148041701 21776608
148042333 21776608
148042334 21776608
148039013 21776620
148039014 21776620
148039019 21776620
148039032 21776620
148039052 21776620
148039059 21776620
148039064 21776620
148039070 21776620
148039083 21776620
148039094 21776620
148039155 21776620
148039157 21776620
148039174 21776620
148039177 21776620
148041548 21776620
148041549 21776620
148041562 21776620
148041563 21776620
148041971 21776621
148045473 21776622
148045482 21776622
148038624 21776626
148038627 21776626
148038631 21776626
148038643 21776626
148040468 21776626
148040478 21776626
148040618 21776626
148040654 21776626
148040750 21776626
148041788 21776626
148041789 21776626
148037840 21776627
148041260 21776627
148041948 21776627
148037864 21776633
148038062 21776633
148038497 21776633
148040896 21776633
148037566 21776656
148037842 21776656
148038145 21776656
148038150 21776656
148040892 21776656
148037857 21776667
148037862 21776667
148040893 21776667
148040895 21776667
148041272 21776667
148041277 21776667
148041278 21776667
148042002 21776667
148037868 21776678
148037873 21776678
148037882 21776678
148037890 21776678
148037901 21776678
148037913 21776678
148037927 21776678
148037933 21776678
148037950 21776678
148037987 21776678
148041879 21776678
148041880 21776678
148042209 21776678
148042210 21776678
148038028 21776682
148039262 21776684
148038368 21776686
148038965 21776695
148041861 21776695
148041862 21776695
148038960 21776741
148042701 21776741
148042702 21776741
148039214 21776804
148039364 21776804
148039720 21776804
148040667 21776804
148041085 21776804
148038601 21776810
148038693 21776814
148038956 21776814
148038891 21776821
148040596 21776821
148040648 21776821
148041146 21776821
148041415 21776846
148042905 21776846
148042906 21776846
148037989 21776851
148038003 21776851
148038017 21776851
148038380 21776851
148038421 21776851
148042136 21776851
148043147 21776851
148038692 21776857
148038694 21776857
148038860 21776857
148040650 21776857
148040761 21776857
148038854 21776862
148042835 21776886
148042836 21776886
148042839 21776886
148042840 21776886
148041498 21776899
148041504 21776899
148041505 21776899
148038662 21776902
148040626 21776902
148040628 21776902
148040732 21776902
148041910 21776902
148041911 21776902
148040662 21776904
148039407 21776924
148039577 21776924
148039286 21776937
148039463 21776937
148039587 21776937
148040998 21776937
148041051 21776937
148038897 21776942
148037802 21776946
148040669 21776965
148041552 21776965
148041559 21776965
148041818 21776965
148043103 21776965
148043104 21776965
148040984 21776986
148042024 21776986
148039362 21777003
148039508 21777003
148042885 21777003
148042886 21777003
148042961 21777003
148042962 21777003
148037764 21777010
148037880 21777010
148037881 21777010
148044854 21777010
148045490 21777010
148045491 21777010
148038383 21777012
148038384 21777012
148038332 21777018
148041217 21777018
148041218 21777018
148041989 21777018
148041478 21777069
148043065 21777069
148043066 21777069
148039282 21777077
148040843 21777077
148042751 21777077
148042752 21777077
148038326 21777103
148039476 21777103
148039491 21777103
148040816 21777103
148041455 21777103
148041458 21777103
148041459 21777103
148042635 21777103
148042636 21777103
148039270 21777124
148039703 21777124
148042761 21777124
148042762 21777124
148040114 21777126
148040115 21777126
148038668 21777129
148040804 21777129
148042849 21777136
148042850 21777136
148042898 21777160
148045440 21777160
148045441 21777160
148039220 21777165
148039540 21777165
148039613 21777165
148039414 21777193
148042755 21777193
148042757 21777193
148042758 21777193
148037555 21777202
148037592 21777202
148037657 21777202
148037922 21777209
148037923 21777209
148037924 21777209
148037926 21777209
148037929 21777209
148037930 21777209
148038379 21777209
148041891 21777209
148041892 21777209
148041895 21777212
148041293 21777217
148037969 21777220
148037988 21777220
148042211 21777220
148042212 21777220
148045465 21777224
148045466 21777224
148045480 21777224
148045481 21777224
148042991 21777229
148042992 21777229
148040702 21777232
148037797 21777238
148040563 21777238
148040572 21777238
148040890 21777238
148039195 21777267
148041464 21777267
148041465 21777267
148043061 21777267
148043062 21777267
148037896 21777270
148037908 21777270
148037920 21777270
148042360 21777275
148042361 21777275
148042362 21777275
148039887 21777290
148039998 21777290
148041099 21777290
148041991 21777290
148037963 21777298
148037985 21777298
148037999 21777298
148040583 21777298
148040584 21777298
148042207 21777298
148042208 21777298
148043142 21777298
148037894 21777300
148037905 21777300
148037917 21777300
148037931 21777300
148037937 21777300
148037948 21777300
148038378 21777300
148038005 21777303
148038011 21777303
148038019 21777303
148038025 21777303
148038030 21777303
148042321 21777305
148042321 21777746
148042322 21777305
148042322 21777746
148045497 21777305
148045497 21777746
148045498 21777305
148045498 21777746
148038430 21777308
148037849 21777319
148042237 21777319
148042238 21777319
148040945 21777327
148039200 21777386
148041015 21777386
148043051 21777386
148043052 21777386
148043059 21777386
148043060 21777386
148042833 21777396
148042834 21777396
148038895 21777398
148040621 21777401
148040730 21777401
148041802 21777403
148038429 21777406
148038671 21777412
148041800 21777412
148041803 21777412
148041804 21777412
148041908 21777412
148041909 21777412
148040629 21777415
148040800 21777415
148040808 21777415
148040566 21777416
148038619 21777422
148038788 21777422
148040954 21777422
148038656 21777426
148040599 21777426
148040623 21777426
148039546 21777434
148043031 21777434
148043033 21777434
148043034 21777434
148041939 21777437
148041890 21777439
148040202 21777445
148040234 21777445
148042657 21777462
148042659 21777462
148042661 21777462
148042662 21777462
148042777 21777462
148042778 21777462
148041551 21777467
148041551 52873197
148040653 21777473
148037795 21777478
148040889 21777478
148038428 21777481
148040598 21777482
148040611 21777485
148040647 21777485
148040711 21777485
148040729 21777485
148040731 21777485
148040735 21777485
148040737 21777485
148040739 21777485
148044865 21777485
148045434 21777485
148045435 21777485
148039261 21777490
148039416 21777490
148039563 21777490
148041946 21777492
148040721 21777494
148040721 21777746
148037780 21777495
148037780 21777746
148042445 21777496
148042446 21777496
148041163 21777497
148041166 21777497
148041169 21777497
148041172 21777497
148041175 21777497
148041176 21777497
148038709 21777499
148037858 21777500
148039780 21777529
148039787 21777529
148040104 21777529
148041404 21777529
148041814 21777529
148041998 21777529
148042921 21777529
148042922 21777529
148041402 21777532
148043095 21777532
148043096 21777532
148039929 21777548
148041423 21777548
148041424 21777548
148041406 21777550
148039756 21777573
148039757 21777573
148039759 21777573
148039773 21777573
148039786 21777573
148039804 21777573
148039808 21777573
148039815 21777573
148039843 21777573
148039874 21777573
148039897 21777573
148039902 21777573
148039941 21777573
148039972 21777573
148040050 21777573
148040113 21777573
148040782 21777573
148041080 21777573
148041103 21777573
148041417 21777573
148041418 21777573
148041473 21777573
148041474 21777573
148042815 21777573
148042816 21777573
148038681 21777578
148040631 21777578
148040632 21777578
148040640 21777578
148040738 21777578
148037816 21777579
148040676 21777579
148042301 21777579
148042303 21777579
148042304 21777579
148042313 21777579
148042315 21777579
148042316 21777579
148037820 21777581
148040713 21777581
148040576 21777582
148040682 21777582
148039812 21777607
148039927 21777607
148041435 21777607
148042787 21777607
148042788 21777607
148042801 21777607
148042802 21777607
148041394 21777609
148041396 21777610
148041399 21777611
148038359 21777612
148038362 21777612
148037887 21777617
148037889 21777617
148037893 21777617
148038372 21777617
148038373 21777617
148045492 21777617
148045493 21777617
148037907 21777619
148037909 21777619
148037912 21777619
148037914 21777619
148037916 21777619
148042203 21777619
148042205 21777619
148042206 21777619
148041062 21777626
148042773 21777626
148042774 21777626
148039459 21777635
148039698 21777635
148042637 21777635
148042638 21777635
148039042 21777641
148040978 21777641
148042951 21777641
148042952 21777641
148043023 21777641
148043024 21777641
148043029 21777641
148043030 21777641
148042127 21777644
148041236 21777650
148041938 21777650
148041956 21777652
148040694 21777653
148040695 21777653
148038704 21777663
148038705 21777663
148038763 21777663
148038818 21777663
148038825 21777663
148038829 21777663
148040494 21777663
148040635 21777663
148040638 21777663
148040823 21777663
148040959 21777663
148041148 21777663
148041149 21777663
148041155 21777663
148041156 21777663
148041737 21777663
148041738 21777663
148042453 21777663
148042454 21777663
148042455 21777663
148042456 21777663
148045456 21777663
148045457 21777663
148037843 21777665
148041309 21777665
148041310 21777665
148037949 21777672
148037951 21777672
148037953 21777672
148038424 21777672
148042132 21777672
148037875 21777675
148037876 21777675
148042138 21777675
148039217 21777677
148037756 21777686
148038132 21777686
148037754 21777704
148037755 21777704
148038114 21777704
148038335 21777704
148038707 21777704
148038750 21777704
148041602 21777704
148041603 21777704
148041611 21777704
148041617 21777704
148041632 21777704
148041633 21777704
148042409 21777704
148042410 21777704
148042419 21777704
148042420 21777704
148042425 21777704
148042426 21777704
148045525 21777704
148038708 21777711
148038808 21777711
148042153 21777711
148039248 21777727
148039549 21777727
148041453 21777727
148041542 21777727
148041543 21777727
148045537 21777727
148037532 21777729
148043429 21777731
148043430 21777731
148037733 21777744
148038322 21777744
148038591 21777744
148038593 21777744
148038595 21777744
148038597 21777744
148038606 21777744
148040508 21777744
148040570 21777744
148040604 21777744
148040741 21777744
148040952 21777744
148041151 21777744
148041152 21777744
148041203 21777744
148041204 21777744
148041597 21777744
148041599 21777744
148041600 21777744
148041605 21777744
148041606 21777744
148041630 21777744
148042681 21777744
148042683 21777744
148042684 21777744
148037783 21777746
148037796 21777746
148043431 21777756
148037738 21777757
148038261 21777757
148038262 21777757
148041712 21777757
148041713 21777757
148040651 21777758
148040661 21777758
148037942 21777759
148037964 21777759
148037974 21777759
148037986 21777759
148037992 21777759
148037998 21777759
148038467 21777759
148038847 21777760
148040619 21777760
148040655 21777760
148040055 21777762
148040634 21777763
148040644 21777764
148042451 21777764
148042452 21777764
148037747 21777771
148038331 21777771
148041194 21777771
148041195 21777771
148042399 21777771
148042400 21777771
148039836 21777781
148040079 21777781
148041437 21777781
148041438 21777781
148042675 21777781
148042678 21777781
148042679 21777781
148042680 21777781
148037959 21777783
148038401 21777783
148037605 21777806
148041337 21777806
148041338 21777806
148041361 21777806
148041362 21777806
148042223 21777806
148042224 21777806
148045535 21777809
148040652 21777810
148040680 21777810
148040705 21777810
148040595 21777812
148040597 21777812
148040641 21777812
148040787 21777819
148040204 21777823
148040786 21777824
148039818 21777837
148039821 21777837
148039842 21777837
148040163 21777837
148040356 21777837
148041072 21777837
148042793 21777837
148042794 21777837
148037781 21777840
148041280 21777842
148041286 21777842
148041287 21777842
148037888 21777845
148037899 21777845
148037910 21777845
148037921 21777845
148037932 21777846
148037883 21777848
148037892 21777848
148037902 21777848
148037915 21777848
148037928 21777848
148037936 21777848
148037954 21777848
148041292 21777848
148042135 21777848
148043146 21777848
148038369 21777855
148038468 21777855
148038470 21777855
148041253 21777856
148041992 21777856
148041254 21777857
148040658 21777860
148043015 21777860
148043016 21777860
148037563 21777864
148037645 21777864
148037654 21777864
148037685 21777864
148041343 21777864
148042017 21777864
