5682289 21802275
5682289 21952677
5903213 21957135
5903213 21985793
5916530 21957135
5916530 21985793
5916556 21957135
5916556 21985793
5916557 21957135
5916557 21985793
5900000 21954388
5900000 21985695
5906197 21954388
5906197 21985695
5906198 21954388
5906198 21985695
5916536 21955164
5916536 21986397
5916537 21955166
5916537 21986399
5916561 21955339
5916560 21955339
5916560 21986458
5899997 21956326
5899997 21987391
5900001 21956328
5900001 21987394
5906205 21986397
5901510 120327396
5901510 171733213
5901510 171733215
5901510 183021379
5901510 183021386
5901510 21957310
5901510 52133324
5901510 52133327
5901510 52133671
5901526 120327396
5901526 171733213
5901526 171733215
5901526 183021379
5901526 183021386
5901526 21957310
5901526 52133324
5901526 52133327
5901526 52133671
5901610 120327396
5901610 171733213
5901610 171733215
5901610 183021379
5901610 183021386
5901610 21957310
5901610 52133324
5901610 52133327
5901610 52133671
5902581 120327396
5902581 171733213
5902581 171733215
5902581 183021379
5902581 183021386
5902581 21957310
5902581 52133324
5902581 52133327
5902581 52133671
5903816 120327396
5903816 171733213
5903816 171733215
5903816 183021379
5903816 183021386
5903816 21957310
5903816 52133324
5903816 52133327
5903816 52133671
5904166 120327396
5904166 171733213
5904166 171733215
5904166 183021379
5904166 183021386
5904166 21957310
5904166 52133324
5904166 52133327
5904166 52133671
5904176 120327396
5904176 171733213
5904176 171733215
5904176 183021379
5904176 183021386
5904176 21957310
5904176 52133324
5904176 52133327
5904176 52133671
5905936 120327396
5905936 171733213
5905936 171733215
5905936 183021379
5905936 183021386
5905936 21957310
5905936 52133324
5905936 52133327
5905936 52133671
5906556 120327396
5906556 171733213
5906556 171733215
5906556 183021379
5906556 183021386
5906556 21957310
5906556 52133324
5906556 52133327
5906556 52133671
5906557 120327396
5906557 171733213
5906557 171733215
5906557 183021379
5906557 183021386
5906557 21957310
5906557 52133324
5906557 52133327
5906557 52133671
5906942 120327401
5906942 171733212
5906942 171733214
5906942 21957301
5906942 52133670
5908947 120327401
5908947 171733212
5908947 171733214
5908947 21957301
5908947 52133670
5908949 120327401
5908949 171733212
5908949 171733214
5908949 21957301
5908949 52133670
5908950 120327401
5908950 171733212
5908950 171733214
5908950 21957301
5908950 52133670
5908951 120327401
5908951 171733212
5908951 171733214
5908951 21957301
5908951 52133670
5908952 120327401
5908952 171733212
5908952 171733214
5908952 21957301
5908952 52133670
5908955 120327401
5908955 171733212
5908955 171733214
5908955 21957301
5908955 52133670
5908957 120327401
5908957 171733212
5908957 171733214
5908957 21957301
5908957 52133670
5908973 120327401
5908973 171733212
5908973 171733214
5908973 21957301
5908973 52133670
5908974 120327401
5908974 171733212
5908974 171733214
5908974 21957301
5908974 52133670
5908975 120327401
5908975 171733212
5908975 171733214
5908975 21957301
5908975 52133670
5908976 120327401
5908976 171733212
5908976 171733214
5908976 21957301
5908976 52133670
5908977 120327401
5908977 171733212
5908977 171733214
5908977 21957301
5908977 52133670
5908993 120327401
5908993 171733212
5908993 171733214
5908993 21957301
5908993 52133670
5908994 120327401
5908994 171733212
5908994 171733214
5908994 21957301
5908994 52133670
5910128 120327401
5910128 171733212
5910128 171733214
5910128 21957301
5910128 52133670
5901066 120327415
5901066 21954611
5902414 120327415
5902414 21954611
5903725 120327415
5903725 21954611
5906221 120327415
5906221 21954611
5906774 120327415
5906774 21954611
5906775 120327415
5906775 21954611
5899781 120960487
5899781 21956427
5899868 120960487
5899868 21956427
5904009 120960487
5904009 21956427
5908210 120960487
5908210 21956427
5908211 120960487
5908211 21956427
5907456 162153933
5907456 21956056
5900910 162155655
5900910 162155656
5900910 21955036
5900920 162155655
5900920 162155656
5900920 21955036
5901740 162155655
5901740 162155656
5901740 21955036
5901756 162155655
5901756 162155656
5901756 21955036
5902219 162155655
5902219 162155656
5902219 21955036
5903601 162155655
5903601 162155656
5903601 21955036
5907994 162155655
5907994 162155656
5907994 21955036
5907995 162155655
5907995 162155656
5907995 21955036
5908030 162155655
5908030 162155656
5908030 21955036
5908032 162155655
5908032 162155656
5908032 21955036
5908033 162155655
5908033 162155656
5908033 21955036
5914386 162155655
5914386 162155656
5914386 21955036
5899515 162156457
5899515 162156458
5899515 21955201
5899656 162156457
5899656 162156458
5899656 21955201
5898980 162156627
5898980 162156628
5898980 21956568
5898988 162156627
5898988 162156628
5898988 21956568
5899492 162156627
5899492 162156628
5899492 21956568
5899679 162156627
5899679 162156628
5899679 21956568
5899769 162156627
5899769 162156628
5899769 21956568
5908406 162156627
5908406 162156628
5908406 21956568
5898945 162156765
5898945 162156766
5898945 21956825
5898947 162156765
5898947 162156766
5898947 21956825
5904551 162156765
5904551 162156766
5904551 21956825
5902050 166769159
5902050 21956997
5902051 166769159
5902051 21956997
5902052 166769159
5902052 21956997
5902053 166769159
5902053 21956997
5902056 166769159
5902056 21956997
5902058 166769159
5902058 21956997
5902060 166769159
5902060 21956997
5902062 166769159
5902062 21956997
5902064 166769159
5902064 21956997
5902066 166769159
5902066 21956997
5902072 166769159
5902072 21956997
5902074 166769159
5902074 21956997
5902076 166769159
5902076 21956997
5902078 166769159
5902078 21956997
5902080 166769159
5902080 21956997
5902082 166769159
5902082 21956997
5902084 166769159
5902084 21956997
5902085 166769159
5902085 21956997
5902233 166769159
5902233 21956997
5902727 166769159
5902727 21956997
5903611 166769159
5903611 21956997
5903617 166769159
5903617 21956997
5903619 166769159
5903619 21956997
5903621 166769159
5903621 21956997
5906766 166769159
5906766 21956997
5906767 166769159
5906767 21956997
5907390 166769159
5907390 21956997
5907391 166769159
5907391 21956997
5907392 166769159
5907392 21956997
5907393 166769159
5907393 21956997
5908300 166769159
5908300 21956997
5908301 166769159
5908301 21956997
5902124 166858531
5902124 21956985
5902127 166858531
5902127 21956985
5902129 166858531
5902129 21956985
5902130 166858531
5902130 21956985
5902132 166858531
5902132 21956985
5902138 166858531
5902138 21956985
5902140 166858531
5902140 21956985
5902142 166858531
5902142 21956985
5902144 166858531
5902144 21956985
5902148 166858531
5902148 21956985
5902149 166858531
5902149 21956985
5902411 166858531
5902411 21956985
5902571 166858531
5902571 21956985
5902718 166858531
5902718 21956985
5904870 166858531
5904870 21956985
5905771 166858531
5905771 21956985
5906838 166858531
5906838 21956985
5906839 166858531
5906839 21956985
5906866 166858531
5906866 21956985
5906867 166858531
5906867 21956985
5916630 166858531
5916630 21956985
5916631 166858531
5916631 21956985
5902110 166858604
5902110 183038019
5902110 21957004
5902110 21957459
5902112 166858604
5902112 183038019
5902112 21957004
5902112 21957459
5902114 166858604
5902114 183038019
5902114 21957004
5902114 21957459
5902116 166858604
5902116 183038019
5902116 21957004
5902116 21957459
5902120 166858604
5902120 183038019
5902120 21957004
5902120 21957459
5902121 166858604
5902121 183038019
5902121 21957004
5902121 21957459
5902122 166858604
5902122 183038019
5902122 21957004
5902122 21957459
5902591 166858604
5902591 183038019
5902591 21957004
5902591 21957459
5904259 166858604
5904259 183038019
5904259 21957004
5904259 21957459
5904300 166858604
5904300 183038019
5904300 21957004
5904300 21957459
5902088 166858604
5902088 183038019
5902088 21957459
5902091 166858604
5902091 183038019
5902091 21957459
5902093 166858604
5902093 183038019
5902093 21957459
5902094 166858604
5902094 183038019
5902094 21957459
5902096 166858604
5902096 183038019
5902096 21957459
5902097 166858604
5902097 183038019
5902097 21957459
5902613 166858604
5902613 183038019
5902613 21957459
5898829 166879233
5898829 21954202
5898832 166879233
5898832 21954202
5898903 166879233
5898903 21954202
5899222 166879233
5899222 21954202
5899224 166879233
5899224 21954202
5899225 166879233
5899225 21954202
5900439 166879233
5900439 21954202
5900440 166879233
5900440 21954202
5900442 166879233
5900442 21954202
5900562 166879233
5900562 21954202
5900851 166879233
5900851 21954202
5903893 166879233
5903893 21954202
5904449 166879233
5904449 21954202
5904450 166879233
5904450 21954202
5904566 166879233
5904566 21954202
5905237 166879233
5905237 21954202
5905278 166879233
5905278 21954202
5905279 166879233
5905279 21954202
5907254 166879233
5907254 21954202
5907255 166879233
5907255 21954202
5907588 166879233
5907588 21954202
5907590 166879233
5907590 21954202
5907592 166879233
5907592 21954202
5907593 166879233
5907593 21954202
5907632 166879233
5907632 21954202
5907633 166879233
5907633 21954202
5907936 166879233
5907936 21954202
5907937 166879233
5907937 21954202
5907944 166879233
5907944 21954202
5907945 166879233
5907945 21954202
5908146 166879233
5908146 21954202
5908147 166879233
5908147 21954202
5900473 166879234
5900473 21954222
5900474 166879234
5900474 21954222
5900542 166879234
5900542 21954222
5900566 166879234
5900566 21954222
5900572 166879234
5900572 21954222
5900845 166879234
5900845 21954222
5900847 166879234
5900847 21954222
5907238 166879234
5907238 21954222
5907239 166879234
5907239 21954222
5907594 166879234
5907594 21954222
5907595 166879234
5907595 21954222
5903239 171469628
5903239 21956379
5903242 171469628
5903242 21956379
5903258 171469628
5903258 21956379
5903271 171469628
5903271 21956379
5903289 171469628
5903289 21956379
5898979 173709148
5898979 173709152
5898979 21952596
5898990 173709148
5898990 173709152
5898990 21952596
5899103 173709148
5899103 173709152
5899103 21952596
5898975 173709153
5898975 173709155
5898975 21953646
5906345 173709153
5906345 173709155
5906345 21953646
5906346 173709153
5906346 173709155
5906346 21953646
5909919 173709153
5909919 173709155
5909919 21953646
5909920 173709153
5909920 173709155
5909920 21953646
5903222 179458106
5903222 21954986
5906704 179458106
5906704 21954986
5906705 179458106
5906705 21954986
5914396 179458106
5914396 21954986
5916507 179458106
5916507 21954986
5916508 179458106
5916508 21954986
5908948 180933371
5908948 183021381
5908948 183021385
5908948 21952647
5908948 21952851
5906928 183021370
5906928 21952736
5906929 183021370
5906929 21952736
5906976 183021370
5906976 21952736
5906977 183021370
5906977 21952736
5906922 183021376
5906922 183021382
5906922 21957314
5906925 183021376
5906925 183021382
5906925 21957314
5901227 183021381
5901227 183021385
5901227 21952851
5906951 183021381
5906951 183021385
5906951 21952851
5906932 183021392
5906932 21952531
5906988 183021392
5906988 21952531
5906990 183021392
5906990 21952531
5906991 183021392
5906991 21952531
5901471 183032899
5901471 21953567
5901472 183032899
5901472 21953567
5902445 183032899
5902445 21953567
5903871 183032899
5903871 21953567
5908744 183038038
5908744 183038073
5908744 183038098
5908744 21953046
5908748 183038038
5908748 183038073
5908748 183038098
5908748 21953046
5901466 183038051
5901466 21955993
5902107 183038051
5902107 21955993
5902152 183038051
5902152 21955993
5906552 183038051
5906552 21955993
5906554 183038051
5906554 21955993
5906555 183038051
5906555 21955993
5901492 183038074
5901492 183038079
5901492 183038105
5901492 21957502
5901517 183038074
5901517 183038079
5901517 183038105
5901517 21957502
5902109 183038074
5902109 183038079
5902109 183038105
5902109 21957502
5902334 183038074
5902334 183038079
5902334 183038105
5902334 21957502
5903713 183038074
5903713 183038079
5903713 183038105
5903713 21957502
5906540 183038074
5906540 183038079
5906540 183038105
5906540 21957502
5906541 183038074
5906541 183038079
5906541 183038105
5906541 21957502
5906544 183038074
5906544 183038079
5906544 183038105
5906544 21957502
5906545 183038074
5906545 183038079
5906545 183038105
5906545 21957502
5901055 183040057
5901055 183040058
5901055 183040062
5901055 183040068
5901055 21955090
5901953 183040057
5901953 183040058
5901953 183040062
5901953 183040068
5901953 21955090
5900212 183040065
5900212 183040067
5900212 21955318
5900755 183040065
5900755 183040067
5900755 21955318
5901002 183040065
5901002 183040067
5901002 21955318
5901003 183040065
5901003 183040067
5901003 21955318
5901004 183040065
5901004 183040067
5901004 21955318
5902252 183040065
5902252 183040067
5902252 21955318
5902255 183040065
5902255 183040067
5902255 21955318
5902555 183040065
5902555 183040067
5902555 21955318
5903965 183040065
5903965 183040067
5903965 21955318
5905304 183040065
5905304 183040067
5905304 21955318
5905490 183040065
5905490 183040067
5905490 21955318
5907360 183040065
5907360 183040067
5907360 21955318
5907361 183040065
5907361 183040067
5907361 21955318
5907362 183040065
5907362 183040067
5907362 21955318
5907363 183040065
5907363 183040067
5907363 21955318
5907386 183040065
5907386 183040067
5907386 21955318
5907387 183040065
5907387 183040067
5907387 21955318
5907388 183040065
5907388 183040067
5907388 21955318
5907389 183040065
5907389 183040067
5907389 21955318
5907396 183040065
5907396 183040067
5907396 21955318
5907397 183040065
5907397 183040067
5907397 21955318
5907434 183040065
5907434 183040067
5907434 21955318
5907435 183040065
5907435 183040067
5907435 21955318
5907452 183040065
5907452 183040067
5907452 21955318
5907453 183040065
5907453 183040067
5907453 21955318
5907458 183040065
5907458 183040067
5907458 21955318
5907459 183040065
5907459 183040067
5907459 21955318
5901872 183050123
5901872 183050124
5901872 21952372
5902183 183050123
5902183 183050124
5902183 21952372
5902195 183050123
5902195 183050124
5902195 21952372
5902279 183050123
5902279 183050124
5902279 21952372
5904056 183050123
5904056 183050124
5904056 21952372
5904679 183050123
5904679 183050124
5904679 21952372
5905757 183050123
5905757 183050124
5905757 21952372
5906379 183050123
5906379 183050124
5906379 21952372
5907126 183050123
5907126 183050124
5907126 21952372
5907127 183050123
5907127 183050124
5907127 21952372
5907132 183050123
5907132 183050124
5907132 21952372
5907133 183050123
5907133 183050124
5907133 21952372
5907436 183050123
5907436 183050124
5907436 21952372
5907437 183050123
5907437 183050124
5907437 21952372
5909510 183050123
5909510 183050124
5909510 21952372
5901107 21952214
5901109 21952214
5906286 21952214
5905691 21952215
5904080 21952217
5904081 21952217
5901759 21952227
5902055 21952227
5904716 21952227
5901191 21952231
5906744 21952231
5906745 21952231
5903273 21952235
5901688 21952239
5901695 21952239
5900967 21952243
5904933 21952246
5905931 21952246
5898935 21952281
5898936 21952281
5899054 21952281
5899147 21952281
5906245 21952281
5905608 21952285
5909071 21952285
5909075 21952285
5900181 21952294
5904655 21952294
5916601 21952294
5904525 21952299
5904552 21952299
5906334 21952304
5908186 21952304
5908187 21952304
5900797 21952309
5900958 21952330
5902061 21952330
5902433 21952330
5904060 21952330
5907754 21952330
5907755 21952330
5914387 21952330
5903952 21952334
5903964 21952334
5907762 21952334
5907764 21952334
5907766 21952334
5907767 21952334
5907770 21952334
5907771 21952334
5905320 21952336
5900728 21952341
5900729 21952341
5898716 21952344
5898773 21952344
5898861 21952344
5898916 21952344
5902375 21952348
5902376 21952348
5905930 21952350
5899776 21952375
5899777 21952375
5899827 21952375
5906036 21952381
5906037 21952381
5905892 21952382
5905893 21952382
5901487 21952384
5908898 21952386
5908899 21952388
5908900 21952388
5908322 21952390
5908323 21952390
5909107 21952395
5900589 21952400
5900739 21952400
5900748 21952400
5903689 21952400
5904400 21952400
5904401 21952400
5903111 21952403
5908328 21952409
5908329 21952409
5909740 21952411
5903117 21952412
5904167 21952414
5904169 21952417
5906868 21952417
5906869 21952417
5906870 21952417
5906871 21952417
5901555 21952420
5906572 21952420
5901556 21952430
5901578 21952430
5901587 21952430
5901612 21952430
5901634 21952430
5901647 21952430
5901648 21952430
5902475 21952430
5902486 21952430
5902490 21952430
5904690 21952430
5904730 21952430
5901515 21952435
5901524 21952435
5901557 21952435
5901558 21952436
5902791 21952440
5902973 21952440
5900541 21952447
5900543 21952447
5900547 21952447
5900548 21952447
5900806 21952447
5907240 21952447
5907242 21952447
5907243 21952447
5907606 21952447
5907608 21952447
5907610 21952447
5907611 21952447
5909810 21952449
5907618 21952451
5907619 21952451
5909819 21952455
5914506 21952455
5901624 21952459
5901625 21952467
5901633 21952467
5901626 21952469
5906582 21952469
5899216 21952470
5908174 21952470
5908175 21952470
5902250 21952473
5907394 21952473
5907395 21952473
5902181 21952475
5902185 21952477
5902188 21952478
5907786 21952478
5907787 21952478
5899780 21952480
5899782 21952481
5909668 21952487
5909669 21952489
5908760 21952492
5908888 21952492
5903494 21952497
5906264 21952497
5908736 21952497
5916487 21952497
5908312 21952500
5908313 21952500
5899965 21952507
5899967 21952507
5899969 21952507
5899971 21952507
5899975 21952507
5899978 21952507
5907522 21952507
5907524 21952507
5907526 21952507
5907528 21952507
5907530 21952507
5907532 21952507
5907534 21952507
5907535 21952507
5907546 21952507
5907547 21952507
5903104 21952508
5909731 21952510
5903109 21952511
5899231 21952518
5899233 21952518
5899235 21952518
5899237 21952518
5899239 21952518
5899241 21952518
5899248 21952518
5899252 21952518
5899388 21952518
5899446 21952518
5900504 21952518
5900505 21952518
5900816 21952518
5904793 21952518
5907596 21952518
5907597 21952518
5907598 21952518
5907599 21952518
5907928 21952518
5907929 21952518
5907930 21952518
5907931 21952518
5907940 21952518
5907942 21952518
5907943 21952518
5908148 21952518
5908149 21952518
5908376 21952518
5908377 21952518
5908380 21952518
5908381 21952518
5904794 21952520
5904796 21952533
5903999 21952536
5904225 21952536
5903367 21952553
5903370 21952553
5903378 21952553
5906426 21952553
5906427 21952553
5901613 21952556
5901617 21952562
5902473 21952562
5906267 21952562
5904869 21952563
5902174 21952565
5902175 21952565
5902177 21952569
5902179 21952572
5909018 21952574
5910133 21952574
5905715 21952579
5909019 21952584
5899771 21952586
5899772 21952588
5901310 21952600
5901311 21952600
5904071 21952600
5904072 21952601
5904073 21952602
5900507 21952603
5900508 21952603
5900656 21952603
5900509 21952613
5900511 21952613
5900515 21952613
5900517 21952613
5900519 21952613
5900563 21952613
5900565 21952613
5900567 21952613
5900571 21952613
5900573 21952613
5900575 21952613
5900576 21952613
5900815 21952613
5900875 21952613
5905630 21952613
5905631 21952613
5907600 21952613
5907602 21952613
5907604 21952613
5907605 21952613
5907614 21952613
5907615 21952613
5907650 21952613
5907651 21952613
5907878 21952613
5907880 21952613
5907882 21952613
5907884 21952613
5907886 21952613
5907887 21952613
5907932 21952613
5907933 21952613
5904076 21952615
5902485 21952616
5906273 21952616
5906574 21952616
5906575 21952616
5908769 21952616
5902247 21952617
5909658 21952619
5909659 21952620
5910250 21952620
5899003 21952622
5899207 21952622
5899327 21952622
5904141 21952624
5904143 21952625
5902310 21952627
5904146 21952630
5902314 21952632
5905709 21952632
5904148 21952634
5908943 21952635
5902318 21952637
5908086 21952650
5908088 21952650
5908089 21952650
5900775 21952653
5905567 21952653
5905568 21952653
5903377 21952660
5903458 21952660
5906392 21952660
5906393 21952660
5906412 21952660
5906413 21952660
5908635 21952660
5899692 21952664
5899693 21952664
5909785 21952664
5916614 21952666
5916616 21952669
5899699 21952671
5904858 21952676
5902168 21952678
5902169 21952678
5901383 21952680
5908795 21952681
5908796 21952685
5905708 21952687
5899765 21952688
5899766 21952688
5904065 21952689
5902234 21952696
5902235 21952696
5907753 21952696
5914392 21952696
5908862 21952697
5905481 21952700
5905484 21952700
5905485 21952700
5908864 21952701
5908867 21952704
5905486 21952706
5908869 21952709
5905487 21952712
5899830 21952715
5902305 21952718
5909716 21952722
5909717 21952722
5904139 21952723
5908903 21952728
5908904 21952728
5908936 21952728
5908937 21952728
5902089 21952739
5902150 21952741
5902151 21952741
5900249 21952745
5916608 21952745
5899750 21952755
5908440 21952755
5908441 21952755
5904051 21952757
5904057 21952760
5902227 21952761
5901444 21952764
5908856 21952766
5908857 21952770
5908858 21952770
5908859 21952770
5908884 21952770
5908885 21952770
5906259 21952773
5902868 21952775
5904122 21952777
5909700 21952780
5899828 21952783
5914493 21952784
5904124 21952785
5908917 21952788
5908919 21952788
5908920 21952788
5905547 21952790
5906456 21952790
5899874 21952791
5904768 21952791
5909484 21952793
5900952 21952800
5909485 21952800
5898889 21952805
5898890 21952805
5903892 21952805
5903912 21952805
5904560 21952805
5899676 21952807
5909558 21952810
5905399 21952813
5905400 21952813
5899742 21952815
5899744 21952818
5904038 21952821
5904040 21952821
5899746 21952823
5898963 21952828
5903168 21952833
5908841 21952833
5905463 21952834
5906248 21952836
5908671 21952836
5902855 21952838
5904116 21952839
5908910 21952842
5908912 21952842
5908902 21952844
5908907 21952844
5908908 21952844
5908909 21952844
5908911 21952844
5908914 21952846
5908916 21952850
5908918 21952850
5908921 21952850
5908922 21952850
5899598 21952853
5899730 21952853
5904576 21952853
5900965 21952855
5907752 21952855
5909476 21952855
5909477 21952856
5909478 21952856
5909479 21952859
5903484 21952860
5903485 21952867
5908120 21952870
5908121 21952870
5903487 21952871
5900533 21952873
5900804 21952873
5904821 21952873
5899664 21952877
5900915 21952877
5904823 21952879
5898883 21952881
5909542 21952883
5898885 21952886
5903879 21952886
5904021 21952886
5909544 21952887
5908761 21952896
5908764 21952896
5908889 21952896
5908890 21952896
5908891 21952896
5908893 21952896
5908894 21952896
5908895 21952896
5908896 21952896
5908897 21952896
5909549 21952899
5900176 21952905
5900577 21952905
5914421 21952905
5902776 21952906
5899733 21952910
5899734 21952910
5902778 21952912
5902201 21952915
5907792 21952915
5907793 21952915
5904039 21952916
5902206 21952919
5906235 21952921
5902209 21952924
5908836 21952929
5908837 21952929
5908838 21952929
5908839 21952929
5904102 21952931
5905055 21952938
5905056 21952938
5905941 21952938
5908901 21952938
5899583 21952941
5899586 21952941
5904609 21952941
5903475 21952944
5903477 21952946
5898870 21952947
5898874 21952956
5898876 21952958
5903916 21952958
5904019 21952958
5898878 21952960
5905121 21952967
5905122 21952967
5906583 21952967
5908753 21952967
5916605 21952967
5908755 21952970
5908757 21952970
5908758 21952970
5908759 21952970
5908892 21952970
5904597 21952973
5899721 21952975
5904599 21952981
5903913 21952982
5904020 21952982
5904022 21952984
5904023 21952984
5900531 21952987
5900532 21952987
5900536 21952987
5900802 21952987
5907250 21952987
5907251 21952987
5902474 21952990
5902484 21952990
5904731 21952990
5906934 21952993
5899008 21952997
5900083 21952998
5907682 21952998
5903361 21953006
5903467 21953006
5903760 21953006
5904809 21953006
5906408 21953006
5906410 21953006
5906411 21953006
5906428 21953006
5906432 21953006
5906433 21953006
5916590 21953006
5916591 21953006
5904804 21953025
5899256 21953033
5899257 21953033
5899260 21953033
5899262 21953033
5899264 21953033
5899266 21953033
5899268 21953033
5899270 21953033
5899272 21953033
5899274 21953033
5899307 21953033
5899364 21953033
5899401 21953033
5899477 21953033
5900615 21953033
5900617 21953033
5900623 21953033
5900624 21953033
5904418 21953033
5904421 21953033
5904422 21953033
5907324 21953033
5907325 21953033
5907688 21953033
5907689 21953033
5907700 21953033
5907701 21953033
5907974 21953033
5907975 21953033
5898857 21953035
5898864 21953035
5900219 21953036
5900591 21953036
5900771 21953036
5907328 21953036
5907329 21953036
5908742 21953043
5908743 21953043
5908747 21953043
5908749 21953043
5908750 21953043
5908751 21953043
5908852 21953043
5908853 21953043
5908854 21953043
5902752 21953048
5904012 21953049
5899719 21953051
5903881 21953054
5904015 21953054
5904016 21953054
5898880 21953058
5903880 21953058
5904017 21953058
5903878 21953060
5904018 21953060
5898939 21953061
5901407 21953066
5902456 21953066
5903985 21953066
5904727 21953066
5900665 21953069
5900667 21953069
5900668 21953069
5907246 21953069
5907247 21953069
5906060 21953072
5909445 21953074
5909446 21953074
5914522 21953077
5903368 21953078
5903450 21953078
5914526 21953081
5914528 21953087
5898850 21953088
5898854 21953091
5910277 21953092
5902104 21953094
5909516 21953099
5905355 21953101
5902742 21953104
5902745 21953104
5904578 21953106
5899704 21953110
5904000 21953112
5899705 21953115
5903922 21953117
5903926 21953117
5904001 21953117
5904005 21953117
5899706 21953118
5904003 21953119
5904004 21953119
5909299 21953121
5904007 21953123
5904008 21953123
5900789 21953126
5906840 21953128
5906841 21953128
5900215 21953132
5900217 21953132
5900218 21953132
5900220 21953132
5900595 21953132
5900216 21953134
5904649 21953135
5914446 21953140
5903374 21953145
5903375 21953147
5906910 21953151
5906912 21953151
5906914 21953151
5906915 21953151
5901240 21953154
5901242 21953154
5908659 21953156
5900929 21953160
5901791 21953160
5898848 21953168
5905349 21953174
5904567 21953177
5902292 21953180
5909285 21953180
5900773 21953183
5900774 21953183
5900651 21953187
5904638 21953187
5910400 21953189
5900014 21953192
5914431 21953192
5914435 21953193
5914438 21953198
5903366 21953201
5899540 21953202
5904517 21953210
5906040 21953210
5910083 21953211
5914500 21953211
5901232 21953213
5906680 21953216
5906681 21953216
5900918 21953219
5900695 21953221
5900699 21953225
5904558 21953230
5909276 21953233
5910314 21953244
5910322 21953244
5910323 21953244
5914530 21953244
5900767 21953250
5900768 21953250
5904620 21953258
5914425 21953263
5903359 21953264
5903405 21953264
5906033 21953273
5906034 21953273
5900900 21953274
5899994 21953278
5907854 21953278
5907855 21953278
5910248 21953282
5910249 21953282
5900683 21953285
5909260 21953288
5899386 21953291
5909261 21953292
5900750 21953296
5900751 21953296
5900752 21953296
5900753 21953298
5900754 21953298
5904619 21953301
5908550 21953304
5908551 21953304
5898715 21953313
5906024 21953313
5906025 21953313
5914411 21953313
5907776 21953316
5907777 21953316
5899529 21953318
5903984 21953320
5903986 21953323
5898815 21953326
5904511 21953326
5899370 21953329
5907050 21953331
5907051 21953331
5899373 21953334
5899374 21953334
5900104 21953337
5899378 21953338
5909258 21953342
5900187 21953347
5900195 21953347
5900213 21953347
5900214 21953347
5900432 21953347
5900549 21953347
5900583 21953347
5900597 21953347
5900730 21953347
5900740 21953347
5900742 21953347
5907340 21953347
5907341 21953347
5914423 21953347
5900744 21953349
5900746 21953349
5900747 21953349
5903264 21953354
5908372 21953356
5909890 21953356
5902480 21953358
5902481 21953358
5902483 21953360
5902489 21953360
5902744 21953360
5902488 21953362
5899871 21953365
5904607 21953365
5914407 21953371
5900105 21953377
5900110 21953377
5900117 21953377
5900488 21953377
5900506 21953377
5900527 21953377
5900530 21953377
5900655 21953377
5900814 21953377
5907634 21953377
5907635 21953377
5903151 21953379
5914409 21953379
5898737 21953381
5903979 21953383
5899291 21953385
5899292 21953385
5899294 21953389
5900022 21953391
5900024 21953395
5899298 21953399
5908416 21953399
5908417 21953399
5900657 21953403
5900659 21953403
5900660 21953403
5900663 21953410
5899362 21953411
5899319 21953415
5904527 21953415
5909246 21953417
5909247 21953418
5909248 21953420
5900732 21953423
5900734 21953423
5900735 21953423
5900738 21953424
5902472 21953426
5903890 21953428
5903896 21953431
5903897 21953431
5903898 21953433
5900801 21953434
5907756 21953438
5907757 21953438
5906573 21953441
5903960 21953442
5910144 21953447
5910146 21953453
5900018 21953455
5899356 21953457
5909232 21953459
5907038 21953462
5907039 21953462
5901040 21953465
5899990 21953467
5908454 21953470
5908455 21953470
5899995 21953473
5902463 21953475
5901654 21953481
5902464 21953481
5902468 21953481
5902642 21953481
5905795 21953481
5902466 21953498
5906624 21953498
5906625 21953498
5903883 21953502
5903951 21953505
5903098 21953508
5900005 21953512
5900008 21953515
5908373 21953517
5900641 21953519
5900642 21953519
5900644 21953521
5903166 21953524
5899343 21953526
5906702 21953541
5906703 21953541
5899980 21953546
5899981 21953546
5900711 21953550
5900713 21953550
5899983 21953551
5899985 21953555
5904283 21953557
5902452 21953559
5909864 21953563
5902457 21953566
5898831 21953580
5898837 21953580
5898839 21953580
5898846 21953580
5899228 21953580
5900481 21953580
5900483 21953580
5900487 21953580
5900489 21953580
5900491 21953580
5900493 21953580
5900494 21953580
5907580 21953580
5907582 21953580
5907583 21953580
5907622 21953580
5907623 21953580
5907624 21953580
5907625 21953580
5907904 21953580
5907906 21953580
5907908 21953580
5907909 21953580
5908354 21953580
5908356 21953580
5908358 21953580
5908360 21953580
5908361 21953580
5908362 21953580
5908363 21953580
5908462 21953580
5908463 21953580
5909070 21953581
5903081 21953584
5903946 21953587
5900632 21953596
5900633 21953596
5903149 21953600
5903156 21953600
5903158 21953602
5899334 21953606
5903909 21953606
5904556 21953606
5909218 21953610
5899903 21953614
5899953 21953614
5899972 21953614
5900701 21953616
5900703 21953622
5900706 21953625
5902441 21953630
5902442 21953630
5902443 21953630
5902444 21953633
5902447 21953636
5901666 21953637
5903073 21953650
5903075 21953652
5903078 21953655
5903079 21953655
5902297 21953656
5902298 21953659
5905836 21953666
5903143 21953671
5899899 21953676
5904194 21953678
5909773 21953679
5899322 21953682
5908995 21953683
5899326 21953684
5908996 21953686
5899328 21953689
5916592 21953694
5899954 21953705
5899962 21953705
5899999 21953705
5900523 21953705
5900525 21953705
5900528 21953705
5900529 21953705
5900820 21953705
5907230 21953705
5907231 21953705
5907520 21953705
5907521 21953705
5907540 21953705
5907541 21953705
5907542 21953705
5907544 21953705
5907545 21953705
5907548 21953705
5907550 21953705
5907552 21953705
5907554 21953705
5907556 21953705
5907557 21953705
5907572 21953705
5907573 21953705
5907636 21953705
5907638 21953705
5907640 21953705
5907641 21953705
5908426 21953709
5908427 21953709
5908428 21953709
5908429 21953709
5900469 21953711
5900470 21953711
5906532 21953713
5906533 21953713
5905753 21953714
5903919 21953716
5903923 21953716
5903067 21953719
5902282 21953723
5903069 21953726
5902285 21953729
5909699 21953736
5900586 21953746
5900590 21953746
5900592 21953746
5900596 21953746
5900598 21953746
5900600 21953746
5900602 21953746
5900604 21953746
5900608 21953746
5900610 21953746
5900611 21953746
5900772 21953746
5906716 21953746
5906718 21953746
5906719 21953746
5907076 21953746
5907077 21953746
5907320 21953746
5907322 21953746
5907323 21953746
5903131 21953748
5903133 21953750
5903135 21953752
5903138 21953753
5904188 21953754
5908982 21953757
5908983 21953757
5908986 21953760
5908987 21953760
5908988 21953763
5908989 21953766
5903206 21953769
5909833 21953772
5902429 21953775
5900119 21953779
5900464 21953779
5900468 21953779
5916603 21953779
5900465 21953782
5900466 21953782
5903903 21953784
5903910 21953784
5908266 21953786
5908267 21953786
5908268 21953788
5908269 21953788
5903917 21953790
5903918 21953790
5902272 21953792
5909683 21953794
5903121 21953796
5903123 21953798
5899300 21953800
5904178 21953802
5899308 21953805
5899309 21953805
5903767 21953807
5907620 21953812
5907621 21953812
5902417 21953813
5909829 21953817
5906510 21953819
5906511 21953819
5903900 21953821
5903908 21953821
5903904 21953823
5903905 21953823
5906296 21953827
5899385 21953833
5903589 21953833
5903593 21953833
5904618 21953833
5900146 21953835
5900150 21953835
5905308 21953837
5899299 21953851
5904530 21953851
5900406 21953853
5900426 21953853
5903232 21953855
5900156 21953858
5902172 21953865
5908056 21953865
5908058 21953865
5908059 21953865
5900941 21953869
5901784 21953869
5905175 21953872
5905255 21953872
5905256 21953872
5905822 21953872
5902761 21953920
5902762 21953920
5902891 21953920
5903076 21953920
5903080 21953920
5914399 21953924
5901063 21953926
5906315 21953934
5900629 21953939
5902261 21953940
5899891 21953946
5901119 21953950
5902405 21953950
5900152 21953958
5907371 21953958
5914426 21953958
5916496 21953958
5907284 21953969
5907306 21953977
5909198 21953979
5903945 21953981
5900115 21953983
5902321 21953989
5902664 21953989
5903364 21954008
5903426 21954008
5903429 21954008
5903434 21954008
5903478 21954008
5906516 21954008
5906517 21954008
5899888 21954015
5909081 21954023
5904715 21954055
5900111 21954065
5900142 21954065
5900144 21954065
5900157 21954065
5900163 21954065
5900170 21954065
5900173 21954065
5902817 21954071
5908935 21954078
5910127 21954078
5910347 21954078
5902834 21954086
5914415 21954086
5905607 21954089
5901840 21954099
5902059 21954099
5902226 21954099
5902436 21954099
5909469 21954099
5910216 21954099
5914535 21954102
5900048 21954107
5900516 21954107
5905599 21954112
5900402 21954115
5907318 21954115
5907319 21954115
5899501 21954120
5899700 21954120
5908446 21954120
5908447 21954120
5904041 21954125
5905660 21954125
5914419 21954125
5898792 21954149
5898824 21954156
5898855 21954156
5898860 21954156
5898863 21954156
5908244 21954156
5908245 21954156
5899773 21954169
5899662 21954169
5899662 21954184
5899690 21954169
5899690 21954184
5900909 21954169
5900909 21954184
5900936 21954169
5900936 21954184
5900973 21954169
5900973 21954184
5900989 21954169
5900989 21954184
5901009 21954169
5901009 21954184
5901036 21954169
5901036 21954184
5901743 21954169
5901743 21954184
5901763 21954169
5901763 21954184
5901825 21954169
5901825 21954184
5901880 21954169
5901880 21954184
5902176 21954169
5902176 21954184
5902290 21954169
5902290 21954184
5902307 21954169
5902307 21954184
5905205 21954169
5905205 21954184
5906980 21954169
5906980 21954184
5907136 21954169
5907136 21954184
5907138 21954169
5907138 21954184
5907140 21954169
5907140 21954184
5907142 21954169
5907142 21954184
5907462 21954169
5907462 21954184
5907463 21954169
5907463 21954184
5907798 21954169
5907798 21954184
5907799 21954169
5907799 21954184
5900015 21954212
5900825 21954212
5900826 21954212
5900828 21954212
5900829 21954212
5900830 21954212
5907630 21954212
5907631 21954212
5900463 21954218
5900467 21954218
5900471 21954218
5900477 21954218
5900546 21954218
5900564 21954218
5900574 21954218
5900843 21954218
5900849 21954218
5907236 21954218
5907237 21954218
5900475 21954223
5900478 21954224
5900077 21954233
5905641 21954233
5905654 21954233
5907266 21954233
5907268 21954233
5914379 21954233
5905627 21954237
5905644 21954237
5907660 21954237
5907661 21954237
5907662 21954237
5907663 21954237
5907270 21954242
5907271 21954242
5899499 21954277
5899611 21954277
5899729 21954277
5899745 21954277
5904600 21954277
5899495 21954280
5904577 21954280
5901029 21954298
5901031 21954298
5901917 21954298
5901949 21954298
5902302 21954298
5902304 21954298
5902781 21954298
5902783 21954298
5902965 21954298
5903094 21954298
5905247 21954298
5905248 21954298
5907144 21954298
5907145 21954298
5907156 21954298
5907157 21954298
5902754 21954301
5907818 21954301
5907819 21954301
5908326 21954303
5908208 21954324
5908209 21954324
5901264 21954327
5902423 21954331
5903792 21954331
5902422 21954334
5902500 21954334
5903794 21954334
5901241 21954338
5901712 21954340
5903207 21954344
5903215 21954344
5904795 21954344
5905431 21954346
5905427 21954350
5905513 21954359
5905516 21954359
5905515 21954361
5904103 21954363
5901438 21954367
5901468 21954367
5901520 21954367
5901539 21954367
5902501 21954367
5906830 21954367
5906831 21954367
5906822 21954369
5906823 21954369
5903974 21954373
5904110 21954374
5905507 21954376
5901397 21954377
5901418 21954377
5901436 21954377
5901439 21954377
5901450 21954377
5901460 21954377
5902506 21954377
5901380 21954378
5905342 21954379
5905777 21954380
5904516 21954382
5908248 21954382
5908249 21954382
5901595 21954393
5902113 21954393
5906227 21954393
5899900 21954397
5899957 21954397
5899968 21954397
5900017 21954397
5907866 21954397
5907867 21954397
5916493 21954397
5914466 21954402
5900756 21954405
5902157 21954412
5902159 21954412
5914384 21954415
5900159 21954417
5914390 21954419
5904074 21954424
5904759 21954424
5904156 21954428
5905739 21954432
5901375 21954436
5901393 21954436
5901412 21954436
5901432 21954436
5901365 21954439
5905704 21954441
5905775 21954446
5901470 21954454
5908762 21954454
5908763 21954454
5908768 21954454
5908940 21954454
5900798 21954458
5900832 21954458
5909101 21954464
5910145 21954464
5910354 21954464
5901350 21954469
5901371 21954469
5901387 21954469
5901425 21954469
5902412 21954469
5902413 21954469
5906826 21954469
5906827 21954469
5906324 21954473
5901797 21954483
5909698 21954485
5899074 21954492
5899276 21954492
5900207 21954496
5905185 21954499
5905616 21954501
5909078 21954501
5909083 21954501
5909084 21954501
5916628 21954504
5916629 21954504
5900167 21954508
5901646 21954511
5902347 21954511
5908905 21954514
5901060 21954517
5900162 21954519
5905818 21954522
5901351 21954526
5901374 21954526
5901390 21954526
5901405 21954526
5902341 21954526
5904695 21954527
5899016 21954529
5903993 21954531
5908594 21954531
5908595 21954531
5900148 21954547
5900325 21954547
5901385 21954550
5901399 21954550
5902511 21954550
5902570 21954550
5905617 21954552
5905265 21954555
5905266 21954555
5909074 21954555
5905269 21954564
5901644 21954569
5902593 21954569
5904803 21954583
5903373 21954586
5899882 21954591
5899938 21954591
5908116 21954591
5908117 21954591
5904947 21954595
5905694 21954596
5903092 21954597
5905421 21954597
5905422 21954597
5905258 21954599
5898989 21954646
5899076 21954646
5899097 21954646
5899105 21954646
5899415 21954646
5899608 21954646
5899632 21954646
5899672 21954646
5899711 21954646
5899752 21954646
5900970 21954646
5902186 21954646
5902730 21954646
5904588 21954646
5904713 21954646
5905284 21954646
5905727 21954646
5905728 21954646
5907790 21954646
5908202 21954646
5908203 21954646
5908516 21954646
5908517 21954646
5908534 21954646
5908536 21954646
5908537 21954646
5914371 21954646
5914372 21954646
5914373 21954646
5914374 21954646
5914376 21954646
5914377 21954646
5899713 21954685
5899754 21954685
5906330 21954685
5908026 21954685
5908027 21954685
5908200 21954685
5908201 21954685
5909497 21954685
5909511 21954685
5909512 21954685
5909513 21954685
5909838 21954685
5909849 21954685
5909850 21954685
5909851 21954685
5909916 21954685
5909917 21954685
5909918 21954685
5909929 21954685
5909930 21954685
5909931 21954685
5910004 21954685
5910011 21954685
5910012 21954685
5910013 21954685
5910014 21954685
5910015 21954685
5910016 21954685
5910044 21954685
5910315 21954685
5910316 21954685
5910324 21954685
5901329 21954689
5901235 21954693
5904066 21954693
5908941 21954693
5901098 21954695
5906282 21954696
5903972 21954702
5904050 21954702
5902496 21954704
5902388 21954705
5902421 21954706
5902425 21954708
5900257 21954711
5905807 21954713
5905601 21954714
5905823 21954716
5914405 21954721
5902499 21954731
5903790 21954731
5901259 21954734
5906758 21954736
5906759 21954736
5902807 21954738
5902955 21954741
5902989 21954741
5903132 21954741
5902764 21954748
5902774 21954748
5902785 21954748
5902929 21954748
5902945 21954748
5905786 21954748
5902115 21954759
5904138 21954759
5904144 21954759
5905330 21954759
5905331 21954759
5906842 21954759
5906844 21954761
5906845 21954761
5901323 21954767
5906817 21954767
5906816 21954769
5900081 21954773
5900089 21954774
5901089 21954775
5901315 21954778
5901330 21954778
5901343 21954778
5904140 21954778
5906818 21954778
5906819 21954778
5901357 21954782
5901359 21954782
5902131 21954782
5904920 21954782
5904921 21954782
5906894 21954782
5908906 21954786
5902335 21954791
5902338 21954791
5906252 21954795
5903241 21954798
5905810 21954798
5901111 21954805
5906768 21954805
5906769 21954805
5906786 21954805
5906787 21954807
5898968 21954811
5904943 21954816
5905402 21954816
5905182 21954818
5898858 21954828
5903995 21954828
5904443 21954828
5904444 21954828
5908861 21954832
5906785 21954835
5905177 21954837
5909085 21954837
5905367 21954838
5905376 21954838
5905386 21954838
5914412 21954838
5904077 21954839
5901234 21954842
5902543 21954851
5907924 21954855
5907925 21954855
5914394 21954858
5905576 21954863
5906810 21954866
5906811 21954866
5900271 21954874
5904033 21954874
5900052 21954878
5907962 21954878
5907964 21954878
5907965 21954878
5905307 21954880
5905324 21954880
5905325 21954880
5909100 21954887
5910143 21954887
5904864 21954893
5905270 21954898
5909099 21954902
5899987 21954903
5904011 21954903
5901068 21954910
5901073 21954910
5902398 21954910
5906770 21954910
5906771 21954910
5901255 21954913
5900045 21954915
5907984 21954915
5907985 21954915
5914525 21954918
5909233 21954921
5901708 21954925
5902446 21954929
5903873 21954929
5903875 21954929
5902337 21954931
5904660 21954933
5900799 21954935
5901604 21954937
5901649 21954937
5901663 21954937
5901668 21954937
5902125 21954937
5901828 21954940
5902178 21954940
5907784 21954940
5907785 21954940
5916587 21954945
5906220 21954951
5908860 21954951
5906741 21954953
5902856 21954961
5904210 21954961
5906213 21954961
5905404 21954969
5904781 21954974
5902826 21954996
5902829 21954996
5902830 21954996
5906674 21954996
5902352 21954998
5903813 21954999
5904684 21954999
5901154 21955003
5905397 21955007
5905398 21955007
5901629 21955011
5902117 21955011
5898965 21955014
5899306 21955014
5908752 21955015
5901652 21955016
5901653 21955016
5905655 21955017
5900102 21955023
5900625 21955023
5907680 21955023
5907681 21955023
5905264 21955041
5904024 21955042
5901074 21955046
5901939 21955046
5904938 21955046
5905801 21955046
5905802 21955046
5902808 21955056
5902810 21955056
5902978 21955056
5902981 21955056
5907048 21955056
5907049 21955056
5907052 21955056
5907053 21955056
5907068 21955056
5907069 21955056
5909003 21955079
5901968 21955083
5907129 21955083
5908334 21955094
5908335 21955094
5905742 21955106
5909199 21955107
5898983 21955119
5899009 21955119
5899120 21955119
5899123 21955119
5899361 21955119
5908394 21955119
5908395 21955119
5908883 21955122
5901619 21955125
5901641 21955125
5908766 21955127
5908767 21955127
5908754 21955130
5901067 21955131
5901308 21955137
5908004 21955150
5908005 21955150
5902280 21955154
5901293 21955158
5904147 21955158
5905784 21955158
5906958 21955158
5906959 21955158
5906968 21955158
5906969 21955158
5898751 21955164
5898871 21955164
5903635 21955164
5908110 21955164
5908111 21955164
5904767 21955168
5905202 21955170
5909073 21955175
5899534 21955193
5899783 21955193
5903654 21955193
5905737 21955193
5908302 21955193
5908303 21955193
5899522 21955198
5899687 21955198
5914410 21955198
5905470 21955209
5905738 21955209
5905426 21955215
5901112 21955218
5905628 21955221
5900253 21955227
5900698 21955227
5904627 21955232
5899878 21955239
5899881 21955239
5899918 21955239
5899947 21955239
5907898 21955239
5907899 21955239
5900023 21955242
5900495 21955242
5900627 21955242
5908939 21955244
5900107 21955246
5900091 21955248
5900082 21955249
5900911 21955264
5900913 21955264
5900914 21955264
5901064 21955270
5901507 21955274
5901522 21955274
5901540 21955274
5904688 21955274
5905761 21955274
5903265 21955278
5903296 21955278
5905344 21955278
5902816 21955295
5902819 21955295
5902821 21955295
5903014 21955295
5903017 21955295
5903028 21955295
5903031 21955295
5903741 21955295
5904779 21955295
5906678 21955295
5906679 21955295
5904035 21955296
5904036 21955296
5904053 21955299
5901483 21955327
5901505 21955327
5901518 21955327
5901538 21955327
5901552 21955327
5901567 21955327
5901577 21955327
5901584 21955327
5901589 21955327
5901597 21955327
5901598 21955327
5901602 21955327
5901605 21955327
5901609 21955327
5901611 21955327
5902145 21955327
5904201 21955327
5902409 21955330
5903330 21955335
5908677 21955335
5905651 21955336
5905652 21955336
5899006 21955343
5908276 21955343
5908942 21955349
5904069 21955351
5904437 21955359
5904438 21955359
5903248 21955362
5903305 21955362
5906780 21955364
5906781 21955364
5906782 21955364
5906783 21955364
5901142 21955369
5900486 21955372
5900653 21955372
5900817 21955372
5904637 21955372
5905477 21955376
5901070 21955378
5899010 21955388
5908260 21955388
5908261 21955388
5898722 21955394
5904514 21955394
5899168 21955431
5899221 21955431
5899247 21955431
5899339 21955431
5899448 21955431
5903901 21955431
5908142 21955431
5908143 21955431
5908144 21955431
5908145 21955431
5905614 21955434
5914457 21955436
5905474 21955440
5899310 21955484
5908590 21955484
5908591 21955484
5901582 21955492
5901594 21955492
5901614 21955492
5901627 21955492
5914406 21955492
5901018 21955501
5903955 21955501
5905309 21955501
5905310 21955501
5907134 21955501
5907135 21955501
5906350 21955576
5901730 21955614
5904714 21955614
5902815 21955629
5902825 21955629
5902837 21955629
5902867 21955629
5902976 21955629
5903012 21955629
5903120 21955629
5903124 21955629
5903125 21955629
5903127 21955629
5903128 21955629
5903348 21955629
5903474 21955629
5902792 21955636
5902805 21955636
5902806 21955637
5901014 21955639
5901455 21955643
5901478 21955643
5901501 21955643
5901521 21955643
5901534 21955643
5901547 21955643
5901569 21955643
5901575 21955643
5901586 21955643
5901593 21955643
5902143 21955643
5916622 21955643
5916623 21955643
5902862 21955647
5901072 21955659
5901086 21955659
5902416 21955659
5899203 21955664
5908368 21955664
5908370 21955664
5908371 21955664
5901120 21955666
5901139 21955666
5902415 21955666
5901696 21955670
5908678 21955670
5904866 21955675
5901205 21955678
5903806 21955678
5907131 21955678
5914388 21955678
5900318 21955679
5900140 21955680
5900780 21955681
5900781 21955681
5900175 21955688
5900177 21955688
5900178 21955688
5900581 21955688
5903930 21955688
5903944 21955688
5906231 21955688
5907300 21955688
5907301 21955688
5907302 21955688
5907303 21955688
5900132 21955692
5900133 21955692
5900135 21955692
5909195 21955692
5901299 21955696
5905765 21955696
5900293 21955702
5904390 21955702
5904391 21955702
5904200 21955705
5904197 21955706
5902751 21955732
5902875 21955732
5901245 21955737
5900966 21955749
5900981 21955749
5903341 21955751
5904817 21955751
5906215 21955751
5905647 21955752
5905648 21955752
5900049 21955754
5899114 21955757
5899117 21955757
5904529 21955757
5908374 21955757
5914375 21955757
5909080 21955760
5906222 21955765
5903975 21955768
5901011 21955790
5901013 21955790
5901887 21955790
5901900 21955790
5901905 21955790
5902299 21955790
5902300 21955790
5902767 21955790
5902769 21955790
5902771 21955790
5902912 21955790
5903705 21955790
5905250 21955790
5905251 21955790
5902763 21955804
5902886 21955804
5903072 21955804
5901429 21955813
5901453 21955813
5901473 21955813
5901495 21955813
5901514 21955813
5901531 21955813
5901545 21955813
5901563 21955813
5902141 21955813
5904190 21955813
5904191 21955813
5916620 21955813
5916621 21955813
5905701 21955815
5905702 21955815
5906446 21955815
5906447 21955815
5902849 21955817
5902851 21955817
5904189 21955818
5901560 21955820
5905201 21955824
5903161 21955827
5898714 21955836
5898771 21955836
5898838 21955836
5898847 21955836
5898913 21955836
5899202 21955836
5903882 21955836
5904440 21955836
5904441 21955836
5898917 21955838
5898717 21955844
5898853 21955844
5898856 21955844
5898901 21955844
5904518 21955844
5905199 21955845
5901427 21955850
5901454 21955850
5901462 21955850
5901481 21955850
5901498 21955850
5901516 21955850
5904686 21955850
5904687 21955850
5903244 21955860
5903245 21955860
5903246 21955860
5903249 21955860
5905584 21955862
5899908 21955864
5899979 21955864
5905423 21955872
5904059 21955875
5908241 21955879
5908234 21955881
5899018 21955892
5899033 21955892
5899342 21955892
5899465 21955892
5905228 21955892
5905903 21955892
5905904 21955892
5899454 21955895
5906301 21955897
5900149 21955899
5900662 21955899
5904208 21955901
5909548 21955904
5914527 21955906
5909262 21955908
5908913 21955913
5900121 21955916
5900123 21955916
5900800 21955916
5905658 21955916
5905610 21955925
5905611 21955925
5905812 21955925
5907108 21955925
5907109 21955925
5903549 21955927
5906376 21955927
5901902 21955945
5907489 21955945
5901402 21955951
5901420 21955951
5901440 21955951
5901467 21955951
5901486 21955951
5901508 21955951
5901527 21955951
5901533 21955951
5902139 21955951
5902724 21955951
5902843 21955955
5904211 21955955
5901689 21955957
5906560 21955960
5906561 21955960
5901725 21955967
5904865 21955967
5905178 21955967
5901302 21955972
5901304 21955972
5906836 21955972
5906837 21955972
5903243 21955978
5904157 21955978
5904128 21955981
5901197 21955983
5905411 21955983
5901620 21955985
5900122 21955989
5906224 21955996
5908923 21955996
5901298 21955999
5901316 21955999
5901341 21955999
5901369 21955999
5901389 21955999
5901413 21955999
5901419 21955999
5900280 21956001
5905618 21956001
5905619 21956001
5909667 21956003
5906856 21956005
5906858 21956005
5906859 21956005
5906788 21956007
5906789 21956007
5914452 21956010
5902366 21956012
5905825 21956015
5905275 21956017
5902220 21956019
5901435 21956021
5901451 21956021
5902505 21956021
5900412 21956024
5900239 21956027
5899289 21956029
5914404 21956032
5906307 21956035
5900143 21956046
5900338 21956046
5900351 21956046
5905639 21956046
5907264 21956046
5907265 21956046
5907304 21956046
5907305 21956046
5909194 21956050
5900971 21956065
5901884 21956065
5907460 21956065
5907461 21956065
5900968 21956069
5904584 21956122
5904585 21956122
5907816 21956129
5908314 21956148
5908315 21956148
5901378 21956153
5901395 21956153
5901410 21956153
5901437 21956153
5901457 21956153
5901475 21956153
5901500 21956153
5908765 21956153
5902838 21956157
5905188 21956159
5901279 21956161
5901280 21956161
5904142 21956161
5905759 21956161
5901268 21956163
5901270 21956163
5901262 21956167
5905193 21956169
5916585 21956170
5907070 21956186
5907071 21956186
5904540 21956229
5902820 21956243
5902827 21956243
5903048 21956243
5903051 21956243
5903165 21956243
5903345 21956243
5907056 21956243
5907057 21956243
5901244 21956250
5901263 21956250
5901277 21956250
5901303 21956250
5901314 21956250
5901349 21956250
5901377 21956250
5901403 21956250
5901430 21956250
5901456 21956250
5901484 21956250
5901512 21956250
5901537 21956250
5902111 21956250
5906288 21956250
5906542 21956250
5906543 21956250
5906550 21956250
5906551 21956250
5906812 21956250
5906813 21956250
5901082 21956259
5904120 21956259
5904121 21956259
5904125 21956259
5904129 21956259
5916498 21956259
5903297 21956261
5909079 21956265
5902458 21956269
5902459 21956269
5903825 21956269
5903851 21956269
5904946 21956277
5905154 21956277
5905155 21956277
5905163 21956277
5905153 21956279
5914391 21956281
5900071 21956285
5903936 21956285
5904643 21956285
5907642 21956289
5907643 21956289
5901364 21956294
5901379 21956294
5906756 21956294
5906757 21956294
5901246 21956298
5901289 21956298
5901318 21956298
5901339 21956298
5901356 21956298
5902401 21956298
5906748 21956298
5906749 21956298
5902428 21956301
5901683 21956322
5902036 21956322
5904751 21956322
5901065 21956330
5902223 21956340
5902380 21956344
5903095 21956346
5903247 21956348
5903295 21956348
5901062 21956355
5901079 21956355
5901091 21956355
5904099 21956355
5904101 21956355
5905602 21956355
5905686 21956355
5916497 21956355
5901080 21956358
5905925 21956361
5914395 21956361
5904145 21956362
5904026 21956364
5907122 21956366
5907123 21956366
5909088 21956369
5906236 21956376
5900003 21956382
5905326 21956384
5900172 21956386
5900579 21956386
5899509 21956430
5904800 21956435
5902343 21956436
5901608 21956439
5901667 21956439
5901020 21956445
5901955 21956445
5904673 21956445
5901682 21956452
5902031 21956452
5903235 21956452
5903253 21956452
5903267 21956452
5903303 21956452
5906276 21956452
5908810 21956452
5899020 21956456
5904159 21956457
5900161 21956459
5900256 21956459
5900259 21956459
5901215 21956462
5906872 21956462
5906873 21956462
5901222 21956465
5900991 21956474
5900940 21956493
5900960 21956493
5901745 21956493
5901787 21956493
5904696 21956493
5905180 21956493
5908064 21956493
5908065 21956493
5899514 21956515
5899527 21956515
5899648 21956515
5899651 21956515
5900912 21956515
5905187 21956517
5900099 21956523
5900255 21956523
5900258 21956523
5907644 21956523
5904733 21956525
5901252 21956526
5901254 21956526
5908863 21956528
5901193 21956529
5902340 21956531
5904150 21956533
5903785 21956536
5903861 21956536
5905574 21956540
5914432 21956540
5907342 21956543
5907343 21956543
5905097 21956572
5905098 21956572
5905109 21956572
5905110 21956572
5906896 21956572
5906897 21956572
5901553 21956574
5901628 21956578
5901638 21956578
5901642 21956578
5901645 21956578
5901650 21956578
5901658 21956578
5902123 21956578
5905123 21956578
5905543 21956582
5902370 21956588
5903177 21956604
5905790 21956604
5901181 21956606
5901184 21956608
5901186 21956608
5902346 21956613
5905521 21956616
5905522 21956618
5901442 21956620
5908855 21956624
5901687 21956627
5901692 21956627
5902034 21956627
5905347 21956627
5905348 21956627
5903257 21956629
5903275 21956629
5901220 21956632
5901224 21956635
5901309 21956636
5902797 21956643
5902997 21956643
5907192 21956643
5907194 21956643
5907195 21956643
5902755 21956650
5906454 21956650
5900072 21956660
5900073 21956660
5900075 21956660
5900282 21956660
5905645 21956660
5905646 21956660
5906238 21956661
5909343 21956663
5908959 21956665
5899883 21956686
5899887 21956686
5899889 21956686
5899893 21956686
5899930 21956686
5899991 21956686
5899996 21956686
5900002 21956686
5900016 21956686
5906234 21956686
5907852 21956686
5907853 21956686
5907910 21956686
5907911 21956686
5907914 21956686
5907915 21956686
5907922 21956686
5900047 21956688
5908870 21956693
5914402 21956693
5905510 21956695
5903531 21956696
5903140 21956698
5903145 21956698
5904778 21956698
5903802 21956700
5901160 21956702
5901715 21956702
5900232 21956706
5905578 21956706
5905910 21956706
5901137 21956707
5902404 21956707
5904109 21956707
5906218 21956707
5905598 21956710
5907298 21956710
5907299 21956710
5900196 21956722
5900200 21956722
5900201 21956722
5900355 21956722
5905597 21956722
5905671 21956722
5907282 21956722
5907283 21956722
5900261 21956731
5900787 21956731
5905493 21956732
5905494 21956732
5901194 21956734
5901196 21956734
5901200 21956734
5901202 21956734
5901203 21956734
5906738 21956734
5906739 21956734
5901179 21956736
5900128 21956737
5900136 21956737
5906732 21956738
5906733 21956738
5900188 21956740
5900190 21956740
5900404 21956740
5900421 21956740
5900585 21956740
5900192 21956743
5900341 21956743
5904651 21956743
5904652 21956743
5900186 21956744
5900095 21956753
5900700 21956753
5905665 21956753
5905666 21956753
5899013 21956765
5899211 21956765
5899333 21956765
5906242 21956765
5908264 21956765
5908265 21956765
5908270 21956765
5908271 21956765
5908701 21956766
5905527 21956770
5900637 21956773
5900638 21956773
5900125 21956777
5900127 21956777
5900129 21956777
5905661 21956777
5905449 21956780
5905473 21956780
5901187 21956786
5905191 21956786
5905192 21956786
5906848 21956786
5906849 21956786
5901570 21956789
5901585 21956789
5901616 21956789
5901637 21956789
5902119 21956789
5902403 21956789
5906564 21956789
5906565 21956789
5902319 21956793
5908938 21956795
5901136 21956801
5901143 21956801
5901148 21956801
5902079 21956801
5903277 21956830
5900223 21956834
5903968 21956835
5900165 21956837
5901476 21956848
5901509 21956848
5901548 21956848
5901568 21956848
5901601 21956848
5902133 21956848
5902577 21956848
5904196 21956848
5904198 21956848
5904766 21956848
5906562 21956848
5906563 21956848
5906824 21956848
5906825 21956848
5906832 21956848
5906833 21956848
5914413 21956848
5901185 21956851
5905189 21956851
5905190 21956851
5906834 21956851
5906835 21956851
5905276 21956853
5902578 21956856
5901081 21956858
5902372 21956862
5902373 21956862
5906502 21956864
5906503 21956864
5903026 21956870
5905401 21956870
5906701 21956870
5914397 21956870
5903344 21956874
5901398 21956877
5901458 21956877
5901485 21956877
5901535 21956877
5901551 21956877
5901591 21956877
5901603 21956877
5904195 21956877
5904765 21956877
5906558 21956877
5906559 21956877
5901183 21956882
5904737 21956882
5906850 21956882
5906851 21956882
5902420 21956884
5900026 21956907
5900268 21956907
5900387 21956907
5900399 21956907
5900614 21956907
5905467 21956910
5905468 21956910
5899004 21956913
5899363 21956913
5904533 21956913
5901559 21956914
5901561 21956914
5902824 21956921
5903352 21956921
5901463 21956923
5901199 21956926
5901230 21956926
5901239 21956926
5901147 21956928
5899901 21956931
5899934 21956931
5898800 21956942
5898873 21956942
5898875 21956942
5898877 21956942
5898879 21956942
5898923 21956942
5899915 21956942
5899941 21956942
5904611 21956942
5907862 21956955
5907863 21956955
5914436 21956955
5900984 21956962
5900985 21956962
5901860 21956962
5901863 21956962
5914534 21956965
5910138 21956967
5914458 21956969
5899821 21956970
5906239 21956971
5899155 21956972
5904025 21956975
5909234 21956977
5898960 21956980
5899095 21956980
5899286 21956980
5899287 21956980
5908520 21956980
5908521 21956980
5908522 21956980
5908523 21956980
5902086 21956981
5902087 21956981
5902542 21956981
5899791 21957006
5899793 21957007
5899890 21957008
5905262 21957011
5905263 21957011
5905273 21957011
5905274 21957011
5900241 21957013
5900242 21957013
5900244 21957013
5900246 21957013
5900247 21957013
5900416 21957013
5916633 21957013
5916634 21957013
5905902 21957014
5902312 21957017
5902656 21957017
5904151 21957017
5904152 21957017
5902850 21957019
5902860 21957019
5903749 21957019
5901294 21957022
5901987 21957022
5902621 21957022
5902638 21957022
5899242 21957027
5908364 21957027
5908365 21957027
5900106 21957030
5898749 21957040
5898797 21957040
5905257 21957041
5902787 21957043
5905532 21957047
5907026 21957049
5907027 21957049
5901338 21957050
5901348 21957050
5901366 21957050
5902090 21957050
5906754 21957050
5906755 21957050
5900145 21957053
5900155 21957053
5900164 21957053
5900168 21957053
5901272 21957056
5902424 21957056
5906742 21957056
5906743 21957058
5902608 21957059
5900607 21957062
5901698 21957065
5909259 21957069
5901116 21957073
5901121 21957073
5901122 21957073
5901126 21957073
5906794 21957073
5906795 21957073
5899071 21957082
5908396 21957086
5908397 21957086
5902306 21957087
5899617 21957093
5904580 21957093
5899493 21957124
5899487 21957126
5899567 21957126
5899573 21957126
5899845 21957126
5904603 21957126
5904877 21957128
5901536 21957130
5901549 21957130
5901600 21957130
5901607 21957130
5901615 21957130
5901618 21957130
5901621 21957130
5901622 21957130
5901623 21957130
5901630 21957130
5901635 21957130
5902147 21957130
5902336 21957130
5902339 21957130
5906567 21957130
5908746 21957130
5903261 21957131
5905796 21957131
5905932 21957131
5901565 21957133
5902793 21957137
5903229 21957137
5909863 21957139
5900791 21957142
5907502 21957147
5907503 21957147
5900184 21957151
5900779 21957151
5905528 21957154
5904639 21957159
5908072 21957166
5908074 21957166
5908075 21957166
5904027 21957168
5898934 21957184
5899278 21957184
5909921 21957188
5898859 21957190
5902858 21957191
5905587 21957192
5905918 21957193
5909072 21957194
5904153 21957197
5904154 21957199
5902660 21957204
5908060 21957213
5908061 21957213
5908070 21957213
5908071 21957213
5908130 21957224
5908131 21957224
5907114 21957227
5907116 21957227
5907117 21957227
5909091 21957230
5909089 21957231
5908915 21957234
5914523 21957237
5898723 21957250
5898724 21957250
5898728 21957250
5898760 21957250
5898780 21957250
5898834 21957250
5898998 21957250
5899205 21957250
5904446 21957250
5904447 21957250
5904515 21957250
5906031 21957250
5906032 21957250
5906052 21957250
5906241 21957250
5908246 21957250
5908247 21957250
5908378 21957250
5908379 21957250
5908386 21957250
5908387 21957250
5900061 21957253
5899341 21957254
5899025 21957258
5904537 21957258
5904538 21957258
5904570 21957258
5908180 21957258
5908181 21957258
5899347 21957275
5899443 21957275
5899471 21957275
5901401 21957277
5901433 21957277
5901447 21957277
5901465 21957277
5901493 21957277
5902359 21957277
5902361 21957277
5902362 21957277
5903234 21957279
5903236 21957279
5903237 21957279
5903238 21957279
5903294 21957279
5903314 21957279
5908978 21957281
5908979 21957281
5908980 21957281
5908981 21957281
5900976 21957287
5900978 21957287
5902067 21957287
5907376 21957287
5907378 21957287
5907379 21957287
5901354 21957311
5901382 21957311
5898712 21957354
5898764 21957354
5898974 21957354
5898991 21957354
5898994 21957354
5899321 21957354
5904512 21957354
5908474 21957354
5908476 21957354
5908477 21957354
5914443 21957354
5902397 21957360
5902530 21957360
5905393 21957369
5907508 21957383
5907509 21957383
5906998 21957389
5906999 21957389
5901677 21957396
5904693 21957396
5906632 21957396
5906633 21957396
5902493 21957401
5901045 21957413
5901049 21957413
5904135 21957413
5907118 21957413
5907120 21957413
5907121 21957413
5909090 21957413
5901050 21957425
5901051 21957425
5904949 21957425
5905916 21957425
5906229 21957425
5906230 21957425
5907124 21957425
5907125 21957425
5901042 21957428
5901046 21957430
5905523 21957432
5905524 21957432
5900060 21957447
5900062 21957447
5900514 21957447
5904032 21957447
5900067 21957449
5900429 21957461
5898822 21957484
5898896 21957484
5899204 21957484
5899206 21957484
5899208 21957484
5899210 21957484
5899212 21957484
5899217 21957484
5899240 21957484
5899461 21957484
5900396 21957484
5900398 21957484
5900400 21957484
5900401 21957484
5900710 21957484
5900795 21957484
5905219 21957484
5905220 21957484
5905281 21957484
5905282 21957484
5907684 21957484
5907685 21957484
5907686 21957484
5907687 21957484
5908352 21957484
5908353 21957484
5908460 21957484
5908461 21957484
5900064 21957495
5900065 21957495
5900296 21957495
5900484 21957495
5900512 21957495
5900636 21957495
5900640 21957495
5900643 21957495
5899902 21957498
5899961 21957498
5899964 21957498
5907558 21957498
5907560 21957498
5907561 21957498
5901104 21957500
5901106 21957500
5906790 21957500
5906791 21957500
5901156 21957507
5901180 21957507
5901219 21957507
5901243 21957507
5901251 21957507
5901261 21957507
5901296 21957507
5901337 21957507
5906796 21957507
5906797 21957507
5906808 21957507
5906809 21957507
5903279 21957510
5910352 21957513
5910353 21957513
5905311 21957515
5903574 21957516
5902203 21957527
5907788 21957527
5907789 21957527
5906048 21957531
5906049 21957531
5902245 21957535
5901023 21957539
5905877 21957539
5905879 21957539
5905880 21957539
5905277 21957541
5903283 21957546
5904799 21957546
5902503 21957548
5901503 21957551
5904741 21957555
5905206 21957558
5903943 21957560
5900811 21957561
5903272 21957562
5903342 21957562
5905711 21957563
5902879 21957572
5903737 21957572
5901772 21957574
5902155 21957574
5901770 21957575
5905829 21957577
5903082 21957589
5899761 21957593
5899762 21957593
5908548 21957593
5908549 21957593
5904100 21957600
5906726 21957600
5906727 21957600
5916499 21957600
5902823 21957606
5906284 21957608
5904383 21957609
5903691 21957612
5908865 21957613
5908866 21957613
