8485943 169458072
8485943 21704491
8485943 22022212
8485894 21711892
8485894 22021093
8499524 21712011
8499524 22021083
8485896 22022212
8485897 22022212
8485898 22022212
8485904 22022212
8485927 22022212
8485931 22022212
8485936 22022212
8499504 22022212
8499505 22022212
8499506 22022212
8499507 22022212
8499508 22022212
8499510 22022212
8499511 22022212
8924582 21780303
8924582 22019861
8924583 21780303
8924583 22019861
8915437 21780884
8915437 22019927
8915438 21780884
8915438 22019927
8916265 21782645
8916265 22021766
8915429 21783453
8915429 22022088
8915433 21783453
8915433 22022088
8915435 21783453
8915435 22022088
8915654 21783453
8915654 22022088
8915658 21783453
8915658 22022088
8924831 21784216
8924831 22022028
8924832 21784216
8924832 22022028
8975775 21816123
8975775 22021175
8974317 21818389
8974317 22021333
8974327 21818389
8974327 22021333
8978668 21818389
8978668 22021333
8979374 21818389
8979374 22021333
8975410 21818393
8975410 22021318
8978221 21818399
8978221 22021328
8978222 21818399
8978222 22021328
8975446 22021318
8975505 22021318
8975795 22021318
8975796 22021318
8975797 22021318
8975821 22021318
8977355 22021323
8977389 22021323
8974329 22021333
8974370 22021333
8979375 22021333
8443785 21947400
8443785 22020812
8443484 21948270
8443766 21948270
8443767 21948270
8443829 21948270
8443830 21948270
8443855 21948270
8443503 21948270
8443503 22020735
8452972 21948270
8452972 22020735
8452973 21948270
8452973 22020735
8724191 192356112
8724191 192356113
8724191 21974720
8724191 22020774
8724192 192356112
8724192 192356113
8724192 21974720
8724192 22020774
8703735 21972817
8703735 22020155
8702886 21974720
8702889 21974720
8703228 21978769
8703226 21978769
8703226 22021636
8703230 21978769
8703230 22021636
8703703 21978769
8703703 22021636
8703732 21978769
8703732 22021636
8703734 21978769
8703734 22021636
8725024 21978769
8725024 22021636
8725026 21978769
8725026 22021636
8703227 22021636
8703229 22021636
8703231 22021636
8703525 22021636
8703728 22021636
8703746 22021636
8725027 22021636
8975475 117460194
8975475 22019382
8975475 22019391
8975475 22019411
8975475 22019417
8975475 22019433
8975475 22019439
8975475 22020289
8975475 22020446
8975475 22021173
8975475 22021498
8975475 22022137
8975475 22022400
8975476 117460194
8975476 22019382
8975476 22019391
8975476 22019411
8975476 22019417
8975476 22019433
8975476 22019439
8975476 22020289
8975476 22020446
8975476 22021173
8975476 22021498
8975476 22022137
8975476 22022400
8975483 117460194
8975483 22019382
8975483 22019391
8975483 22019411
8975483 22019417
8975483 22019433
8975483 22019439
8975483 22020289
8975483 22020446
8975483 22021173
8975483 22021498
8975483 22022137
8975483 22022400
8975484 117460194
8975484 22019382
8975484 22019391
8975484 22019411
8975484 22019417
8975484 22019433
8975484 22019439
8975484 22020289
8975484 22020446
8975484 22021173
8975484 22021498
8975484 22022137
8975484 22022400
8975760 117460194
8975760 22019382
8975760 22019391
8975760 22019411
8975760 22019417
8975760 22019433
8975760 22019439
8975760 22020289
8975760 22020446
8975760 22021173
8975760 22021498
8975760 22022137
8975760 22022400
8975830 117460194
8975830 22019382
8975830 22019391
8975830 22019411
8975830 22019417
8975830 22019433
8975830 22019439
8975830 22020289
8975830 22020446
8975830 22021173
8975830 22021498
8975830 22022137
8975830 22022400
8978422 117460194
8978422 22019382
8978422 22019391
8978422 22019411
8978422 22019417
8978422 22019433
8978422 22019439
8978422 22020289
8978422 22020446
8978422 22021173
8978422 22021498
8978422 22022137
8978422 22022400
8974449 21781728
8974449 22022436
8974593 21781728
8974593 22022436
8975993 22019368
8976067 22019382
8976071 22019382
8976074 22019382
8977791 22019382
8977798 22019382
8978744 22019382
8978745 22019382
8977000 22019391
8977000 51539187
8977100 22019391
8977100 51539187
8977112 22019391
8977112 51539187
8977124 22019391
8977124 51539187
8978282 22019391
8978282 51539187
8978283 22019391
8978283 51539187
8978942 22019391
8978942 51539187
8979009 22019391
8979009 51539187
8975443 22019402
8975444 22019402
8975598 22019402
8978410 22019402
8978418 22019402
8975469 22019408
8976185 22019411
8976191 22019411
8976161 22019417
8976162 22019417
8976176 22019417
8976328 22019433
8976411 22019433
8976413 22019433
8976538 22019433
8976603 22019433
8978449 22019433
8979100 22019433
8979102 22019433
8979103 22019433
8978429 22019445
8979282 22019453
8974380 22019465
8974396 22019465
8974450 22019465
8974558 22019465
8974733 22019465
8977945 22019465
8977946 22019465
8977948 22019465
8977949 22019465
8979147 22019469
8976093 22019473
8976098 22019473
8976103 22019473
8976108 22019473
8976117 22019473
8976134 22019473
8976144 22019473
8976312 22019473
8976839 22019473
8979055 22019473
8979058 22019476
8978498 22019480
8978612 22019488
8978613 22019488
8976648 22019492
8977736 22019492
8976283 22019499
8976479 22019499
8979537 22019503
8979538 22019503
8976056 22019505
8978348 22019507
8976024 22019508
8976025 22019508
8977033 22019515
8977044 22019515
8977183 22019515
8977203 22019515
8977544 22019515
8977568 22019515
8977582 22019515
8977020 22019523
8977026 22019523
8977232 22019523
8976967 22019536
8976972 22019536
8976982 22019536
8976989 22019536
8977069 22019536
8978514 22019536
8979360 22019539
8979114 22019541
8979115 22019541
8976687 22019545
8976759 22019545
8976211 22019549
8976214 22019549
8976215 22019549
8976216 22019549
8976217 22019549
8975004 22019552
8975008 22019552
8978949 22019556
8975952 22019563
8975965 22019563
8977759 22019563
8979184 22019563
8979185 22019563
8976171 22019566
8976174 22019569
8976175 22019569
8976177 22019569
8976260 22019575
8976447 22019575
8976579 22019575
8977335 22019580
8979092 22019580
8979093 22019580
8979257 22019583
8979258 22019583
8977005 22019589
8977119 22019589
8977287 22019589
8974973 22019593
8978574 22019600
8976084 22019604
8977845 22019604
8978483 22019604
8975934 22019608
8979069 22019611
8976963 22019618
8976964 22019618
8978809 22019618
8978810 22019618
8978818 22019618
8978819 22019618
8976187 22019622
8976227 22019622
8979126 22019622
8979144 22019622
8979145 22019622
8978437 22019630
8978759 22019630
8979345 22019630
8974831 22019638
8974944 22019642
8979247 22019642
8979328 22019642
8974946 22019645
8979246 22019645
8976591 22019649
8978968 22019649
8978522 22019652
8975462 22019659
8978411 22019659
8978703 22019659
8979629 22019659
8978419 22019669
8974955 22019691
8974956 22019691
8974957 22019691
8974958 22019691
8975105 22019691
8975176 22019691
8977679 22019691
8974813 22019694
8975264 22019704
8975268 22019704
8975269 22019704
8975357 22019704
8979234 22019704
8979235 22019704
8979236 22019704
8979237 22019704
8975265 22019707
8978706 22019717
8975243 22019720
8977296 22019721
8975802 22019723
8975806 22019726
8975808 22019730
8977561 22019731
8979180 22019737
8979181 22019737
8979190 22019737
8979191 22019737
8979301 22019737
8979364 22019737
8977650 22019742
8977652 22019747
8977655 22019749
8979280 22019750
8977438 22019753
8977326 22019758
8977327 22019758
8979279 22019760
8979285 22019760
8979286 22019760
8979287 22019762
8979288 22019765
8979178 22019768
8979481 22019771
8979482 22019771
8979261 22019777
8979263 22019779
8979266 22019779
8979264 22019782
8979265 22019782
8979267 22019784
8979268 22019784
8979269 22019784
8976607 22019796
8976609 22019796
8976611 22019796
8976613 22019796
8976615 22019796
8976617 22019796
8976619 22019796
8976621 22019796
8976623 22019796
8976625 22019796
8976627 22019796
8976628 22019796
8976737 22019796
8977495 22019796
8977497 22019796
8977499 22019796
8977501 22019796
8977505 22019796
8978477 22019796
8979008 22019796
8979352 22019798
8979359 22019801
8979248 22019806
8979249 22019806
8979333 22019813
8979337 22019820
8979338 22019823
8979342 22019823
8979310 22019825
8979311 22019825
8974832 22019844
8979219 22019844
8979313 22019844
8979315 22019844
8979316 22019844
8979334 22019844
8979314 22019853
8979317 22019855
8976299 22019859
8976455 22019859
8976692 22019864
8976694 22019871
8976695 22019871
8976699 22019871
8976697 22019873
8976671 22019877
8976127 22019879
8976019 22019884
8974754 22019897
8974756 22019897
8974758 22019897
8974760 22019897
8974762 22019897
8974764 22019897
8974766 22019897
8974768 22019897
8974770 22019897
8974772 22019897
8974774 22019897
8974776 22019897
8974778 22019897
8974780 22019897
8974782 22019897
8974784 22019897
8974786 22019897
8974788 22019897
8974789 22019897
8974848 22019897
8976593 22019897
8976595 22019897
8976599 22019897
8976601 22019897
8976655 22019897
8978382 22019897
8978593 22019897
8976659 22019902
8976282 22019911
8976438 22019911
8974794 22019914
8976741 22019915
8977861 22019923
8978484 22019923
8978485 22019923
8976308 22019937
8978459 22019937
8976269 22019942
8976616 22019942
8978880 22019945
8976701 22019953
8976702 22019953
8976704 22019953
8976706 22019953
8976708 22019953
8976703 22019956
8976707 22019959
8978667 22019964
8974953 22019969
8974964 22019969
8975103 22019969
8978972 22019973
8978973 22019973
8975296 22019976
8975252 22019987
8978739 22019987
8979037 22019987
8979323 22019987
8975270 22019993
8975271 22019993
8979324 22019993
8974800 22019998
8974802 22020003
8974806 22020011
8975037 22020017
8975237 22020022
8975239 22020026
8975543 22020030
8975523 22020047
8977396 22020049
8975504 22020055
8975810 22020060
8977421 22020068
8977423 22020068
8977424 22020068
8977426 22020068
8977427 22020068
8977430 22020068
8977488 22020068
8975902 22020072
8977995 22020083
8977996 22020083
8977998 22020086
8977999 22020086
8979098 22020090
8979292 22020093
8979293 22020097
8979297 22020101
8979299 22020104
8977644 22020106
8977645 22020115
8979270 22020116
8979271 22020118
8979272 22020118
8979273 22020121
8979274 22020121
8979275 22020123
8979277 22020123
8979276 22020124
8979278 22020126
8979361 22020129
8979362 22020132
8979365 22020136
8979253 22020138
8979254 22020139
8979255 22020141
8979256 22020141
8979368 22020145
8979369 22020147
8979259 22020154
8979232 22020158
8979233 22020158
8979238 22020161
8979239 22020161
8979325 22020163
8976198 22020165
8979218 22020166
8976715 22020172
8979633 22020172
8979634 22020186
8979302 22020187
8976065 22020197
8978692 22020197
8979617 22020202
8976158 22020206
8976249 22020211
8976662 22020215
8976663 22020215
8976664 22020223
8976667 22020228
8976646 22020231
8976647 22020231
8976649 22020237
8978691 22020239
8978679 22020241
8978349 22020248
8978982 22020252
8976130 22020254
8976182 22020254
8976202 22020254
8976865 22020254
8974383 22020261
8975247 22020266
8975936 22020269
8975393 22020276
8975419 22020276
8975423 22020276
8975994 22020289
8975999 22020289
8976399 22020289
8975225 22020294
8978404 22020294
8979065 22020294
8974430 22020305
8974431 22020305
8979638 22020312
8974460 22020317
8974657 22020317
8975018 22020326
8975019 22020326
8975022 22020326
8975219 22020326
8975283 22020326
8975284 22020326
8978393 22020326
8975397 22020335
8975409 22020335
8975430 22020335
8975441 22020335
8975457 22020335
8975467 22020335
8975607 22020335
8975848 22020335
8975852 22020335
8975865 22020335
8979354 22020335
8974933 22020342
8975090 22020342
8975187 22020342
8977047 22020352
8978943 22020352
8977049 22020356
8977198 22020356
8977269 22020356
8977319 22020356
8977707 22020356
8976306 22020361
8975560 22020365
8975724 22020365
8975562 22020369
8977046 22020371
8974833 22020376
8978364 22020376
8977541 22020381
8977543 22020381
8977542 22020385
8977429 22020394
8977431 22020394
8977435 22020394
8977442 22020394
8977486 22020394
8977711 22020394
8978525 22020394
8976738 22020399
8978471 22020399
8977627 22020401
8977629 22020401
8978541 22020401
8977264 22020405
8977266 22020405
8977268 22020405
8977270 22020405
8977271 22020405
8977310 22020405
8977623 22020405
8977625 22020405
8977626 22020405
8977632 22020407
8977633 22020407
8975231 22020411
8975233 22020411
8979584 22020411
8979586 22020411
8975403 22020415
8975405 22020415
8975407 22020415
8975408 22020415
8975840 22020415
8979199 22020415
8976676 22020418
8976942 22020421
8976950 22020421
8979303 22020424
8979304 22020429
8979305 22020429
8974992 22020432
8975550 22020437
8975352 22020441
8975352 51538215
8975354 22020441
8975354 51538215
8975450 22020443
8975985 22020446
8975986 22020446
8975988 22020446
8975989 22020446
8975991 22020446
8975992 22020446
8976770 22020446
8979168 22020446
8979169 22020446
8974384 22020459
8974385 22020459
8974443 22020461
8974466 22020490
8974716 22020490
8974898 22020490
8978379 22020490
8978568 22020490
8979615 22020490
8976265 22020500
8974497 22020524
8974498 22020524
8974499 22020524
8974500 22020524
8974678 22020524
8974696 22020524
8974873 22020524
8978001 22020524
8978966 22020524
8979035 22020524
8979616 22020524
8977813 22020531
8977911 22020531
8977927 22020531
8976148 22020539
8974401 22020553
8978340 22020553
8978559 22020553
8979575 22020553
8979196 22020556
8979197 22020560
8979472 22020563
8979476 22020563
8979477 22020563
8979484 22020563
8979485 22020563
8976281 22020566
8975003 22020570
8976147 22020579
8976184 22020579
8976726 22020579
8976728 22020579
8974949 22020584
8975020 22020610
8975043 22020610
8975059 22020610
8975214 22020610
8975332 22020610
8976962 22020610
8976994 22020610
8977016 22020610
8977029 22020610
8977038 22020610
8977050 22020610
8977098 22020610
8977102 22020610
8977144 22020610
8977147 22020610
8977158 22020610
8977174 22020610
8977194 22020610
8977212 22020610
8977324 22020610
8977548 22020610
8977598 22020610
8977651 22020610
8977680 22020610
8978323 22020610
8978615 22020610
8978616 22020610
8978918 22020610
8978944 22020610
8979012 22020610
8979623 22020610
8974404 22020616
8974545 22020616
8977409 22020621
8974985 22020623
8974993 22020623
8978686 22020627
8976302 22020631
8975486 22020640
8975499 22020640
8975519 22020640
8975624 22020640
8974357 22020643
8979216 22020643
8979217 22020643
8974330 22020647
8975376 22020647
8975458 22020647
8975583 22020647
8975990 22020649
8978195 22020652
8979206 22020652
8979207 22020652
8977419 22020662
8977444 22020662
8977477 22020662
8977500 22020662
8976258 22020668
8976854 22020668
8978451 22020668
8977004 22020670
8977006 22020670
8978975 22020673
8975399 22020676
8975833 22020676
8975884 22020676
8978826 22020676
8978834 22020676
8978835 22020676
8979158 22020676
8979159 22020676
8976200 22020680
8979060 22020680
8979061 22020680
8974945 22020687
8974947 22020687
8975082 22020687
8975096 22020687
8975099 22020687
8975261 22020687
8978386 22020687
8978389 22020687
8976883 22020689
8974999 22020692
8974426 22020697
8974440 22020697
8974574 22020697
8974579 22020697
8974805 22020697
8978558 22020697
8976234 22020700
8976242 22020700
8976680 22020700
8976744 22020700
8976679 22020703
8976681 22020703
8976682 22020703
8975540 22020712
8975553 22020712
8975702 22020712
8975705 22020712
8975726 22020712
8977332 22020712
8978575 22020712
8977554 22020716
8977653 22020716
8979082 22020716
8979084 22020716
8979085 22020716
8976295 22020720
8974965 22020722
8974966 22020722
8976869 22020726
8978448 22020726
8976941 22020729
8976945 22020729
8979262 22020738
8974769 22020739
8978883 22020747
8978886 22020747
8978687 22020749
8974595 22020752
8976568 22020755
8977028 22020759
8977030 22020759
8977031 22020759
8977215 22020759
8977312 22020759
8977706 22020759
8977025 22020762
8977436 22020765
8975002 22020779
8975005 22020779
8975006 22020779
8976209 22020785
8976219 22020785
8976250 22020785
8976416 22020785
8976693 22020785
8976698 22020785
8976700 22020785
8976846 22020785
8976850 22020785
8979142 22020785
8979143 22020785
8979062 22020787
8976164 22020792
8976168 22020792
8976572 22020792
8979116 22020792
8979117 22020792
8975471 22020803
8975632 22020803
8975784 22020803
8978899 22020808
8976241 22020809
8976243 22020809
8975978 22020815
8975980 22020815
8975982 22020815
8976401 22020815
8976620 22020819
8974996 22020822
8974997 22020822
8974998 22020822
8979090 22020825
8979091 22020825
8976028 22020829
8975428 22020832
8975433 22020832
8974725 22020842
8974759 22020842
8978359 22020842
8978360 22020842
8979595 22020842
8979596 22020842
8974590 22020848
8974799 22020848
8977674 22020848
8975917 22020852
8975920 22020852
8975921 22020852
8975923 22020852
8976322 22020852
8976405 22020852
8976786 22020852
8978473 22020852
8976270 22020862
8976271 22020862
8976274 22020862
8976432 22020862
8976315 22020866
8975935 22020870
8979298 22020870
8976819 22020875
8978442 22020875
8976015 22020878
8976070 22020880
8976089 22020880
8976368 22020880
8976658 22020880
8976252 22020885
8978450 22020885
8978341 22020887
8975530 22020891
8975395 22020895
8975406 22020895
8976179 22020898
8976183 22020898
8976574 22020898
8979120 22020898
8979121 22020898
8976032 22020903
8976514 22020903
8976885 22020903
8976887 22020903
8978925 22020903
8978701 22020906
8975528 22020911
8975672 22020911
8975675 22020911
8975757 22020911
8976257 22020915
8976426 22020926
8977015 22020926
8977017 22020926
8977021 22020926
8977166 22020926
8977229 22020926
8977235 22020926
8977306 22020926
8978517 22020926
8978602 22020926
8978945 22020926
8975816 22020927
8975058 22020932
8975061 22020932
8975062 22020932
8975064 22020932
8975146 22020932
8975151 22020932
8975153 22020932
8975157 22020932
8975159 22020932
8978339 22020936
8978537 22020941
8978897 22020941
8978898 22020941
8976030 22020944
8975924 22020946
8975948 22020946
8975962 22020946
8975979 22020946
8975995 22020946
8977557 22020948
8977654 22020948
8979086 22020948
8979088 22020948
8979089 22020948
8976951 22020952
8976958 22020952
8977063 22020952
8978521 22020952
8975390 22020957
8978932 22020957
8977556 22020960
8977768 22020961
8976936 22020963
8979208 22020963
8979209 22020963
8975929 22020966
8976756 22020966
8976643 22020969
8978468 22020969
8976262 22020974
8976435 22020974
8976502 22020974
8978981 22020974
8976268 22020977
8976533 22020977
8976233 22020978
8976235 22020978
8976345 22020978
8975953 22020981
8975984 22020981
8975432 22020982
8975434 22020982
8975437 22020982
8975438 22020982
8975440 22020982
8975442 22020982
8975864 22020982
8975538 22020987
8974816 22020994
8974817 22020994
8979252 22020997
8979332 22020997
8974986 22020999
8979149 22021005
8979544 22021005
8979545 22021005
8979353 22021007
8976932 22021009
8978900 22021009
8979296 22021011
8979363 22021012
8976246 22021016
8976247 22021016
8977018 22021097
8974665 22021101
8975894 22021101
8975908 22021101
8977694 22021101
8975038 22021113
8975040 22021113
8975044 22021113
8975131 22021113
8975148 22021113
8978620 22021113
8977816 22021119
8976822 22021125
8976955 22021125
8976959 22021125
8977249 22021125
8979202 22021125
8979203 22021125
8979630 22021131
8979067 22021135
8977428 22021136
8978342 22021138
8979240 22021138
8979241 22021138
8976259 22021141
8976427 22021141
8979326 22021142
8979327 22021143
8975893 22021149
8975895 22021149
8975897 22021149
8976346 22021149
8976351 22021149
8976762 22021149
8978631 22021149
8976131 22021151
8975531 22021155
8975549 22021155
8975687 22021155
8975700 22021155
8975740 22021155
8974318 22021164
8974341 22021164
8975384 22021164
8975772 22021164
8978409 22021164
8975506 22021167
8975747 22021167
8978426 22021167
8975001 22021169
8975310 22021169
8979066 22021169
8976418 22021173
8976691 22021173
8978935 22021173
8979371 22021173
8975267 22021177
8975829 22021179
8975468 22021182
8975470 22021182
8975568 22021182
8975596 22021182
8975603 22021182
8975392 22021188
8975394 22021188
8975396 22021188
8975398 22021188
8975836 22021188
8978828 22021188
8975415 22021197
8975417 22021197
8975422 22021197
8975862 22021197
8978665 22021197
8978666 22021197
8978674 22021197
8978566 22021202
8975961 22021203
8976146 22021209
8976773 22021209
8975009 22021213
8975011 22021213
8979130 22021214
8979131 22021214
8976123 22021217
8976150 22021219
8976159 22021219
8976173 22021219
8976189 22021219
8979118 22021219
8979119 22021219
8976010 22021223
8975387 22021227
8975389 22021227
8978524 22021229
8976266 22021230
8978565 22021238
8975502 22021244
8975646 22021244
8979148 22021245
8974660 22021259
8974867 22021259
8975297 22021259
8975311 22021259
8978395 22021259
8974674 22021266
8976557 22021266
8978910 22021266
8979200 22021266
8979201 22021266
8978530 22021274
8976022 22021277
8976042 22021277
8976785 22021277
8976790 22021277
8977767 22021277
8975970 22021279
8979318 22021283
8976946 22021287
8977279 22021287
8979211 22021287
8979309 22021289
8977432 22021294
8977434 22021294
8975017 22021299
8975025 22021299
8975049 22021299
8975060 22021299
8975123 22021299
8975143 22021299
8975154 22021299
8975334 22021299
8976960 22021299
8977060 22021299
8977295 22021299
8978539 22021299
8978940 22021299
8974932 22021309
8974948 22021309
8974952 22021309
8975076 22021309
8975201 22021309
8978385 22021309
8979620 22021309
8979621 22021309
8976114 22021337
8979106 22021337
8979107 22021337
8974987 22021341
8976753 22021344
8976195 22021346
8976686 22021346
8976688 22021346
8977003 22021349
8977090 22021349
8976956 22021356
8976980 22021356
8976983 22021356
8977072 22021356
8977094 22021356
8978197 22021356
8978198 22021356
8978513 22021356
8979204 22021356
8979205 22021356
8975034 22021368
8975041 22021368
8975163 22021368
8975312 22021368
8978394 22021368
8978396 22021368
8976051 22021388
8976372 22021388
8976645 22021388
8978977 22021388
8978978 22021388
8979045 22021388
8979555 22021388
8979556 22021388
8976186 22021393
8976212 22021393
8976224 22021393
8976172 22021395
8975537 22021401
8975695 22021401
8976272 22021409
8976275 22021409
8976273 22021414
8978464 22021419
8976443 22021423
8977225 22021423
8978997 22021423
8975414 22021426
8978430 22021426
8976080 22021429
8976210 22021433
8976709 22021433
8979128 22021433
8979129 22021433
8979154 22021436
8979155 22021436
8979156 22021436
8979157 22021436
8975449 22021439
8975452 22021439
8975453 22021439
8975455 22021439
8975456 22021439
8975424 22021441
8975425 22021441
8975429 22021441
8976016 22021446
8978549 22021446
8974626 22021454
8974779 22021454
8978881 22021459
8978884 22021459
8976284 22021465
8976294 22021465
8975947 22021468
8976004 22021471
8976008 22021471
8976320 22021471
8977760 22021471
8977341 22021475
8977342 22021475
8977385 22021475
8979049 22021477
8977462 22021479
8978074 22021481
8975461 22021487
8975474 22021487
8975501 22021487
8975516 22021487
8975611 22021487
8975626 22021487
8975801 22021487
8978700 22021487
8974367 22021490
8976755 22021491
8976776 22021491
8976135 22021493
8976136 22021494
8976292 22021495
8975825 22021496
8979447 22021498
8979448 22021498
8975729 22021500
8976082 22021505
8976545 22021505
8976836 22021505
8978356 22021505
8979043 22021505
8979228 22021508
8979229 22021508
8978781 22021512
8978782 22021512
8979598 22021512
8979600 22021512
8979601 22021512
8974395 22021518
8974731 22021518
8974755 22021518
8977937 22021518
8977938 22021518
8974415 22021537
8974418 22021537
8974433 22021537
8974446 22021537
8974463 22021537
8974473 22021537
8974477 22021537
8974481 22021537
8974516 22021537
8974563 22021537
8974588 22021537
8974616 22021537
8974618 22021537
8974749 22021537
8978347 22021537
8979226 22021537
8979227 22021537
8974485 22021543
8974489 22021543
8974493 22021543
8974662 22021543
8977338 22021552
8977340 22021552
8977360 22021552
8977374 22021552
8977377 22021552
8977395 22021552
8977414 22021552
8978523 22021552
8978946 22021552
8977454 22021554
8974425 22021556
8974710 22021556
8976013 22021558
8976758 22021558
8976095 22021563
8976100 22021563
8976104 22021563
8976109 22021563
8976119 22021563
8976132 22021563
8976140 22021563
8976152 22021563
8976163 22021563
8979059 22021563
8976097 22021567
8976151 22021572
8976155 22021572
8976570 22021572
8979112 22021572
8979113 22021572
8975911 22021577
8975490 22021583
8975493 22021583
8975613 22021583
8977570 22021586
8977586 22021586
8977615 22021586
8976973 22021597
8976997 22021597
8977014 22021597
8977027 22021597
8977041 22021597
8977084 22021597
8977087 22021597
8977110 22021597
8977243 22021597
8979004 22021597
8975255 22021599
8975356 22021599
8978399 22021603
8976038 22021605
8977345 22021641
8977372 22021641
8975525 22021652
8975536 22021652
8975542 22021652
8975557 22021652
8975658 22021652
8975677 22021652
8975680 22021652
8975697 22021652
8975526 22021654
8977337 22021656
8978416 22021656
8979019 22021668
8979020 22021668
8976222 22021675
8976223 22021675
8976225 22021675
8976226 22021675
8976229 22021675
8976231 22021675
8975941 22021678
8975942 22021678
8975944 22021678
8975479 22021688
8975482 22021688
8975914 22021688
8975915 22021688
8975918 22021688
8976343 22021688
8979512 22021688
8979531 22021688
8979588 22021688
8976765 22021692
8979172 22021692
8979174 22021692
8979175 22021692
8978963 22021697
8978902 22021699
8978903 22021699
8979124 22021699
8979125 22021699
8979132 22021699
8979133 22021699
8979138 22021699
8979139 22021699
8976053 22021703
8974787 22021706
8976149 22021709
8974412 22021716
8974414 22021716
8979611 22021716
8974417 22021720
8974576 22021720
8977976 22021720
8977977 22021720
8977546 22021725
8977547 22021725
8977550 22021725
8977596 22021725
8977551 22021729
8977552 22021729
8977553 22021729
8977624 22021729
8977628 22021729
8977631 22021729
8977639 22021729
8979643 22021738
8977538 22021744
8975488 22021754
8975631 22021754
8974313 22021759
8974316 22021759
8974335 22021759
8974347 22021759
8975379 22021759
8975459 22021759
8975586 22021759
8976007 22021761
8976005 22021763
8974379 22021790
8974381 22021790
8974391 22021790
8974403 22021790
8974405 22021790
8974534 22021790
8974740 22021790
8974753 22021790
8977778 22021790
8978956 22021790
8974406 22021795
8974565 22021805
8977973 22021805
8977974 22021805
8975418 22021807
8975421 22021807
8979312 22021810
8975546 22021814
8975552 22021814
8975828 22021814
8978415 22021814
8979628 22021814
8977035 22021822
8977039 22021822
8977040 22021822
8977042 22021822
8977181 22021822
8977188 22021822
8977191 22021822
8977209 22021822
8977218 22021822
8977267 22021822
8977316 22021822
8978516 22021822
8976493 22021826
8978456 22021826
8975548 22021828
8977685 22021828
8979051 22021829
8979152 22021831
8979153 22021831
8975716 22021835
8976303 22021835
8976464 22021835
8975558 22021841
8975720 22021841
8975722 22021841
8976310 22021845
8975532 22021847
8975683 22021847
8975685 22021847
8978926 22021847
8976267 22021849
8976440 22021849
8977416 22021853
8977473 22021853
8978938 22021855
8974314 22021864
8974315 22021864
8979013 22021864
8979014 22021864
8979052 22021865
8979612 22021869
8974438 22021875
8974584 22021875
8976035 22021876
8975481 22021882
8979454 22021885
8979530 22021885
8977008 22021887
8979001 22021887
8976201 22021898
8976206 22021898
8976576 22021898
8976857 22021898
8977002 22021898
8977152 22021898
8978472 22021898
8979122 22021898
8979123 22021898
8979430 22021898
8979431 22021898
8975620 22021907
8975778 22021907
8976237 22021910
8976238 22021910
8976711 22021910
8975248 22021913
8977012 22021931
8977013 22021931
8977023 22021931
8977032 22021931
8977043 22021931
8977122 22021931
8977127 22021931
8977156 22021931
8977164 22021931
8977169 22021931
8977171 22021931
8977177 22021931
8977186 22021931
8977549 22021931
8977593 22021931
8978531 22021931
8979637 22021931
8977575 22021934
8977602 22021934
8978677 22021938
8978678 22021938
8976011 22021940
8976027 22021940
8976046 22021940
8976063 22021940
8975048 22021943
8975127 22021943
8974714 22021948
8978562 22021948
8978563 22021948
8979614 22021959
8975498 22021961
8976984 22021964
8976458 22021975
8978895 22021975
8978983 22021975
8976066 22021978
8976072 22021984
8976369 22021984
8975919 22021987
8979645 22021987
8976472 22021989
8977413 22021989
8976290 22021998
8976298 22021998
8976300 22021998
8976523 22021998
8976585 22021998
8976622 22021998
8976740 22021998
8978457 22021998
8976279 22022001
8978998 22022001
8976344 22022006
8977412 22022006
8977420 22022006
8977446 22022006
8977468 22022006
8978994 22022006
8978995 22022006
8979053 22022006
8979642 22022006
8978414 22022010
8975535 22022017
8975692 22022017
8979260 22022019
8979054 22022020
8974422 22022023
8978878 22022023
8978879 22022023
8974428 22022024
8976078 22022025
8976096 22022026
8979150 22022026
8979151 22022026
8975028 22022030
8974954 22022043
8975093 22022043
8975180 22022043
8978392 22022043
8975039 22022049
8975057 22022049
8978784 22022049
8978785 22022049
8976957 22022051
8976939 22022054
8978688 22022054
8976037 22022056
8976040 22022056
8976043 22022056
8976143 22022075
8976157 22022075
8976255 22022075
8976288 22022075
8976423 22022075
8976495 22022075
8976800 22022075
8978458 22022075
8979096 22022075
8979097 22022075
8974990 22022080
8974991 22022080
8976654 22022103
8978463 22022103
8978971 22022103
8979649 22022105
8975517 22022108
8975930 22022110
8975932 22022110
8975933 22022110
8975927 22022114
8979046 22022116
8979047 22022116
8974943 22022118
8974934 22022127
8974935 22022127
8974936 22022127
8974939 22022127
8975088 22022127
8975184 22022127
8975193 22022127
8975236 22022127
8978343 22022127
8978361 22022127
8979283 22022129
8976086 22022137
8976091 22022137
8976113 22022137
8976387 22022137
8976745 22022137
8976986 22022137
8979632 22022137
8974560 22022139
8976120 22022142
8977422 22022148
8977498 22022148
8974797 22022154
8974798 22022154
8978372 22022167
8978383 22022167
8979034 22022167
8978882 22022170
8974382 22022179
8974397 22022179
8974407 22022179
8974413 22022179
8974420 22022179
8974447 22022179
8974551 22022179
8974554 22022179
8974718 22022179
8974727 22022179
8974757 22022179
8978350 22022179
8975909 22022219
8976407 22022219
8974994 22022223
8975250 22022223
8976256 22022226
8976261 22022226
8976287 22022226
8976421 22022226
8976449 22022226
8979095 22022226
8979635 22022226
8975554 22022237
8975561 22022237
8975712 22022237
8977334 22022237
8977343 22022237
8977351 22022237
8977709 22022237
8975522 22022242
8975669 22022242
8974984 22022246
8975464 22022249
8975489 22022249
8975605 22022249
8978529 22022252
8976128 22022254
8979357 22022254
8976293 22022257
8976296 22022257
8976460 22022257
8976477 22022257
8975545 22022262
8975708 22022268
8976469 22022268
8978455 22022268
8979636 22022273
8975382 22022290
8975383 22022290
8975601 22022290
8975638 22022290
8978569 22022290
8976954 22022296
8977276 22022309
8977277 22022309
8977278 22022309
8976081 22022316
8975971 22022321
8975973 22022321
8975975 22022321
8979186 22022321
8979187 22022321
8975922 22022324
8976779 22022324
8979063 22022324
8979176 22022324
8979177 22022324
8975539 22022328
8978272 22022331
8978617 22022331
8975326 22022332
8979627 22022332
8974452 22022337
8974461 22022337
8974467 22022337
8974628 22022337
8974913 22022337
8977675 22022337
8978381 22022337
8975230 22022344
8978387 22022344
8978388 22022348
8975896 22022353
8975903 22022353
8975910 22022353
8976052 22022353
8976349 22022353
8976360 22022353
8978958 22022353
8979618 22022357
8979631 22022361
8975507 22022375
8975512 22022375
8975513 22022375
8975567 22022375
8975663 22022375
8975744 22022375
8975520 22022380
8975666 22022380
8977011 22022386
8977138 22022386
8977141 22022386
8977149 22022386
8977301 22022386
8978960 22022388
8978355 22022391
8976116 22022394
8976076 22022400
8978447 22022400
8976077 22022405
8976079 22022405
8976379 22022405
8976384 22022405
8979469 22022411
8979474 22022411
8979475 22022411
8979497 22022411
8979511 22022411
8974398 22022412
8976058 22022414
8978633 22022415
8974804 22022418
8979321 22022418
8978211 22022419
8979220 22022419
8979222 22022419
8979223 22022419
8975931 22022421
8975950 22022421
8975964 22022421
8975996 22022421
8976064 22022422
8978693 22022422
8977528 22022423
8976304 22022427
8976467 22022427
8979356 22022429
8976240 22022431
8976248 22022431
8976678 22022431
8979136 22022431
8979137 22022431
8975954 22022432
8974457 22022439
8974458 22022439
8974464 22022439
8974603 22022439
8974634 22022439
8974649 22022439
8974691 22022439
8974899 22022439
8975892 22022439
8975907 22022439
8976354 22022439
8978373 22022439
8978934 22022439
8978454 22022440
8976253 22022442
8979057 22022444
8975307 22022446
8979039 22022448
8978200 22022453
8978201 22022453
8974319 22022465
8974320 22022465
8974321 22022465
8974339 22022465
8974345 22022465
8974349 22022465
8974362 22022465
8974363 22022465
8975026 22022477
8975029 22022477
8975030 22022477
8975120 22022477
8975217 22022477
8979619 22022477
8974465 22022485
8974468 22022485
8974469 22022485
8974639 22022485
8974642 22022485
8974652 22022485
8974655 22022485
8974688 22022485
8974783 22022485
8978370 22022485
8975053 22022489
8975138 22022489
8974950 22022492
8974959 22022492
8974961 22022492
8975238 22022492
8979244 22022492
8979245 22022492
8975054 22022494
8979224 22022494
8979225 22022494
8976987 22022495
8979329 22022497
8979308 22022499
8978870 22022502
8974436 22022514
8974437 22022514
8974439 22022514
8974441 22022514
8974444 22022514
8974445 22022514
8974448 22022514
8974582 22022514
8974587 22022514
8974598 22022514
8974605 22022514
8974623 22022514
8974706 22022514
8974775 22022514
8974812 22022514
8974814 22022514
8974983 22022514
8975166 22022514
8975288 22022514
8977673 22022514
8977676 22022514
8978352 22022514
8978704 22022514
8978705 22022514
8979230 22022514
8979231 22022514
8979624 22022514
8979625 22022514
8979626 22022514
8976045 22022516
8979077 22022516
8976009 22022519
8976062 22022519
8976876 22022519
8977349 22022520
8978576 22022526
8975491 22022528
8975509 22022528
8975641 22022528
8978423 22022528
8974322 22022534
8975381 22022534
8975445 22022534
8975637 22022534
8977493 22022539
8977514 22022539
8976952 22022541
8978939 22022541
8976965 22022544
8977333 22022547
8977356 22022547
8978664 22022547
8974392 22022553
8976026 22022554
8976039 22022554
8976291 22022560
