7817632 17288455
7817632 17320691
7817662 17288455
7817662 17320691
7817741 17288455
7817741 17320691
7817742 17288457
7817742 17320686
7819553 17286421
7819553 17358963
7817404 17285845
7817404 17481532
7824989 17287151
7824990 17287151
7824990 17485453
7824988 17287318
7817352 17287318
7817352 17489562
7824987 17287318
7824987 17489562
7685901 17287379
7685901 17492797
7686053 17287518
7686053 17492992
7686056 17287518
7686056 17492992
7819486 104174957
7819486 17287951
7819714 104174957
7819714 17287951
7819715 104174957
7819715 17287951
7819716 104174957
7819716 17287951
7819717 104174957
7819717 17287951
7819721 104174957
7819721 17287951
7819722 104174957
7819722 17287951
7819723 104174957
7819723 17287951
7819822 104174957
7819822 17287951
7820041 104174957
7820041 17287951
7821935 104174957
7821935 17287951
7823121 104174957
7823121 17287951
7823122 104174957
7823122 17287951
7824835 104174957
7824835 17287951
7817365 113156128
7817365 17287482
7817422 113156128
7817422 17287482
7819339 113156128
7819339 17287482
7819345 113156128
7819345 17287482
7819572 113156128
7819572 17287482
7821874 113156128
7821874 17287482
7821877 113156128
7821877 17287482
7819067 113156155
7819067 17287670
7819067 48314380
7819067 48314381
7819067 78828571
7819067 78828646
7819481 113156155
7819481 17287670
7819481 48314380
7819481 48314381
7819481 78828571
7819481 78828646
7819482 113156155
7819482 17287670
7819482 48314380
7819482 48314381
7819482 78828571
7819482 78828646
7819483 113156155
7819483 17287670
7819483 48314380
7819483 48314381
7819483 78828571
7819483 78828646
7819484 113156155
7819484 17287670
7819484 48314380
7819484 48314381
7819484 78828571
7819484 78828646
7820083 113156155
7820083 17287670
7820083 48314380
7820083 48314381
7820083 78828571
7820083 78828646
7820184 113156155
7820184 17287670
7820184 48314380
7820184 48314381
7820184 78828571
7820184 78828646
7821881 113156155
7821881 17287670
7821881 48314380
7821881 48314381
7821881 78828571
7821881 78828646
7823266 113156155
7823266 17287670
7823266 48314380
7823266 48314381
7823266 78828571
7823266 78828646
7823274 113156155
7823274 17287670
7823274 48314380
7823274 48314381
7823274 78828571
7823274 78828646
7823275 113156155
7823275 17287670
7823275 48314380
7823275 48314381
7823275 78828571
7823275 78828646
7823314 113156155
7823314 17287670
7823314 48314380
7823314 48314381
7823314 78828571
7823314 78828646
7823315 113156155
7823315 17287670
7823315 48314380
7823315 48314381
7823315 78828571
7823315 78828646
7823317 113156155
7823317 17287670
7823317 48314380
7823317 48314381
7823317 78828571
7823317 78828646
7823318 113156155
7823318 17287670
7823318 48314380
7823318 48314381
7823318 78828571
7823318 78828646
7823326 113156155
7823326 17287670
7823326 48314380
7823326 48314381
7823326 78828571
7823326 78828646
7823329 113156155
7823329 17287670
7823329 48314380
7823329 48314381
7823329 78828571
7823329 78828646
7823330 113156155
7823330 17287670
7823330 48314380
7823330 48314381
7823330 78828571
7823330 78828646
7823641 113156155
7823641 17287670
7823641 48314380
7823641 48314381
7823641 78828571
7823641 78828646
7823651 113156155
7823651 17287670
7823651 48314380
7823651 48314381
7823651 78828571
7823651 78828646
7823654 113156155
7823654 17287670
7823654 48314380
7823654 48314381
7823654 78828571
7823654 78828646
7823657 113156155
7823657 17287670
7823657 48314380
7823657 48314381
7823657 78828571
7823657 78828646
7823659 113156155
7823659 17287670
7823659 48314380
7823659 48314381
7823659 78828571
7823659 78828646
7823662 113156155
7823662 17287670
7823662 48314380
7823662 48314381
7823662 78828571
7823662 78828646
7823663 113156155
7823663 17287670
7823663 48314380
7823663 48314381
7823663 78828571
7823663 78828646
7823721 113156155
7823721 17287670
7823721 48314380
7823721 48314381
7823721 78828571
7823721 78828646
7823722 113156155
7823722 17287670
7823722 48314380
7823722 48314381
7823722 78828571
7823722 78828646
7823724 113156155
7823724 17287670
7823724 48314380
7823724 48314381
7823724 78828571
7823724 78828646
7823725 113156155
7823725 17287670
7823725 48314380
7823725 48314381
7823725 78828571
7823725 78828646
7823727 113156155
7823727 17287670
7823727 48314380
7823727 48314381
7823727 78828571
7823727 78828646
7823732 113156155
7823732 17287670
7823732 48314380
7823732 48314381
7823732 78828571
7823732 78828646
7824190 113156155
7824190 17287670
7824190 48314380
7824190 48314381
7824190 78828571
7824190 78828646
7820419 113156160
7820419 164972550
7820419 17287648
7820419 17490634
7820346 113156160
7820346 164972550
7820346 17287654
7820346 17490634
7820349 113156160
7820349 164972550
7820349 17287654
7820349 17490634
7820373 113156160
7820373 164972550
7820373 17287654
7820373 17490634
7820381 113156160
7820381 164972550
7820381 17287654
7820381 17490634
7820386 113156160
7820386 164972550
7820386 17287654
7820386 17490634
7820520 113156160
7820520 164972550
7820520 17287654
7820520 17490634
7820730 113156160
7820730 164972550
7820730 17287654
7820730 17490634
7820732 113156160
7820732 164972550
7820732 17287654
7820732 17490634
7820735 113156160
7820735 164972550
7820735 17287654
7820735 17490634
7821531 113156160
7821531 164972550
7821531 17287654
7821531 17490634
7822053 113156160
7822053 164972550
7822053 17287654
7822053 17490634
7822055 113156160
7822055 164972550
7822055 17287654
7822055 17490634
7823926 113156160
7823926 164972550
7823926 17287654
7823926 17490634
7823927 113156160
7823927 164972550
7823927 17287654
7823927 17490634
7823930 113156160
7823930 164972550
7823930 17287654
7823930 17490634
7823931 113156160
7823931 164972550
7823931 17287654
7823931 17490634
7824661 113156160
7824661 164972550
7824661 17287654
7824661 17490634
7820641 113156160
7820641 164972550
7820641 17287655
7820641 17490634
7818973 167430528
7818973 17288304
7818974 167430528
7818974 17288304
7818990 167430528
7818990 17288304
7819071 167430528
7819071 17288304
7819267 167430528
7819267 17288304
7819836 167430528
7819836 17288304
7819838 167430528
7819838 17288304
7819840 167430528
7819840 17288304
7819841 167430528
7819841 17288304
7819842 167430528
7819842 17288304
7820078 167430528
7820078 17288304
7820108 167430528
7820108 17288304
7820194 167430528
7820194 17288304
7820211 167430528
7820211 17288304
7821503 167430528
7821503 17288304
7821551 167430528
7821551 17288304
7823304 167430528
7823304 17288304
7823305 167430528
7823305 17288304
7823322 167430528
7823322 17288304
7824535 167430528
7824535 17288304
7824536 167430528
7824536 17288304
7824863 167430528
7824863 17288304
7819687 17285528
7821318 17285530
7820447 17285531
7824634 17285534
7820758 17285535
7820921 17285535
7822978 17285535
7824727 17285535
7819865 17285537
7820124 17285537
7820125 17285537
7819604 17285540
7820117 17285540
7822321 17285540
7821313 17285542
7821807 17285544
7821925 17285544
7822507 17285547
7822508 17285547
7821927 17285550
7821928 17285550
7819568 17285553
7819569 17285553
7821799 17285556
7822049 17285556
7824266 17285559
7824267 17285559
7820570 17285562
7821007 17285565
7818601 17285569
7818768 17285569
7818769 17285569
7818993 17285569
7819026 17285569
7823734 17285569
7823735 17285569
7819782 17285573
7819956 17285573
7819958 17285573
7822305 17285573
7817627 17285576
7819601 17285577
7823348 17285577
7823349 17285577
7819146 17285579
7821880 17285580
7819034 17285582
7819148 17285583
7821995 17285584
7819036 17285586
7821138 17285587
7821998 17285588
7821886 17285589
7821887 17285591
7821888 17285591
7817390 17285592
7819675 17285595
7819767 17285595
7821779 17285596
7824252 17285596
7817174 17285598
7821215 17285600
7821221 17285600
7821222 17285600
7819982 17285602
7819983 17285602
7821220 17285604
7821223 17285604
7821224 17285604
7821225 17285604
7819123 17285606
7819985 17285607
7821000 17285609
7821000 40941144
7821000 40941181
7824857 17285609
7824857 40941144
7824857 40941181
7821972 17285611
7819987 17285613
7821002 17285615
7821002 40941183
7821002 40941190
7821002 40941202
7821002 97883097
7824860 17285615
7824860 40941183
7824860 40941190
7824860 40941202
7824860 97883097
7821974 17285616
7819692 17285618
7819988 17285618
7819989 17285620
7819002 17285628
7819004 17285628
7819006 17285628
7819008 17285628
7819014 17285628
7819018 17285628
7819020 17285628
7819269 17285628
7819891 17285628
7819894 17285628
7819896 17285628
7819898 17285628
7819899 17285628
7820244 17285628
7822232 17285628
7822726 17285628
7822731 17285628
7822732 17285628
7822765 17285628
7822792 17285628
7822793 17285628
7824818 17285628
7821977 17285629
7819659 17285631
7819878 17285631
7819654 17285633
7819655 17285633
7821869 17285634
7819656 17285635
7817485 17285637
7817486 17285637
7823090 17285638
7817263 17285639
7823094 17285640
7823096 17285640
7823095 17285642
7819214 17285643
7819215 17285643
7823099 17285644
7819216 17285646
7819963 17285647
7821317 17285649
7822473 17285649
7822491 17285649
7822492 17285649
7819217 17285651
7819105 17285652
7819965 17285653
7818809 17285654
7819106 17285654
7819107 17285655
7821208 17285657
7821209 17285657
7821955 17285658
7819969 17285659
7819631 17285661
7823083 17285661
7817460 17285663
7824871 17285663
7817461 17285664
7823291 17285666
7817463 17285667
7823581 17285668
7824453 17285668
7823294 17285669
7821849 17285671
7817467 17285673
7823297 17285675
7823184 17285677
7823185 17285677
7817469 17285679
7823586 17285681
7823186 17285683
7823189 17285686
7819941 17285687
7817996 17285688
7817997 17285688
7821930 17285689
7819943 17285690
7817773 17285692
7823491 17285693
7821934 17285695
7823892 17285697
7823780 17285699
7821936 17285701
7817777 17285703
7823895 17285705
7821711 17285706
7823670 17285707
7823271 17285709
7823272 17285709
7821826 17285711
7821900 17285711
7821902 17285711
7821903 17285711
7817563 17285713
7817667 17285713
7817555 17285714
7823273 17285715
7823499 17285717
7819728 17285720
7823386 17285721
7823387 17285721
7823560 17285723
7823276 17285724
7823676 17285726
7823563 17285728
7817221 17285730
7823052 17285731
7823279 17285733
7823679 17285735
7823053 17285736
7823566 17285738
7817337 17285740
7817338 17285740
7817224 17285742
7817225 17285742
7823056 17285743
7823569 17285745
7817227 17285748
7817307 17285748
7817114 17285749
7819921 17285751
7824510 17285751
7823980 17285753
7821910 17285755
7817752 17285757
7819924 17285759
7823983 17285760
7823869 17285762
7823870 17285762
7823873 17285762
7823471 17285765
7823984 17285767
7823871 17285769
7823985 17285772
7823986 17285772
7817755 17285773
7823360 17285775
7817643 17285776
7817813 17285778
7823474 17285778
7823987 17285780
7823877 17285784
7823878 17285784
7823251 17285786
7823652 17285788
7823365 17285789
7823366 17285789
7823479 17285790
7823540 17285793
7821809 17285795
7823655 17285797
7817312 17285799
7823369 17285800
7823543 17285802
7823544 17285802
7823257 17285806
7823258 17285806
7823145 17285808
7817202 17285810
7823658 17285812
7823032 17285814
7823547 17285816
7817205 17285817
7823035 17285819
7823038 17285820
7823962 17285821
7817296 17285824
7817435 17285824
7817436 17285824
7817533 17285824
7817536 17285824
7819902 17285824
7819906 17285824
7819907 17285824
7820220 17285824
7822104 17285824
7823071 17285824
7823072 17285824
7824037 17285824
7824043 17285824
7824044 17285824
7823851 17285826
7823965 17285829
7823854 17285831
7817511 17285834
7823968 17285835
7823230 17285837
7817513 17285838
7823630 17285841
7823631 17285841
7817402 17285845
7817403 17285845
7817515 17285846
7823859 17285848
7823520 17285849
7817629 17285850
7823233 17285851
7823120 17285852
7817517 17285854
7823635 17285855
7823636 17285855
7823523 17285857
7823236 17285858
7823123 17285861
7823011 17285862
7823637 17285864
7823126 17285865
7823014 17285868
7823527 17285871
7823528 17285874
7823529 17285874
7823129 17285876
7817820 17285877
7817821 17285877
7823017 17285879
7818071 17285881
7818072 17285882
7823939 17285884
7823940 17285884
7823941 17285886
7823942 17285887
7817939 17285888
7823831 17285890
7817828 17285892
7823432 17285894
7817695 17285896
7817697 17285896
7817699 17285896
7817701 17285896
7817702 17285896
7817715 17285896
7817720 17285896
7818257 17285896
7818261 17285896
7818263 17285896
7818265 17285896
7823384 17285896
7823385 17285896
7824143 17285896
7824144 17285896
7823720 17285897
7823947 17285898
7823834 17285899
7823435 17285900
7823723 17285901
7818489 17285902
7818490 17285902
7824105 17285902
7818491 17285904
7823324 17285905
7823726 17285907
7823214 17285908
7823215 17285908
7818495 17285910
7823102 17285912
7823328 17285914
7823502 17285917
7823729 17285920
7823218 17285922
7823219 17285922
7823105 17285923
7818385 17285924
7823505 17285926
7818033 17285928
7818273 17285928
7818387 17285929
7823108 17285930
7823508 17285931
7817803 17285933
7823921 17285934
7817806 17285936
7817807 17285936
7823411 17285937
7823924 17285938
7817808 17285940
7823300 17285941
7823814 17285942
7823415 17285944
7818582 17285946
7818471 17285949
7823817 17285952
7823307 17285956
7824582 17285956
7818476 17285957
7818363 17285959
7818364 17285959
7818477 17285962
7823848 17285962
7818478 17285964
7818366 17285965
7818368 17285967
7818370 17285967
7818371 17285967
7818568 17285967
7818782 17285971
7818784 17285973
7823904 17285975
7818830 17285978
7818899 17285978
7823907 17285979
7823908 17285981
7823909 17285982
7818451 17285985
7818341 17285986
7818456 17285988
7818345 17285990
7818459 17285992
7818019 17285994
7818021 17285994
7818434 17285995
7818435 17285995
7818436 17285995
7818324 17285997
7818438 17285998
7818326 17286000
7818327 17286000
7818747 17286003
7818747 78828665
7824868 17286003
7824868 78828665
7818748 17286005
7818748 78828658
7819197 17286005
7819197 78828658
7818410 17286007
7818412 17286008
7818415 17286012
7824593 17286012
7818502 17286014
7822052 17286015
7822054 17286016
7822056 17286018
7818810 17286019
7818812 17286022
7818813 17286025
7818814 17286025
7818815 17286025
7818816 17286025
7818844 17286025
7822252 17286026
7820079 17286028
7820080 17286028
7822253 17286030
7820081 17286031
7818806 17286032
7822255 17286032
7819996 17286036
7822257 17286036
7820086 17286038
7820088 17286038
7822033 17286039
7819573 17286041
7820087 17286041
7822894 17286043
7822036 17286044
7820398 17286046
7820061 17286049
7824193 17286051
7824194 17286051
7824080 17286053
7820064 17286055
7822982 17286056
7822124 17286059
7820178 17286061
7822326 17286061
7824195 17286062
7822011 17286064
7822012 17286064
7820066 17286066
7824083 17286067
7822872 17286069
7822128 17286071
7822015 17286072
7820069 17286074
7824086 17286077
7822875 17286078
7822016 17286079
7820591 17286081
7820801 17286081
7822989 17286083
7820592 17286084
7822878 17286085
7820593 17286087
7822879 17286088
7822540 17286090
7820597 17286092
7824391 17286093
7824394 17286094
7820351 17286096
7820378 17286096
7820379 17286096
7822211 17286098
7824171 17286099
7819877 17286100
7819879 17286100
7819881 17286100
7819883 17286100
7819885 17286100
7819887 17286100
7819889 17286100
7819908 17286100
7820042 17286100
7820043 17286103
7824399 17286106
7822961 17286107
7820587 17286110
7820790 17286110
7822962 17286111
7824721 17286111
7822103 17286113
7822963 17286115
7822850 17286118
7824176 17286119
7820047 17286120
7820048 17286120
7824065 17286122
7822853 17286124
7824068 17286125
7820571 17286126
7820461 17286129
7820915 17286129
7824592 17286130
7820350 17286132
7820383 17286132
7820384 17286132
7820576 17286134
7824595 17286136
7824368 17286140
7824371 17286140
7824372 17286140
7824373 17286142
7824374 17286142
7824487 17286144
7822529 17286146
7822530 17286146
7824262 17286149
7824375 17286150
7822940 17286151
7820248 17286153
7820250 17286153
7824265 17286155
7824152 17286157
7820022 17286160
7824378 17286164
7824040 17286165
7824706 17286165
7820023 17286168
7822309 17286171
7822316 17286171
7822943 17286173
7824268 17286174
7824155 17286177
7822831 17286178
7822834 17286178
7822835 17286178
7822946 17286180
7824045 17286182
7824046 17286182
7822833 17286183
7824158 17286184
7822836 17286186
7820777 17286187
7824049 17286189
7820441 17286190
7820444 17286191
7824461 17286193
7824350 17286195
7824351 17286197
7824241 17286198
7824354 17286200
7820971 17286202
7824469 17286205
7824131 17286206
7824132 17286206
7824357 17286208
7820002 17286212
7824133 17286214
7824134 17286214
7822921 17286215
7820004 17286217
7822923 17286219
7820006 17286220
7824137 17286223
7820007 17286227
7820754 17286229
7820008 17286231
7822926 17286234
7824771 17286235
7820755 17286237
7824660 17286239
7824027 17286241
7824774 17286244
7824440 17286247
7824441 17286249
7824329 17286251
7824330 17286251
7824331 17286252
7820414 17286254
7820427 17286254
7824444 17286256
7824334 17286257
7819629 17286260
7820205 17286260
7820207 17286260
7824449 17286262
7824450 17286262
7824111 17286264
7824339 17286265
7824340 17286265
7824114 17286267
7822902 17286268
7824001 17286270
7817718 17286281
7817719 17286281
7818270 17286281
7818271 17286281
7818274 17286281
7818276 17286281
7818277 17286281
7818279 17286281
7818281 17286281
7818283 17286281
7818285 17286281
7818287 17286281
7818289 17286281
7818291 17286281
7818295 17286281
7818298 17286281
7818300 17286281
7818302 17286281
7818305 17286281
7818349 17286281
7818369 17286281
7820711 17286281
7820714 17286281
7820720 17286281
7820722 17286281
7820724 17286281
7820843 17286281
7820911 17286281
7821133 17286281
7821135 17286281
7822372 17286281
7825010 17286281
7820731 17286284
7824117 17286285
7820733 17286286
7824750 17286290
7824004 17286291
7822907 17286292
7820736 17286294
7824007 17286295
7820738 17286296
7820402 17286298
7824420 17286300
7824421 17286301
7824647 17286303
7824648 17286306
7819190 17286307
7824423 17286310
7824424 17286310
7818236 17286313
7818241 17286313
7818243 17286313
7818244 17286313
7818252 17286313
7818254 17286313
7818255 17286313
7819022 17286313
7819024 17286313
7819025 17286313
7819191 17286313
7821739 17286313
7821990 17286313
7822188 17286313
7823390 17286313
7823391 17286313
7825008 17286313
7824425 17286315
7819192 17286317
7819193 17286317
7820409 17286319
7824428 17286321
7819196 17286323
7820820 17286325
7819198 17286326
7824318 17286329
7824206 17286330
7819088 17286332
7819089 17286333
7820826 17286334
7820828 17286336
7824735 17286337
7824624 17286338
7822840 17286341
7824514 17286341
7824515 17286341
7824402 17286342
7819170 17286343
7819172 17286344
7821160 17286346
7819059 17286347
7819060 17286347
7824407 17286348
7824408 17286348
7819176 17286350
7819224 17286350
7821165 17286352
7819065 17286354
7819066 17286354
7820802 17286355
7819179 17286356
7820804 17286358
7822861 17286358
7822226 17286360
7824821 17286360
7821168 17286362
7821169 17286362
7819068 17286363
7820806 17286365
7824711 17286366
7821692 17286368
7820808 17286370
7820809 17286370
7819155 17286373
7821890 17286375
7821891 17286375
7819158 17286376
7821146 17286378
7821893 17286380
7821148 17286383
7821783 17286385
7819571 17286386
7821785 17286387
7819992 17286388
7821347 17286391
7817186 17286397
7817188 17286397
7817189 17286397
7817214 17286397
7817253 17286397
7817704 17286397
7817706 17286397
7817708 17286397
7817712 17286397
7817713 17286397
7818210 17286397
7818212 17286397
7818214 17286397
7818216 17286397
7818218 17286397
7818220 17286397
7818221 17286397
7818223 17286397
7818225 17286397
7818227 17286397
7818229 17286397
7818231 17286397
7818233 17286397
7818234 17286397
7818480 17286397
7822436 17286397
7824806 17286397
7821871 17286398
7821984 17286401
7821873 17286402
7819660 17286406
7819661 17286408
7820039 17286408
7820040 17286408
7821987 17286410
7819662 17286411
7819663 17286411
7821876 17286412
7817488 17286415
7817491 17286415
7824566 17286415
7819664 17286417
7821878 17286418
7817493 17286420
7821322 17286422
7819222 17286424
7819223 17286424
7819971 17286426
7821211 17286429
7821212 17286429
7821213 17286429
7821214 17286429
7821216 17286429
7819973 17286431
7821961 17286432
7819229 17286434
7821962 17286435
7821963 17286435
7821217 17286436
7821218 17286436
7821219 17286436
7819977 17286440
7821966 17286443
7821109 17286444
7817471 17286445
7817473 17286447
7823190 17286448
7817476 17286450
7823193 17286452
7817477 17286454
7823087 17286455
7817215 17286459
7817216 17286459
7817257 17286459
7819205 17286461
7817780 17286462
7817781 17286462
7819206 17286463
7817894 17286465
7819209 17286467
7817614 17286470
7817672 17286470
7817703 17286470
7819957 17286471
7817787 17286473
7819959 17286475
7823792 17286476
7823793 17286476
7821834 17286478
7823392 17286479
7823393 17286479
7823282 17286480
7823796 17286482
7823396 17286484
7823572 17286485
7823285 17286487
7823172 17286490
7823173 17286490
7817455 17286493
7823399 17286496
7823062 17286497
7823288 17286499
7817458 17286500
7817459 17286500
7817120 17286503
7822084 17286503
7823176 17286505
7823068 17286507
7819932 17286510
7823992 17286512
7817762 17286514
7817763 17286514
7821922 17286517
7823482 17286518
7824341 17286518
7823995 17286520
7821811 17286522
7823883 17286524
7819939 17286527
7821830 17286528
7821926 17286528
7821929 17286528
7823485 17286530
7823998 17286531
7823887 17286533
7823888 17286533
7823374 17286535
7823377 17286535
7823378 17286535
7823261 17286537
7823661 17286539
7823488 17286542
7821818 17286544
7823550 17286547
7823889 17286549
7823264 17286551
7821819 17286552
7823665 17286554
7823666 17286554
7817210 17286556
7823553 17286557
7823267 17286559
7823041 17286560
7823667 17286562
7817325 17286565
7817212 17286567
7818007 17286567
7823157 17286569
7823048 17286570
7823049 17286570
7817218 17286573
7819910 17286574
7819912 17286574
7823971 17286576
7819914 17286579
7823974 17286580
7817745 17286582
7823862 17286584
7817633 17286585
7821905 17286586
7817521 17286587
7823977 17286588
7823465 17286589
7823865 17286590
7817523 17286592
7821907 17286593
7821908 17286593
7823466 17286595
7823241 17286599
7823354 17286602
7823355 17286602
7823356 17286602
7823643 17286605
7823644 17286605
7823645 17286605
7823244 17286607
7823357 17286609
7823531 17286611
7823532 17286611
7823245 17286613
7823132 17286615
7823533 17286617
7823646 17286619
7823248 17286622
7823135 17286623
7823649 17286625
7823537 17286627
7823139 17286630
7823950 17286633
7818004 17286634
7818087 17286634
7823953 17286635
7823841 17286637
7817500 17286641
7823730 17286642
7823956 17286643
7823733 17286644
7823846 17286645
7823959 17286646
7817504 17286647
7817617 17286650
7823334 17286651
7817506 17286652
7823736 17286654
7818391 17286656
7823111 17286658
7823511 17286659
7817508 17286660
7823225 17286661
7823226 17286661
7818392 17286663
7823512 17286664
7823513 17286664
7823000 17286665
7823739 17286666
7823227 17286667
7823114 17286668
7823514 17286669
7823003 17286670
7823629 17286672
7818397 17286673
7823117 17286675
7823006 17286677
7823009 17286679
7817927 17286681
7823932 17286683
7817929 17286684
7823820 17286688
7817817 17286690
7823422 17286691
7823935 17286692
7823823 17286693
7823824 17286694
7823311 17286695
7823312 17286695
7823200 17286697
7823313 17286698
7823426 17286700
7818481 17286702
7823828 17286703
7818596 17286705
7823203 17286706
7823316 17286708
7823429 17286709
7823204 17286710
7823605 17286712
7818373 17286713
7823319 17286715
7823719 17286717
7818376 17286718
7821481 17286718
7818041 17286719
7818043 17286722
7818045 17286725
7823800 17286728
7823403 17286729
7823404 17286729
7818684 17286731
7823405 17286733
7823805 17286735
7823806 17286735
7823918 17286737
7823408 17286739
7818350 17286742
7824587 17286742
7823809 17286744
7818463 17286747
7818464 17286747
7818465 17286747
7818353 17286749
7818466 17286751
7818355 17286753
7818357 17286755
7818020 17286757
7818029 17286759
7818202 17286759
7818441 17286761
7818445 17286762
7818335 17286764
7818337 17286765
7818339 17286766
7818422 17286768
7818958 17286769
7822172 17286772
7822173 17286772
7818401 17286774
7818403 17286774
7818404 17286774
7818405 17286775
7818406 17286775
7818408 17286776
7822593 17286778
7822595 17286779
7822598 17286780
7820094 17286783
7820095 17286783
7820235 17286783
7822794 17286785
7820071 17286788
7820073 17286790
7824090 17286792
7824091 17286792
7822359 17286794
7822992 17286796
7824092 17286797
7820076 17286799
7822022 17286801
7822882 17286802
7822023 17286804
7822024 17286804
7824095 17286805
7822997 17286807
7822885 17286808
7822026 17286810
7822027 17286811
7824098 17286812
7822028 17286813
7822029 17286813
7822888 17286814
7820380 17286816
7820385 17286817
7820387 17286820
7820050 17286821
7820389 17286823
7824293 17286825
7820052 17286828
7822001 17286830
7822225 17286830
7820054 17286833
7824071 17286835
7824072 17286836
7822973 17286837
7822002 17286839
7824074 17286840
7820058 17286841
7822976 17286843
7822004 17286844
7822005 17286844
7820059 17286846
7822864 17286848
7822865 17286850
7822006 17286851
7824077 17286854
7822979 17286856
7822008 17286858
7822869 17286860
7822647 17286861
7820589 17286866
7824382 17286870
7824383 17286870
7824271 17286872
7824161 17286874
7822950 17286876
7822952 17286876
7822951 17286877
7824051 17286879
7820037 17286880
7824054 17286881
7820038 17286883
7820784 17286886
7822957 17286887
7822958 17286887
7820787 17286889
7822847 17286891
7820788 17286894
7820810 17286894
7824059 17286896
7820789 17286897
7824584 17286899
7824586 17286900
7824360 17286902
7824588 17286905
7824475 17286907
7824589 17286912
7824250 17286913
7820121 17286914
7820122 17286914
7824364 17286916
7820010 17286918
7824140 17286919
7824253 17286920
7822930 17286922
7822931 17286922
7820012 17286925
7824030 17286926
7822932 17286927
7820014 17286931
7824257 17286932
7824145 17286935
7824436 17286935
7824437 17286935
7824033 17286937
7822935 17286939
7820018 17286940
7820764 17286942
7822824 17286944
7824036 17286946
7824149 17286948
7822827 17286950
7824676 17286951
7824452 17286953
7824567 17286955
7824455 17286957
7824344 17286959
7824232 17286962
7824458 17286964
7824121 17286965
7824122 17286965
7822910 17286967
7822911 17286968
7824123 17286970
7824124 17286970
7820740 17286971
7820854 17286974
7824238 17286976
7824013 17286978
7824127 17286980
7822917 17286982
7822918 17286982
7822919 17286982
7824016 17286983
7824762 17286986
7824764 17286992
7824019 17286995
7824767 17286999
7824655 17287002
7820413 17287004
7824431 17287007
7820415 17287011
7824659 17287015
7824434 17287017
7824101 17287019
7824328 17287021
7820945 17287024
7824104 17287027
7821085 17287029
7824854 17287032
7824108 17287034
7824520 17287038
7824749 17287040
7820506 17287042
7820506 48314560
7820507 17287042
7820507 48314560
7824523 17287044
7820508 17287046
7820508 48314569
7820509 17287046
7820509 48314569
7824639 17287048
7824413 17287050
7824414 17287050
7819182 17287051
7821170 17287053
7824417 17287056
7819186 17287058
7819188 17287059
7820812 17287062
7821063 17287064
7821176 17287065
7821064 17287067
7821065 17287069
7819079 17287071
7820817 17287074
7820818 17287074
7824611 17287076
7824726 17287078
7821370 17287079
7821376 17287079
7819163 17287083
7821150 17287085
7824509 17287086
7819052 17287088
7819165 17287090
7819167 17287092
7819055 17287095
7819056 17287095
7821042 17287097
7819690 17287100
7819691 17287103
7819693 17287103
7821045 17287106
7821158 17287109
7819694 17287112
7819695 17287112
7824815 17287113
7819696 17287114
7819698 17287117
7819140 17287119
7817197 17287121
7817198 17287123
7821941 17287126
7820456 17287128
7820662 17287128
7817930 17287131
7817932 17287131
7818166 17287131
7818168 17287131
7818325 17287131
7818510 17287131
7824803 17287134
7818622 17287137
7818711 17287137
7821949 17287139
7821951 17287139
7821952 17287139
7824729 17287139
7817177 17287140
7817140 17287141
7818895 17287143
7818822 17287146
7821750 17287149
7821163 17287154
7822401 17287154
7817165 17287162
7817165 80646476
7817165 80646480
7817166 17287162
7817166 80646476
7817166 80646480
7817967 17287162
7817967 80646476
7817967 80646480
7817968 17287162
7817968 80646476
7817968 80646480
7817970 17287162
7817970 80646476
7817970 80646480
7817971 17287162
7817971 80646476
7817971 80646480
7818182 17287162
7818182 80646476
7818182 80646480
7821725 17287162
7821725 80646476
7821725 80646480
7821726 17287162
7821726 80646476
7821726 80646480
7821943 17287162
7821943 80646476
7821943 80646480
7821946 17287162
7821946 80646476
7821946 80646480
7824100 17287162
7824100 80646476
7824100 80646480
7824102 17287162
7824102 80646476
7824102 80646480
7824103 17287162
7824103 80646476
7824103 80646480
7824106 17287162
7824106 80646476
7824106 80646480
7824107 17287162
7824107 80646476
7824107 80646480
7824109 17287162
7824109 80646476
7824109 80646480
7824110 17287162
7824110 80646476
7824110 80646480
7821334 17287165
7823331 17287168
7819632 17287171
7819633 17287171
7820513 17287180
7820513 17287183
7820734 17287180
7820734 17287183
7823934 17287180
7823934 17287183
7823936 17287180
7823936 17287183
7823937 17287180
7823937 17287183
7818743 17287180
7818743 40941364
7818743 40941365
7818743 40941366
7818743 48314513
7818743 97881397
7818743 97881448
7818936 17287180
7818936 40941364
7818936 40941365
7818936 40941366
7818936 48314513
7818936 97881397
7818936 97881448
7819161 17287180
7819161 40941364
7819161 40941365
7819161 40941366
7819161 48314513
7819161 97881397
7819161 97881448
7819164 17287180
7819164 40941364
7819164 40941365
7819164 40941366
7819164 48314513
7819164 97881397
7819164 97881448
7820514 17287180
7820514 40941364
7820514 40941365
7820514 40941366
7820514 48314513
7820514 97881397
7820514 97881448
7820515 17287180
7820515 40941364
7820515 40941365
7820515 40941366
7820515 48314513
7820515 97881397
7820515 97881448
7820516 17287180
7820516 40941364
7820516 40941365
7820516 40941366
7820516 48314513
7820516 97881397
7820516 97881448
7821840 17287180
7821840 40941364
7821840 40941365
7821840 40941366
7821840 48314513
7821840 97881397
7821840 97881448
7821845 17287180
7821845 40941364
7821845 40941365
7821845 40941366
7821845 48314513
7821845 97881397
7821845 97881448
7822350 17287180
7822350 40941364
7822350 40941365
7822350 40941366
7822350 48314513
7822350 97881397
7822350 97881448
7823013 17287180
7823013 40941364
7823013 40941365
7823013 40941366
7823013 48314513
7823013 97881397
7823013 97881448
7824495 17287180
7824495 40941364
7824495 40941365
7824495 40941366
7824495 48314513
7824495 97881397
7824495 97881448
7824496 17287180
7824496 40941364
7824496 40941365
7824496 40941366
7824496 48314513
7824496 97881397
7824496 97881448
7824722 17287180
7824722 40941364
7824722 40941365
7824722 40941366
7824722 48314513
7824722 97881397
7824722 97881448
7824785 17287180
7824785 40941364
7824785 40941365
7824785 40941366
7824785 48314513
7824785 97881397
7824785 97881448
7824681 17287185
7820978 17287187
7818031 17287188
7822477 17287190
7823059 17287192
7819657 17287194
7819501 17287204
7819502 17287204
7819504 17287204
7819505 17287204
7819508 17287204
7819510 17287204
7819512 17287204
7819513 17287204
7819514 17287204
7819739 17287204
7819835 17287204
7819893 17287204
7820068 17287204
7820196 17287204
7821801 17287204
7821906 17287204
7822913 17287204
7822925 17287204
7823054 17287204
7823055 17287204
7823066 17287204
7823067 17287204
7823952 17287204
7823955 17287204
7824008 17287204
7824009 17287204
7824837 17287204
7821037 17287207
7821038 17287207
7821149 17287207
7819515 17287210
7819515 40940843
7819515 40940861
7819515 40941088
7819515 97883107
7819515 97883111
7819919 17287210
7819919 40940843
7819919 40940861
7819919 40941088
7819919 97883107
7819919 97883111
7819923 17287210
7819923 40940843
7819923 40940861
7819923 40941088
7819923 97883107
7819923 97883111
7820998 17287210
7820998 40940843
7820998 40940861
7820998 40941088
7820998 97883107
7820998 97883111
7821032 17287210
7821032 40940843
7821032 40940861
7821032 40941088
7821032 97883107
7821032 97883111
7821035 17287210
7821035 40940843
7821035 40940861
7821035 40941088
7821035 97883107
7821035 97883111
7822289 17287210
7822289 40940843
7822289 40940861
7822289 40941088
7822289 97883107
7822289 97883111
7822837 17287210
7822837 40940843
7822837 40940861
7822837 40941088
7822837 97883107
7822837 97883111
7822838 17287210
7822838 40940843
7822838 40940861
7822838 40941088
7822838 97883107
7822838 97883111
7822846 17287210
7822846 40940843
7822846 40940861
7822846 40941088
7822846 97883107
7822846 97883111
7823501 17287210
7823501 40940843
7823501 40940861
7823501 40941088
7823501 97883107
7823501 97883111
7823503 17287210
7823503 40940843
7823503 40940861
7823503 40941088
7823503 97883107
7823503 97883111
7823504 17287210
7823504 40940843
7823504 40940861
7823504 40941088
7823504 97883107
7823504 97883111
7824848 17287210
7824848 40940843
7824848 40940861
7824848 40941088
7824848 97883107
7824848 97883111
7824853 17287210
7824853 40940843
7824853 40940861
7824853 40941088
7824853 97883107
7824853 97883111
7824765 17287212
7819626 17287215
7819627 17287217
7817827 17287223
7822144 17287223
7818148 17287227
7822035 17287227
7822177 17287227
7817794 17287229
7824096 17287232
7824426 17287232
7824427 17287232
7823899 17287234
7823900 17287234
7823901 17287236
7819554 17287238
7817883 17287240
7823989 17287242
7819340 17287245
7819342 17287245
7819876 17287248
7819905 17287248
7824710 17287248
7824834 17287248
7817499 17287251
7821703 17287251
7821810 17287251
7823253 17287256
7823254 17287256
7817949 17287263
7818127 17287263
7818282 17287263
7821777 17287263
7818319 17287267
7823246 17287267
7823247 17287267
7824656 17287268
7824656 40941475
7824418 17287270
7824419 17287270
7820988 17287273
7819310 17287280
7823024 17287280
7824352 17287280
7824622 17287280
7822984 17287284
7821693 17287286
7819369 17287287
7818646 17287291
7819078 17287291
7823595 17287293
7823457 17287296
7823458 17287296
7822858 17287299
7822689 17287304
7820707 17287306
7822596 17287311
7822843 17287311
7821193 17287313
7822583 17287313
7822584 17287313
7822591 17287313
7824851 17287313
7820354 17287315
7817397 17287319
7817362 17287323
7817399 17287323
7817529 17287323
7817540 17287323
7821471 17287323
7817694 17287325
7824112 17287325
7824113 17287325
7818587 17287327
7822497 17287328
7823075 17287330
7824704 17287332
7824361 17287334
7823842 17287335
7823020 17287338
7822651 17287339
7824069 17287341
7824725 17287341
7820328 17287344
7823948 17287344
7823949 17287344
7820332 17287346
7823180 17287347
7823179 17287350
7824683 17287350
7818720 17287353
7823021 17287353
7819156 17287355
7821971 17287356
7817796 17287358
7817801 17287360
7818623 17287363
7822003 17287363
7822752 17287363
7823573 17287363
7823574 17287363
7817735 17287365
7818479 17287367
7818215 17287371
7818249 17287373
7823400 17287373
7823401 17287373
7823868 17287376
7820847 17287378
7823515 17287378
7819097 17287381
7819226 17287383
7822167 17287386
7817139 17287388
7818878 17287392
7824556 17287398
7822998 17287401
7818599 17287408
7817920 17287412
7818061 17287412
7823112 17287416
7823116 17287416
7823119 17287416
7824833 17287416
7818638 17287418
7819640 17287420
7819401 17287422
7819438 17287425
7822928 17287425
7823558 17287425
7823559 17287425
7823562 17287425
7824326 17287425
7824327 17287425
7824630 17287425
7824631 17287425
7819427 17287429
7817652 17287431
7817746 17287431
7822694 17287433
7822697 17287436
7817163 17287438
7817178 17287438
7824379 17287440
7824380 17287440
7819763 17287444
7820021 17287444
7820127 17287447
7817479 17287448
7817938 17287450
7817931 17287455
7818129 17287455
7824230 17287455
7824231 17287455
7824468 17287460
7824470 17287460
7824581 17287460
7820689 17287466
7820700 17287466
7820925 17287466
7822862 17287466
7822863 17287466
7822980 17287466
7822981 17287466
7820979 17287468
7820490 17287470
7817890 17287475
7818522 17287475
7819390 17287478
7819859 17287478
7820120 17287478
7822325 17287478
7819636 17287480
7818026 17287484
7818564 17287484
7822569 17287485
7820957 17287486
7822905 17287488
7822906 17287488
7821301 17287490
7821304 17287490
7819408 17287492
7819824 17287492
7823604 17287493
7823607 17287493
7823616 17287493
7820964 17287499
7824524 17287501
7817948 17287505
7822430 17287505
7823239 17287505
7823240 17287505
7824585 17287505
7817944 17287508
7817945 17287508
7824321 17287510
7822532 17287513
7822375 17287516
7819895 17287521
7820060 17287521
7823966 17287521
7823969 17287521
7823970 17287521
7823972 17287521
7823975 17287521
7823976 17287521
7817880 17287523
7817882 17287523
7822243 17287526
7822688 17287528
7818662 17287532
7818664 17287532
7819612 17287536
7819617 17287536
7819619 17287536
7819623 17287536
7819741 17287536
7820165 17287536
7824251 17287537
7817914 17287545
7817915 17287545
7817935 17287545
7818153 17287545
7818155 17287545
7818157 17287545
7818164 17287545
7818297 17287545
7818334 17287545
7818336 17287545
7818348 17287545
7818352 17287545
7823425 17287545
7824873 17287545
7817937 17287548
7817899 17287551
7821339 17287553
7821061 17287554
7817683 17287559
7818205 17287559
7818358 17287559
7824151 17287559
7824154 17287559
7824156 17287559
7824573 17287559
7819373 17287564
7819845 17287564
7819890 17287564
7820049 17287564
7820051 17287564
7820242 17287564
7823125 17287564
7821958 17287565
7821959 17287567
7821960 17287567
7823714 17287569
7821714 17287570
7819394 17287576
7819395 17287576
7819398 17287576
7819399 17287576
7819409 17287576
7819410 17287576
7819412 17287576
7819474 17287576
7819527 17287576
7819529 17287576
7819799 17287576
7820011 17287576
7820013 17287576
7820017 17287576
7820028 17287576
7820126 17287576
7820241 17287576
7820301 17287576
7823548 17287576
7824011 17287576
7824024 17287576
7824651 17287576
7818361 17287578
7820594 17287579
7822404 17287581
7821195 17287582
7817750 17287584
7824135 17287586
7824136 17287586
7821005 17287588
7821005 42641834
7821005 97887574
7821005 97887585
7818199 17287589
7818199 178990378
7819403 17287591
7820029 17287591
7819595 17287592
7820605 17287595
7819341 17287597
7818675 17287599
7823001 17287599
7823002 17287599
7817116 17287600
7823469 17287601
7823470 17287601
7823472 17287601
7823473 17287601
7817151 17287602
7817184 17287602
7817209 17287602
7821691 17287602
7821715 17287602
7822097 17287602
7822098 17287602
7818002 17287603
7823881 17287603
7822645 17287604
7822646 17287605
7820132 17287606
7822672 17287607
7824243 17287609
7818018 17287610
7823994 17287611
7823999 17287611
7824000 17287611
7817311 17287613
7817851 17287616
7818461 17287616
7823893 17287616
7823894 17287616
7824557 17287616
7824620 17287619
7822707 17287622
7817350 17287623
7817351 17287623
7817510 17287623
7822870 17287623
7822871 17287623
7817918 17287626
7818275 17287626
7821722 17287626
7821741 17287626
7824603 17287626
7820872 17287628
7821924 17287630
7823268 17287633
7823632 17287633
7823633 17287633
7824797 17287636
7823030 17287638
7823031 17287638
7824512 17287639
7817264 17287640
7821009 17287641
7822391 17287641
7822400 17287642
7818728 17287645
7818728 78828564
7818731 17287645
7818731 78828564
7818732 17287645
7818732 78828564
7818734 17287645
7818734 78828564
7818735 17287645
7818735 78828564
7818857 17287645
7818857 78828564
7818956 17287645
7818956 78828564
7818962 17287645
7818962 78828564
7818965 17287645
7818965 78828564
7821678 17287645
7821678 78828564
7821756 17287645
7821756 78828564
7824162 17287645
7824162 78828564
7824163 17287645
7824163 78828564
7824168 17287645
7824168 78828564
7824223 17287645
7824223 78828564
7824562 17287645
7824562 78828564
7824717 17287645
7824717 78828564
7818737 17287647
7818738 17287647
7819104 17287647
7819121 17287647
7819210 17287647
7819211 17287647
7824297 17287647
7824313 17287647
7824314 17287647
7824625 17287647
7822358 17287649
7818611 17287651
7823737 17287651
7823738 17287651
7824403 17287651
7824409 17287651
7824410 17287651
7820063 17287657
7822571 17287659
7822572 17287659
7818709 17287661
7818988 17287661
7818991 17287661
7819069 17287661
7817480 17287664
7824799 17287664
7819618 17287666
7819620 17287666
7819622 17287666
7819743 17287666
7822193 17287667
7823131 17287673
7823133 17287673
7823141 17287673
7817439 17287675
7819592 17287676
7820118 17287676
7822483 17287678
7819244 17287680
7822215 17287680
7824872 17287682
7818798 17287684
7817363 17287686
7817368 17287686
7817462 17287686
7817528 17287686
7821701 17287686
7821872 17287686
7824031 17287686
7824032 17287686
7821309 17287688
7821311 17287688
7824678 17287688
7822364 17287691
7822967 17287691
7820045 17287692
7821059 17287694
7821060 17287694
7817889 17287696
7818501 17287696
7817893 17287699
7817896 17287699
7818097 17287699
7818204 17287699
7817897 17287701
7822773 17287703
7824398 17287703
7824186 17287704
7823446 17287705
7819652 17287706
7819653 17287706
7822332 17287706
7819602 17287707
7820115 17287707
7820119 17287707
7820190 17287707
7821719 17287708
7824474 17287710
7824477 17287710
7824782 17287710
7824875 17287710
7824692 17287712
7822119 17287715
7824922 17287715
7823626 17287719
7823627 17287719
7824608 17287723
7818037 17287724
7818136 17287724
7818138 17287725
7822039 17287725
7819598 17287726
7819599 17287726
7819600 17287726
7817147 17287727
7824793 17287727
7819937 17287728
7821850 17287729
7818897 17287731
7820464 17287732
7822451 17287732
7819348 17287734
7819839 17287734
7820138 17287734
7820163 17287734
7820203 17287734
7819457 17287736
7819459 17287744
7819465 17287744
7819467 17287744
7819468 17287744
7819931 17287744
7822281 17287744
7823489 17287744
7824640 17287744
7819542 17287746
7819543 17287746
7819544 17287746
7820271 17287746
7818094 17287749
7818238 17287749
7824599 17287749
7817575 17287751
7822135 17287751
7817576 17287753
7817577 17287757
7817654 17287757
7818299 17287757
7823228 17287757
7823229 17287757
7817908 17287769
7817916 17287769
7817925 17287769
7818124 17287769
7818278 17287769
7818671 17287769
7818892 17287769
7823210 17287769
7823211 17287769
7823620 17287769
7823621 17287769
7824281 17287769
7824479 17287769
7824480 17287769
7822210 17287772
7824319 17287772
7824320 17287772
7824342 17287772
7824343 17287772
7820556 17287775
7823506 17287775
7818701 17287779
7818701 40941401
7818701 40941402
7818701 90037118
7818701 90037139
7820439 17287779
7820439 40941401
7820439 40941402
7820439 90037118
7820439 90037139
7820442 17287779
7820442 40941401
7820442 40941402
7820442 90037118
7820442 90037139
7823016 17287779
7823016 40941401
7823016 40941402
7823016 90037118
7823016 90037139
7823018 17287779
7823018 40941401
7823018 40941402
7823018 90037118
7823018 90037139
7823019 17287779
7823019 40941401
7823019 40941402
7823019 90037118
7823019 90037139
7819028 17287780
7819029 17287780
7822517 17287782
7824673 17287783
7824002 17287785
7824006 17287785
7824485 17287785
7817843 17287787
7817141 17287790
7817142 17287790
7817196 17287790
7818656 17287792
7818886 17287792
7823592 17287793
7817267 17287795
7817272 17287795
7817308 17287795
7824240 17287795
7823541 17287796
7823545 17287796
7823546 17287796
7819700 17287797
7821155 17287798
7817951 17287800
7818171 17287800
7820319 17287800
7820367 17287800
7820585 17287801
7820947 17287804
7820953 17287804
7820954 17287804
7820955 17287804
7821095 17287804
7821103 17287804
7821601 17287804
7821603 17287804
7821606 17287804
7822419 17287804
7823168 17287804
7824915 17287804
7824919 17287804
7824920 17287804
7822282 17287806
7822898 17287807
7823564 17287809
7823565 17287809
7822362 17287811
7822370 17287811
7819404 17287812
7819407 17287812
7821954 17287813
7821939 17287814
7821976 17287814
7822185 17287814
7818485 17287816
7823477 17287816
7823478 17287816
7824429 17287816
7824430 17287816
7819233 17287818
7817875 17287819
7818681 17287822
7818682 17287822
7819320 17287822
7823007 17287822
7823008 17287822
7824346 17287822
7822511 17287826
7822810 17287826
7822512 17287828
7819147 17287831
7822216 17287831
7822854 17287831
7822855 17287831
7823480 17287831
7823484 17287831
7824400 17287831
7824401 17287831
7818692 17287833
7822261 17287833
7822518 17287833
7823844 17287834
7823845 17287834
7819418 17287837
7823535 17287837
7823538 17287837
7823539 17287837
7821828 17287838
7821879 17287838
7820009 17287841
7822292 17287841
7818696 17287843
7819334 17287844
7820974 17287845
7820975 17287845
7823198 17287848
7820140 17287850
7820167 17287850
7824466 17287851
7820567 17287854
7820604 17287854
7820827 17287854
7820831 17287854
7820832 17287854
7820858 17287854
7822368 17287854
7821950 17287857
7818981 17287861
7819577 17287862
7819578 17287862
7819579 17287862
7819580 17287862
7820139 17287862
7820141 17287862
7819634 17287864
7819639 17287864
7822327 17287864
7822901 17287864
7822903 17287864
7822904 17287864
7822549 17287866
7822561 17287866
7820134 17287868
7820162 17287868
7821052 17287869
7821058 17287869
7820104 17287871
7820109 17287871
7820111 17287871
7820112 17287871
7821066 17287873
7821074 17287873
7821075 17287873
7821151 17287873
7819591 17287874
7819745 17287874
7820101 17287874
7822320 17287874
7824637 17287877
7824638 17287877
7822821 17287882
7820031 17287884
7822791 17287886
7822797 17287887
7821335 17287889
7821310 17287890
7823339 17287891
7823340 17287891
7821312 17287893
7821329 17287893
7821357 17287893
7822457 17287893
7819093 17287894
7822876 17287895
7822877 17287895
7817113 17287899
7817550 17287899
7824559 17287901
7822342 17287902
7824185 17287903
7817854 17287905
7817855 17287905
7823875 17287905
7823884 17287905
7823885 17287905
7819441 17287909
7819458 17287909
7819466 17287909
7819938 17287909
7819945 17287909
7819949 17287909
7821823 17287909
7821824 17287909
7824336 17287909
7824839 17287909
7824843 17287909
7821336 17287911
7823344 17287912
7823347 17287912
7819645 17287913
7820180 17287913
7817280 17287915
7818722 17287921
7818723 17287921
7818724 17287921
7818725 17287921
7818727 17287921
7818837 17287921
7818849 17287921
7822735 17287921
7824824 17287921
7818695 17287922
7819139 17287922
7817552 17287925
7817637 17287925
7817707 17287928
7817778 17287928
7824081 17287928
7824087 17287928
7824093 17287928
7824094 17287928
7817557 17287930
7822800 17287932
7822086 17287933
7824560 17287933
7819679 17287936
7820390 17287938
7820339 17287939
7821067 17287942
7821072 17287942
7821073 17287942
7821152 17287942
7819748 17287944
7823085 17287944
7823086 17287944
7817988 17287946
7817989 17287946
7817990 17287946
7817991 17287946
7821487 17287946
7823788 17287946
7823811 17287946
7823812 17287946
7823813 17287946
7823829 17287946
7824600 17287946
7819709 17287947
7819710 17287947
7819711 17287947
7819753 17287947
7820096 17287947
7820229 17287947
7822310 17287947
7818099 17287949
7818099 78829523
7818440 17287949
7818440 78829523
7821479 17287949
7821479 78829523
7822043 17287949
7822043 78829523
7823382 17287949
7823382 78829523
7823383 17287949
7823383 78829523
7823406 17287949
7823406 78829523
7823407 17287949
7823407 78829523
7823409 17287949
7823409 78829523
7823410 17287949
7823410 78829523
7824714 17287949
7824714 78829523
7824715 17287949
7824715 78829523
7817992 17287955
7817994 17287955
7818749 17287955
7822007 17287955
7822747 17287955
7823571 17287955
7824263 17287955
7824264 17287955
7824597 17287955
7817600 17287960
7817600 99208695
7817601 17287960
7817601 99208695
7817675 17287960
7817675 99208695
7817728 17287960
7817728 99208695
7817769 17287960
7817769 99208695
7817782 17287960
7817782 99208695
7817786 17287960
7817786 99208695
7817974 17287960
7817974 99208695
7817975 17287960
7817975 99208695
7818103 17287960
7818103 99208695
7818105 17287960
7818105 99208695
7818262 17287960
7818262 99208695
7824078 17287960
7824078 99208695
7824079 17287960
7824079 99208695
7824119 17287960
7824119 99208695
7824138 17287960
7824138 99208695
7824139 17287960
7824139 99208695
7824148 17287960
7824148 99208695
7824442 17287960
7824442 99208695
7824443 17287960
7824443 99208695
7824801 17287960
7824801 99208695
7818794 17287962
7818797 17287962
7823242 17287964
7819118 17287965
7818608 17287967
7818612 17287967
7818613 17287967
7818614 17287967
7818618 17287967
7818923 17287967
7818932 17287967
7818986 17287967
7819280 17287967
7823669 17287967
7823672 17287967
7818617 17287970
7819358 17287973
7819737 17287973
7820077 17287973
7818604 17287974
7818602 17287976
7819380 17287976
7820070 17287976
7820072 17287976
7821885 17287976
7821892 17287976
7824707 17287976
7818658 17287979
7823027 17287979
7824203 17287983
7824610 17287983
7822013 17287984
7824269 17287985
7824270 17287985
7824478 17287987
7822498 17287988
7822302 17287990
7822501 17287990
7817554 17287993
7817802 17287993
7817558 17287995
7817644 17287995
7819491 17287997
7819492 17287997
7819493 17287997
7820204 17287997
7821669 17287997
7822319 17287997
7824650 17287997
7820510 17288001
7820511 17288001
7820657 17288001
7823509 17288001
7823510 17288001
7817379 17288006
7817503 17288006
7817505 17288006
7817512 17288006
7817514 17288006
7817524 17288006
7819489 17288006
7819490 17288006
7819909 17288006
7820030 17288006
7820032 17288006
7822121 17288006
7822867 17288006
7822873 17288006
7822874 17288006
7822884 17288006
7822887 17288006
7823107 17288006
7823109 17288006
7823110 17288006
7819494 17288007
7819495 17288007
7819496 17288007
7819498 17288007
7819498 17288008
7819499 17288007
7819499 17288008
7819500 17288007
7819500 17288008
7817834 17288009
7824159 17288009
7822866 17288011
7818799 17288012
7818853 17288012
7819086 17288014
7818591 17288016
7822060 17288017
7817866 17288018
7818068 17288018
7818554 17288018
7822147 17288018
7822202 17288018
7817110 17288019
7817115 17288019
7817119 17288019
7822082 17288019
7824057 17288021
7824058 17288021
7823610 17288022
7818705 17288025
7818940 17288025
7818721 17288027
7818641 17288028
7821752 17288028
7822009 17288028
7822254 17288028
7818803 17288029
7821767 17288033
7818330 17288035
7818332 17288035
7818333 17288035
7820937 17288037
7821137 17288037
7820938 17288038
7824856 17288038
7822494 17288039
7824693 17288039
7821303 17288041
7821306 17288041
7821349 17288041
7822465 17288041
7822479 17288041
7822484 17288041
7822485 17288041
7822466 17288042
7821945 17288044
7817265 17288048
7822108 17288048
7818708 17288052
7818781 17288052
7823143 17288052
7824819 17288052
7824823 17288052
7823182 17288053
7823187 17288054
7822856 17288055
7819144 17288056
7824356 17288057
7824358 17288057
7824359 17288057
7824362 17288058
7824363 17288058
7819392 17288059
7823957 17288059
7823960 17288059
7823961 17288059
7823978 17288059
7823990 17288059
7824760 17288060
7821128 17288062
7822389 17288062
7822390 17288062
7824861 17288065
7818783 17288068
7821768 17288068
7819421 17288069
7824017 17288069
7824018 17288069
7824020 17288069
7824021 17288069
7817400 17288070
7818870 17288073
7820445 17288077
7820620 17288077
7820650 17288077
7820739 17288077
7820842 17288077
7820446 17288079
7820705 17288079
7824187 17288080
7824188 17288080
7822674 17288081
7822702 17288083
7821918 17288084
7817884 17288085
7817954 17288085
7818101 17288085
7822542 17288086
7823743 17288087
7824719 17288087
7824705 17288089
7822488 17288090
7819119 17288091
7820393 17288092
7817865 17288096
7822664 17288096
7823850 17288097
7823852 17288099
7823853 17288099
7818439 17288100
7823835 17288100
7823836 17288100
7824730 17288100
7817424 17288102
7823098 17288102
7824652 17288103
7820581 17288104
7820582 17288105
7820583 17288105
7818395 17288106
7823462 17288109
7821838 17288110
7822064 17288110
7822680 17288112
7822681 17288112
7817271 17288118
7817294 17288118
7817335 17288118
7817369 17288118
7817414 17288118
7817416 17288118
7817418 17288118
7817456 17288118
7822113 17288118
7823292 17288118
7823293 17288118
7823299 17288118
7817620 17288121
7817690 17288121
7824317 17288121
7824572 17288121
7817831 17288123
7822146 17288123
7824644 17288124
7820941 17288126
7820944 17288128
7821040 17288128
7821156 17288128
7821157 17288128
7822798 17288130
7817904 17288131
7824580 17288131
7820599 17288133
7820476 17288134
7822367 17288135
7819344 17288136
7822116 17288136
7820065 17288137
7821120 17288139
7817158 17288141
7817159 17288141
7817161 17288143
7820881 17288144
7817846 17288147
7821716 17288147
7821956 17288147
7821957 17288147
7823433 17288147
7823464 17288147
7819614 17288148
7824205 17288150
7824207 17288151
7823518 17288152
7823521 17288152
7823522 17288152
7817372 17288156
7817507 17288156
7821916 17288157
7822462 17288158
7822467 17288159
7822051 17288161
7823922 17288161
7823923 17288161
7822345 17288164
7818290 17288166
7818386 17288166
7818687 17288166
7818688 17288166
7818689 17288166
7819157 17288166
7824807 17288166
7822799 17288168
7817466 17288170
7822127 17288172
7824236 17288172
7824237 17288172
7823430 17288175
7823430 178990371
7823430 178990391
7822677 17288176
7820473 17288180
7820474 17288180
7820976 17288180
7820981 17288180
7821202 17288180
7824680 17288180
7824852 17288180
7818652 17288183
7819995 17288183
7819997 17288183
7820268 17288183
7823044 17288183
7823045 17288183
7823981 17288183
7822699 17288185
7819336 17288192
7819913 17288192
7819915 17288192
7822268 17288192
7820823 17288196
7820815 17288197
7822860 17288197
7820584 17288198
7818824 17288199
7818883 17288199
7817744 17288200
7821940 17288201
7821942 17288202
7823494 17288204
7823496 17288205
7820336 17288207
7823711 17288209
7818660 17288210
7818661 17288210
7823033 17288210
7819613 17288212
7819616 17288212
7819624 17288212
7821895 17288212
7822652 17288213
7822653 17288214
7817857 17288215
7818107 17288215
7817858 17288220
7820578 17288223
7820579 17288225
7820821 17288227
7817906 17288229
7823802 17288229
7820483 17288232
7820485 17288232
7820554 17288233
7820555 17288233
7818625 17288239
7818651 17288239
7818659 17288239
7819278 17288239
7823040 17288239
7824609 17288239
7821996 17288240
7823786 17288243
7823789 17288243
7817953 17288245
7818118 17288245
7823766 17288245
7823767 17288245
7817905 17288247
7818409 17288247
7818411 17288247
7818413 17288247
7821697 17288248
7822042 17288248
7823778 17288248
7821305 17288249
7821315 17288249
7819854 17288255
7819855 17288255
7817691 17288265
7817692 17288265
7817761 17288265
7818201 17288265
7818203 17288265
7818206 17288265
7818207 17288265
7818272 17288265
7818296 17288265
7818560 17288265
7821400 17288265
7821402 17288265
7821404 17288265
7821473 17288265
7821475 17288265
7818960 17288286
7818963 17288286
7818964 17288286
7819860 17288288
7819861 17288288
7818975 17288291
7818977 17288291
7818978 17288291
7818955 17288292
7818957 17288292
7819472 17288306
7817355 17288308
7817483 17288308
7824518 17288311
7824519 17288311
7817474 17288314
7824278 17288315
7824279 17288315
7824310 17288315
7824311 17288315
7820123 17288317
7818802 17288318
7824709 17288320
7822806 17288322
7824055 17288323
7817361 17288324
7824047 17288324
7824048 17288324
7823231 17288325
7823238 17288325
7822696 17288327
7821046 17288329
7820455 17288330
7821587 17288332
7824689 17288332
7820970 17288333
7821154 17288333
7819594 17288334
7819597 17288334
7819607 17288334
7823351 17288334
7823359 17288335
7823361 17288335
7823371 17288335
7818984 17288337
7818846 17288338
7819183 17288338
7819184 17288339
7819185 17288339
7818090 17288341
7822148 17288344
7818698 17288346
7818639 17288348
7818640 17288348
7818642 17288348
7818807 17288348
7818954 17288348
7818961 17288348
7818967 17288348
7821491 17288351
7824759 17288351
7818624 17288353
7818626 17288353
7818630 17288353
7818637 17288353
7819658 17288354
7820492 17288356
7822599 17288359
7823280 17288360
7823295 17288360
7823296 17288360
7817876 17288365
7817885 17288365
7823832 17288365
7821057 17288366
7822582 17288366
7821991 17288368
7824858 17288369
7824858 81545131
7824347 17288370
7822685 17288371
7824191 17288372
7824050 17288373
7823588 17288374
7823601 17288374
7824301 17288374
7824754 17288374
7823613 17288375
7823614 17288375
7823602 17288377
7822075 17288381
7824063 17288381
7822283 17288382
7819665 17288383
7824752 17288385
7819159 17288386
7821041 17288387
7818425 17288388
7818426 17288388
7823863 17288389
7822251 17288390
7818011 17288392
7818222 17288392
7818360 17288393
7824758 17288394
7819603 17288396
7820116 17288396
7824713 17288397
7817872 17288399
7818082 17288399
7818235 17288399
7822196 17288399
7823821 17288399
7823822 17288399
7823827 17288399
7823860 17288399
7824716 17288399
7821047 17288401
7821100 17288401
7821206 17288401
7821595 17288401
7821597 17288401
7822388 17288404
7819970 17288407
7822539 17288407
7822947 17288407
7823010 17288409
7823341 17288410
7823346 17288410
7819641 17288411
7819387 17288412
7819862 17288412
7822805 17288413
7818013 17288417
7818927 17288418
7817590 17288419
7822814 17288422
7822297 17288423
7819423 17288425
7819991 17288425
7821077 17288426
7821078 17288426
7822565 17288426
7822566 17288426
7822574 17288426
7822575 17288426
7823332 17288427
7819530 17288428
7819706 17288429
7820113 17288429
7820114 17288429
7817792 17288430
7824569 17288430
7824770 17288431
7822429 17288433
7818765 17288435
7818841 17288435
7824291 17288437
7824292 17288437
7824757 17288437
7824493 17288438
7817187 17288444
7817213 17288444
7817222 17288444
7817255 17288444
7818588 17288444
7818592 17288444
7818610 17288444
7818619 17288444
7818917 17288444
7819023 17288444
7819057 17288444
7821467 17288444
7823568 17288444
7824260 17288444
7824554 17288444
7817818 17288445
7824805 17288445
7819308 17288447
7818258 17288450
7820371 17288451
7824794 17288452
7819582 17288453
7820136 17288453
7820137 17288453
7822534 17288459
7817266 17288460
7817344 17288460
7823747 17288462
7823749 17288462
7823750 17288462
7824744 17288465
7822463 17288466
7822478 17288466
7822482 17288466
7822487 17288466
7820176 17288467
7819621 17288468
7822683 17288469
7822684 17288469
7823476 17288470
7820327 17288472
7820454 17288472
7820458 17288472
7823944 17288472
7823945 17288472
7823946 17288472
7823206 17288473
7819415 17288474
7819417 17288474
7823551 17288476
7824632 17288476
7824643 17288476
7818766 17288477
7818767 17288477
7822506 17288477
7823284 17288477
7823286 17288477
7823289 17288477
7823290 17288477
7823201 17288478
7823202 17288478
7824684 17288478
7822493 17288479
7820168 17288480
7823709 17288481
7824626 17288481
7824628 17288481
7822535 17288483
7818017 17288485
7817664 17288486
7822705 17288489
7822519 17288491
7820472 17288495
7822971 17288495
7818796 17288498
7819133 17288498
7824619 17288498
7818010 17288502
7821699 17288511
7821921 17288511
7818092 17288515
7818458 17288515
7817565 17288517
7817640 17288517
7818805 17288519
7820462 17288522
7820463 17288522
7820951 17288522
7822556 17288524
7822559 17288524
7822560 17288524
7820131 17288525
7820353 17288526
7817593 17288533
7817716 17288533
7823234 17288533
7823235 17288533
7824464 17288533
7824465 17288533
7824574 17288535
7823916 17288538
7823917 17288538
7819227 17288539
7818741 17288540
7819117 17288540
7823615 17288540
7817585 17288542
7817659 17288542
7824800 17288542
7820171 17288543
7819405 17288544
7822579 17288545
7822763 17288547
7822771 17288547
7822777 17288547
7822789 17288547
7822795 17288547
7822796 17288547
7823712 17288547
7823713 17288547
7820130 17288548
7819649 17288549
7820027 17288549
7820685 17288552
7820686 17288552
7819779 17288559
7819779 17288562
7819779 17494482
7819779 72011064
7819779 72011068
7819779 97873416
7819779 97873439
7819779 97874822
7819779 97874825
7819779 97874828
7819779 97874830
7819779 97881300
7819779 97881303
7819779 97881309
7819779 97881317
7819779 97881384
7819779 97881405
7819779 97881409
7819779 97881441
7819785 17288559
7819785 17288562
7819785 17494482
7819785 72011064
7819785 72011068
7819785 97873416
7819785 97873439
7819785 97874822
7819785 97874825
7819785 97874828
7819785 97874830
7819785 97881300
7819785 97881303
7819785 97881309
7819785 97881317
7819785 97881384
7819785 97881405
7819785 97881409
7819785 97881441
7820607 17288559
7820607 17288562
7820607 17494482
7820607 72011064
7820607 72011068
7820607 97873416
7820607 97873439
7820607 97874822
7820607 97874825
7820607 97874828
7820607 97874830
7820607 97881300
7820607 97881303
7820607 97881309
7820607 97881317
7820607 97881384
7820607 97881405
7820607 97881409
7820607 97881441
7820610 17288559
7820610 17288562
7820610 17494482
7820610 72011064
7820610 72011068
7820610 97873416
7820610 97873439
7820610 97874822
7820610 97874825
7820610 97874828
7820610 97874830
7820610 97881300
7820610 97881303
7820610 97881309
7820610 97881317
7820610 97881384
7820610 97881405
7820610 97881409
7820610 97881441
7820671 17288559
7820671 17288562
7820671 17494482
7820671 72011064
7820671 72011068
7820671 97873416
7820671 97873439
7820671 97874822
7820671 97874825
7820671 97874828
7820671 97874830
7820671 97881300
7820671 97881303
7820671 97881309
7820671 97881317
7820671 97881384
7820671 97881405
7820671 97881409
7820671 97881441
7820673 17288559
7820673 17288562
7820673 17494482
7820673 72011064
7820673 72011068
7820673 97873416
7820673 97873439
7820673 97874822
7820673 97874825
7820673 97874828
7820673 97874830
7820673 97881300
7820673 97881303
7820673 97881309
7820673 97881317
7820673 97881384
7820673 97881405
7820673 97881409
7820673 97881441
7820900 17288559
7820900 17288562
7820900 17494482
7820900 72011064
7820900 72011068
7820900 97873416
7820900 97873439
7820900 97874822
7820900 97874825
7820900 97874828
7820900 97874830
7820900 97881300
7820900 97881303
7820900 97881309
7820900 97881317
7820900 97881384
7820900 97881405
7820900 97881409
7820900 97881441
7821240 17288559
7821240 17288562
7821240 17494482
7821240 72011064
7821240 72011068
7821240 97873416
7821240 97873439
7821240 97874822
7821240 97874825
7821240 97874828
7821240 97874830
7821240 97881300
7821240 97881303
7821240 97881309
7821240 97881317
7821240 97881384
7821240 97881405
7821240 97881409
7821240 97881441
7821383 17288559
7821383 17288562
7821383 17494482
7821383 72011064
7821383 72011068
7821383 97873416
7821383 97873439
7821383 97874822
7821383 97874825
7821383 97874828
7821383 97874830
7821383 97881300
7821383 97881303
7821383 97881309
7821383 97881317
7821383 97881384
7821383 97881405
7821383 97881409
7821383 97881441
7821517 17288559
7821517 17288562
7821517 17494482
7821517 72011064
7821517 72011068
7821517 97873416
7821517 97873439
7821517 97874822
7821517 97874825
7821517 97874828
7821517 97874830
7821517 97881300
7821517 97881303
7821517 97881309
7821517 97881317
7821517 97881384
7821517 97881405
7821517 97881409
7821517 97881441
7824862 17288559
7824862 17288562
7824862 17494482
7824862 72011064
7824862 72011068
7824862 97873416
7824862 97873439
7824862 97874822
7824862 97874825
7824862 97874828
7824862 97874830
7824862 97881300
7824862 97881303
7824862 97881309
7824862 97881317
7824862 97881384
7824862 97881405
7824862 97881409
7824862 97881441
7824877 17288559
7824877 17288562
7824877 17494482
7824877 72011064
7824877 72011068
7824877 97873416
7824877 97873439
7824877 97874822
7824877 97874825
7824877 97874828
7824877 97874830
7824877 97881300
7824877 97881303
7824877 97881309
7824877 97881317
7824877 97881384
7824877 97881405
7824877 97881409
7824877 97881441
7819726 17288562
7819727 17288562
7820498 17288575
7820498 72011071
7820498 97881337
7820498 97881377
7820498 97881426
7820498 97881453
7820499 17288575
7820499 72011071
7820499 97881337
7820499 97881377
7820499 97881426
7820499 97881453
7820477 17288581
7822348 17288581
7824663 17288581
7820680 17288583
7822690 17288585
7821140 17288587
7823065 17288588
7819575 17288590
7819583 17288590
7819584 17288590
7820133 17288592
7819648 17288593
7820565 17288595
7821539 17288595
7821337 17288597
7823928 17288598
7821079 17288600
7821190 17288600
7818713 17288603
7818859 17288603
7819090 17288603
7823367 17288603
7824255 17288604
7817934 17288606
7817941 17288606
7818142 17288606
7818159 17288606
7823706 17288607
7824699 17288608
7818589 17288610
7822686 17288611
7817584 17288613
7817588 17288613
7817658 17288613
7822030 17288614
7822031 17288616
7821911 17288617
7823050 17288617
7823051 17288617
7820753 17288622
7824698 17288622
7819455 17288624
7823497 17288624
7823498 17288624
7821706 17288625
7821937 17288625
7824052 17288625
7824066 17288625
7817111 17288626
7821913 17288628
7819788 17288629
7819917 17288629
7819918 17288629
7820457 17288632
7818022 17288633
7821205 17288635
7820960 17288637
7820963 17288637
7820967 17288637
7822543 17288637
7822553 17288637
7822554 17288637
7823205 17288638
7822163 17288640
7823250 17288640
7821004 17288641
7819469 17288642
7819469 42641833
7819469 97887565
7819470 17288642
7819470 42641833
7819470 97887565
7819471 17288642
7819471 42641833
7819471 97887565
7819942 17288642
7819942 42641833
7819942 97887565
7822938 17288642
7822938 42641833
7822938 97887565
7824332 17288642
7824332 42641833
7824332 97887565
7824333 17288642
7824333 42641833
7824333 97887565
7819439 17288645
7819440 17288645
7819454 17288645
7819817 17288645
7819976 17288645
7822934 17288645
7824653 17288645
7824838 17288645
7822941 17288647
7822944 17288647
7822945 17288647
7824507 17288649
7824508 17288649
7824633 17288650
7820099 17288651
7820574 17288652
7819352 17288655
7819540 17288655
7820227 17288655
7820228 17288655
7823078 17288655
7824115 17288657
7824116 17288657
7819707 17288658
7820107 17288658
7822548 17288660
7822550 17288660
7822551 17288660
7820325 17288661
7820325 40941474
7820326 17288661
7820326 40941474
7820396 17288661
7820396 40941474
7820397 17288661
7820397 40941474
7819590 17288662
7821666 17288662
7821805 17288662
7822459 17288663
7820460 17288665
7817195 17288666
7823029 17288668
7820146 17288674
7821513 17288674
7821053 17288676
7822585 17288676
7822586 17288676
7817950 17288677
7819357 17288681
7819359 17288681
7819790 17288681
7823301 17288681
7823320 17288681
7823321 17288681
7823691 17288682
7823060 17288683
7823061 17288683
7817775 17288685
7824062 17288686
7820878 17288690
7823903 17288690
7823905 17288690
7823906 17288690
7824571 17288694
7823220 17288695
7823223 17288695
7822639 17288699
7824629 17288699
7823277 17288700
7823278 17288700
7820452 17288701
7824694 17288702
7823420 17288704
7824677 17288704
7818027 17288705
7818396 17288707
7817385 17288709
7817520 17288709
7817522 17288709
7824460 17288713
7824010 17288714
7820320 17288716
7818193 17288717
7823798 17288717
7823799 17288717
7817464 17288719
7820961 17288720
7820965 17288720
7822545 17288720
7822562 17288720
7822563 17288720
7818793 17288721
7819011 17288723
7821021 17288729
7821021 17288733
7821021 181383704
7821024 17288729
7821024 17288733
7821024 181383704
7821025 17288729
7821025 17288733
7821025 181383704
7821028 17288729
7821028 17288733
7821028 181383704
7821117 17288729
7821117 17288733
7821117 181383704
7821122 17288729
7821122 17288733
7821122 181383704
7821591 17288729
7821591 17288733
7821591 181383704
7822396 17288729
7822396 17288733
7822396 181383704
7822826 17288729
7822826 17288733
7822826 181383704
7822828 17288729
7822828 17288733
7822828 181383704
7822829 17288729
7822829 17288733
7822829 181383704
7823174 17288729
7823174 17288733
7823174 181383704
7823175 17288729
7823175 17288733
7823175 181383704
7821030 17288733
7821030 17288738
7821030 181383704
7822822 17288733
7822822 17288738
7822822 181383704
7822823 17288733
7822823 17288738
7822823 181383704
7822066 17288733
7822066 181383704
7822416 17288733
7822416 181383704
7822423 17288733
7822423 181383704
7822580 17288733
7822580 181383704
7822588 17288733
7822588 181383704
7822589 17288733
7822589 181383704
7823191 17288733
7823191 181383704
7823192 17288733
7823192 181383704
7822502 17288739
7817398 17288740
7819576 17288741
7819585 17288741
7820135 17288741
7818792 17288743
7822573 17288744
7820966 17288745
7821076 17288745
7822552 17288745
7822558 17288745
7822844 17288748
7818839 17288750
7822402 17288753
7824472 17288755
7818359 17288756
7818394 17288757
7818024 17288758
7818025 17288758
7818566 17288758
7824483 17288759
7818752 17288760
7818752 78828577
7822748 17288760
7822748 78828577
7819379 17288762
7819892 17288762
7819361 17288763
7820182 17288763
7821795 17288763
7821827 17288763
7822271 17288763
7820246 17288764
7822090 17288766
7820479 17288768
7820482 17288768
7820484 17288768
7820786 17288768
7820776 17288769
7820475 17288772
7820478 17288772
7819456 17288774
7821798 17288774
7821812 17288774
7821833 17288774
7819678 17288776
7822587 17288778
7822590 17288778
7821115 17288779
7820334 17288783
7820335 17288783
