90752324 17464550
90752324 21795102
90752335 17464550
90752335 21795102
90752336 17464550
90752336 21795102
90752705 17464550
90752705 21795102
90767587 17464550
90767587 21795102
90755391 17464561
90755407 17464561
90755479 17464561
90755483 17464561
90755487 17464561
90755732 17464561
90755974 17464561
90756024 17464561
90756024 21795088
90755719 17464568
90755719 21795097
90755757 17464568
90755757 21795097
90757812 17464568
90757812 21795097
90757823 17464568
90757823 21795097
90758035 17464568
90758035 21795097
90752697 17464570
90752697 21795104
90752268 17464599
90752307 17464599
90752318 17464599
90752426 17464599
90752664 17464599
90752695 17464599
90762064 17464599
90747434 17464599
90747434 21795573
90747445 17464599
90747445 21795573
90747453 17464599
90747453 21795573
90747469 17464599
90747469 21795573
90752264 17464599
90752264 21795573
90752272 17464599
90752272 21795573
90752274 17464599
90752274 21795573
90752285 17464599
90752285 21795573
90752292 17464599
90752292 21795573
90752459 17464599
90752459 21795573
90752706 17464599
90752706 21795573
90762063 17464599
90762063 21795573
90755868 17464850
90755502 17464850
90755502 21788881
90755503 17464850
90755503 21788881
90755517 17464850
90755517 21788881
90755518 17464850
90755518 21788881
90755594 17464850
90755594 21788881
90755642 17464850
90755642 21788881
90755759 17464850
90755759 21788881
90755760 17464850
90755760 21788881
90755976 17464850
90755976 21788881
90755991 17464850
90755991 21788881
90767457 17464850
90767457 21788881
98321774 17420263
98321774 17465579
98321774 96774884
98321774 96774885
98322962 17464470
98322962 21809215
98321776 17465580
98321776 21810870
98321780 17465580
98321780 21810870
98321823 17465581
98321823 21810869
98321786 17465583
98321786 21810872
98322856 17465695
98322856 21810252
98322856 92811956
98322860 17465695
98322860 21810252
98322860 92811956
98322861 17465695
98322861 21810252
98322861 92811956
98322864 17465695
98322864 21810252
98322864 92811956
98322946 17465695
98322946 21810252
98322946 92811956
98322948 17465695
98322948 21810252
98322948 92811956
98322867 17465695
98322867 92811956
98328040 17465697
98322841 17465697
98322841 21810249
98322855 17465697
98322855 21810249
98321775 17465699
98321775 21810166
98322870 17466087
98322870 21810924
98322879 17466087
98322879 21810924
98322880 17466087
98322880 21810924
98321789 21810872
55195308 17260327
55195309 17260327
55195310 17260327
55195311 17260327
55200240 17260327
55200241 17260327
55195239 17260327
55195239 17465130
55195279 17260327
55195279 17465130
55195285 17260327
55195285 17465130
55195303 17260327
55195303 17465130
55195304 17260327
55195304 17465130
55195306 17260327
55195306 17465130
55195307 17260327
55195307 17465130
55195561 17260327
55195561 17465130
55195565 17260327
55195565 17465130
55195567 17260327
55195567 17465130
55195569 17260327
55195569 17465130
55195651 17260327
55195651 17465130
55195674 17260327
55195674 17465130
55199231 17260327
55199231 17465130
55199232 17260327
55199232 17465130
55195782 17260328
55195782 17465136
55195787 17260328
55195787 17465136
55195895 17260328
55195895 17465136
55195937 17260328
55195937 17465136
55195974 17260328
55195974 17465136
55195788 17260503
55195788 17465576
55195785 17260525
55195780 17260525
55195780 17465666
55195783 17260525
55195783 17465666
55195784 17260525
55195784 17465666
55195786 17260525
55195786 17465666
15366326 160183791
15366326 160183792
15366326 160183794
15366326 160183965
15366326 160183966
15366326 160184125
15366326 160184126
15366326 160289428
15366326 160289430
15366326 160289433
15366326 160289434
15366326 160289437
15366326 160289438
15366326 160289441
15366326 160289442
15366326 160289444
15366326 160289446
15366326 160289447
15366326 160289450
15366326 160485886
15366326 160485905
15366326 17386729
15366326 17465894
15369367 17382427
15369367 17464202
15370970 17384560
15371000 17384560
15371002 17384560
15377868 17384560
15369343 17384560
15369343 17465831
15370966 17384560
15370966 17465831
15370967 17384560
15370967 17465831
15370968 17384560
15370968 17465831
15370969 17384560
15370969 17465831
15370986 17384560
15370986 17465831
15371013 17384560
15371013 17465831
15371017 17384560
15371017 17465831
15376515 17384718
15376515 17463831
15369315 17385344
15369315 17465265
15366128 17387305
15366211 17387305
15366266 17387305
15372460 17387305
15372813 17387305
15372425 17387305
15372425 17464907
15372426 17387305
15372426 17464907
15376662 17387305
15376662 17464907
15376664 17387305
15376664 17464907
15376665 17387305
15376665 17464907
15376734 17387305
15376734 17464907
15376735 17387305
15376735 17464907
15366119 17387308
15366146 17387308
15366160 17387308
15372462 17387308
15372467 17387308
15372888 17387308
15373373 17387308
15373375 17387308
15378062 17387308
15378063 17387308
15378200 17387308
15378201 17387308
15378202 17387308
15378203 17387308
15366143 17387308
15366143 17464896
15366299 17387308
15366299 17464896
15373374 17387308
15373374 17464896
15369328 17387312
15369328 17464884
15369333 17387312
15369333 17464884
15369358 17387312
15369358 17464884
15369359 17387312
15369359 17464884
15366195 17387355
15368007 17387355
15368012 17387355
15368013 17387355
15368015 17387355
15368017 17387355
15368085 17387355
15368118 17387355
15368132 17387355
15368137 17387355
15368139 17387355
15368153 17387355
15368156 17387355
15372421 17387355
15372422 17387355
15372423 17387355
15372424 17387355
15372427 17387355
15372428 17387355
15374080 17387355
15376514 17387355
15377562 17387355
15377563 17387355
15377590 17387355
15377591 17387355
15378341 17387355
15376512 17387355
15376512 17464874
15378340 17387355
15378340 17464874
15378205 17387547
15374041 17387547
15374041 17465877
15378204 17387547
15378204 17465877
15366324 17387944
15366324 17465542
15375649 17464874
15369334 17464951
98324165 101516390
98324165 17465834
98324167 101516390
98324167 17465834
98328830 101516390
98328830 17465834
98326093 104180605
98326093 104180615
98326093 172925019
98326093 17464487
98326093 51389012
98326333 104180605
98326333 104180615
98326333 172925019
98326333 17464487
98326333 51389012
98324731 121552320
98324731 17464408
98329079 121552320
98329079 17464408
98324224 121553250
98324224 17465599
98324224 95282006
98324388 121553250
98324388 17465599
98324388 95282006
98324587 121553250
98324587 17465599
98324587 95282006
98324590 121553250
98324590 17465599
98324590 95282006
98328813 121553250
98328813 17465599
98328813 95282006
98328823 121553250
98328823 17465599
98328823 95282006
98321869 122613944
98321869 17466014
98321872 122613944
98321872 17466014
98322197 122613944
98322197 17466014
98321844 122613947
98321844 17465231
98321846 122613947
98321846 17465231
98322189 122613947
98322189 17465231
98328950 122613947
98328950 17465231
98322782 122617104
98322782 17465715
98322783 122617104
98322783 17465715
98322784 122617104
98322784 17465715
98322785 122617104
98322785 17465715
98322273 122617105
98322273 17465536
98322294 122617105
98322294 17465536
98321777 128569460
98321777 128569462
98321777 128569464
98321777 128569466
98321777 17465213
98321779 128569460
98321779 128569462
98321779 128569464
98321779 128569466
98321779 17465213
98321910 128569460
98321910 128569462
98321910 128569464
98321910 128569466
98321910 17465213
98327506 128569460
98327506 128569462
98327506 128569464
98327506 128569466
98327506 17465213
98328645 128569460
98328645 128569462
98328645 128569464
98328645 128569466
98328645 17465213
98328959 128569460
98328959 128569462
98328959 128569464
98328959 128569466
98328959 17465213
98325645 132782214
98325645 17465742
98325647 132782214
98325647 17465742
98325659 132782214
98325659 17465742
98325661 132782214
98325661 17465742
98325665 132782214
98325665 17465742
98325668 132782214
98325668 17465742
98325670 132782214
98325670 17465742
98325671 132782214
98325671 17465742
98325796 132782214
98325796 17465742
98325814 132782214
98325814 17465742
98326338 132782214
98326338 17465742
98326342 132782214
98326342 17465742
98326346 132782214
98326346 17465742
98326349 132782214
98326349 17465742
98326352 132782214
98326352 17465742
98326354 132782214
98326354 17465742
98326356 132782214
98326356 17465742
98326358 132782214
98326358 17465742
98326359 132782214
98326359 17465742
98326537 132782214
98326537 17465742
98326700 132782214
98326700 17465742
98326880 132782214
98326880 17465742
98326924 132782214
98326924 17465742
98328409 132782214
98328409 17465742
98328410 132782214
98328410 17465742
98329089 132782214
98329089 17465742
98329100 132782214
98329100 17465742
98329109 132782214
98329109 17465742
98322236 160183791
98322236 160183792
98322236 160183794
98322236 160183965
98322236 160183966
98322236 17465894
98322241 160183791
98322241 160183792
98322241 160183794
98322241 160183965
98322241 160183966
98322241 17465894
98322496 160183791
98322496 160183792
98322496 160183794
98322496 160183965
98322496 160183966
98322496 17465894
98322516 160183791
98322516 160183792
98322516 160183794
98322516 160183965
98322516 160183966
98322516 17465894
98322519 160183791
98322519 160183792
98322519 160183794
98322519 160183965
98322519 160183966
98322519 17465894
98322523 160183791
98322523 160183792
98322523 160183794
98322523 160183965
98322523 160183966
98322523 17465894
98322534 160183791
98322534 160183792
98322534 160183794
98322534 160183965
98322534 160183966
98322534 17465894
98322657 160183791
98322657 160183792
98322657 160183794
98322657 160183965
98322657 160183966
98322657 17465894
98328665 160183791
98328665 160183792
98328665 160183794
98328665 160183965
98328665 160183966
98328665 17465894
98329291 160183791
98329291 160183792
98329291 160183794
98329291 160183965
98329291 160183966
98329291 17465894
98329292 160183791
98329292 160183792
98329292 160183794
98329292 160183965
98329292 160183966
98329292 17465894
98322245 160184120
98322245 160184121
98322245 17466015
98322246 160184120
98322246 160184121
98322246 17466015
98328087 160184120
98328087 160184121
98328087 17466015
98328703 160184120
98328703 160184121
98328703 17466015
98323070 160277194
98323070 17465282
98323070 177300362
98323070 177300486
98323305 160277194
98323305 17465282
98323305 177300362
98323305 177300486
98324404 167240029
98324404 17465467
98324407 167240029
98324407 17465467
98329179 167240029
98329179 17465467
98329256 167240029
98329256 17465467
98322913 167556048
98322913 17464050
98322936 167556048
98322936 17464050
98324428 167556048
98324428 17464050
98327609 167556048
98327609 17464050
98327690 167556048
98327690 17464050
98329072 167556048
98329072 17464050
98325261 172193398
98325261 17465531
98324255 172202417
98324255 172202426
98324255 17465604
98324271 172202417
98324271 172202426
98324271 17465604
98325150 172202417
98325150 172202426
98325150 17465604
98325219 172202417
98325219 172202426
98325219 17465604
98325481 172202417
98325481 172202426
98325481 17465604
98324268 172202424
98324268 172202444
98324268 17465370
98325152 172202424
98325152 172202444
98325152 17465370
98325410 172202424
98325410 172202444
98325410 17465370
98325499 172202424
98325499 172202444
98325499 17465370
98325667 172202424
98325667 172202444
98325667 17465370
98325868 172202424
98325868 172202444
98325868 17465370
98325208 172202431
98325208 172202437
98325208 17465035
98325526 172202431
98325526 172202437
98325526 17465035
98328441 17463801
98324678 17463804
98324695 17463804
98324710 17463804
98324758 17463804
98324759 17463804
98324772 17463804
98324788 17463804
98324835 17463804
98326119 17463807
98328117 17463807
98329111 17463807
98322369 17463809
98322266 17463812
98322281 17463812
98325973 17463816
98327780 17463816
98327918 17463818
98327663 17463820
98327593 17463822
98321851 17463825
98321853 17463825
98321856 17463825
98325285 17463826
98327859 17463826
98327862 17463826
98328108 17463828
98328096 17463830
98328097 17463830
98322473 17463833
98322475 17463833
98325903 17463835
98325918 17463835
98325358 17463838
98325360 17463838
98325364 17463838
98325366 17463838
98324025 17463840
98324044 17463840
98324071 17463840
98324092 17463840
98325995 17463845
98326388 17463845
98327671 17463845
98325902 17463848
98325925 17463848
98328007 17463850
98328008 17463850
98324282 17463852
98328808 17463852
98328777 17463854
98325442 17463856
98325599 17463856
98326563 17463856
98326590 17463856
98326592 17463856
98325247 17463859
98325256 17463859
98327743 17463859
98324391 17463864
98325159 17463864
98325474 17463864
98322174 17463870
98322178 17463870
98322180 17463870
98328259 17463870
98328260 17463870
98328263 17463870
98328285 17463870
98328511 17463870
98328656 17463870
98322857 17463875
98322858 17463875
98322933 17463875
98323035 17463875
98323037 17463875
98323138 17463875
98323238 17463875
98323242 17463875
98323245 17463875
98323299 17463875
98328719 17463875
98328725 17463875
98329120 17463877
98325748 17463880
98325749 17463880
98327278 17463882
98327281 17463882
98327923 17463883
98328630 17463885
98328633 17463888
98328522 17463896
98328525 17463899
98328302 17463901
98328528 17463904
98328305 17463908
98328308 17463909
98328610 17463916
98328613 17463918
98328348 17463921
98328614 17463921
98328501 17463922
98328617 17463923
98326447 17463925
98328508 17463926
98328509 17463926
98328814 17463929
98326400 17463931
98323327 17463932
98325374 17463934
98325793 17463936
98323727 17463938
98325353 17463940
98325666 17463942
98325115 17463943
98325750 17463944
98325956 17463945
98327380 17463947
98321919 17463948
98327498 17463949
98327500 17463949
98322143 17463951
98322147 17463952
98321864 17463955
98322037 17463955
98322084 17463955
98322103 17463955
98327363 17463956
98322673 17463959
98322674 17463959
98327365 17463964
98327367 17463967
98322983 17463968
98329036 17463968
98322984 17463971
98322985 17463971
98327677 17463973
98327231 17463974
98327232 17463976
98327233 17463976
98322436 17463978
98326725 17463978
98322959 17463982
98322961 17463982
98322105 17463984
98322869 17463987
98327549 17463987
98322746 17463988
98327419 17463989
98324287 17463992
98324288 17463994
98327616 17463996
98324486 17463997
98322815 17463998
98328282 17464000
98328283 17464003
98328284 17464005
98328287 17464006
98328592 17464008
98324463 17464011
98324577 17464012
98328595 17464013
98328372 17464014
98328261 17464015
98328375 17464016
98328150 17464017
98328264 17464018
98328153 17464019
98328156 17464022
98328159 17464024
98328796 17464026
98328572 17464031
98328575 17464032
98328351 17464034
98328354 17464035
98328243 17464036
98328246 17464039
98324019 17464041
98324640 17464041
98324642 17464041
98328138 17464044
98328328 17464046
98328330 17464046
98328333 17464048
98326389 17464052
98328336 17464053
98328224 17464061
98328229 17464061
98328230 17464061
98328971 17464064
98328339 17464066
98328543 17464070
98328974 17464070
98328228 17464072
98328115 17464074
98328531 17464076
98328311 17464078
98326366 17464081
98328426 17464084
98328314 17464085
98328317 17464088
98328209 17464090
98328621 17464094
98328622 17464094
98328623 17464095
98328510 17464096
98328513 17464098
98328626 17464099
98328627 17464101
98328937 17464103
98326431 17464105
98328604 17464108
98328607 17464112
98324010 17464115
98324458 17464115
98326818 17464115
98323990 17464117
98323995 17464120
98328324 17464120
98323337 17464122
98323954 17464125
98321895 17464126
98325696 17464128
98325251 17464130
98325856 17464130
98323937 17464132
98325785 17464134
98325764 17464135
98325321 17464137
98325322 17464139
98325964 17464140
98327394 17464143
98327396 17464145
98327397 17464146
98329121 17464148
98327480 17464149
98322682 17464151
98322683 17464154
98327487 17464157
98322469 17464161
98327570 17464162
98322137 17464163
98327464 17464164
98327466 17464166
98327467 17464167
98327242 17464169
98327243 17464169
98322664 17464170
98327469 17464171
98322428 17464173
98322441 17464173
98322449 17464175
98327443 17464177
98322868 17464178
98327337 17464180
98327229 17464182
98322429 17464183
98322957 17464185
98327311 17464188
98327313 17464189
98327208 17464191
98328098 17464192
98327400 17464194
98327738 17464195
98324496 17464197
98328290 17464199
98328293 17464201
98328297 17464208
98328298 17464208
98328299 17464210
98328188 17464211
98327717 17464218
98328380 17464222
98328273 17464223
98328276 17464224
98328164 17464228
98328165 17464228
98327913 17464230
98328279 17464232
98328166 17464234
98324560 17464237
98328580 17464240
98328583 17464243
98328586 17464245
98328361 17464247
98328589 17464250
98328251 17464252
98328366 17464254
98328254 17464255
98328142 17464258
98328143 17464258
98328369 17464260
98328257 17464262
98328146 17464264
98328147 17464267
98324545 17464270
98328565 17464272
98328568 17464275
98328342 17464276
98328345 17464277
98328233 17464280
98328122 17464282
98328982 17464285
98328123 17464288
98328127 17464292
98324632 17464295
98328544 17464297
98328320 17464300
98328323 17464305
98328329 17464307
98328218 17464309
98324610 17464310
98326962 17464312
98327077 17464312
98324745 17464317
98324763 17464317
98324790 17464317
98324839 17464317
98327791 17464317
98328836 17464317
98326036 17464319
98326050 17464319
98326237 17464319
98325414 17464321
98325579 17464321
98323505 17464323
98324670 17464323
98328745 17464323
98323472 17464325
98323487 17464325
98323572 17464325
98323575 17464325
98323658 17464325
98323674 17464325
98323676 17464325
98328066 17464327
98328067 17464327
98322315 17464340
98322380 17464340
98322388 17464340
98322410 17464340
98322594 17464340
98322634 17464340
98322770 17464340
98328689 17464340
98327917 17464346
98326130 17464348
98327038 17464349
98322696 17464351
98325188 17464354
98325192 17464354
98325695 17464354
98322764 17464356
98322324 17464357
98322697 17464357
98328456 17464359
98328956 17464359
98328504 17464361
98328199 17464363
98325362 17464365
98325490 17464365
98328883 17464365
98323862 17464367
98324160 17464367
98324162 17464367
98328378 17464367
98328379 17464367
98321782 17464372
98321802 17464372
98321808 17464372
98329029 17464372
98322213 17464374
98323178 17464375
98329043 17464375
98322381 17464377
98325269 17464379
98325277 17464379
98325286 17464379
98325308 17464379
98325323 17464379
98325335 17464379
98325377 17464379
98327705 17464379
98329011 17464379
98324734 17464380
98325908 17464383
98326439 17464383
98324114 17464386
98324131 17464386
98324140 17464386
98324144 17464386
98324154 17464386
98324166 17464386
98324554 17464386
98325134 17464387
98325635 17464387
98325790 17464389
98325998 17464393
98326006 17464393
98326019 17464393
98326031 17464393
98326039 17464393
98326052 17464393
98326178 17464393
98326284 17464393
98326290 17464393
98326401 17464393
98326402 17464393
98326404 17464393
98326435 17464393
98326163 17464395
98326255 17464395
98324823 17464396
98324846 17464396
98326465 17464397
98329097 17464397
98325207 17464400
98329007 17464400
98326240 17464403
98326341 17464403
98328839 17464404
98324786 17464410
98324848 17464410
98326479 17464412
98324719 17464415
98324720 17464415
98324721 17464415
98328852 17464415
98328031 17464416
98326065 17464417
98322387 17464420
98322311 17464422
98326078 17464425
98326436 17464425
98327941 17464428
98327922 17464429
98327260 17464431
98327346 17464433
98325970 17464436
98325972 17464436
98322415 17464439
98322638 17464439
98322769 17464439
98324938 17464445
98325919 17464445
98326205 17464445
98325800 17464446
98322335 17464448
98322807 17464448
98322809 17464448
98324749 17464449
98324754 17464449
98322655 17464451
98322656 17464451
98322661 17464451
98323029 17464453
98323214 17464453
98326761 17464453
98327572 17464453
98328958 17464453
98323025 17464456
98323027 17464456
98323222 17464456
98328303 17464456
98328716 17464456
98328973 17464456
98328994 17464456
98323010 17464457
98323028 17464457
98327099 17464457
98328291 17464457
98328605 17464457
98328606 17464457
98328990 17464457
98329051 17464457
98324194 17464459
98324196 17464459
98324199 17464462
98324204 17464462
98324206 17464462
98324284 17464462
98328811 17464462
98327594 17464464
98325910 17464466
98325913 17464466
98326214 17464466
98326462 17464466
98326114 17464469
98326117 17464469
98326134 17464469
98326137 17464469
98326347 17464469
98328391 17464469
98329302 17464469
98329303 17464469
98324039 17464473
98329209 17464473
98325279 17464490
98325281 17464490
98325283 17464490
98324819 17464492
98322808 17464494
98322333 17464495
98322757 17464495
98322758 17464495
98325875 17464498
98323845 17464503
98323847 17464503
98323938 17464503
98322295 17464504
98322142 17464506
98322146 17464507
98322135 17464513
98322138 17464513
98324219 17464516
98324221 17464516
98324222 17464516
98324285 17464516
98324286 17464516
98327619 17464516
98324228 17464521
98324230 17464521
98324231 17464521
98324232 17464521
98324345 17464521
98322434 17464523
98327893 17464523
98324238 17464525
98324253 17464525
98324267 17464525
98324227 17464527
98324182 17464529
98324381 17464529
98328801 17464529
98322893 17464534
98322920 17464534
98328423 17464536
98323081 17464538
98323164 17464538
98328729 17464538
98321975 17464542
98327106 17464542
98328657 17464542
98322045 17464544
98326126 17464572
98326343 17464572
98328398 17464572
98328399 17464572
98325974 17464573
98325975 17464573
98328898 17464573
98322336 17464576
98322342 17464576
98327656 17464577
98325133 17464581
98324111 17464584
98321989 17464585
98322217 17464585
98321959 17464586
98322130 17464586
98322131 17464586
98322015 17464588
98321781 17464604
98322626 17464610
98322628 17464610
98322632 17464610
98322635 17464610
98322639 17464610
98322642 17464610
98328047 17464610
98328048 17464610
98328602 17464610
98328603 17464610
98329000 17464610
98329114 17464610
98323715 17464615
98323717 17464615
98323719 17464615
98329275 17464619
98328435 17464624
98328442 17464624
98328438 17464628
98322360 17464630
98322370 17464631
98322344 17464633
98322345 17464633
98326549 17464636
98328855 17464636
98325430 17464638
98325432 17464638
98325533 17464638
98326935 17464638
98325802 17464640
98325822 17464640
98327149 17464640
98327358 17464640
98324032 17464643
98324051 17464643
98324118 17464645
98324631 17464645
98324061 17464646
98324229 17464646
98324247 17464648
98324336 17464648
98324609 17464648
98321838 17464649
98321843 17464649
98321855 17464649
98322188 17464649
98323188 17464653
98327279 17464653
98328992 17464653
98323877 17464658
98323947 17464658
98324246 17464658
98324259 17464658
98324386 17464658
98328628 17464658
98328781 17464658
98328820 17464658
98328821 17464658
98328827 17464658
98328828 17464658
98328829 17464658
98327883 17464661
98327886 17464661
98328864 17464661
98325880 17464662
98325886 17464662
98327075 17464664
98323983 17464666
98328352 17464666
98328353 17464666
98328611 17464666
98328612 17464666
98328619 17464666
98329004 17464666
98327019 17464667
98327020 17464667
98325799 17464669
98328095 17464670
98322376 17464672
98322377 17464672
98322775 17464672
98325267 17464673
98325275 17464673
98325284 17464673
98325292 17464673
98325313 17464673
98325329 17464673
98325344 17464673
98325365 17464673
98325384 17464673
98329096 17464673
98324738 17464675
98324982 17464676
98325173 17464677
98325187 17464677
98325470 17464677
98329069 17464679
98327775 17464680
98322467 17464682
98324538 17464685
98322474 17464686
98322810 17464687
98326115 17464688
98322257 17464690
98321998 17464692
98328659 17464692
98321918 17464693
98329277 17464694
98325883 17464696
98321834 17464698
98328358 17464700
98328563 17464702
98328564 17464702
98328566 17464702
98328567 17464702
98326569 17464703
98324117 17464704
98324129 17464704
98326000 17464706
98326001 17464706
98326003 17464706
98327259 17464710
98321933 17464713
98321934 17464713
98321935 17464713
98322129 17464713
98325971 17464715
98325982 17464715
98326466 17464715
98325923 17464718
98326373 17464718
98322765 17464721
98322412 17464725
98327736 17464727
98322709 17464729
98322230 17464730
98327214 17464732
98323859 17464736
98321960 17464738
98322214 17464738
98324120 17464740
98324132 17464740
98324141 17464740
98324155 17464740
98327820 17464740
98322291 17464742
98322292 17464742
98322293 17464742
98327937 17464742
98327874 17464744
98327877 17464744
98327880 17464744
98328190 17464747
98322351 17464749
98322353 17464749
98322355 17464749
98322356 17464749
98322358 17464749
98322361 17464749
98322363 17464749
98322364 17464749
98322365 17464749
98322258 17464760
98322269 17464760
98322276 17464760
98322296 17464760
98322627 17464760
98322786 17464760
98328676 17464760
98328996 17464764
98323463 17464765
98322127 17464766
98328872 17464767
98326108 17464771
98326168 17464771
98326337 17464771
98326601 17464771
98324813 17464774
98326021 17464775
98328909 17464775
98324686 17464778
98324697 17464778
98324699 17464778
98324713 17464778
98324901 17464778
98325931 17464779
98326440 17464780
98328897 17464780
98325320 17464782
98329085 17464782
98325309 17464784
98325312 17464784
98325314 17464784
98324081 17464787
98324084 17464787
98324066 17464788
98324068 17464788
98327073 17464791
98328193 17464793
98327213 17464794
98321845 17464798
98321857 17464798
98321870 17464798
98321875 17464798
98325968 17464799
98325368 17464800
98325387 17464800
98323457 17464801
98323546 17464801
98322250 17464803
98322306 17464803
98322581 17464803
98322663 17464803
98328941 17464803
98325403 17464804
98325421 17464804
98325434 17464804
98325652 17464804
98327888 17464806
98322368 17464808
98327950 17464809
98327956 17464809
98327957 17464809
98322286 17464811
98321889 17464812
98322047 17464812
98322767 17464814
98322768 17464814
98325027 17464818
98325029 17464818
98325030 17464818
98325096 17464818
98325157 17464818
98325158 17464818
98325160 17464818
98325163 17464818
98325164 17464818
98325167 17464818
98325169 17464818
98325472 17464818
98325629 17464818
98327136 17464818
98327366 17464818
98327774 17464818
98322997 17464822
98323000 17464822
98323291 17464822
98322192 17464824
98326149 17464825
98326156 17464825
98325266 17464827
98327352 17464829
98325423 17464831
98325425 17464831
98326926 17464831
98322820 17464833
98325904 17464834
98325905 17464834
98326371 17464834
98322371 17464835
98326146 17464837
98324762 17464838
98324799 17464838
98328848 17464838
98326061 17464841
98327413 17464852
98322438 17464854
98322453 17464854
98322461 17464854
98328167 17464910
98327848 17464911
98327440 17464912
98323496 17464915
98323688 17464915
98322752 17464916
98327533 17464922
98328843 17464925
98327760 17464927
98326460 17464929
98327344 17464929
98325315 17464931
98325544 17464931
98328157 17464932
98328158 17464933
98322374 17464937
98327755 17464937
98326461 17464939
98327727 17464940
98325397 17464942
98325415 17464942
98325428 17464942
98325646 17464942
98324755 17464943
98325140 17464945
98325142 17464945
98325633 17464945
98326450 17464947
98322128 17464952
98328436 17464953
98328437 17464953
98323422 17464954
98324717 17464956
98328207 17464958
98325038 17464964
98328043 17464964
98328981 17464964
98321891 17464967
98322321 17464970
98322323 17464970
98322327 17464970
98322695 17464970
98322801 17464970
98322805 17464970
98326731 17464970
98327087 17464970
98327194 17464970
98329294 17464970
98329295 17464970
98329296 17464970
98326067 17464972
98326069 17464972
98326070 17464972
98326244 17464972
98326059 17464976
98326063 17464976
98326064 17464976
98326274 17464976
98328483 17464976
98328900 17464976
98328921 17464976
98329102 17464976
98327190 17464978
98321962 17464980
98321969 17464980
98327420 17464981
98323811 17464983
98327964 17464984
98321836 17464987
98321842 17464987
98321854 17464987
98321868 17464987
98321873 17464987
98321882 17464987
98321886 17464987
98322107 17464987
98325400 17464988
98325404 17464988
98328806 17464991
98328838 17464991
98326084 17464994
98326516 17464994
98327054 17464996
98325955 17464998
98325961 17464999
98325965 17464999
98326208 17464999
98322777 17465001
98322176 17465007
98322177 17465007
98327902 17465008
98327903 17465008
98322842 17465014
98322889 17465014
98322966 17465014
98322968 17465014
98322969 17465014
98322976 17465014
98323089 17465014
98323107 17465014
98323190 17465014
98323285 17465014
98327571 17465014
98328106 17465014
98328107 17465014
98328265 17465014
98328307 17465014
98328714 17465014
98328720 17465014
98328955 17465014
98328985 17465014
98328987 17465014
98329259 17465014
98329260 17465014
98325200 17465019
98325201 17465019
98327779 17465019
98328877 17465019
98327137 17465022
98327138 17465022
98327364 17465022
98324275 17465023
98324276 17465023
98327954 17465027
98327955 17465027
98322780 17465029
98324729 17465030
98324730 17465030
98324978 17465030
98325186 17465033
98325198 17465033
98327127 17465037
98327336 17465037
98326153 17465039
98326530 17465039
98327729 17465039
98327951 17465042
98327952 17465042
98326007 17465045
98326305 17465045
98326885 17465045
98324151 17465046
98322248 17465048
98322251 17465048
98322574 17465048
98328063 17465048
98328674 17465048
98328675 17465048
98328677 17465048
98328944 17465048
98326160 17465049
98326355 17465049
98326599 17465049
98326054 17465051
98326094 17465051
98326883 17465051
98322814 17465053
98325720 17465055
98325721 17465055
98326434 17465056
98324712 17465057
98324714 17465057
98324715 17465057
98324853 17465057
98328807 17465057
98324718 17465060
98328118 17465061
98324049 17465062
98324067 17465062
98324096 17465062
98324028 17465064
98324069 17465067
98324652 17465067
98324654 17465067
98323483 17465070
98323585 17465070
98321850 17465081
98326717 17465081
98327032 17465081
98327215 17465081
98325300 17465086
98325818 17465086
98323873 17465088
98324240 17465088
98324239 17465090
98324611 17465096
98324612 17465096
98326822 17465096
98324205 17465099
98324122 17465105
98324135 17465105
98324142 17465105
98324158 17465105
98324172 17465105
98324559 17465105
98325983 17465109
98325986 17465109
98327473 17465109
98325398 17465113
98325581 17465113
98325612 17465113
98322817 17465117
98327895 17465117
98328198 17465117
98328466 17465117
98321968 17465137
98321971 17465137
98327889 17465137
98325132 17465140
98325141 17465140
98322383 17465142
98322386 17465142
98324188 17465145
98324208 17465145
98329187 17465145
98329189 17465145
98329190 17465145
98325161 17465147
98325211 17465147
98325521 17465147
98325718 17465147
98324495 17465151
98327592 17465151
98329126 17465151
98329137 17465151
98329138 17465151
98329139 17465151
98321979 17465154
98322210 17465154
98323003 17465154
98326709 17465154
98326755 17465154
98328321 17465154
98328966 17465154
98322367 17465156
98326446 17465161
98329016 17465161
98323879 17465164
98324263 17465164
98326814 17465164
98324265 17465166
98324266 17465166
98324269 17465166
98324270 17465166
98327770 17465166
98327915 17465167
98322774 17465170
98321947 17465171
98327285 17465171
98328132 17465174
98322239 17465178
98322492 17465178
98328678 17465178
98322343 17465180
98327939 17465182
98327942 17465182
98327936 17465183
98328133 17465183
98328686 17465183
98321879 17465185
98327034 17465185
98327211 17465185
98326026 17465188
98327778 17465188
98326018 17465190
98322270 17465192
98321896 17465194
98321898 17465194
98321903 17465194
98321923 17465194
98322055 17465194
98322179 17465197
98323476 17465199
98323477 17465199
98323579 17465199
98326791 17465199
98328742 17465199
98325422 17465201
98325436 17465201
98325439 17465201
98325536 17465201
98325751 17465201
98326110 17465202
98327985 17465203
98325371 17465205
98328916 17465206
98323196 17465208
98323408 17465208
98325288 17465215
98325290 17465215
98325291 17465215
98325294 17465215
98325546 17465215
98325006 17465216
98327359 17465218
98327927 17465220
98326132 17465221
98324555 17465223
98328514 17465223
98325325 17465225
98325328 17465225
98325330 17465225
98328205 17465228
98328206 17465228
98328834 17465228
98321936 17465229
98325893 17465233
98321796 17465236
98322838 17465236
98322849 17465236
98322859 17465236
98322917 17465236
98322924 17465236
98328012 17465236
98328965 17465236
98328967 17465236
98322863 17465237
98322866 17465237
98322871 17465237
98322931 17465237
98322940 17465237
98328325 17465237
98328326 17465237
98321987 17465239
98322216 17465239
98325022 17465247
98325024 17465247
98325074 17465247
98325104 17465247
98325136 17465247
98325137 17465247
98325144 17465247
98325145 17465247
98328868 17465247
98325146 17465250
98327988 17465256
98323982 17465259
98328616 17465259
98329071 17465259
98329068 17465261
98324663 17465263
98324673 17465267
98324675 17465267
98324676 17465267
98324958 17465267
98324964 17465267
98328840 17465267
98326032 17465271
98327799 17465271
98324126 17465274
98324146 17465274
98321894 17465276
98322041 17465276
98328204 17465278
98323460 17465286
98323461 17465286
98328743 17465286
98329058 17465286
98323465 17465288
98326787 17465288
98326789 17465288
98327854 17465290
98324775 17465295
98324777 17465295
98328810 17465295
98322352 17465298
98327043 17465304
98327262 17465304
98327407 17465304
98328309 17465304
98328310 17465304
98328318 17465304
98328319 17465304
98321978 17465306
98327265 17465308
98325154 17465317
98325148 17465317
98325148 17466085
98325485 17465317
98325485 17466085
98326858 17465317
98326858 17466085
98328371 17465317
98328371 17466085
98321866 17465319
98322104 17465319
98322198 17465319
98322199 17465319
98327033 17465319
98327892 17465322
98327372 17465324
98327373 17465324
98322268 17465327
98322284 17465327
98322287 17465327
98327933 17465327
98325981 17465329
98326102 17465332
98324633 17465333
98325156 17465337
98325171 17465337
98325181 17465337
98325184 17465337
98325196 17465337
98328866 17465337
98324004 17465343
98324009 17465343
98324214 17465343
98324218 17465343
98324378 17465343
98324456 17465343
98329073 17465343
98324981 17465346
98324021 17465348
98324023 17465348
98327896 17465349
98325881 17465351
98325500 17465355
98325762 17465355
98326041 17465355
98326043 17465355
98326046 17465355
98326047 17465355
98326049 17465355
98326247 17465355
98326261 17465355
98326326 17465355
98326399 17465355
98327801 17465355
98328917 17465355
98323345 17465356
98325094 17465359
98325101 17465359
98328856 17465359
98328936 17465359
98325177 17465365
98325182 17465365
98328373 17465365
98328631 17465365
98329008 17465365
98328870 17465366
98327984 17465372
98324922 17465374
98324339 17465377
98324342 17465377
98324787 17465377
98324791 17465377
98324796 17465377
98324797 17465377
98324798 17465377
98324868 17465377
98324934 17465377
98328812 17465377
98323948 17465379
98323953 17465379
98328362 17465379
98322460 17465380
98322464 17465380
98325216 17465381
98325218 17465381
98327798 17465382
98327643 17465384
98326382 17465386
98326383 17465386
98324904 17465388
98324966 17465388
98324967 17465388
98329077 17465388
98327720 17465389
98324133 17465390
98324134 17465390
98324700 17465392
98324704 17465392
98327759 17465394
98321961 17465395
98327905 17465397
98327925 17465398
98321859 17465399
98322190 17465399
98321837 17465401
98321840 17465401
98322186 17465401
98323850 17465403
98323851 17465403
98323861 17465403
98323866 17465403
98323892 17465403
98323917 17465403
98323875 17465404
98325023 17465404
98325106 17465404
98324138 17465406
98324147 17465406
98324152 17465406
98324164 17465406
98328390 17465407
98326140 17465409
98326144 17465409
98326145 17465409
98326147 17465409
98326053 17465411
98326055 17465411
98327076 17465414
98322414 17465416
98322423 17465416
98322771 17465416
98325753 17465417
98325754 17465417
98325367 17465419
98325386 17465419
98326082 17465421
98326088 17465421
98326099 17465421
98326077 17465423
98327272 17465425
98325959 17465427
98325980 17465427
98326463 17465427
98325909 17465430
98325935 17465430
98326081 17465432
98326083 17465432
98322794 17465435
98328547 17465435
98328548 17465435
98325787 17465437
98327900 17465439
98326116 17465441
98326131 17465441
98326138 17465441
98326148 17465441
98326351 17465441
98327162 17465441
98327478 17465441
98324727 17465443
98325223 17465446
98325528 17465446
98325571 17465446
98325619 17465446
98324742 17465449
98328934 17465449
98328845 17465451
98327897 17465454
98323286 17465459
98323288 17465459
98323290 17465459
98323292 17465459
98323294 17465459
98323296 17465459
98323298 17465459
98323300 17465459
98323306 17465459
98323402 17465459
98323405 17465459
98323411 17465459
98324402 17465459
98324409 17465459
98324414 17465459
98324416 17465459
98324418 17465459
98324419 17465459
98326686 17465459
98327605 17465459
98327608 17465459
98328737 17465459
98329049 17465459
98329148 17465459
98329165 17465459
98329166 17465459
98329182 17465459
98329257 17465459
98323406 17465469
98326113 17465473
98326350 17465473
98326427 17465473
98326448 17465474
98325888 17465475
98325889 17465475
98325896 17465475
98325897 17465475
98325911 17465477
98325917 17465478
98328432 17465479
98322354 17465480
98325257 17465483
98326458 17465485
98328557 17465488
98328559 17465488
98328560 17465488
98325990 17465490
98322766 17465491
98325316 17465492
98325346 17465492
98325276 17465493
98325296 17465493
98325744 17465493
98322698 17465494
98322314 17465496
98327839 17465498
98325876 17465499
98325877 17465499
98325878 17465499
98326449 17465499
98328337 17465500
98328338 17465500
98329044 17465500
98328213 17465501
98324639 17465502
98326080 17465503
98328028 17465505
98324657 17465507
98324082 17465508
98324100 17465508
98322435 17465510
98324150 17465512
98324095 17465514
98324103 17465514
98324107 17465517
98324110 17465517
98325050 17465519
98327273 17465521
98327274 17465521
98322708 17465522
98326141 17465523
98328867 17465524
98322341 17465525
98322754 17465528
98324725 17465530
98326075 17465533
98326076 17465533
98327673 17465533
98325985 17465537
98326095 17465543
98322384 17465544
98324728 17465547
98324743 17465547
98327920 17465549
98323011 17465551
98323443 17465551
98323523 17465552
98323645 17465557
98327577 17465557
98329061 17465557
98328211 17465559
98325890 17465561
98325891 17465561
98326151 17465562
98324139 17465565
98324161 17465566
98324195 17465566
98326429 17465568
98322272 17465570
98324148 17465573
98324548 17465573
98327192 17465575
98328473 17465575
98322271 17465577
98322275 17465577
98327064 17465577
98327379 17465577
98324017 17465578
98324041 17465578
98326940 17465584
98329232 17465584
98329233 17465584
98328359 17465587
98328818 17465587
98324062 17465590
98324408 17465590
98329152 17465590
98329153 17465590
98328849 17465593
98324300 17465595
98327625 17465595
98323437 17465602
98323438 17465602
98323517 17465602
98323537 17465602
98328948 17465602
98325220 17465607
98325237 17465608
98325502 17465608
98329272 17465610
98329273 17465611
98324241 17465613
98324262 17465613
98324618 17465613
98324619 17465613
98328896 17465613
98325241 17465614
98325355 17465614
98327645 17465615
98327945 17465617
98325979 17465618
98324083 17465619
98326123 17465623
98324542 17465624
98324546 17465624
98324547 17465624
98324108 17465625
98324751 17465627
98324752 17465627
98327890 17465628
98327734 17465630
98325058 17465634
98325059 17465634
98325071 17465634
98325578 17465634
98325598 17465634
98325606 17465634
98322418 17465636
98322432 17465636
98322445 17465636
98322456 17465636
98322772 17465636
98324680 17465638
98324805 17465639
98324941 17465639
98328904 17465639
98324020 17465641
98322433 17465643
98322443 17465644
98322427 17465646
98323453 17465647
98323555 17465647
98323815 17465650
98323816 17465650
98323817 17465650
98324753 17465651
98326425 17465653
98325992 17465655
98325993 17465655
98322802 17465657
98326437 17465659
98321976 17465663
98322077 17465663
98324816 17465668
98324876 17465668
98327771 17465668
98326089 17465670
98326090 17465670
98327012 17465671
98327667 17465671
98329087 17465671
98327959 17465676
98327960 17465676
98328452 17465676
98328453 17465676
98324543 17465677
98324544 17465677
98326073 17465678
98325882 17465680
98326445 17465680
98321863 17465685
98321863 51885674
98321863 95277802
98321863 95277803
98321863 95277807
98321863 95278409
98321900 17465685
98321900 51885674
98321900 95277802
98321900 95277803
98321900 95277807
98321900 95278409
98321913 17465685
98321913 51885674
98321913 95277802
98321913 95277803
98321913 95277807
98321913 95278409
98321944 17465685
98321944 51885674
98321944 95277802
98321944 95277803
98321944 95277807
98321944 95278409
98321983 17465685
98321983 51885674
98321983 95277802
98321983 95277803
98321983 95277807
98321983 95278409
98322963 17465685
98322963 51885674
98322963 95277802
98322963 95277803
98322963 95277807
98322963 95278409
98323001 17465685
98323001 51885674
98323001 95277802
98323001 95277803
98323001 95277807
98323001 95278409
98323015 17465685
98323015 51885674
98323015 95277802
98323015 95277803
98323015 95277807
98323015 95278409
98323020 17465685
98323020 51885674
98323020 95277802
98323020 95277803
98323020 95277807
98323020 95278409
98323111 17465685
98323111 51885674
98323111 95277802
98323111 95277803
98323111 95277807
98323111 95278409
98323194 17465685
98323194 51885674
98323194 95277802
98323194 95277803
98323194 95277807
98323194 95278409
98326719 17465685
98326719 51885674
98326719 95277802
98326719 95277803
98326719 95277807
98326719 95278409
98327511 17465685
98327511 51885674
98327511 95277802
98327511 95277803
98327511 95277807
98327511 95278409
98327575 17465685
98327575 51885674
98327575 95277802
98327575 95277803
98327575 95277807
98327575 95278409
98323021 17465686
98323021 95277805
98323021 95277806
98323113 17465686
98323113 95277805
98323113 95277806
98322692 17465689
98328196 17465689
98327053 17465690
98327282 17465691
98325206 17465700
98328191 17465706
98325879 17465708
98325884 17465708
98325892 17465708
98325900 17465708
98325914 17465708
98328258 17465710
98321839 17465712
98327891 17465712
98324086 17465713
98324104 17465713
98324540 17465713
98324127 17465716
98324128 17465716
98324130 17465716
98324549 17465716
98328859 17465718
98324026 17465719
98324047 17465719
98324065 17465719
98324094 17465719
98328181 17465720
98327131 17465722
98327330 17465722
98322175 17465724
98325907 17465725
98326442 17465725
98328091 17465725
98328092 17465725
98325416 17465726
98325419 17465726
98325420 17465726
98325534 17465726
98326933 17465726
98325271 17465728
98325273 17465728
98325274 17465728
98322366 17465730
98322375 17465730
98322706 17465730
98328521 17465730
98328682 17465730
98322382 17465732
98322394 17465732
98328523 17465732
98328524 17465732
98325894 17465744
98326217 17465744
98324022 17465745
98321865 17465748
98321880 17465748
98321885 17465748
98322978 17465749
98322986 17465749
98329038 17465749
98325088 17465751
98327840 17465751
98325254 17465752
98325255 17465752
98322789 17465753
98322796 17465753
98328439 17465753
98328440 17465753
98324089 17465755
98324090 17465755
98324093 17465755
98324105 17465755
98324278 17465755
98327761 17465757
98324354 17465759
98324357 17465759
98326749 17465761
98327552 17465761
98323883 17465765
98323966 17465765
98323977 17465765
98327590 17465765
98329067 17465765
98325757 17465766
98322357 17465768
98322372 17465768
98327919 17465769
98328697 17465769
98324245 17465770
98325331 17465772
98325350 17465772
98326282 17465777
98325382 17465779
98325391 17465779
98325850 17465779
98326120 17465780
98326122 17465780
98322413 17465782
98322424 17465782
98322455 17465782
98322468 17465782
98328529 17465782
98328530 17465782
98327152 17465784
98327499 17465784
98322872 17465788
98322875 17465788
98322876 17465788
98322877 17465788
98322878 17465788
98322938 17465788
98323061 17465788
98323063 17465788
98323153 17465788
98326773 17465788
98328334 17465788
98328335 17465788
98328702 17465788
98329045 17465788
98329046 17465788
98322791 17465789
98328430 17465789
98328431 17465789
98328433 17465789
98328434 17465789
98324115 17465790
98324539 17465790
98324119 17465791
98324121 17465791
98324123 17465791
98323039 17465793
98323049 17465793
98323118 17465793
98323211 17465793
98323235 17465793
98323395 17465793
98327560 17465793
98324811 17465795
98324812 17465795
98324815 17465795
98328125 17465795
98328850 17465795
98326025 17465798
98326227 17465798
98326229 17465798
98326091 17465799
98326267 17465799
98326336 17465799
98324776 17465800
98324789 17465800
98322278 17465801
98322279 17465801
98322282 17465801
98322283 17465801
98322285 17465801
98326085 17465803
98327058 17465805
98327871 17465807
98324072 17465809
98324076 17465809
98324078 17465809
98324079 17465809
98322307 17465810
98322312 17465810
98322313 17465810
98322322 17465810
98325396 17465811
98325412 17465811
98324088 17465812
98322804 17465814
98321871 17465816
98321877 17465816
98328248 17465816
98328658 17465816
98322110 17465821
98323858 17465836
98323880 17465836
98323897 17465836
98328779 17465836
98325797 17465837
98325798 17465837
98326928 17465837
98321874 17465839
98327528 17465839
98322763 17465840
98326024 17465842
98326300 17465842
98326313 17465842
98323397 17465845
98323399 17465845
98323401 17465845
98323403 17465845
98323404 17465845
98324462 17465848
98323960 17465850
98325969 17465852
98325978 17465852
98328920 17465852
98329098 17465852
98328465 17465854
98325401 17465856
98325418 17465856
98325433 17465856
98325650 17465856
98324750 17465857
98322085 17465860
98322087 17465860
98322089 17465860
98322090 17465860
98326662 17465860
98326664 17465860
98326666 17465860
98326668 17465860
98326670 17465860
98326715 17465860
98326555 17465862
98326557 17465862
98326559 17465862
98326597 17465863
98326891 17465863
98325932 17465865
98322255 17465866
98324143 17465867
98327408 17465869
98327088 17465870
98327714 17465874
98326868 17465876
98324163 17465879
98327126 17465879
98327335 17465879
98329200 17465879
98329203 17465879
98329204 17465879
98329205 17465879
98329206 17465879
98325259 17465881
98325260 17465881
98325263 17465881
98326161 17465882
98326605 17465882
98323864 17465884
98321922 17465886
98321972 17465888
98322126 17465888
98327887 17465888
98323019 17465889
98326729 17465897
98328169 17465897
98328666 17465897
98328667 17465897
98327758 17465899
98328945 17465901
98321963 17465905
98321965 17465905
98326121 17465906
98327929 17465908
98328526 17465909
98328527 17465909
98323708 17465912
98324672 17465912
98325960 17465915
98325984 17465915
98325991 17465915
98325407 17465918
98324953 17465921
98328831 17465921
98326020 17465923
98326222 17465923
98326297 17465923
98326394 17465923
98327280 17465925
98323855 17465927
98323857 17465927
98323899 17465927
98327730 17465928
98327263 17465930
98327264 17465931
98327266 17465931
98326157 17465932
98326905 17465932
98328247 17465934
98327062 17465936
98324687 17465941
98324899 17465941
98323026 17465961
98323026 51389010
98323026 95281980
98323026 95281982
98323026 95281986
98323026 95282001
98323026 95282009
98323026 95282011
98323034 17465961
98323034 51389010
98323034 95281980
98323034 95281982
98323034 95281986
98323034 95282001
98323034 95282009
98323034 95282011
98321849 17465964
98322191 17465965
98327930 17465966
98324070 17465967
98324073 17465967
98325293 17465969
98325801 17465969
98325803 17465970
98325962 17465972
98325987 17465972
98326210 17465972
98326464 17465972
98323071 17465974
98323386 17465974
98323974 17465974
98328735 17465974
98325337 17465976
98325340 17465976
98325343 17465976
98325345 17465976
98325347 17465976
98325348 17465976
98325351 17465976
98325542 17465976
98327141 17465976
98327485 17465976
98323870 17465979
98323920 17465979
98324215 17465979
98323057 17465981
98323058 17465981
98323059 17465981
98323257 17465981
98323303 17465981
98326767 17465981
98324077 17465983
98324091 17465983
98325437 17465984
98328136 17465985
98328137 17465985
98328268 17465988
98328269 17465988
98328270 17465990
98327557 17465992
98321787 17465994
98321805 17465994
98321810 17465994
98328126 17465997
98324747 17466000
98329080 17466000
98323978 17466002
98323988 17466002
98322557 17466007
98328503 17466007
98328947 17466007
98323462 17466012
98321867 17466013
98328168 17466016
98323813 17466019
98328727 17466019
98324156 17466020
98327911 17466021
98322755 17466022
98327532 17466024
98321984 17466025
98327958 17466027
98324048 17466028
98324050 17466028
98324052 17466028
98324053 17466028
98324054 17466028
98324056 17466028
98324057 17466028
98324058 17466028
98322439 17466029
98325235 17466031
98325395 17466031
98325504 17466031
98325149 17466034
98325176 17466034
98328368 17466034
98328874 17466034
98323325 17466035
98323407 17466035
98327555 17466036
98327855 17466038
98327860 17466038
98327869 17466038
98327878 17466038
98327884 17466038
98325373 17466040
98327741 17466040
98329002 17466041
98324724 17466043
98327623 17466043
98325898 17466044
98325912 17466044
98325943 17466044
98322942 17466045
98323060 17466045
98328178 17466050
98323509 17466051
98323590 17466051
98324666 17466051
98322397 17466057
98322548 17466057
98322562 17466057
98327196 17466057
98328946 17466057
98321848 17466060
98321862 17466060
98328964 17466062
98328518 17466066
98328519 17466066
98324735 17466068
98324975 17466070
98324739 17466072
98325887 17466073
98326444 17466073
98326459 17466073
98324027 17466075
98324029 17466075
98324030 17466075
98324031 17466075
98328135 17466077
98324124 17466078
98324137 17466078
98324174 17466078
98324541 17466078
98324558 17466078
98326016 17466080
98326302 17466080
98328176 17466080
98328907 17466080
98325264 17466082
98325270 17466082
98325280 17466082
98325287 17466082
98325310 17466082
98325379 17466082
98325399 17466082
98325431 17466082
98325648 17466082
98322748 17466086
98323045 17466090
98323143 17466090
98323149 17466090
98324002 17466094
98324322 17466094
98324368 17466094
98329262 17466094
98329263 17466094
98323997 17466095
98323999 17466095
98324413 17466095
98325550 17466097
98327844 17466097
98327845 17466097
98328376 17466097
98328795 17466098
98329284 17466098
98325041 17466099
