8256358 17384960
8256358 17550912
8256360 17384960
8256360 17550912
8251599 17384966
8251599 17550913
8251600 17384966
8251600 17550913
8256361 17387309
8256361 17550001
8248271 17550340
8248272 17550340
8248417 17550340
8248418 17550340
8248419 17550340
8248739 17550340
7641622 17432759
7641622 17549929
7641188 17433460
7641234 17433460
7641239 17433460
7641244 17433460
7641246 17433460
7641268 17433460
7641331 17433460
7641426 17433460
7641468 17433460
7641509 17433460
7641608 17433460
7641726 17433460
7647239 17433460
7647453 17433460
7647652 17433460
7651660 17433460
7651661 17433460
7641196 17433460
7641196 17549511
7641457 17433460
7641457 17549511
7638629 17433475
7638639 17433475
7638651 17433475
7638672 17433475
7638683 17433475
7638693 17433475
7638715 17433475
7638721 17433475
7647408 17433475
7647636 17433475
7647636 17549513
7638582 17436545
7638582 17551354
7638601 17436545
7638601 17551354
7638609 17436545
7638609 17551354
7638610 17436545
7638610 17551354
7638979 17436545
7638979 17551354
7638980 17436545
7638980 17551354
7641135 17436547
7641135 17551357
7651632 17436547
7651632 17551357
7645248 17436562
7645248 17551359
7638910 17549514
8254428 163510008
8254428 17514872
8254433 163510008
8254433 17514872
8256277 163510008
8256277 17514872
8253956 163510008
8253956 17514872
8253956 17550960
8253964 163510008
8253964 17514872
8253964 17550960
8254294 163510008
8254294 17514872
8254294 17550960
8254420 163510008
8254420 17514872
8254420 17550960
8254426 163510008
8254426 17514872
8254426 17550960
8254427 163510008
8254427 17514872
8254427 17550960
8254430 163510008
8254430 17514872
8254430 17550960
8254432 163510008
8254432 17514872
8254432 17550960
8254434 163510008
8254434 17514872
8254434 17550960
8254437 163510008
8254437 17514872
8254437 17550960
8254439 163510008
8254439 17514872
8254439 17550960
8254440 163510008
8254440 17514872
8254440 17550960
8254479 163510008
8254479 17514872
8254479 17550960
8254536 163510008
8254536 17514872
8254536 17550960
8256276 163510008
8256276 17514872
8256276 17550960
8253238 17513604
8253526 17513604
8253237 17513604
8253237 17549460
8253240 17513604
8253240 17549460
8253472 17513604
8253472 17549460
8256312 17513604
8256312 17549460
8256319 17513606
8253226 17513606
8253226 17549463
8253501 17513606
8253501 17549463
8256318 17513606
8256318 17549463
8256274 17513608
8256274 17549465
8254446 17513609
8254446 17549467
8254522 17513609
8254522 17549467
8256329 17513612
8256331 17513612
8252389 17513612
8252389 17549475
8252443 17513612
8252443 17549475
8253220 17513612
8253220 17549475
8256330 17513612
8256330 17549475
8251828 17513615
8251828 17549478
8253242 17513617
8253242 17549484
8253567 17513617
8253567 17549484
8254782 17513617
8254782 17549484
8256308 17513617
8256308 17549484
8256309 17513617
8256309 17549484
8251702 17514232
8254710 17514232
8251696 17514232
8251696 17550178
8251698 17514232
8251698 17550178
8251700 17514232
8251700 17550178
8251701 17514232
8251701 17550178
8253953 17514552
8253953 17550566
8254318 17514552
8254318 17550566
8254445 17514782
8254445 17550890
8254561 17514782
8254561 17550890
8253945 17514870
8256291 17514870
8256291 17550954
8256272 17514874
8256270 17514874
8256270 17550962
8256273 17514874
8256273 17550962
8254451 17514876
8254451 17550963
8255670 17514877
8255670 17550968
8253245 17514918
8253245 17551001
8254443 17515043
8254443 17551079
8256322 17515482
8256326 17515482
8253221 17515482
8253221 17551374
8253224 17515482
8253224 17551374
8253478 17515482
8253478 17551374
8256320 17515482
8256320 17551374
8256323 17515482
8256323 17551374
8256324 17515482
8256324 17551374
8256327 17515482
8256327 17551374
8256315 17515488
8256317 17515488
8253228 17515488
8253228 17551380
8253233 17515488
8253233 17551380
8256314 17515488
8256314 17551380
8256316 17515488
8256316 17551380
8256300 17515494
8256300 17551383
8256303 17515494
8256303 17551383
8256304 17515494
8256304 17551383
8256307 17515494
8256307 17551383
8254337 17549065
8254783 17549460
8256310 17549460
8254447 17549467
8253246 17549484
8253247 17549484
8255671 17549484
8252387 17550178
8252445 17550178
8256340 17550178
8256293 17550954
8254422 17550960
8255669 17550968
8048736 113034957
8048736 113034961
8048736 17549845
8048736 17558316
8048880 113034957
8048880 113034961
8048880 17549845
8048880 17558316
8080348 113034957
8080348 17549845
8080349 113034957
8080349 17549845
8080350 113034957
8080350 17549845
8048424 17549839
8048424 17558319
8248437 112964006
8248437 168183266
8248437 168183269
8248437 17550626
8248456 112964006
8248456 168183266
8248456 168183269
8248456 17550626
8248474 112964006
8248474 168183266
8248474 168183269
8248474 17550626
8248519 112964006
8248519 168183266
8248519 168183269
8248519 17550626
8248523 112964006
8248523 168183266
8248523 168183269
8248523 17550626
8248528 112964006
8248528 168183266
8248528 168183269
8248528 17550626
8248652 112964006
8248652 168183266
8248652 168183269
8248652 17550626
8248703 112964006
8248703 168183266
8248703 168183269
8248703 17550626
8248741 112964006
8248741 168183266
8248741 168183269
8248741 17550626
8248767 112964006
8248767 168183266
8248767 168183269
8248767 17550626
8248771 112964006
8248771 168183266
8248771 168183269
8248771 17550626
8248837 112964006
8248837 168183266
8248837 168183269
8248837 17550626
8248913 112964006
8248913 168183266
8248913 168183269
8248913 17550626
8248922 112964006
8248922 168183266
8248922 168183269
8248922 17550626
8250728 112964010
8250728 17550195
8250855 112964010
8250855 17550195
8251594 112993169
8251594 112993646
8251594 17549377
8251597 112993169
8251597 112993646
8251597 17549377
8251603 112993169
8251603 112993646
8251603 17549377
8251709 112993169
8251709 112993646
8251709 17549377
8251728 112993169
8251728 112993646
8251728 17549377
8251731 112993169
8251731 112993646
8251731 17549377
8251924 112993169
8251924 112993646
8251924 17549377
8251938 112993169
8251938 112993646
8251938 17549377
8251949 112993169
8251949 112993646
8251949 17549377
8255797 112993169
8255797 112993646
8255797 17549377
8255798 112993169
8255798 112993646
8255798 17549377
8253821 112993621
8253821 17550634
8250547 121198697
8250547 121198701
8250547 17551242
8250553 121198697
8250553 121198701
8250553 17551242
8250569 121198697
8250569 121198701
8250569 17551242
8250594 121198697
8250594 121198701
8250594 17551242
8250752 121198723
8250752 121198724
8250752 17551049
8251249 121198723
8251249 121198724
8251249 17551049
8249573 130909520
8249573 17550588
8248283 131835046
8248283 131835047
8248283 131835048
8248283 131835049
8248283 131835050
8248283 131835051
8248283 131835052
8248283 131835053
8248283 131835054
8248283 131835055
8248283 131835056
8248283 17550546
8248283 51758664
8248399 131835046
8248399 131835047
8248399 131835048
8248399 131835049
8248399 131835050
8248399 131835051
8248399 131835052
8248399 131835053
8248399 131835054
8248399 131835055
8248399 131835056
8248399 17550546
8248399 51758664
8248404 131835046
8248404 131835047
8248404 131835048
8248404 131835049
8248404 131835050
8248404 131835051
8248404 131835052
8248404 131835053
8248404 131835054
8248404 131835055
8248404 131835056
8248404 17550546
8248404 51758664
8248584 131835046
8248584 131835047
8248584 131835048
8248584 131835049
8248584 131835050
8248584 131835051
8248584 131835052
8248584 131835053
8248584 131835054
8248584 131835055
8248584 131835056
8248584 17550546
8248584 51758664
8248602 131835046
8248602 131835047
8248602 131835048
8248602 131835049
8248602 131835050
8248602 131835051
8248602 131835052
8248602 131835053
8248602 131835054
8248602 131835055
8248602 131835056
8248602 17550546
8248602 51758664
8248734 131835046
8248734 131835047
8248734 131835048
8248734 131835049
8248734 131835050
8248734 131835051
8248734 131835052
8248734 131835053
8248734 131835054
8248734 131835055
8248734 131835056
8248734 17550546
8248734 51758664
8248795 131835046
8248795 131835047
8248795 131835048
8248795 131835049
8248795 131835050
8248795 131835051
8248795 131835052
8248795 131835053
8248795 131835054
8248795 131835055
8248795 131835056
8248795 17550546
8248795 51758664
8248891 131835046
8248891 131835047
8248891 131835048
8248891 131835049
8248891 131835050
8248891 131835051
8248891 131835052
8248891 131835053
8248891 131835054
8248891 131835055
8248891 131835056
8248891 17550546
8248891 51758664
8248954 131835046
8248954 131835047
8248954 131835048
8248954 131835049
8248954 131835050
8248954 131835051
8248954 131835052
8248954 131835053
8248954 131835054
8248954 131835055
8248954 131835056
8248954 17550546
8248954 51758664
8250387 131835046
8250387 131835047
8250387 131835048
8250387 131835049
8250387 131835050
8250387 131835051
8250387 131835052
8250387 131835053
8250387 131835054
8250387 131835055
8250387 131835056
8250387 17550546
8250387 51758664
8253910 163510011
8253910 17551042
8253913 163510011
8253913 17551042
8253986 163510011
8253986 17551042
8253999 163510011
8253999 17551042
8255521 163510011
8255521 17551042
8255522 163510011
8255522 17551042
8253042 163510024
8253042 163510025
8253042 17549786
8252740 163510083
8252740 163510163
8252740 167700107
8252740 17551159
8252742 163510083
8252742 163510163
8252742 167700107
8252742 17551159
8252743 163510083
8252743 163510163
8252743 167700107
8252743 17551159
8252763 163510083
8252763 163510163
8252763 167700107
8252763 17551159
8252764 163510083
8252764 163510163
8252764 167700107
8252764 17551159
8252861 163510083
8252861 163510163
8252861 167700107
8252861 17551159
8253029 163510083
8253029 163510163
8253029 167700107
8253029 17551159
8253530 163510083
8253530 163510163
8253530 167700107
8253530 17551159
8253532 163510083
8253532 163510163
8253532 167700107
8253532 17551159
8253534 163510083
8253534 163510163
8253534 167700107
8253534 17551159
8253536 163510083
8253536 163510163
8253536 167700107
8253536 17551159
8253538 163510083
8253538 163510163
8253538 167700107
8253538 17551159
8253540 163510083
8253540 163510163
8253540 167700107
8253540 17551159
8253542 163510083
8253542 163510163
8253542 167700107
8253542 17551159
8253544 163510083
8253544 163510163
8253544 167700107
8253544 17551159
8253546 163510083
8253546 163510163
8253546 167700107
8253546 17551159
8253547 163510083
8253547 163510163
8253547 167700107
8253547 17551159
8253557 163510083
8253557 163510163
8253557 167700107
8253557 17551159
8254170 163510083
8254170 163510163
8254170 167700107
8254170 17551159
8254172 163510083
8254172 163510163
8254172 167700107
8254172 17551159
8254174 163510083
8254174 163510163
8254174 167700107
8254174 17551159
8254176 163510083
8254176 163510163
8254176 167700107
8254176 17551159
8254178 163510083
8254178 163510163
8254178 167700107
8254178 17551159
8254180 163510083
8254180 163510163
8254180 167700107
8254180 17551159
8254182 163510083
8254182 163510163
8254182 167700107
8254182 17551159
8254184 163510083
8254184 163510163
8254184 167700107
8254184 17551159
8254185 163510083
8254185 163510163
8254185 167700107
8254185 17551159
8254332 163510083
8254332 163510163
8254332 167700107
8254332 17551159
8254638 163510083
8254638 163510163
8254638 167700107
8254638 17551159
8254739 163510083
8254739 163510163
8254739 167700107
8254739 17551159
8254740 163510083
8254740 163510163
8254740 167700107
8254740 17551159
8254742 163510083
8254742 163510163
8254742 167700107
8254742 17551159
8249295 163510096
8249295 17549870
8249298 163510096
8249298 17549870
8249309 163510096
8249309 17549870
8249358 163510096
8249358 17549870
8249377 163510096
8249377 17549870
8249394 163510096
8249394 17549870
8249474 163510096
8249474 17549870
8249487 163510096
8249487 17549870
8249493 163510096
8249493 17549870
8249495 163510096
8249495 17549870
8251975 163510096
8251975 17549870
8252008 163510096
8252008 17549870
8252669 163510096
8252669 17549870
8252926 163510096
8252926 17549870
8255123 163510096
8255123 17549870
8251984 163510102
8251984 17551436
8252021 163510102
8252021 17551436
8252523 163510102
8252523 17551436
8252686 163510102
8252686 17551436
8252873 163510102
8252873 17551436
8252945 163510102
8252945 17551436
8253056 163510138
8253056 163510139
8253056 17549415
8253268 163510138
8253268 163510139
8253268 17549415
8253350 163510138
8253350 163510139
8253350 17549415
8253381 163510138
8253381 163510139
8253381 17549415
8253583 163510138
8253583 163510139
8253583 17549415
8253585 163510138
8253585 163510139
8253585 17549415
8252676 167430581
8252676 17550682
8252678 167430581
8252678 17550682
8252680 167430581
8252680 17550682
8252681 167430581
8252681 17550682
8252683 167430581
8252683 17550682
8252685 167430581
8252685 17550682
8252725 167430581
8252725 17550682
8252727 167430581
8252727 17550682
8252729 167430581
8252729 17550682
8252731 167430581
8252731 17550682
8252733 167430581
8252733 17550682
8252966 167430581
8252966 17550682
8253027 167430581
8253027 17550682
8253506 167430581
8253506 17550682
8253508 167430581
8253508 17550682
8253510 167430581
8253510 17550682
8253511 167430581
8253511 17550682
8253513 167430581
8253513 17550682
8253514 167430581
8253514 17550682
8253519 167430581
8253519 17550682
8253521 167430581
8253521 17550682
8253523 167430581
8253523 17550682
8253525 167430581
8253525 17550682
8253527 167430581
8253527 17550682
8254722 167430581
8254722 17550682
8254724 167430581
8254724 17550682
8254725 167430581
8254725 17550682
8256009 167430581
8256009 17550682
8256229 167430581
8256229 17550682
8252225 167652190
8252225 17550923
8252228 167652190
8252228 17550923
8252964 167652190
8252964 17550923
8252158 167704174
8252158 167705020
8252158 17551499
8252159 167704174
8252159 167705020
8252159 17551499
8252162 167704174
8252162 167705020
8252162 17551499
8252165 167704174
8252165 167705020
8252165 17551499
8252166 167704174
8252166 167705020
8252166 17551499
8252481 167704174
8252481 167705020
8252481 17551499
8252489 167704174
8252489 167705020
8252489 17551499
8252538 167704174
8252538 167705020
8252538 17551499
8252794 167704174
8252794 167705020
8252794 17551499
8254707 167704174
8254707 167705020
8254707 17551499
8256227 167704174
8256227 167705020
8256227 17551499
8252877 167704175
8252877 17551365
8252879 167704175
8252879 17551365
8252880 167704175
8252880 17551365
8252881 167704175
8252881 17551365
8252883 167704175
8252883 17551365
8252887 167704175
8252887 17551365
8252244 167704442
8252244 17549448
8252247 167704442
8252247 17549448
8252248 167704442
8252248 17549448
8252250 167704442
8252250 17549448
8252293 167704443
8252293 17551224
8252963 167704443
8252963 17551224
8252297 167704444
8252297 17550463
8252039 167705019
8252039 17549887
8252041 167705019
8252041 17549887
8252948 167705019
8252948 17549887
8248574 168183263
8248574 17550616
8248576 168183263
8248576 17550616
8248579 168183263
8248579 17550616
8248581 168183263
8248581 17550616
8248582 168183263
8248582 17550616
8248590 168183263
8248590 17550616
8248592 168183263
8248592 17550616
8248541 168183265
8248541 17550731
8248548 168183265
8248548 17550731
8248559 168183265
8248559 17550731
8248970 168183265
8248970 17550731
8255935 168183265
8255935 17550731
8249016 17541928
8249016 17551311
8249019 17541928
8249019 17551311
8249020 17541928
8249020 17551311
8249027 17541928
8249027 17551311
8249071 17541928
8249071 17551311
8249072 17541928
8249072 17551318
8249095 17541928
8249095 17551318
8249098 17541928
8249098 17551318
8254584 17541928
8254584 17551318
8255768 17541928
8255768 17551318
8255769 17541928
8255769 17551318
8255771 17541928
8255771 17551318
8255772 17541928
8255772 17551318
8250580 17548386
8251621 17548387
8254936 17548387
8249054 17548390
8249080 17548390
8249087 17548390
8249089 17548390
8249099 17548390
8249250 17548390
8249228 17548391
8255559 17548391
8255770 17548392
8254431 17548394
8252272 17548395
8252275 17548395
8252278 17548395
8252279 17548395
8252709 17548395
8256111 17548395
8256112 17548395
8249558 17548397
8249569 17548397
8249581 17548397
8249587 17548397
8249593 17548397
8249890 17548397
8249921 17548397
8250027 17548397
8250029 17548397
8248273 17548398
8248274 17548398
8248287 17548398
8248292 17548398
8248297 17548398
8248305 17548398
8248331 17548398
8248339 17548398
8248352 17548398
8248358 17548398
8248380 17548398
8248390 17548398
8254660 17548398
8248927 17548399
8254589 17548401
8254589 17548412
8254805 17548401
8254805 17548412
8254807 17548405
8254807 17548412
8253788 17548408
8253788 17548412
8253797 17548408
8253797 17548412
8254242 17548408
8254242 17548412
8254809 17548408
8254809 17548412
8253875 17548409
8253875 17548592
8253959 17548409
8253959 17548592
8254120 17548409
8254120 17548592
8254260 17548409
8254260 17548592
8253865 17548412
8253866 17548412
8253868 17548412
8253871 17548412
8255506 17548412
8255507 17548412
8249814 17548414
8253066 17548414
8253080 17548414
8253099 17548414
8253114 17548414
8253134 17548414
8253397 17548414
8253234 17548417
8253319 17548417
8253454 17548417
8253522 17548417
8249702 17548419
8249727 17548419
8249938 17548419
8248604 17548420
8249075 17548423
8249083 17548423
8249093 17548423
8249094 17548423
8249105 17548423
8249118 17548423
8255117 17548424
8251645 17548426
8251659 17548426
8251666 17548426
8249810 17548429
8249811 17548429
8249816 17548429
8249818 17548429
8250109 17548429
8250284 17548429
8250290 17548429
8249813 17548430
8250281 17548430
8249815 17548431
8255168 17548434
8252116 17548441
8252142 17548441
8252190 17548441
8252210 17548441
8252245 17548441
8252093 17548446
8249652 17548450
8249654 17548450
8250643 17548450
8255995 17548450
8250322 17548455
8249243 17548456
8253838 17548462
8253841 17548462
8253846 17548462
8253851 17548462
8253870 17548462
8255515 17548462
8255516 17548462
8255419 17548463
8249604 17548466
8249822 17548466
8255353 17548466
8255354 17548466
8255359 17548466
8255360 17548466
8249607 17548468
8253781 17548469
8253784 17548469
8254310 17548469
8252296 17548472
8252184 17548474
8252367 17548476
8254717 17548476
8249320 17548478
8249389 17548478
8251990 17548478
8251997 17548478
8252019 17548478
8252416 17548478
8252864 17548478
8252902 17548478
8252946 17548478
8252978 17548478
8253949 17548481
8254333 17548481
8253931 17548482
8254312 17548482
8253081 17548484
8253365 17548484
8250476 17548485
8250492 17548485
8254819 17548485
8250393 17548486
8250398 17548486
8255966 17548486
8250433 17548487
8250448 17548487
8250883 17548487
8255158 17548487
8248468 17548490
8248476 17548490
8248671 17548490
8252339 17548497
8252399 17548497
8252577 17548497
8252790 17548497
8255928 17548497
8251650 17548499
8251804 17548499
8254820 17548501
8248963 17548503
8254826 17548505
8253180 17548507
8251351 17548509
8251353 17548511
8252770 17548512
8252771 17548514
8252775 17548515
8252776 17548518
8252778 17548519
8251420 17548520
8249590 17548523
8249591 17548523
8250379 17548523
8250533 17548523
8250534 17548523
8251425 17548526
8252842 17548528
8252403 17548529
8252845 17548529
8252847 17548531
8252848 17548533
8252347 17548536
8252849 17548536
8248489 17548537
8248883 17548537
8252910 17548539
8252912 17548540
8252914 17548541
8252916 17548542
8253702 17548545
8253965 17548545
8252918 17548547
8252056 17548549
8251272 17548551
8251274 17548552
8251275 17548552
8251277 17548554
8254810 17548556
8249737 17548557
8254816 17548560
8254818 17548561
8251340 17548562
8251342 17548563
8251344 17548564
8253178 17548567
8255254 17548567
8251346 17548568
8252735 17548575
8252737 17548575
8252738 17548575
8252765 17548575
8252859 17548575
8253031 17548575
8251413 17548581
8249585 17548584
8249588 17548586
8252831 17548588
8253880 17548592
8252833 17548593
8253573 17548598
8254731 17548598
8252901 17548601
8252903 17548603
8253090 17548606
8252906 17548609
8252908 17548612
8254800 17548614
8254806 17548616
8254808 17548619
8251330 17548621
8251336 17548623
8252752 17548626
8252753 17548626
8252989 17548626
8253235 17548628
8252820 17548632
8252821 17548632
8252823 17548634
8252825 17548637
8252827 17548639
8252829 17548642
8252875 17548643
8252876 17548643
8254720 17548643
8252895 17548645
8254726 17548645
8248930 17548646
8248932 17548649
8251891 17548650
8248934 17548652
8251894 17548653
8251895 17548653
8248936 17548655
8251899 17548657
8249489 17548659
8249490 17548659
8249492 17548661
8251324 17548665
8249494 17548666
8249496 17548667
8251326 17548669
8249498 17548670
8251328 17548673
8250544 17548674
8253793 17548675
8255999 17548678
8249562 17548679
8250608 17548684
8250612 17548684
8250613 17548684
8250614 17548684
8252812 17548687
8252814 17548690
8252816 17548692
8251240 17548694
8253075 17548697
8253076 17548699
8253077 17548700
8253078 17548701
8248921 17548703
8251880 17548705
8248923 17548706
8248926 17548707
8251885 17548708
8251886 17548708
8251888 17548710
8251889 17548711
8250536 17548713
8251310 17548713
8250532 17548717
8251311 17548717
8251312 17548717
8251316 17548717
8249482 17548718
8249484 17548720
8250531 17548721
8254560 17548722
8249486 17548723
8250535 17548725
8255349 17548726
8249282 17548727
8251833 17548727
8251835 17548727
8251950 17548727
8255774 17548727
8255775 17548727
8251951 17548728
8251952 17548728
8251954 17548730
8251956 17548732
8251958 17548733
8252801 17548734
8252803 17548736
8252805 17548738
8252807 17548739
8252809 17548741
8251232 17548743
8251236 17548746
8251238 17548748
8252650 17548751
8252652 17548751
8252996 17548751
8254711 17548751
8252655 17548752
8252656 17548752
8256345 17548752
8252657 17548754
8248914 17548755
8248919 17548757
8253127 17548758
8253132 17548758
8253124 17548760
8253133 17548760
8253136 17548760
8253137 17548760
8253135 17548761
8253139 17548762
8249299 17548763
8249464 17548763
8249467 17548763
8249476 17548763
8251942 17548765
8251944 17548765
8251945 17548765
8251948 17548767
8249541 17548770
8253842 17548771
8251149 17548772
8251151 17548772
8251152 17548772
8251154 17548772
8251226 17548773
8249288 17548775
8249397 17548775
8253695 17548777
8255890 17548778
8253698 17548780
8254208 17548780
8249468 17548782
8249469 17548782
8251932 17548785
8251933 17548785
8251936 17548787
8251937 17548787
8251939 17548788
8250291 17548790
8250293 17548792
8250295 17548794
8250297 17548794
8255151 17548794
8253833 17548795
8253836 17548796
8254399 17548798
8255241 17548799
8250435 17548800
8253682 17548801
8251857 17548802
8253751 17548803
8251921 17548805
8251923 17548806
8251926 17548808
8251927 17548808
8255064 17548810
8255092 17548810
8255095 17548811
8250285 17548815
8255203 17548815
8250350 17548816
8254380 17548817
8254381 17548817
8250345 17548819
8250354 17548819
8255230 17548821
8250405 17548822
8250410 17548822
8250422 17548822
8255876 17548824
8251681 17548827
8251848 17548827
8254517 17548831
8254519 17548831
8254521 17548831
8254523 17548831
8254550 17548831
8254525 17548832
8253743 17548833
8254527 17548834
8251914 17548835
8250270 17548836
8250272 17548838
8250276 17548839
8253812 17548840
8253813 17548842
8253815 17548845
8249286 17548850
8249290 17548850
8249291 17548850
8249292 17548850
8253591 17548851
8254376 17548852
8254374 17548854
8254375 17548854
8254377 17548854
8254378 17548854
8254382 17548854
8254384 17548854
8254386 17548854
8254395 17548854
8254507 17548854
8253593 17548857
8253595 17548857
8253596 17548857
8253598 17548861
8253152 17548863
8253414 17548863
8253599 17548863
8250412 17548864
8254366 17548866
8254512 17548866
8253517 17548869
8256251 17548869
8256253 17548870
8256254 17548872
8255930 17548874
8253734 17548875
8256240 17548875
8253736 17548877
8255933 17548879
8250262 17548881
8254290 17548883
8249500 17548885
8248427 17548886
8248720 17548886
8251679 17548887
8251682 17548887
8251684 17548887
8251686 17548889
8256219 17548889
8253807 17548891
8249285 17548896
8249287 17548896
8249289 17548898
8253582 17548901
8253584 17548906
8253587 17548908
8255205 17548908
8250407 17548911
8249302 17548913
8249420 17548913
8256242 17548917
8253728 17548920
8250250 17548923
8255927 17548925
8254280 17548928
8250252 17548931
8254282 17548935
8250254 17548938
8254284 17548941
8250256 17548944
8249955 17548947
8250257 17548947
8254286 17548950
8254288 17548953
8248490 17548954
8248491 17548954
8248492 17548954
8248494 17548954
8248495 17548955
8248497 17548956
8253571 17548960
8253575 17548963
8253577 17548966
8255207 17548969
8256159 17548972
8256160 17548972
8256162 17548974
8256163 17548974
8252370 17548976
8252439 17548976
8248636 17548977
8248637 17548980
8253711 17548982
8253714 17548982
8253718 17548982
8254813 17548982
8254270 17548984
8250244 17548985
8251661 17548986
8250298 17548988
8250299 17548988
8250301 17548988
8250307 17548988
8250310 17548988
8249264 17548989
8248479 17548991
8248480 17548991
8248483 17548991
8248481 17548994
8249267 17548995
8251180 17549004
8251182 17549004
8251184 17549004
8251186 17549004
8251190 17549004
8251192 17549004
8251194 17549004
8251196 17549004
8251198 17549004
8251210 17549004
8251214 17549004
8251216 17549004
8251218 17549004
8251220 17549004
8251222 17549004
8251223 17549004
8253550 17549004
8253552 17549004
8253554 17549004
8253556 17549004
8253558 17549004
8253560 17549004
8253562 17549004
8253564 17549004
8253566 17549004
8253568 17549004
8254188 17549004
8254190 17549004
8254192 17549004
8254194 17549004
8254195 17549004
8255997 17549004
8252292 17549008
8252295 17549011
8252298 17549013
8252301 17549013
8255830 17549016
8255833 17549018
8249402 17549020
8254198 17549021
8251581 17549024
8251583 17549026
8253703 17549029
8253706 17549029
8253705 17549031
8252161 17549036
8256226 17549036
8253708 17549040
8250230 17549042
8250232 17549044
8250234 17549046
8254262 17549047
8254264 17549049
8250236 17549050
8250238 17549052
8254268 17549053
8254790 17549056
8254791 17549056
8254793 17549056
8255683 17549056
8256047 17549056
8256048 17549056
8249255 17549058
8254331 17549059
8250303 17549060
8250304 17549060
8250306 17549061
8248290 17549062
8248478 17549062
8253449 17549068
8253555 17549068
8253897 17549068
8252282 17549069
8252284 17549069
8252287 17549070
8254402 17549071
8253620 17549074
8253622 17549075
8255820 17549077
8255823 17549078
8255826 17549079
8252353 17549082
8251570 17549083
8251571 17549084
8251573 17549085
8251575 17549086
8256210 17549088
8251577 17549090
8250220 17549099
8250221 17549099
8250223 17549103
8254251 17549105
8254252 17549105
8254255 17549109
8248396 17549110
8250228 17549114
8248398 17549116
8254258 17549118
8248460 17549123
8254320 17549127
8254321 17549127
8254322 17549132
8253611 17549135
8253614 17549137
8253616 17549140
8253618 17549142
8252340 17549149
8252344 17549151
8252346 17549152
8251559 17549154
8251561 17549154
8251562 17549154
8255591 17549155
8251564 17549156
8251566 17549158
8251568 17549159
8252980 17549160
8254240 17549161
8254241 17549161
8250217 17549162
8255662 17549164
8255668 17549165
8254885 17549166
8254886 17549167
8254888 17549168
8249235 17549169
8255550 17549169
8251708 17549170
8252261 17549172
8248503 17549174
8248521 17549174
8248525 17549175
8253600 17549177
8253603 17549178
8255801 17549179
8253605 17549181
8253607 17549182
8255804 17549185
8253609 17549187
8255583 17549189
8250773 17549191
8249152 17549194
8252975 17549196
8254237 17549197
8255650 17549202
8255653 17549204
8254871 17549206
8255656 17549207
8255657 17549208
8249220 17549210
8249221 17549210
8252894 17549211
8250122 17549212
8250754 17549213
8250760 17549213
8254792 17549215
8255579 17549216
8254794 17549217
8254796 17549220
8249141 17549221
8254798 17549222
8252967 17549223
8254220 17549224
8255642 17549228
8250830 17549229
8255647 17549231
8254864 17549232
8254866 17549233
8249211 17549235
8249213 17549236
8249215 17549239
8249217 17549242
8256035 17549247
8256036 17549249
8255563 17549251
8255564 17549252
8256024 17549252
8254787 17549254
8252095 17549255
8254210 17549256
8254214 17549257
8254217 17549258
8254218 17549260
8255636 17549265
8251609 17549266
8255639 17549268
8254858 17549270
8249205 17549271
8249207 17549272
8251451 17549273
8252074 17549275
8252871 17549275
8252872 17549275
8252300 17549276
8255551 17549277
8255553 17549277
8252941 17549279
8254776 17549280
8254207 17549281
8249762 17549282
8249763 17549285
8254840 17549287
8248410 17549290
8256010 17549293
8252791 17549296
8252793 17549297
8252795 17549299
8252797 17549300
8252799 17549303
8254916 17549304
8254918 17549305
8251441 17549308
8251449 17549311
8252865 17549313
8252931 17549314
8252933 17549316
8252935 17549317
8252073 17549320
8252076 17549320
8252937 17549321
8251290 17549323
8251291 17549324
8252939 17549327
8251293 17549329
8252078 17549332
8251297 17549333
8254834 17549334
8254836 17549335
8254839 17549337
8248400 17549339
8248402 17549340
8251365 17549342
8252780 17549344
8252782 17549346
8256007 17549349
8252784 17549350
8252786 17549353
8255464 17549354
8252851 17549355
8254751 17549356
8254753 17549359
8252920 17549361
8252925 17549363
8254759 17549366
8252927 17549368
8252929 17549370
8251283 17549373
8249070 17549374
8249817 17549378
8250104 17549378
8253072 17549378
8253084 17549378
8253248 17549378
8253173 17549382
8249728 17549384
8249736 17549384
8249753 17549384
8249774 17549384
8249778 17549384
8249783 17549384
8249795 17549384
8249979 17549384
8250134 17549384
8255442 17549385
8255443 17549385
8249633 17549389
8249651 17549389
8249665 17549389
8249671 17549389
8249683 17549389
8249691 17549389
8249692 17549389
8249610 17549391
8251902 17549393
8251642 17549395
8251908 17549395
8255880 17549396
8256022 17549400
8250480 17549405
8249564 17549407
8249575 17549407
8249586 17549407
8249845 17549407
8250007 17549407
8250216 17549407
8250334 17549407
8251970 17549418
8251993 17549418
8252023 17549418
8252412 17549418
8252690 17549418
8252900 17549418
8252913 17549418
8252915 17549418
8250615 17549420
8250644 17549420
8250669 17549420
8250697 17549420
8250702 17549420
8251124 17549420
8251252 17549420
8251305 17549420
8254882 17549420
8256202 17549420
8251999 17549422
8252958 17549422
8249248 17549423
8250324 17549424
8252136 17549427
8252198 17549427
8254856 17549429
8254857 17549429
8255978 17549429
8248601 17549431
8248929 17549431
8248625 17549433
8254768 17549435
8255348 17549436
8253632 17549437
8253640 17549437
8253658 17549437
8253663 17549437
8253684 17549437
8253694 17549437
8250805 17549441
8250827 17549441
8250984 17549441
8254324 17549441
8254696 17549441
8255283 17549441
8255778 17549441
8255779 17549441
8252243 17549445
8252835 17549445
8256180 17549445
8252242 17549450
8252264 17549450
8254299 17549453
8254336 17549486
8250500 17549490
8250502 17549490
8250503 17549490
8250506 17549490
8250893 17549490
8251018 17549490
8251091 17549490
8251195 17549490
8251411 17549490
8251412 17549490
8251415 17549490
8254795 17549490
8254797 17549490
8254799 17549490
8250508 17549493
8251450 17549493
8250681 17549496
8250683 17549496
8250686 17549496
8250687 17549496
8250690 17549496
8250691 17549496
8254848 17549496
8252372 17549498
8249637 17549504
8249700 17549504
8249725 17549504
8249747 17549504
8249942 17549504
8249985 17549504
8249625 17549517
8249635 17549517
8249653 17549517
8249663 17549517
8249672 17549517
8249685 17549517
8249693 17549517
8249714 17549517
8250202 17549517
8253853 17549519
8248937 17549520
8248938 17549520
8253717 17549521
8251660 17549523
8251903 17549523
8250564 17549524
8250588 17549524
8255524 17549525
8248321 17549527
8255560 17549528
8255561 17549529
8255562 17549529
8248280 17549531
8248282 17549531
8248384 17549531
8248401 17549531
8248405 17549531
8249090 17549532
8249091 17549532
8249092 17549532
8249179 17549533
8254444 17549534
8254520 17549534
8249155 17549537
8251135 17549545
8251137 17549545
8251139 17549545
8251141 17549545
8251142 17549545
8251158 17549545
8251160 17549545
8251164 17549545
8251166 17549545
8251168 17549545
8251170 17549545
8251172 17549545
8251174 17549545
8251176 17549545
8251177 17549545
8251207 17549545
8251550 17549545
8251551 17549545
8254689 17549545
8255291 17549545
8255292 17549545
8256248 17549545
8250191 17549549
8250193 17549549
8250195 17549549
8250197 17549549
8250199 17549549
8250200 17549549
8250205 17549549
8250206 17549549
8250376 17549549
8251125 17549549
8251127 17549549
8251129 17549549
8256197 17549549
8250189 17549551
8255814 17549553
8250618 17549554
8250642 17549554
8250659 17549554
8250668 17549554
8250678 17549554
8250695 17549554
8250703 17549554
8251123 17549554
8251304 17549554
8255253 17549554
8252057 17549555
8252072 17549555
8252653 17549555
8252759 17549555
8252854 17549558
8252855 17549558
8253025 17549558
8252001 17549570
8252007 17549570
8252013 17549570
8252017 17549570
8252018 17549570
8252020 17549570
8252022 17549570
8252024 17549570
8252025 17549570
8252418 17549570
8252464 17549570
8252527 17549570
8252542 17549570
8252658 17549570
8252675 17549570
8252692 17549570
8252746 17549570
8252928 17549570
8253105 17549570
8253109 17549570
8253110 17549570
8253111 17549570
8253112 17549570
8253259 17549570
8253275 17549570
8253370 17549570
8253374 17549570
8254900 17549570
8249040 17549572
8250790 17549575
8250797 17549575
8251055 17549575
8251059 17549575
8251596 17549577
8251738 17549577
8251745 17549577
8251779 17549577
8251955 17549577
8251699 17549580
8251810 17549580
8251822 17549580
8250543 17549584
8250585 17549584
8254690 17549584
8249598 17549587
8248420 17549590
8248424 17549590
8248430 17549590
8248710 17549590
8248830 17549590
8254663 17549590
8253639 17549594
8253660 17549594
8254077 17549594
8254300 17549594
8254302 17549594
8251962 17549595
8249701 17549599
8250055 17549599
8250080 17549599
8251454 17549600
8251574 17549600
8251576 17549600
8255378 17549600
8250512 17549603
8255358 17549604
8249613 17549607
8250312 17549607
8252956 17549608
8249062 17549610
8250314 17549613
8252106 17549616
8252115 17549616
8252117 17549616
8253630 17549617
8255455 17549620
8255458 17549620
8254401 17549626
8254406 17549626
8254419 17549626
8254539 17549626
8255381 17549627
8255398 17549628
8255476 17549630
8249065 17549633
8249074 17549633
8252979 17549637
8249638 17549641
8249724 17549641
8249744 17549641
8249959 17549641
8249996 17549641
8250255 17549646
8253055 17549646
8253093 17549646
8253106 17549646
8253156 17549646
8253170 17549646
8253193 17549646
8253229 17549646
8253309 17549646
8253328 17549646
8253344 17549646
8253372 17549646
8253416 17549646
8253512 17549646
8253531 17549646
8253590 17549646
8253615 17549646
8254773 17549646
8255424 17549646
8255427 17549646
8255430 17549646
8255435 17549646
8255436 17549646
8256234 17549646
8253662 17549651
8253719 17549651
8253729 17549651
8253730 17549651
8254304 17549651
8254765 17549651
8254774 17549651
8254779 17549651
8254418 17549654
8254785 17549656
8248534 17549659
8248535 17549659
8249129 17549661
8248563 17549663
8248583 17549663
8248595 17549663
8248610 17549663
8248617 17549663
8248557 17549665
8248962 17549665
8253098 17549668
8253377 17549668
8254730 17549668
8253096 17549672
8253097 17549672
8253288 17549672
8253384 17549672
8254729 17549672
8254362 17549674
8254456 17549674
8253720 17549676
8250446 17549678
8250885 17549678
8251345 17549678
8248960 17549680
8249191 17549681
8249210 17549681
8253673 17549686
8253754 17549686
8253824 17549686
8253843 17549686
8254104 17549686
8254236 17549686
8254733 17549686
8255885 17549686
8255886 17549686
8256241 17549686
8253920 17549688
8254276 17549688
8254277 17549688
8254281 17549688
8251295 17549693
8250396 17549694
8250673 17549697
8252026 17549700
8252029 17549700
8252032 17549700
8254897 17549700
8255415 17549700
8255416 17549700
8250633 17549703
8250637 17549703
8251031 17549703
8255784 17549703
8255785 17549703
8255794 17549703
8249640 17549705
8249641 17549705
8249646 17549705
8249935 17549705
8250243 17549705
8255147 17549705
8255796 17549708
8255786 17549709
8249115 17549711
8254925 17549714
8254929 17549714
8254407 17549717
8254409 17549717
8254411 17549717
8254412 17549717
8254413 17549717
8254414 17549717
8254415 17549717
8254450 17549717
8254482 17549717
8256247 17549717
8252237 17549721
8252241 17549721
8255418 17549721
8249754 17549725
8249757 17549725
8250098 17549725
8250231 17549725
8250785 17549725
8250787 17549725
8250788 17549725
8251050 17549725
8251215 17549725
8251235 17549725
8254695 17549725
8249148 17549731
8250715 17549733
8250545 17549736
8250546 17549736
8250548 17549736
8250549 17549736
8251369 17549736
8249043 17549738
8248278 17549740
8248284 17549740
8253222 17549742
8253212 17549744
8253882 17549750
8253890 17549750
8253899 17549750
8253916 17549750
8254005 17549750
8254138 17549750
8252423 17549754
8253184 17549754
8253186 17549754
8253191 17549754
8253253 17549754
8253307 17549754
8253509 17549754
8252325 17549758
8252326 17549758
8252328 17549758
8252330 17549758
8252332 17549758
8252333 17549758
8252560 17549758
8252563 17549758
8252568 17549758
8252798 17549758
8252804 17549758
8252832 17549758
8254714 17549758
8254915 17549758
8254917 17549758
8251614 17549760
8251704 17549760
8251767 17549760
8251792 17549760
8248473 17549762
8248475 17549762
8248931 17549762
8249639 17549764
8249643 17549764
8249650 17549764
8250052 17549764
8253798 17549766
8253992 17549766
8253800 17549769
8253803 17549769
8254232 17549769
8249126 17549772
8255387 17549772
8249123 17549774
8249125 17549774
8249130 17549774
8249230 17549774
8249232 17549774
8253873 17549776
8253930 17549781
8253936 17549781
8253950 17549781
8254183 17549781
8254316 17549781
8254319 17549781
8248564 17549790
8248588 17549790
8248596 17549790
8248607 17549790
8256217 17549793
8253647 17549794
8256236 17549794
8248594 17549795
8249673 17549799
8249674 17549799
8249676 17549799
8251143 17549802
8252035 17549804
8250583 17549807
8249073 17549811
8254754 17549811
8248553 17549814
8248555 17549814
8248556 17549814
8248558 17549814
8248562 17549814
8248565 17549814
8248568 17549814
8251367 17549816
8252314 17549817
8249149 17549819
8255403 17549820
8248448 17549822
8248449 17549822
8248451 17549822
8248757 17549822
8253869 17549824
8255509 17549827
8255510 17549827
8253638 17549830
8253642 17549830
8253644 17549830
8253645 17549830
8253646 17549830
8248293 17549833
8248334 17549833
8248375 17549833
8248518 17549833
8248520 17549833
8248527 17549833
8248773 17549833
8255925 17549833
8255926 17549833
8248998 17549835
8254901 17549836
8254903 17549836
8255259 17549836
8253122 17549837
8253125 17549837
8253128 17549837
8255264 17549848
8254400 17549851
8252135 17549854
8252882 17549854
8252048 17549857
8252064 17549857
8252868 17549857
8252045 17549862
8252047 17549862
8252049 17549862
8252053 17549862
8252060 17549862
8252070 17549862
8252696 17549862
8252751 17549862
8255487 17549862
8255488 17549862
8253633 17549865
8253634 17549865
8253635 17549865
8253636 17549865
8254330 17549865
8255453 17549867
8249547 17549871
8249875 17549871
8255143 17549871
8253216 17549874
8253219 17549874
8253317 17549874
8253456 17549874
8255444 17549877
8255447 17549877
8255450 17549877
8254869 17549881
8250812 17549883
8250818 17549883
8250821 17549883
8250832 17549883
8249567 17549885
8250558 17549890
8250574 17549890
8250597 17549890
8252837 17549892
8252838 17549892
8252265 17549894
8252267 17549894
8252268 17549894
8252570 17549894
8256133 17549894
8256134 17549894
8252133 17549896
8253085 17549898
8254421 17549900
8254140 17549903
8254370 17549903
8254496 17549903
8256243 17549903
8249808 17549908
8253059 17549908
8253091 17549908
8253102 17549908
8253123 17549908
8253143 17549908
8253183 17549908
8253199 17549908
8253210 17549908
8253241 17549908
8253290 17549908
8253300 17549908
8253402 17549908
8253405 17549908
8253434 17549908
8253463 17549908
8253469 17549908
8253543 17549908
8253559 17549908
8249705 17549914
8249718 17549914
8249721 17549914
8249734 17549914
8249777 17549914
8249802 17549914
8249988 17549914
8250093 17549914
8250124 17549914
8250292 17549914
8250384 17549914
8255296 17549914
8255297 17549914
8250570 17549921
8250571 17549921
8250572 17549921
8250575 17549921
8250576 17549921
8250578 17549921
8250581 17549921
8250582 17549921
8250584 17549921
8250586 17549921
8250928 17549921
8250607 17549924
8248425 17549927
8248832 17549927
8249237 17549931
8251630 17549933
8251637 17549933
8251904 17549933
8251906 17549933
8248526 17549943
8248531 17549943
8248730 17549943
8248737 17549943
8248840 17549943
8248915 17549943
8253142 17549948
8253753 17549953
8253755 17549953
8254016 17549953
8254033 17549953
8253787 17549961
8253791 17549961
8254309 17549961
8252147 17549965
8252149 17549965
8252150 17549965
8254315 17549966
8250317 17549967
8251998 17549969
8254424 17549971
8251224 17549979
8252663 17549984
8249030 17549986
8249058 17549988
8249522 17549990
8253643 17549992
8253668 17549992
8253678 17549992
8253687 17549992
8256235 17549992
8255361 17549995
8253771 17549997
8253772 17549998
8249779 17550000
8255485 17550000
8253922 17550005
8253923 17550005
8253924 17550005
8253928 17550005
8253929 17550005
8254002 17550005
8254150 17550005
8254279 17550005
8254388 17550005
8254387 17550010
8254390 17550010
8254391 17550010
8254392 17550010
8254393 17550010
8254394 17550010
8254396 17550010
8254398 17550010
8254466 17550010
8254505 17550010
8254518 17550010
8254553 17550010
8253919 17550012
8254154 17550012
8254164 17550012
8254287 17550012
8254289 17550012
8253834 17550016
8253883 17550016
8254046 17550016
8249131 17550017
8249782 17550021
8250323 17550021
8255482 17550021
8248429 17550025
8248443 17550025
8248458 17550025
8248505 17550025
8248517 17550025
8248683 17550025
8248725 17550025
8248744 17550025
8248945 17550025
8249005 17550025
8251381 17550030
8250471 17550033
8250475 17550033
8250477 17550033
8251189 17550033
8254693 17550033
8250342 17550035
8252392 17550037
8249644 17550043
8249950 17550043
8249952 17550043
8252227 17550045
8252251 17550045
8252255 17550045
8252270 17550045
8253012 17550045
8255555 17550046
8250677 17550047
8250679 17550047
8252312 17550048
8256046 17550050
8254404 17550051
8254777 17550051
8248573 17550053
8252110 17550056
8252111 17550056
8252891 17550056
8249611 17550057
8252127 17550059
8252128 17550059
8252130 17550059
8248640 17550061
8250397 17550061
8255968 17550061
8256001 17550061
8249614 17550063
8249618 17550063
8254687 17550063
8249449 17550068
8249456 17550068
8251977 17550068
8252009 17550068
8252160 17550068
8252456 17550068
8252470 17550068
8252485 17550068
8252509 17550068
8252517 17550068
8252549 17550068
8252551 17550068
8252579 17550068
8252640 17550068
8252934 17550068
8256008 17550068
8249300 17550071
8250761 17550072
8255874 17550074
8255875 17550074
8253722 17550076
8253819 17550078
8254038 17550078
8254254 17550078
8254256 17550078
8254678 17550083
8255988 17550083
8255122 17550085
8249301 17550088
8255806 17550091
8255917 17550095
8255918 17550095
8255919 17550095
8253049 17550097
8250782 17550101
8251140 17550101
8251213 17550101
8251390 17550101
8251391 17550101
8255293 17550101
8255294 17550101
8255726 17550101
8255727 17550101
8255742 17550101
8255743 17550101
8250541 17550103
8250849 17550103
8250946 17550103
8252207 17550106
8252208 17550106
8252209 17550106
8252395 17550106
8252396 17550106
8252714 17550106
8251435 17550109
8251435 17551313
8251521 17550109
8251521 17551313
8251527 17550109
8251527 17551313
8251563 17550109
8251563 17551313
8254570 17550109
8254570 17551313
8249539 17550113
8249545 17550113
8250438 17550113
8250441 17550113
8251105 17550113
8251183 17550113
8255255 17550116
8249752 17550118
8249981 17550118
8250136 17550118
8255133 17550118
8250783 17550122
8250789 17550122
8250791 17550122
8250793 17550122
8250796 17550122
8251057 17550122
8251066 17550122
8251071 17550122
8251169 17550122
8251278 17550122
8255083 17550122
8255802 17550122
8255803 17550122
8250404 17550127
8250406 17550127
8250411 17550127
8250989 17550127
8251285 17550127
8254700 17550127
8248422 17550130
8248428 17550130
8248445 17550130
8248488 17550130
8248507 17550130
8248658 17550130
8248677 17550130
8248722 17550130
8248818 17550130
8251626 17550132
8251627 17550132
8251629 17550132
8251635 17550135
8255216 17550137
8253712 17550138
8253701 17550140
8253709 17550140
8254862 17550143
8251898 17550146
8255188 17550146
8256223 17550146
8248551 17550147
8248578 17550147
8248616 17550147
8254425 17550149
8255866 17550150
8252030 17550183
8252132 17550188
8252201 17550188
8255411 17550190
8256213 17550199
8250315 17550200
8253710 17550202
8249600 17550204
8255528 17550206
8254824 17550209
8255163 17550212
8252044 17550220
8252054 17550220
8252066 17550220
8253034 17550220
8255477 17550221
8255481 17550223
8250699 17550225
8254847 17550228
8249222 17550230
8250660 17550231
8250663 17550231
8250666 17550231
8255799 17550231
8255800 17550231
8248471 17550233
8248509 17550233
8248675 17550233
8248933 17550233
8250474 17550237
8250872 17550237
8250620 17550240
8250622 17550240
8250623 17550240
8250624 17550246
8250625 17550246
8250626 17550246
8250627 17550246
8250667 17550246
8251133 17550246
8255964 17550249
8255965 17550249
8255375 17550251
8254591 17550257
8255892 17550257
8250931 17550261
8251043 17550261
8250781 17550263
8251655 17550265
8251872 17550265
8251628 17550267
8253715 17550269
8255924 17550271
8251471 17550275
8254706 17550275
8249530 17550283
8249531 17550283
8250222 17550283
8249597 17550285
8249076 17550287
8249077 17550287
8249079 17550287
8249081 17550287
8254441 17550290
8253177 17550292
8253305 17550292
8253169 17550293
8250701 17550295
8253955 17550296
8255511 17550297
8249623 17550302
8249690 17550304
8249694 17550304
8249695 17550304
8253774 17550307
8253776 17550307
8253782 17550307
8252306 17550309
8252307 17550309
8252308 17550309
8252309 17550309
8252310 17550309
8249387 17550313
8251969 17550313
8251986 17550313
8252280 17550317
8252329 17550317
8252360 17550317
8252384 17550317
8252421 17550317
8252591 17550317
8252593 17550317
8252721 17550317
8252730 17550317
8252852 17550317
8249297 17550319
8249316 17550319
8249408 17550319
8253844 17550322
8250610 17550324
8251306 17550324
8251303 17550325
8255350 17550327
8255351 17550327
8252354 17550333
8252355 17550333
8252356 17550333
8252358 17550333
8252361 17550333
8252362 17550333
8252363 17550333
8252429 17550333
8252434 17550333
8252586 17550333
8252589 17550333
8252619 17550333
8252779 17550333
8252781 17550333
8252785 17550333
8252824 17550333
8252826 17550333
8252828 17550333
8252846 17550333
8252850 17550333
8253205 17550333
8253207 17550333
8253208 17550333
8253209 17550333
8253211 17550333
8253213 17550333
8253251 17550333
8253495 17550333
8253518 17550333
8255773 17550336
8253748 17550341
8253749 17550342
8255456 17550344
8255457 17550344
8250632 17550352
8250740 17550352
8250771 17550352
8250792 17550352
8250810 17550352
8250817 17550352
8250828 17550352
8250843 17550352
8250934 17550352
8250972 17550352
8251163 17550352
8253667 17550352
8253697 17550352
8253700 17550352
8253704 17550352
8253707 17550352
8253757 17550352
8253799 17550352
8253994 17550352
8254213 17550352
8254863 17550352
8254865 17550352
8254867 17550352
8255781 17550352
8255782 17550352
8249022 17550354
8250408 17550361
8250413 17550361
8250427 17550361
8250442 17550361
8250876 17550361
8250887 17550361
8250999 17550361
8248669 17550365
8248782 17550365
8248788 17550365
8255174 17550365
8249680 17550367
8249689 17550367
8250316 17550367
8254853 17550367
8249173 17550369
8249268 17550369
8253653 17550371
8253655 17550371
8253657 17550371
8253659 17550371
8253661 17550371
8254073 17550371
8253679 17550372
8254069 17550372
8248302 17550373
8248304 17550373
8248308 17550373
8248323 17550373
8248306 17550376
8248622 17550376
8248798 17550376
8254750 17550376
8255963 17550376
8248935 17550378
8248947 17550378
8248627 17550380
8248628 17550380
8248643 17550380
8248661 17550380
8248792 17550380
8248897 17550380
8248956 17550380
8248957 17550380
8255497 17550380
8255498 17550380
8248632 17550382
8249199 17550382
8251417 17550382
8251556 17550382
8254573 17550382
8254667 17550382
8255103 17550382
8255118 17550382
8255970 17550382
8253676 17550387
8253677 17550387
8254022 17550387
8254083 17550387
8256237 17550387
8253060 17550393
8253064 17550393
8253065 17550393
8253067 17550393
8253069 17550393
8253070 17550393
8253071 17550393
8253073 17550393
8253293 17550393
8253353 17550393
8253356 17550393
8253388 17550393
8253665 17550393
8253672 17550393
8254051 17550393
8254080 17550393
8254186 17550393
8255198 17550393
8255217 17550396
8249616 17550398
8252038 17550400
8253126 17550400
8254913 17550400
8251234 17550401
8252415 17550405
8252728 17550405
8252741 17550405
8252841 17550405
8253150 17550405
8253157 17550405
8253158 17550405
8253159 17550405
8253256 17550405
8256093 17550405
8248431 17550408
8248916 17550408
8250636 17550413
8250770 17550413
8250779 17550413
8250795 17550413
8250798 17550413
8250840 17550413
8250978 17550413
8251039 17550413
8251171 17550413
8253766 17550413
8254698 17550413
8254766 17550413
8254837 17550413
8255250 17550413
8255280 17550413
8255281 17550413
8249632 17550415
8249634 17550415
8249636 17550415
8250319 17550415
8250617 17550415
8250619 17550415
8253892 17550419
8249231 17550420
8253932 17550422
8254313 17550422
8250606 17550424
8250629 17550424
8251389 17550424
8255489 17550426
8252959 17550427
8249621 17550430
8250587 17550430
8251250 17550431
8251972 17550434
8251995 17550434
8252904 17550434
8252062 17550436
8252525 17550436
8256059 17550436
8256060 17550436
8249311 17550439
8249622 17550440
8249821 17550443
8249928 17550443
8250194 17550443
8255312 17550443
8255319 17550443
8255320 17550443
8250538 17550446
8250539 17550446
8251033 17550446
8251455 17550446
8251456 17550446
8251507 17550446
8250764 17550447
8251710 17550450
8251427 17550451
8251592 17550453
8249208 17550455
8249209 17550455
8255433 17550459
8255437 17550459
8255438 17550459
8252213 17550461
8252226 17550461
8252249 17550461
8252290 17550461
8255086 17550466
8255504 17550466
8256023 17550466
8248500 17550467
8248504 17550467
8248692 17550467
8254664 17550467
8256194 17550467
8248506 17550471
8248666 17550471
8248680 17550471
8248779 17550471
8248816 17550471
8248885 17550471
8248295 17550473
8248298 17550473
8248307 17550473
8248341 17550473
8248344 17550473
8255096 17550473
8253104 17550478
8253400 17550478
8253409 17550478
8253738 17550478
8253740 17550478
8253742 17550478
8253745 17550478
8253746 17550478
8253750 17550478
8254098 17550478
8254191 17550478
8254197 17550478
8254202 17550478
8254734 17550478
8255214 17550478
8252870 17550480
8253894 17550482
8253898 17550482
8254123 17550482
8254267 17550482
8252125 17550484
8252952 17550484
8250778 17550486
8254403 17550489
8255228 17550492
8248446 17550494
8248826 17550494
8248873 17550494
8248421 17550498
8248423 17550498
8248442 17550498
8248713 17550498
8248747 17550498
8248750 17550498
8248867 17550498
8255413 17550500
8254843 17550502
8249351 17550503
8249485 17550503
8251989 17550503
8252240 17550507
8252266 17550507
8252359 17550507
8252622 17550507
8252677 17550507
8252817 17550507
8252818 17550507
8252822 17550507
8252830 17550507
8252893 17550507
8255828 17550507
8255829 17550507
8255831 17550507
8255832 17550507
8256137 17550507
8256165 17550507
8252365 17550509
8252401 17550509
8253637 17550512
8253656 17550512
8253669 17550512
8253680 17550512
8253691 17550512
8254075 17550512
8254206 17550512
8255983 17550514
8249589 17550518
8249595 17550518
8249844 17550518
8251668 17550520
8251671 17550520
8251865 17550520
8251643 17550521
8249052 17550523
8251644 17550525
8251646 17550525
8251909 17550525
8251912 17550525
8251915 17550525
8253686 17550527
8253688 17550527
8253690 17550527
8254067 17550527
8254329 17550527
8255221 17550527
8250579 17550529
8250603 17550529
8250542 17550530
8251081 17550530
8251309 17550530
8250753 17550534
8250822 17550549
8252961 17550552
8253141 17550554
8253271 17550554
8253427 17550554
8255204 17550554
8250591 17550558
8250593 17550558
8250595 17550558
8250598 17550558
8250601 17550558
8250602 17550558
8250604 17550558
8250605 17550558
8250561 17550560
8252867 17550563
8252947 17550563
8254305 17550569
8251145 17550570
8251134 17550573
8250750 17550574
8250757 17550574
8251362 17550574
8248925 17550577
8253201 17550578
8253445 17550578
8253617 17550578
8252108 17550580
8252131 17550580
8252140 17550580
8252151 17550580
8252188 17550580
8250799 17550582
8251173 17550582
8249017 17550584
8249206 17550584
8250737 17550593
8250738 17550593
8250741 17550593
8250742 17550593
8250745 17550593
8250746 17550593
8250748 17550593
8250937 17550593
8250975 17550593
8251042 17550593
8251155 17550593
8251296 17550593
8254835 17550593
8256002 17550593
8251246 17550595
8252000 17550599
8252028 17550599
8252154 17550599
8252311 17550599
8252321 17550599
8252323 17550599
8252335 17550599
8252345 17550599
8252352 17550599
8252369 17550599
8252388 17550599
8252436 17550599
8252630 17550599
8252671 17550599
8252808 17550599
8252917 17550599
8254930 17550599
8255191 17550599
8255414 17550602
8255417 17550602
8249025 17550607
8249028 17550607
8249031 17550607
8249032 17550607
8249033 17550607
8249036 17550607
8249037 17550607
8249041 17550607
8249042 17550607
8249044 17550607
8249045 17550607
8249046 17550607
8249047 17550607
8249048 17550607
8249049 17550607
8249247 17550607
8254803 17550607
8255568 17550607
8255569 17550607
8252040 17550609
8252046 17550609
8252058 17550609
8252071 17550609
8252757 17550609
8250147 17550611
8250152 17550611
8249252 17550612
8255783 17550615
8250555 17550618
8250573 17550618
8250596 17550618
8250708 17550619
8250708 17550635
8250721 17550635
8250713 17550635
8250713 17551252
8250611 17550635
8250611 17551254
8250616 17550635
8250616 17551254
8250647 17550635
8250647 17551254
8250657 17550635
8250657 17551254
8250671 17550635
8250671 17551254
8250684 17550635
8250684 17551254
8250700 17550635
8250700 17551254
8251128 17550635
8251128 17551254
8251301 17550635
8251301 17551254
8250813 17550638
8250815 17550638
8250816 17550638
8255480 17550640
8251579 17550642
8248550 17550645
8248575 17550645
8252324 17550649
8252545 17550649
8252636 17550649
8252802 17550649
8254771 17550651
8255459 17550651
8249708 17550654
8255262 17550656
8255263 17550656
8250552 17550657
8250568 17550657
8250592 17550657
8250814 17550658
8250819 17550660
8251371 17550660
8249239 17550662
8252274 17550663
8254327 17550665
8255780 17550669
8254383 17550671
8249457 17550674
8249459 17550674
8255971 17550674
8255974 17550674
8248444 17550686
8248447 17550686
8248462 17550686
8248765 17550686
8249128 17550690
8249134 17550690
8249236 17550690
8249238 17550690
8249240 17550690
8249263 17550690
8255386 17550690
8250694 17550693
8250696 17550693
8249475 17550696
8254679 17550696
8248385 17550705
8248387 17550705
8248389 17550705
8248391 17550705
8248393 17550705
8248394 17550705
8248406 17550705
8248839 17550705
8248841 17550705
8248842 17550705
8248844 17550705
8248846 17550705
8248862 17550705
8248865 17550705
8248895 17550705
8248955 17550705
8248972 17550705
8249000 17550705
8254575 17550705
8255951 17550705
8255952 17550705
8256191 17550705
8248992 17550708
8254661 17550708
8248849 17550712
8248851 17550712
8248853 17550712
8248974 17550712
8249479 17550714
8249480 17550714
8249517 17550714
8248821 17550718
8248823 17550718
8248825 17550718
8248827 17550718
8248829 17550718
8248831 17550718
8248833 17550718
8248835 17550718
8248836 17550718
8248879 17550718
8248817 17550719
8253494 17550724
8253494 17551331
8253496 17550724
8253496 17551331
8253498 17550724
8253498 17551331
8253500 17550724
8253500 17551331
8253502 17550724
8253502 17551331
8248990 17550726
8252069 17550728
8252082 17550728
8252088 17550728
8252682 17550728
8252699 17550728
8252985 17550728
8254423 17550733
8254480 17550733
8248928 17550735
8252051 17550739
8252068 17550739
8252540 17550739
8252919 17550741
8255265 17550745
8252462 17550747
8255767 17550747
8252120 17550750
8252121 17550750
8252397 17550750
8252950 17550750
8256091 17550750
8254311 17550753
8252217 17550755
8252256 17550755
8252271 17550755
8252304 17550756
8252962 17550756
8252317 17550758
8253762 17550761
8253961 17550761
8254091 17550761
8254219 17550761
8250634 17550764
8250743 17550764
8251037 17550764
8250794 17550767
8250837 17550767
8251062 17550767
8251064 17550767
8251167 17550767
8251270 17550767
8253921 17550769
8254126 17550769
8250520 17550772
8250521 17550772
8250952 17550772
8250954 17550772
8251087 17550772
8251199 17550772
8254694 17550772
8250518 17550775
8250524 17550775
8250525 17550775
8250527 17550775
8250528 17550775
8250890 17550775
8250961 17550775
8251292 17550775
8250704 17550778
8250705 17550778
8252327 17550779
8252357 17550779
8252368 17550779
8252383 17550779
8252536 17550779
8252546 17550779
8252608 17550779
8252634 17550779
8252788 17550779
8252796 17550779
8252800 17550779
8254716 17550779
8255460 17550781
8255486 17550784
8255268 17550786
8249371 17550788
8249481 17550788
8250263 17550791
8249548 17550793
8249549 17550793
8249550 17550793
8250171 17550793
8255451 17550794
8255452 17550794
8255557 17550798
8254328 17550799
8251647 17550802
8255229 17550803
8250650 17550805
8250662 17550805
8250688 17550805
8250693 17550805
8250709 17550805
8250716 17550805
8250730 17550805
8250600 17550808
8253780 17550810
8253794 17550810
8253805 17550810
8254928 17550812
8249670 17550813
8249168 17550816
8249200 17550816
8249218 17550816
8253628 17550818
8252218 17550820
8252219 17550820
8252394 17550820
8248426 17550822
8248439 17550822
8248450 17550822
8248708 17550822
8248759 17550822
8251473 17550823
8251549 17550823
8254359 17550823
8254361 17550823
8254364 17550823
8254365 17550823
8254372 17550823
8254460 17550823
8254476 17550823
8254747 17550823
8248951 17550825
8256190 17550825
8250645 17550826
8250651 17550827
8250654 17550827
8255791 17550828
8256005 17550831
8249102 17550834
8249104 17550834
8249107 17550834
8249253 17550834
8249257 17550834
8255244 17550834
8253726 17550837
8254049 17550837
8254100 17550837
8254189 17550837
8252141 17550840
8249026 17550843
8252840 17550844
8256032 17550846
8249245 17550847
8249106 17550850
8249172 17550850
8253802 17550853
8253828 17550853
8254009 17550853
8254229 17550853
8250670 17550855
8249140 17550857
8255572 17550860
8254317 17550861
8248441 17550864
8255245 17550864
8255246 17550864
8250391 17550867
8248275 17550872
8248276 17550872
8248279 17550872
8248281 17550872
8248328 17550872
8248365 17550872
8248368 17550872
8248395 17550872
8248403 17550872
8248455 17550872
8248457 17550872
8248459 17550872
8248463 17550872
8248464 17550872
8248728 17550872
8248822 17550872
8248877 17550872
8248918 17550872
8252091 17550876
8252107 17550876
8252123 17550876
8252134 17550876
8252152 17550876
8252953 17550878
8249294 17550880
8249364 17550880
8249497 17550880
8249499 17550880
8249502 17550880
8250245 17550883
8249296 17550884
8249765 17550884
8249770 17550884
8250249 17550884
8248623 17550886
8248969 17550886
8252089 17550887
8252092 17550887
8252965 17550887
8253664 17550888
8249034 17550893
8256016 17550894
8254436 17550895
8252086 17550898
8252102 17550898
8252113 17550898
8252124 17550898
8252144 17550898
8252194 17550898
8252856 17550898
8249018 17550899
8249681 17550900
8249682 17550900
8254760 17550902
8254786 17550902
8254788 17550902
8254247 17550904
8254844 17550906
8254827 17550914
8253407 17550915
8253629 17550915
8254540 17550917
8249144 17550919
8254872 17550919
8255243 17550919
8249096 17550925
8249162 17550928
8249165 17550928
8249214 17550928
8249216 17550928
8251424 17550928
8251431 17550928
8251434 17550928
8251438 17550928
8251440 17550928
8251444 17550928
8251488 17550928
8251493 17550928
8251524 17550928
8251543 17550928
8251565 17550928
8254670 17550928
8255119 17550928
8255178 17550928
8251474 17550930
8249322 17550933
8249483 17550933
8255392 17550934
8253187 17550939
8253436 17550939
8253451 17550939
8253553 17550939
8253884 17550939
8253891 17550942
8253893 17550942
8255242 17550942
8253886 17550945
8253889 17550945
8254128 17550945
8254737 17550945
8253879 17550946
8248438 17550956
8248440 17550956
8248641 17550956
8248761 17550956
8248432 17550966
8248433 17550966
8248435 17550966
8248436 17550966
8248655 17550966
8253230 17550970
8253326 17550970
8249057 17550973
8251665 17550974
8251667 17550974
8251669 17550974
8251905 17550974
8250415 17550975
8255463 17550975
8256018 17550976
8255725 17550977
8255219 17550980
8254243 17550985
8248570 17550986
8248572 17550986
8254397 17550988
8249823 17550990
8249053 17550993
8249117 17550997
8249119 17550997
8249120 17550997
8249254 17550997
8254429 17551000
8255421 17551006
8253167 17551009
8253171 17551009
8253425 17551009
8253581 17551009
8253825 17551012
8254132 17551012
8254233 17551012
8254238 17551012
8254735 17551012
8249612 17551013
8250348 17551013
8252155 17551016
8252126 17551017
8255448 17551019
8255449 17551019
8249712 17551022
8251654 17551023
8252156 17551024
8252195 17551024
8250274 17551026
8255248 17551027
8249112 17551030
8254870 17551030
8253160 17551031
8254772 17551031
8255410 17551033
8248690 17551036
8248924 17551036
8248982 17551036
8249006 17551036
8254789 17551036
8255675 17551036
8255676 17551036
8253214 17551039
8253215 17551039
8253312 17551039
8249624 17551044
8249627 17551044
8249628 17551044
8249629 17551044
8255872 17551045
8255873 17551045
8250801 17551047
8250823 17551047
8250845 17551047
8251245 17551047
8253666 17551047
8253725 17551047
8253747 17551047
8253817 17551047
8254036 17551047
8254087 17551047
8254193 17551047
8254253 17551047
8254814 17551047
8254815 17551047
8255379 17551047
8255380 17551047
8248294 17551052
8248301 17551052
8249525 17551052
8249528 17551052
8249537 17551052
8249861 17551052
8249888 17551052
8250003 17551052
8250371 17551052
8249563 17551054
8249565 17551054
8249847 17551054
8249947 17551054
8250035 17551054
8250173 17551054
8249551 17551056
8249827 17551056
8250372 17551056
8250373 17551056
8248603 17551057
8248845 17551057
8248850 17551057
8256209 17551057
8252220 17551059
8252277 17551059
8252857 17551059
8252960 17551059
8248571 17551060
8248591 17551060
8255355 17551062
8255384 17551065
8250560 17551067
8250577 17551067
8250599 17551067
8255467 17551068
8249233 17551069
8250288 17551070
8252598 17551072
8249262 17551073
8253641 17551075
8253654 17551075
8253685 17551075
8249116 17551076
8251631 17551078
8251907 17551078
8255352 17551081
8255754 17551081
8256017 17551081
8249662 17551083
8250321 17551083
8254854 17551083
8249698 17551086
8249709 17551086
8252235 17551088
8252269 17551088
8249306 17551090
8255364 17551091
8252253 17551093
8252257 17551093
8252258 17551093
8251279 17551096
8253927 17551097
8253954 17551097
8254269 17551097
8254272 17551097
8251281 17551099
8255166 17551099
8248277 17551100
8248370 17551100
8248397 17551100
8248303 17551101
8248412 17551101
8248413 17551101
8255523 17551103
8255895 17551104
8254248 17551106
8249448 17551112
8249454 17551112
8251974 17551112
8252005 17551112
8252157 17551112
8252342 17551112
8252349 17551112
8252376 17551112
8252458 17551112
8252477 17551112
8252493 17551112
8252513 17551112
8252519 17551112
8252554 17551112
8252644 17551112
8252772 17551112
8254713 17551112
8254715 17551112
8255575 17551112
8255577 17551112
8255578 17551112
8249659 17551114
8249660 17551114
8252954 17551117
8250656 17551118
8249029 17551119
8250550 17551121
8250567 17551121
8250589 17551121
8249103 17551124
8249084 17551125
8249086 17551127
8249606 17551129
8253121 17551131
8254907 17551131
8253107 17551133
8253490 17551133
8253602 17551133
8248585 17551134
8248889 17551134
8253670 17551135
8254071 17551135
8250551 17551136
8250554 17551136
8250556 17551136
8250557 17551136
8250559 17551136
8250562 17551136
8250563 17551136
8251308 17551136
8254762 17551136
8255261 17551137
8255520 17551138
8249583 17551140
8254757 17551141
8252211 17551142
8252212 17551142
8252215 17551142
8254761 17551144
8254914 17551145
8253696 17551149
8253713 17551149
8253716 17551149
8253723 17551149
8253957 17551149
8254065 17551149
8254296 17551149
8254298 17551149
8254741 17551149
8254811 17551149
8255069 17551149
8252223 17551151
8252260 17551151
8252834 17551151
8254920 17551151
8255395 17551151
8255400 17551151
8255408 17551151
8255409 17551151
8252083 17551161
8254850 17551162
8255687 17551164
8256034 17551169
8255677 17551171
8248532 17551175
8248560 17551175
8248567 17551175
8248852 17551175
8248976 17551175
8256192 17551175
8252043 17551176
8252055 17551176
8252866 17551176
8255336 17551178
8251363 17551179
8254874 17551180
8255888 17551183
8255889 17551183
8251971 17551185
8252905 17551185
8255331 17551186
8255332 17551186
8255347 17551186
8249664 17551188
8249666 17551188
8249668 17551188
8254852 17551188
8255479 17551190
8250780 17551192
8255466 17551192
8255472 17551196
8254438 17551197
8251657 17551199
8255867 17551202
8251653 17551204
8251844 17551204
8252371 17551209
8252373 17551209
8252427 17551209
8252769 17551209
8252374 17551211
8252393 17551211
8252375 17551213
8255492 17551215
8253867 17551216
8253872 17551216
8253878 17551216
8253895 17551216
8254107 17551216
8255552 17551217
8249050 17551219
8249055 17551219
8249063 17551219
8254878 17551221
8251251 17551227
8249807 17551228
8250282 17551233
8253068 17551233
8253082 17551233
8253083 17551233
8253115 17551233
8253363 17551233
8253570 17551233
8251366 17551235
8252949 17551236
8249078 17551238
8249085 17551238
8249108 17551238
8249111 17551238
8249113 17551238
8249251 17551238
8248552 17551239
8248580 17551239
8250565 17551241
8250566 17551241
8256199 17551241
8249438 17551246
8249458 17551246
8249491 17551246
8251980 17551246
8252011 17551246
8252454 17551246
8252940 17551246
8255991 17551248
8255233 17551251
8250786 17551255
8251233 17551255
8256013 17551255
8250059 17551258
8250820 17551259
8255128 17551261
8248561 17551263
8249462 17551269
8249463 17551269
8249465 17551269
8249466 17551269
8249471 17551269
8249472 17551269
8252689 17551269
8252691 17551269
8252693 17551269
8252695 17551269
8252697 17551269
8252698 17551269
8252874 17551269
8252987 17551269
8255975 17551269
8249626 17551272
8249631 17551272
8249655 17551272
8249661 17551272
8249667 17551272
8249675 17551272
8249678 17551272
8249686 17551272
8249688 17551272
8249696 17551272
8249697 17551272
8249715 17551272
8250204 17551272
8253876 17551274
8251617 17551275
8251619 17551275
8251705 17551275
8254708 17551275
8252957 17551277
8255152 17551279
8249812 17551280
8254685 17551280
8249801 17551282
8250289 17551282
8249645 17551286
8250063 17551286
8255298 17551286
8255299 17551286
8253074 17551287
8253095 17551287
8253386 17551287
8253147 17551288
8250638 17551291
8251228 17551293
8251229 17551293
8250479 17551296
8256014 17551299
8248631 17551300
8251651 17551302
8251675 17551302
8251689 17551302
8251861 17551302
8254569 17551304
8254571 17551304
8253874 17551306
8254845 17551306
8252221 17551307
8252259 17551307
8252262 17551307
8255397 17551307
8255402 17551307
8255404 17551307
8255405 17551307
8250403 17551308
8251120 17551308
8251350 17551308
8250445 17551313
8250997 17551313
8248635 17551314
8252701 17551319
8252754 17551319
8252756 17551319
8252758 17551319
8252760 17551319
8253036 17551319
8254723 17551319
8256230 17551319
8252715 17551319
8252715 17551341
8252717 17551319
8252717 17551341
8252718 17551319
8252718 17551341
8252970 17551319
8252970 17551341
8253019 17551319
8253019 17551341
8252745 17551321
8252747 17551321
8251121 17551325
8251122 17551325
8251544 17551325
8251546 17551325
8251547 17551325
8251558 17551325
8254702 17551325
8252708 17551331
8252710 17551331
8252711 17551331
8252720 17551331
8252722 17551331
8252723 17551331
8252968 17551331
8253021 17551331
8251100 17551343
8250135 17551346
8250117 17551348
8253778 17551350
8250733 17551351
8251136 17551351
8251148 17551351
8255385 17551360
8252085 17551362
8252955 17551362
8251448 17551367
8251475 17551367
8253087 17551369
8253089 17551369
8253092 17551369
8253094 17551369
8253277 17551369
8253604 17551369
8253623 17551369
8253624 17551369
8255422 17551370
8254911 17551386
8249258 17551387
8255116 17551391
8252337 17551393
8252348 17551393
8252364 17551393
8248978 17551396
8253129 17551397
8254910 17551397
8254912 17551397
8250489 17551399
8250491 17551399
8250484 17551401
8250486 17551401
8250488 17551401
8250900 17551401
8251093 17551401
8251325 17551401
8251327 17551401
8251329 17551401
8256020 17551401
8249809 17551407
8250107 17551407
8253050 17551407
8253061 17551407
8253103 17551407
8253145 17551407
8253188 17551407
8253295 17551407
8253299 17551407
8253361 17551407
8253551 17551407
8253572 17551407
8253574 17551407
8249756 17551408
8249758 17551408
8249759 17551408
8249796 17551408
8250096 17551408
8250227 17551408
8250233 17551408
8255518 17551408
8255519 17551408
8255365 17551411
8253783 17551415
8253792 17551415
8253795 17551415
8256025 17551417
8250478 17551418
8251331 17551418
8251332 17551418
8250710 17551420
8250711 17551420
8250712 17551420
8249021 17551423
8255099 17551423
8255440 17551424
8255441 17551424
8254323 17551426
8249241 17551427
8249260 17551428
8254884 17551430
8251601 17551432
8251604 17551432
8251751 17551432
8251834 17551432
8252216 17551434
8252254 17551434
8252294 17551434
8255192 17551434
8255904 17551438
8255913 17551438
8251230 17551440
8255445 17551442
8255446 17551442
8249051 17551443
8249056 17551443
8249064 17551443
8249781 17551444
8249142 17551446
8252101 17551447
8252885 17551447
8252196 17551449
8251633 17551450
8248620 17551451
8251662 17551453
8251900 17551453
8255508 17551454
8250517 17551456
8249529 17551457
8249554 17551457
8249577 17551457
8249865 17551457
8249886 17551457
8249894 17551457
8249904 17551457
8250012 17551457
8250177 17551457
8250359 17551457
8253785 17551460
8253790 17551460
8253820 17551460
8255388 17551460
8253811 17551462
8253733 17551468
8253744 17551468
8255215 17551468
8254041 17551470
8250457 17551488
8251185 17551488
8250803 17551491
8251231 17551491
8253839 17551492
8254303 17551493
8253153 17551495
8253154 17551495
8253594 17551495
8253597 17551495
8251688 17551501
8251690 17551501
8251691 17551501
8251812 17551501
8255654 17551501
8255655 17551501
8249726 17551504
8249731 17551504
8249732 17551504
8249733 17551504
8250078 17551504
8250132 17551504
8254683 17551504
8249735 17551507
8250296 17551507
8250300 17551507
8251243 17551507
8250774 17551509
8250775 17551509
8251165 17551509
8255474 17551509
8255475 17551509
8250766 17551512
8251463 17551512
8251464 17551512
8254991 17551512
8255240 17551512
8250772 17551514
8255788 17551514
8255789 17551514
8250649 17551516
8250685 17551516
8250714 17551519
8250723 17551519
8251302 17551520
8251368 17551520
8250749 17551521
8250755 17551521
8252031 17551524
8252033 17551524
8254896 17551524
8250609 17551525
8250621 17551525
8250646 17551525
8250727 17551525
8251126 17551525
8249060 17551527
8249066 17551528
8249067 17551528
8249068 17551528
8249069 17551528
8249174 17551528
8249242 17551528
8249244 17551528
8248609 17551529
8248612 17551529
8256187 17551529
8249873 17551532
8250313 17551532
8250352 17551532
8251963 17551534
8250392 17551536
8251352 17551536
8248309 17551538
8248524 17551540
8248530 17551540
8256184 17551540
8252052 17551541
8252065 17551541
8252075 17551541
8252724 17551541
8252755 17551541
8252766 17551541
8255517 17551543
8250409 17551545
8255462 17551545
8251611 17551547
8251758 17551547
8251770 17551547
8251798 17551547
8251836 17551547
8251887 17551547
8251920 17551547
8251922 17551547
8254775 17551550
8254817 17551550
8249738 17551553
8250090 17551553
8250264 17551556
8253227 17551558
8253330 17551558
8253336 17551558
8250648 17551559
8249566 17551564
8250021 17551564
8250343 17551564
8254769 17551565
8254246 17551566
8248646 17551568
8248848 17551568
8255573 17551568
8255556 17551569
8255499 17551571
8249523 17551591
8249532 17551591
8249538 17551591
8249556 17551591
8249580 17551591
8249824 17551591
8249868 17551591
8249884 17551591
8249892 17551591
8249923 17551591
8250010 17551591
8250031 17551591
8250183 17551591
8250224 17551591
8252103 17551592
8252969 17551592
8252971 17551592
8252972 17551592
8249630 17551593
8254510 17551594
8251459 17551597
8251504 17551597
8250811 17551599
8251370 17551599
8252313 17551600
8252315 17551600
8252318 17551600
8252320 17551600
8254297 17551601
8252869 17551602
8253040 17551602
8255112 17551604
8250802 17551607
8250804 17551607
8250806 17551607
8251217 17551607
8251227 17551607
8249771 17551609
8249773 17551609
8249775 17551609
8249776 17551609
8249969 17551609
8250142 17551609
8251466 17551612
8251468 17551612
8251469 17551612
8251548 17551612
8250807 17551613
8254697 17551613
8254861 17551613
8249720 17551614
8250416 17551615
8252114 17551616
8252139 17551616
8252224 17551618
8252246 17551618
8249719 17551619
8251764 17551621
8255821 17551621
8255822 17551621
8256216 17551621
8249536 17551624
8250344 17551624
8249544 17551626
8249820 17551626
8250165 17551626
8250358 17551626
8255145 17551626
8255153 17551626
8249740 17551628
8249741 17551628
8249742 17551628
8250088 17551628
8254684 17551628
8253120 17551630
8253130 17551630
8253138 17551630
8253149 17551630
8253165 17551630
8253176 17551630
8253185 17551630
8253204 17551630
8253493 17551630
8253505 17551630
8253528 17551630
8253608 17551630
8253610 17551630
8256233 17551630
8249838 17551633
8253048 17551633
8253054 17551633
8253079 17551633
8253626 17551633
8250260 17551635
8252286 17551637
8252836 17551637
8250640 17551639
8250747 17551639
8250767 17551639
8256212 17551640
8252647 17551643
8255193 17551643
8253789 17551644
