82755877 15856871
82756115 15856871
82756155 15856871
82757469 15856871
82758722 15856871
82758730 15856871
82758731 15856871
82758746 15856871
82765375 15856871
82765376 15856871
82765377 15856871
82765378 15856871
82765379 15856871
82765380 15856871
82765381 15856871
82765382 15856871
82765383 15856871
82765384 15856871
82765387 15856871
82765388 15856871
82756117 15856871
82756117 15920392
82756152 15856871
82756152 15920392
82756246 15856871
82756246 15920392
82765389 15856871
82765389 15920392
82765390 15856871
82765390 15920392
82765391 15857485
82765391 15921257
82765392 15857485
82765392 15921257
82758752 15920392
82758753 15920392
82758690 15921257
82257954 15871790
82269173 15871790
82271077 15871790
82271078 15871790
82258206 15871790
82258206 15919886
82258440 15871801
82258705 15871801
82258708 15871801
82258817 15871801
82258863 15871801
82271085 15871801
82271086 15871801
82271092 15871801
82276317 15871801
82276319 15871801
82276320 15871801
82276321 15871801
82276322 15871801
82276323 15871801
82276324 15871801
82257948 15919877
82257977 15919877
82258104 15919877
82271093 15919877
82271094 15919877
82279673 15919877
82279674 15919877
82257783 15919886
82269160 15919886
82269164 15919886
82269165 15919886
82270598 15919886
82270599 15919886
82271067 15919886
82271068 15919886
82271070 15919886
82271073 15919886
82271074 15919886
82276304 15919886
82276305 15919886
82276306 15919886
82276307 15919886
82276308 15919886
82279663 15919886
82279664 15919886
82279665 15919886
82279666 15919886
82279667 15919886
82279668 15919886
82279669 15919886
82279670 15919886
77498312 15920474
77498312 16009455
77503918 15920590
77503918 16009545
77507570 15920590
77507570 16009545
77498204 15920595
77498204 16009551
77498204 79292262
77498204 79292267
77498207 15920595
77498207 16009551
77498207 79292262
77498207 79292267
77507564 15920595
77507564 16009551
77507564 79292262
77507564 79292267
77507565 15920595
77507565 16009551
77507565 79292262
77507565 79292267
77503948 15920595
77503948 79292262
77503948 79292267
77503949 15920595
77503949 79292262
77503949 79292267
77498308 15920943
77498308 16009752
77498310 15920943
77498310 16009752
77505526 15920943
77505526 16009752
77505527 15920943
77505527 16009752
77506325 15920943
77506325 16009752
77506326 15920943
77506326 16009752
77498314 15920985
77498314 16009754
77498440 15920985
77498440 16009754
77498206 15920988
77498206 15920990
77498206 16009755
77498214 15920988
77498214 15920990
77498214 16009755
77499859 15921456
77499859 16009970
77499859 59523539
77499916 15921456
77499916 16009970
77499916 59523539
77500112 15921456
77500112 16009970
77500112 59523539
77500113 15921456
77500113 16009970
77500113 59523539
77499906 15921478
77499906 16009980
77507562 15921478
77507562 16009980
77507563 15921478
77507563 16009980
77507576 15921478
77507576 16009980
77507577 15921478
77507577 16009980
77507586 15921478
77507586 16009980
77507587 15921478
77507587 16009980
77498205 15922019
77498205 16010200
77498305 15922019
77498305 16010200
77498419 15922019
77498419 16010200
77503912 16009545
77503914 16009545
77503925 16009545
77503932 16009545
77503937 16009545
77503943 16009545
77503945 16009545
77507126 16009545
77507566 16009545
77507567 16009545
77507568 16009545
77507571 16009545
77509173 16009545
77509174 16009545
77499876 16009970
77499876 59523539
77500117 16009970
77500117 59523539
77500119 16009970
77500119 59523539
77501714 16009970
77501714 59523539
77504986 16009970
77504986 59523539
77505093 16009970
77505093 59523539
77505094 16009970
77505094 59523539
77507574 16009970
77507574 59523539
77507575 16009970
77507575 59523539
77498326 16009980
77498343 16009980
77498351 16009980
77498371 16009980
77499713 16009980
77499722 16009980
77499729 16009980
77499745 16009980
77499886 16009980
77499888 16009980
77500094 16009980
77506329 16009980
77506330 16009980
77507578 16009980
77507579 16009980
77507580 16009980
77507582 16009980
77507584 16009980
77507585 16009980
77509175 16009980
82815135 118264141
82815135 15920978
82815135 50266338
82815135 50266340
82815135 52161295
82815135 52161297
82815237 118264141
82815237 15920978
82815237 50266338
82815237 50266340
82815237 52161295
82815237 52161297
82815241 118264141
82815241 15920978
82815241 50266338
82815241 50266340
82815241 52161295
82815241 52161297
82815247 118264141
82815247 15920978
82815247 50266338
82815247 50266340
82815247 52161295
82815247 52161297
82824309 118264141
82824309 15920978
82824309 50266338
82824309 50266340
82824309 52161295
82824309 52161297
82824311 118264141
82824311 15920978
82824311 50266338
82824311 50266340
82824311 52161295
82824311 52161297
82824312 118264141
82824312 15920978
82824312 50266338
82824312 50266340
82824312 52161295
82824312 52161297
82824319 118264141
82824319 15920978
82824319 50266338
82824319 50266340
82824319 52161295
82824319 52161297
82824320 118264141
82824320 15920978
82824320 50266338
82824320 50266340
82824320 52161295
82824320 52161297
82827092 118264141
82827092 15920978
82827092 50266338
82827092 50266340
82827092 52161295
82827092 52161297
82827094 118264141
82827094 15920978
82827094 50266338
82827094 50266340
82827094 52161295
82827094 52161297
82827095 118264141
82827095 15920978
82827095 50266338
82827095 50266340
82827095 52161295
82827095 52161297
82827096 118264141
82827096 15920978
82827096 50266338
82827096 50266340
82827096 52161295
82827096 52161297
82827098 118264141
82827098 15920978
82827098 50266338
82827098 50266340
82827098 52161295
82827098 52161297
82827099 118264141
82827099 15920978
82827099 50266338
82827099 50266340
82827099 52161295
82827099 52161297
82816636 15915852
82816636 16073284
82827116 15915852
82827116 16073284
82815124 15915855
82815124 16076007
82827100 15915855
82827100 16076007
82827101 15915855
82827101 16076007
82827077 15920166
82827077 16073291
82815347 15920184
82815347 16073286
82824209 15920184
82824209 16073286
82827086 15920184
82827086 16073286
82827087 15920184
82827087 16073286
82827088 15920184
82827088 16073286
82827089 15920184
82827089 16073286
82815162 15920198
82823964 15920198
82823967 15920198
82823968 15920198
82827118 15920198
82827119 15920198
82827122 15920198
82827123 15920198
82815145 15920198
82815145 16073288
82815152 15920198
82815152 16073288
82815348 15920198
82815348 16073288
82823963 15920198
82823963 16073288
82824133 15920198
82824133 16073288
82824134 15920198
82824134 16073288
82827084 15920198
82827084 16073288
82827085 15920198
82827085 16073288
82827120 15920198
82827120 16073288
82827121 15920198
82827121 16073288
82821115 15920205
82827110 15920205
82827111 15920205
82816673 15920205
82816673 16073280
82821116 15920205
82821116 16073280
82821119 15920205
82821119 16073280
82827112 15920205
82827112 16073280
82827113 15920205
82827113 16073280
82827114 15920205
82827114 16073280
82827115 15920205
82827115 16073280
82827117 15920207
82827117 16073284
82816648 15920213
82816648 16073289
82818952 15920215
82818952 16073276
82819371 15921279
82819371 16077122
82819371 42093501
82819372 15921279
82819372 16077122
82819372 42093501
82819455 15921279
82819455 16077122
82819455 42093501
82819526 15921279
82819526 16077122
82819526 42093501
82827106 15921279
82827106 16077122
82827106 42093501
82827107 15921279
82827107 16077122
82827107 42093501
82827108 15921279
82827108 16077122
82827108 42093501
82827109 15921279
82827109 16077122
82827109 42093501
82824750 15921645
82824750 16075488
82815137 16076712
82815249 16076712
82826197 118264138
82826197 118264176
82826197 15920936
82826197 52161294
82826197 52161299
82826198 118264138
82826198 118264176
82826198 15920936
82826198 52161294
82826198 52161299
82826257 118264138
82826257 118264176
82826257 15920936
82826257 52161294
82826257 52161299
82826258 118264138
82826258 118264176
82826258 15920936
82826258 52161294
82826258 52161299
82826259 118264138
82826259 118264176
82826259 15920936
82826259 52161294
82826259 52161299
82826264 118264138
82826264 118264176
82826264 15920936
82826264 52161294
82826264 52161299
82826266 118264138
82826266 118264176
82826266 15920936
82826266 52161294
82826266 52161299
82826267 118264138
82826267 118264176
82826267 15920936
82826267 52161294
82826267 52161299
82826268 118264138
82826268 118264176
82826268 15920936
82826268 52161294
82826268 52161299
82826717 118264138
82826717 118264176
82826717 15920936
82826717 52161294
82826717 52161299
82826720 118264138
82826720 118264176
82826720 15920936
82826720 52161294
82826720 52161299
82824549 118264141
82824549 15920978
82824549 50266338
82824549 50266340
82824549 52161295
82824549 52161297
82815890 118479798
82815890 15921808
82815890 52161300
82824151 118479798
82824151 15921808
82824151 52161300
82824153 118479798
82824153 15921808
82824153 52161300
82824155 118479798
82824155 15921808
82824155 52161300
82824156 118479798
82824156 15921808
82824156 52161300
82824253 118479798
82824253 15921808
82824253 52161300
82824254 118479798
82824254 15921808
82824254 52161300
82824533 118479798
82824533 15921808
82824533 52161300
82824535 118479798
82824535 15921808
82824535 52161300
82824536 118479798
82824536 15921808
82824536 52161300
82821494 118479850
82821494 15921024
82818102 15915827
82821034 15915827
82823131 15915827
82823132 15915827
82816907 15915830
82816918 15915830
82817418 15915830
82822953 15915830
82822954 15915830
82827148 15915830
82817703 15915833
82817716 15915833
82823661 15915833
82823662 15915833
82817721 15915836
82819373 15915842
82819374 15915842
82824745 15915842
82824746 15915842
82821500 15915845
82824507 15915845
82824508 15915845
82816670 15915857
82819341 15915861
82819417 15915861
82818965 15915865
82822329 15915865
82822330 15915865
82818444 15915866
82817786 15915869
82817799 15915869
82817846 15915869
82823235 15915869
82823236 15915869
82823245 15915869
82823246 15915869
82823275 15915869
82823276 15915869
82815516 15915880
82815615 15915880
82816051 15915880
82816207 15915880
82816461 15915880
82820152 15915880
82821146 15915880
82821152 15915880
82824241 15915880
82824243 15915880
82824244 15915880
82824271 15915880
82815147 15915885
82815184 15915885
82815323 15915885
82815509 15915885
82815776 15915885
82815781 15915885
82820496 15915885
82824213 15915885
82824214 15915885
82824223 15915885
82824225 15915885
82824227 15915885
82824229 15915885
82824230 15915885
82824287 15915888
82824288 15915888
82824299 15915888
82824301 15915888
82824302 15915888
82824303 15915888
82824304 15915888
82816048 15915895
82816187 15915899
82820136 15915899
82821999 15915899
82824577 15915899
82824578 15915899
82827131 15915899
82827134 15915899
82827135 15915899
82816349 15915916
82816362 15915916
82824083 15915916
82824084 15915916
82824183 15915916
82824185 15915916
82824186 15915916
82824187 15915916
82824188 15915916
82824281 15915916
82824282 15915916
82820116 15915923
82820116 59522683
82824839 15915923
82824839 59522683
82824840 15915923
82824840 59522683
82817912 15915951
82818080 15915951
82818349 15915951
82823111 15915951
82823112 15915951
82815413 15915955
82815427 15915955
82815440 15915955
82815446 15915955
82821754 15915958
82815464 15915960
82815912 15915960
82819850 15915962
82819864 15915962
82819873 15915962
82819888 15915962
82816925 15915963
82816935 15915963
82822961 15915963
82822962 15915963
82822963 15915963
82822964 15915963
82822965 15915963
82822966 15915963
82822967 15915963
82822968 15915963
82818034 15915970
82818447 15915970
82821432 15915970
82821862 15915970
82823300 15915970
82823333 15915970
82823334 15915970
82823345 15915970
82823346 15915970
82825323 15915971
82826371 15915975
82826372 15915976
82825326 15915978
82820110 15915982
82820111 15915982
82820112 15915982
82826374 15915985
82825327 15915989
82825328 15915991
82825329 15915994
82820113 15915995
82824751 15915999
82826377 15915999
82826378 15916001
82826379 15916003
82825960 15916005
82825961 15916008
82825962 15916010
82825963 15916012
82825964 15916013
82825965 15916015
82825966 15916017
82825967 15916019
82825968 15916022
82825969 15916026
82826440 15916031
82826441 15916034
82826442 15916036
82826443 15916039
82826444 15916041
82815370 15916042
82826445 15916045
82826446 15916051
82826447 15916053
82826448 15916055
82826449 15916057
82817569 15916060
82817570 15916060
82823431 15916063
82823432 15916063
82817572 15916064
82824619 15916066
82817574 15916068
82817579 15916072
82817580 15916072
82817001 15916077
82823037 15916077
82823038 15916077
82826510 15916079
82826511 15916080
82826512 15916081
82826513 15916083
82826514 15916084
82826515 15916087
82826516 15916091
82826517 15916094
82826518 15916099
82826519 15916100
82825240 15916105
82825241 15916106
82826290 15916108
82826291 15916110
82816865 15916112
82825243 15916116
82826292 15916118
82825244 15916119
82826293 15916122
82825245 15916125
82826294 15916127
82825246 15916129
82826295 15916133
82825247 15916135
82820032 15916140
82820034 15916140
82820036 15916140
82820038 15916140
82820040 15916140
82820042 15916140
82820044 15916140
82826296 15916143
82825248 15916147
82826297 15916148
82825249 15916150
82826298 15916152
82826299 15916154
82825880 15916156
82825881 15916158
82825882 15916159
82825883 15916160
82825884 15916162
82825885 15916163
82825886 15916165
82825887 15916167
82825888 15916170
82825889 15916172
82825866 15916180
82827144 15916180
82826361 15916183
82826362 15916185
82825314 15916188
82826363 15916192
82826364 15916195
82824531 15916198
82824532 15916198
82826351 15916202
82826365 15916202
82825317 15916206
82826366 15916209
82825318 15916211
82826367 15916213
82826368 15916217
82826369 15916217
82826370 15916217
82825950 15916219
82825951 15916224
82825952 15916225
82825953 15916227
82825954 15916229
82825955 15916230
82825956 15916232
82825957 15916233
82825094 15916235
82825958 15916237
82825959 15916239
82819617 15916241
82825098 15916243
82825099 15916244
82826430 15916246
82826431 15916248
82826439 15916250
82817561 15916252
82817562 15916252
82818428 15916255
82818431 15916255
82823423 15916255
82823425 15916255
82823427 15916255
82825711 15916255
82817564 15916257
82825160 15916259
82823428 15916261
82825709 15916261
82825162 15916264
82825163 15916267
82825164 15916271
82818901 15916273
82825165 15916275
82826500 15916278
82821866 15916284
82826501 15916287
82826502 15916290
82826503 15916291
82826504 15916295
82826505 15916297
82826506 15916301
82826507 15916306
82826508 15916309
82826509 15916314
82825230 15916316
82825231 15916319
82825232 15916323
82826280 15916325
82825233 15916327
82826281 15916329
82816856 15916330
82817155 15916330
82825234 15916331
82826282 15916332
82816857 15916337
82825235 15916340
82826283 15916342
82825236 15916344
82826284 15916345
82825237 15916347
82826285 15916349
82825238 15916350
82826286 15916353
82825239 15916356
82826287 15916358
82826288 15916360
82826289 15916360
82826728 15916360
82826730 15916360
82826781 15916360
82825870 15916361
82825871 15916363
82825872 15916366
82825873 15916368
82825874 15916369
82825875 15916370
82825876 15916372
82825877 15916373
82825878 15916375
82825879 15916377
82816922 15916380
82818756 15916386
82818854 15916386
82821044 15916386
82821045 15916386
82825301 15916388
82826349 15916391
82826350 15916391
82826352 15916394
82826356 15916394
82826353 15916397
82826357 15916397
82826347 15916400
82826354 15916400
82826358 15916400
82826360 15916400
82826348 15916404
82826355 15916404
82826359 15916404
82824527 15916406
82825940 15916409
82825941 15916411
82825942 15916414
82826779 15916417
82826990 15916417
82826991 15916420
82825080 15916422
82825945 15916424
82825946 15916426
82825947 15916428
82825948 15916431
82819606 15916432
82825949 15916434
82821781 15916438
82825087 15916441
82821784 15916443
82826420 15916447
82826421 15916450
82826422 15916452
82826423 15916455
82826424 15916457
82826425 15916459
82826426 15916463
82826427 15916464
82826428 15916467
82826429 15916470
82817551 15916475
82817885 15916476
82818578 15916476
82818588 15916476
82823407 15916476
82823409 15916476
82823411 15916476
82823413 15916476
82823414 15916476
82817554 15916480
82817555 15916480
82825150 15916484
82825151 15916487
82817558 15916489
82825152 15916492
82825153 15916494
82825154 15916496
82825155 15916498
82825156 15916500
82825157 15916503
82825158 15916505
82825159 15916510
82825788 15916512
82825791 15916512
82825793 15916518
82825794 15916521
82825795 15916524
82825796 15916527
82825797 15916530
82825798 15916532
82825799 15916538
82826270 15916543
82826271 15916547
82826272 15916548
82825224 15916550
82826273 15916552
82825225 15916555
82826274 15916558
82826275 15916561
82826276 15916568
82826277 15916577
82825229 15916584
82826278 15916591
82826279 15916595
82823655 15916601
82823657 15916601
82823659 15916601
82825856 15916601
82825860 15916601
82825867 15916601
82825840 15916604
82825861 15916604
82822480 15916611
82825863 15916614
82825864 15916617
82825865 15916620
82819523 15916623
82819525 15916627
82825853 15916630
82825859 15916630
82825868 15916630
82826644 15916630
82825869 15916631
82826340 15916633
82826341 15916636
82823371 15916645
82827126 15916645
82827127 15916645
82826342 15916652
82826343 15916656
82826344 15916657
82826345 15916659
82816919 15916663
82817523 15916663
82826346 15916666
82825930 15916668
82825931 15916670
82826980 15916674
82825932 15916677
82826981 15916678
82825933 15916682
82826982 15916686
82825071 15916690
82826983 15916698
82825072 15916701
82826984 15916704
82825936 15916708
82825937 15916708
82825073 15916710
82826985 15916715
82826986 15916719
82825938 15916721
82826987 15916726
82825939 15916729
82826988 15916732
82826989 15916735
82825079 15916736
82826410 15916738
82826411 15916740
82826412 15916741
82826413 15916744
82826414 15916747
82826415 15916750
82815340 15916752
82826416 15916754
82826417 15916754
82826418 15916756
82826419 15916758
82817540 15916761
82817541 15916761
82817543 15916764
82817545 15916766
82817547 15916768
82826190 15916770
82826191 15916772
82826192 15916775
82825144 15916777
82826193 15916779
82825145 15916780
82826194 15916782
82825146 15916784
82826195 15916785
82825147 15916787
82815465 15916788
82815984 15916788
82826196 15916790
82825148 15916798
82825149 15916800
82826199 15916803
82825780 15916806
82825781 15916808
82825782 15916810
82825783 15916814
82825787 15916814
82825790 15916814
82825792 15916814
82825784 15916817
82825785 15916819
82825786 15916820
82825789 15916820
82826260 15916824
82816835 15916828
82826261 15916831
82817377 15916834
82821910 15916834
82826262 15916837
82825215 15916840
82825216 15916842
82825217 15916844
82825218 15916848
82825219 15916850
82825698 15916855
82825702 15916855
82825705 15916855
82825843 15916855
82825850 15916855
82826643 15916855
82825700 15916858
82825703 15916858
82825707 15916858
82825845 15916858
82825847 15916858
82825851 15916858
82825699 15916861
82825852 15916861
82823660 15916862
82825854 15916862
82825855 15916862
82823649 15916866
82823649 165770915
82823651 15916866
82823651 165770915
82823653 15916866
82823653 165770915
82825857 15916866
82825857 165770915
82825858 15916866
82825858 165770915
82826645 15916866
82826645 165770915
82819515 15916868
82820647 15916872
82820648 15916872
82826330 15916874
82826331 15916878
82826332 15916881
82826335 15916883
82826336 15916885
82826337 15916888
82826338 15916890
82826339 15916893
82825921 15916895
82825922 15916900
82826970 15916904
82825923 15916910
82826971 15916914
82825060 15916918
82826972 15916923
82825925 15916925
82825061 15916927
82826973 15916930
82825926 15916932
82826974 15916934
82825927 15916935
82826975 15916937
82825928 15916940
82826976 15916943
82825929 15916945
82826977 15916949
82826978 15916951
82826979 15916954
82826400 15916956
82826402 15916959
82826403 15916963
82826404 15916967
82815329 15916969
82815330 15916969
82826405 15916972
82826406 15916973
82815332 15916977
82826407 15916979
82826408 15916983
82815334 15916984
82819362 15916986
82826409 15916988
82815336 15916990
82822611 15916993
82822612 15916993
82817537 15916995
82826180 15916998
82825132 15917000
82826181 15917003
82825133 15917005
82826182 15917009
82825134 15917010
82826535 15917010
82826183 15917012
82826184 15917013
82826185 15917016
82826186 15917017
82826187 15917021
82826188 15917023
82826189 15917025
82825770 15917029
82825771 15917032
82825772 15917033
82825773 15917035
82825774 15917039
82825775 15917041
82825776 15917045
82818650 15917050
82825777 15917054
82825778 15917057
82825779 15917061
82816820 15917066
82825200 15917069
82826250 15917072
82826251 15917075
82815472 15917081
82815474 15917081
82826252 15917081
82826253 15917084
82826254 15917088
82826255 15917090
82826256 15917091
82825209 15917094
82825841 15917096
82825842 15917098
82826892 15917100
82825844 15917101
82825846 15917101
82826893 15917104
82826894 15917107
82826895 15917109
82826896 15917112
82825701 15917115
82825848 15917115
82826897 15917118
82825849 15917119
82826899 15917122
82818724 15917123
82826319 15917126
82826320 15917126
82826321 15917129
82826322 15917131
82826323 15917134
82826324 15917137
82826325 15917142
82826326 15917146
82819280 15917147
82826327 15917150
82826328 15917154
82826329 15917155
82825910 15917157
82817705 15917164
82818455 15917164
82823313 15917164
82823315 15917164
82823317 15917164
82823318 15917164
82823329 15917164
82823331 15917164
82823332 15917164
82825911 15917167
82826960 15917171
82825912 15917176
82826961 15917179
82825913 15917181
82825050 15917182
82826962 15917186
82825914 15917187
82825051 15917189
82826963 15917192
82825915 15917194
82825052 15917197
82826964 15917201
82825916 15917202
82825053 15917205
82826965 15917209
82825917 15917211
82826966 15917214
82825918 15917217
82815891 15917218
82826967 15917223
82826968 15917226
82825919 15917229
82821752 15917234
82815893 15917237
82825057 15917240
82826969 15917243
82825058 15917245
82815895 15917248
82825059 15917252
82816100 15917255
82821756 15917256
82815897 15917258
82815321 15917261
82815322 15917261
82816107 15917262
82825653 15917263
82825657 15917263
82825664 15917263
82825693 15917263
82825651 15917264
82825694 15917264
82815324 15917267
82825695 15917268
82825696 15917270
82815326 15917272
82817526 15917274
82817527 15917274
82825120 15917279
82825121 15917282
82826170 15917285
82826171 15917288
82825124 15917290
82826172 15917292
82825125 15917294
82821821 15917297
82815962 15917299
82826173 15917305
82825126 15917306
82826174 15917309
82825127 15917310
82826175 15917312
82825128 15917314
82825129 15917314
82815965 15917316
82826176 15917322
82826177 15917325
82826178 15917329
82826179 15917331
82825760 15917335
82825761 15917339
82825764 15917346
82825765 15917347
82825766 15917350
82825767 15917352
82825768 15917354
82825769 15917358
82816810 15917366
82816814 15917369
82826240 15917371
82827026 15917373
82816816 15917374
82827027 15917376
82826242 15917379
82826209 15917383
82826216 15917383
82826224 15917383
82826231 15917383
82826243 15917383
82826246 15917383
82816818 15917384
82826245 15917387
82826247 15917391
82826248 15917391
82826249 15917391
82825830 15917393
82825831 15917395
82825832 15917400
82825833 15917402
82826881 15917407
82825834 15917412
82826882 15917417
82825835 15917421
82821585 15917424
82826217 15917424
82826220 15917424
82826225 15917424
82826232 15917424
82826244 15917424
82826883 15917424
82825836 15917427
82825837 15917430
82825838 15917430
82825839 15917430
82826885 15917432
82826886 15917438
82826889 15917446
82826310 15917449
82826311 15917452
82826312 15917453
82826313 15917456
82826314 15917458
82826316 15917460
82819270 15917462
82826317 15917464
82826318 15917466
82819272 15917472
82819274 15917474
82825900 15917478
82819276 15917480
82825901 15917482
82825902 15917484
82819278 15917488
82826950 15917490
82825903 15917492
82826951 15917495
82825904 15917497
82826952 15917499
82825905 15917501
82818496 15917504
82826953 15917506
82825906 15917510
82826090 15917511
82826954 15917516
82825907 15917518
82815880 15917523
82826091 15917528
82826955 15917531
82826092 15917534
82826956 15917535
82825908 15917539
82821741 15917541
82826093 15917543
82826957 15917547
82825909 15917550
82826094 15917555
82826958 15917563
82815884 15917565
82826095 15917566
82826959 15917569
82826096 15917571
82815886 15917573
82826097 15917575
82825049 15917577
82826098 15917580
82826099 15917585
82815889 15917587
82825680 15917588
82825681 15917590
82825682 15917591
82825683 15917593
82815314 15917595
82825684 15917597
82817510 15917600
82817511 15917600
82815318 15917605
82818561 15917607
82825111 15917612
82826160 15917614
82825112 15917617
82826161 15917619
82825113 15917621
82826162 15917624
82825114 15917626
82826163 15917631
82826164 15917635
82826165 15917637
82826166 15917639
82825118 15917641
82826167 15917642
82825119 15917646
82826168 15917649
82826169 15917651
82825751 15917654
82825753 15917656
82825754 15917659
82825755 15917661
82825756 15917663
82826629 15917663
82825757 15917667
82825758 15917670
82817255 15917671
82822375 15917671
82822376 15917671
82825759 15917674
82816802 15917676
82816804 15917679
82816806 15917680
82826226 15917682
82826233 15917682
82826228 15917685
82826234 15917685
82826238 15917685
82826241 15917685
82826716 15917685
82816808 15917687
82826235 15917689
82826236 15917689
82826237 15917689
82826239 15917689
82825821 15917691
82825822 15917691
82826870 15917694
82825823 15917695
82825824 15917697
82825825 15917700
82826874 15917703
82825826 15917708
82825827 15917709
82826300 15917710
82826301 15917712
82826302 15917714
82826303 15917718
82826304 15917720
82826305 15917722
82826306 15917724
82826307 15917728
82826308 15917733
82819262 15917735
82826309 15917737
82818480 15917739
82818481 15917739
82819268 15917741
82826940 15917745
82826941 15917750
82826942 15917752
82826943 15917754
82826080 15917757
82826944 15917760
82826081 15917762
82826945 15917767
82826946 15917770
82826947 15917773
82815872 15917775
82826948 15917778
82826085 15917780
82826949 15917783
82815874 15917784
82826086 15917787
82826087 15917789
82815876 15917791
82826088 15917793
82826089 15917795
82815878 15917797
82825670 15917798
82825672 15917799
82825674 15917801
82825675 15917802
82819333 15917803
82818550 15917805
82825677 15917807
82825678 15917807
82819335 15917809
82818554 15917811
82818556 15917813
82825102 15917815
82826150 15917816
82825103 15917819
82826151 15917822
82825104 15917823
82815529 15917827
82821800 15917827
82815941 15917830
82815942 15917830
82826152 15917833
82825105 15917835
82826153 15917836
82825106 15917838
82826154 15917839
82825107 15917841
82815944 15917844
82826155 15917846
82826156 15917848
82815946 15917850
82826157 15917852
82820330 15917856
82821805 15917856
82826159 15917858
82825740 15917862
82825741 15917864
82825742 15917866
82825743 15917866
82825744 15917866
82825745 15917869
82825746 15917871
82825747 15917873
82825748 15917876
82822365 15917877
82822366 15917877
82821587 15917879
82826221 15917881
82826229 15917882
82825810 15917885
82825811 15917891
82825812 15917891
82825813 15917897
82825814 15917898
82825815 15917899
82825816 15917904
82825817 15917906
82825819 15917908
82825590 15917911
82825591 15917912
82825592 15917914
82825593 15917917
82825594 15917922
82825595 15917923
82825596 15917925
82825597 15917926
82825598 15917929
82825599 15917931
82816640 15917933
82826930 15917938
82826931 15917940
82826932 15917945
82820387 15917947
82818476 15917952
82818476 41425119
82818476 41425121
82818477 15917952
82818477 41425119
82818477 41425121
82826933 15917958
82826070 15917960
82826934 15917964
82826071 15917967
82826935 15917968
82826072 15917971
82826936 15917975
82826073 15917977
82826937 15917979
82826074 15917980
82826938 15917983
82826075 15917986
82826939 15917989
82826076 15917993
82826077 15917995
82815867 15917998
82826078 15917999
82826079 15918002
82819897 15918004
82825656 15918008
82825660 15918008
82825663 15918008
82825671 15918008
82826617 15918008
82825661 15918010
82825662 15918011
82819321 15918013
82819323 15918015
82825666 15918017
82818540 15918023
82825667 15918025
82819325 15918027
82825668 15918030
82818542 15918033
82825669 15918034
82818544 15918038
82818546 15918043
82826140 15918049
82815930 15918051
82826141 15918054
82818548 15918056
82826142 15918057
82815932 15918061
82826143 15918063
82826144 15918065
82815934 15918067
82826145 15918069
82826146 15918071
82815936 15918074
82826147 15918077
82826148 15918079
82815938 15918082
82826149 15918085
82825716 15918089
82825724 15918089
82825726 15918089
82825730 15918089
82825736 15918089
82825731 15918093
82825737 15918093
82826780 15918098
82826902 15918098
82825728 15918101
82825732 15918101
82825733 15918105
82825734 15918107
82825735 15918110
82825738 15918112
82825739 15918114
82826210 15918116
82826211 15918118
82826212 15918120
82826214 15918121
82826206 15918125
82826218 15918125
82826334 15918125
82826219 15918127
82825800 15918128
82825801 15918131
82818393 15918132
82825802 15918133
82825803 15918134
82825804 15918136
82825805 15918138
82825806 15918140
82825807 15918141
82825808 15918143
82825809 15918145
82825580 15918146
82825581 15918149
82825582 15918150
82825583 15918152
82825584 15918154
82825585 15918155
82825586 15918156
82825587 15918159
82825588 15918161
82825589 15918165
82826920 15918169
82826921 15918172
82826922 15918175
82826923 15918178
82826924 15918182
82826060 15918186
82826925 15918189
82826061 15918191
82826926 15918194
82826062 15918196
82826927 15918199
82826063 15918201
82826928 15918206
82826064 15918208
82826929 15918211
82826065 15918212
82826066 15918215
82826067 15918216
82826068 15918218
82826069 15918220
82825650 15918222
82825652 15918226
82825654 15918226
82825659 15918226
82825665 15918226
82825673 15918226
82825676 15918226
82825655 15918228
82818530 15918231
82825658 15918234
82821493 15918236
82826130 15918237
82815919 15918240
82815920 15918240
82826131 15918241
82826132 15918243
82826133 15918247
82815923 15918249
82815924 15918249
82826134 15918251
82826135 15918254
82826136 15918259
82826137 15918263
82826138 15918267
82826139 15918270
82823374 15918273
82825721 15918273
82825722 15918274
82825723 15918277
82825725 15918278
82826622 15918278
82816483 15918281
82825727 15918282
82825618 15918284
82826765 15918284
82826775 15918284
82816486 15918286
82826776 15918288
82826777 15918288
82825729 15918289
82826631 15918291
82826778 15918291
82826201 15918293
82826205 15918293
82826215 15918293
82826223 15918293
82826230 15918293
82826202 15918297
82826204 15918297
82826213 15918297
82826222 15918297
82826203 15918299
82826207 15918300
82826208 15918302
82818388 15918308
82825570 15918310
82825571 15918311
82825572 15918313
82825573 15918314
82825574 15918317
82825575 15918320
82825576 15918324
82825577 15918327
82825578 15918330
82825579 15918331
82826910 15918335
82816621 15918336
82826911 15918339
82826912 15918342
82818456 15918345
82826913 15918348
82826050 15918354
82826914 15918359
82826051 15918362
82826915 15918365
82826052 15918367
82826916 15918370
82826053 15918373
82826917 15918377
82826054 15918379
82826918 15918384
82826055 15918385
82826919 15918387
82826056 15918390
82826057 15918391
82826058 15918394
82826059 15918396
82825640 15918398
82825641 15918398
82825642 15918398
82825643 15918398
82825644 15918398
82825645 15918398
82825646 15918398
82825647 15918398
82825648 15918398
82825649 15918398
82825715 15918398
82818520 15918401
82818522 15918403
82821483 15918406
82820436 15918408
82818525 15918410
82818526 15918410
82820437 15918413
82826120 15918415
82821486 15918418
82821487 15918418
82826121 15918420
82818528 15918421
82826122 15918423
82826123 15918424
82826124 15918428
82826125 15918430
82826126 15918431
82815916 15918433
82826127 15918435
82826128 15918437
82826129 15918443
82825710 15918448
82825712 15918451
82825714 15918451
82816471 15918453
82825713 15918456
82825717 15918458
82816476 15918463
82816477 15918463
82825718 15918465
82821552 15918466
82821557 15918469
82821559 15918469
82821558 15918471
82817895 15918476
82818341 15918476
82825490 15918477
82825491 15918478
82825492 15918480
82825493 15918482
82825495 15918484
82825496 15918487
82825497 15918489
82825498 15918491
82825499 15918493
82825560 15918494
82825561 15918496
82825562 15918497
82825563 15918500
82825564 15918501
82825565 15918503
82825566 15918504
82825567 15918505
82825568 15918507
82825569 15918509
82826900 15918511
82826901 15918512
82825891 15918528
82825893 15918528
82825894 15918528
82826903 15918528
82826904 15918538
82826040 15918540
82816615 15918543
82826905 15918545
82826041 15918548
82826906 15918550
82826042 15918551
82816617 15918553
82826907 15918555
82826043 15918556
82826908 15918559
82826044 15918562
82816619 15918564
82826045 15918567
82826909 15918569
82826046 15918570
82826047 15918573
82826048 15918575
82826049 15918577
82823029 15918582
82823030 15918582
82825631 15918583
82825634 15918585
82818510 15918588
82825638 15918589
82825639 15918589
82820422 15918591
82818514 15918594
82826110 15918595
82826111 15918597
82826112 15918598
82826113 15918600
82826116 15918603
82826117 15918605
82826118 15918606
82826119 15918609
82825704 15918614
82816462 15918617
82817084 15918626
82817247 15918626
82821540 15918626
82825706 15918628
82816464 15918630
82825708 15918631
82825480 15918633
82825481 15918634
82825482 15918635
82825483 15918637
82825484 15918638
82825485 15918642
82825486 15918643
82825487 15918644
82825488 15918646
82825489 15918648
82819781 15918650
82819783 15918651
82819785 15918653
82819787 15918655
82819789 15918656
82825550 15918658
82825551 15918661
82825552 15918662
82825553 15918665
82825554 15918667
82825555 15918672
82825556 15918676
82825557 15918678
82825558 15918681
82825559 15918684
82826030 15918688
82826031 15918694
82826032 15918696
82826033 15918699
82826034 15918701
82826035 15918704
82826036 15918707
82826038 15918708
82826039 15918710
82825620 15918712
82825621 15918712
82826614 15918712
82825623 15918715
82825624 15918716
82825625 15918719
82818500 15918721
82825627 15918725
82825629 15918725
82825630 15918725
82825632 15918725
82825633 15918725
82825635 15918725
82825636 15918725
82825637 15918725
82825628 15918728
82818502 15918731
82818504 15918733
82818506 15918735
82826100 15918736
82826101 15918738
82818508 15918741
82826102 15918743
82826103 15918744
82826104 15918747
82826105 15918749
82817020 15918753
82822881 15918753
82822882 15918753
82826106 15918756
82826107 15918759
82826108 15918760
82826109 15918761
82820188 15918762
82820191 15918762
82816450 15918764
82816452 15918766
82816455 15918769
82816456 15918769
82816458 15918770
82821537 15918772
82825470 15918775
82825471 15918777
82825472 15918779
82825473 15918782
82825474 15918784
82825475 15918787
82825476 15918790
82825477 15918793
82825478 15918795
82825479 15918798
82819772 15918801
82821604 15918804
82819774 15918806
82821607 15918808
82818993 15918810
82819779 15918812
82825540 15918813
82818996 15918815
82818997 15918815
82825541 15918817
82825542 15918820
82825543 15918822
82825544 15918824
82825545 15918827
82825546 15918829
82825547 15918830
82825548 15918833
82825549 15918834
82825508 15918836
82826597 15918836
82826020 15918839
82826021 15918843
82826022 15918845
82826023 15918848
82826024 15918850
82826025 15918852
82826026 15918853
82826027 15918855
82826028 15918858
82826029 15918858
82823010 15918860
82825612 15918863
82825613 15918868
82825614 15918869
82825615 15918873
82825622 15918873
82826612 15918873
82826615 15918873
82823017 15918877
82823018 15918877
82825616 15918879
82825617 15918879
82820400 15918884
82820401 15918884
82820402 15918884
82825619 15918885
82826611 15918885
82826613 15918885
82817796 15918886
82825390 15918889
82825391 15918890
82825392 15918891
82826580 15918891
82825295 15918894
82825393 15918894
82817222 15918896
82820184 15918897
82816448 15918899
82825460 15918901
82825461 15918902
82825462 15918904
82825463 15918906
82819121 15918908
82825464 15918909
82825465 15918912
82825466 15918914
82819124 15918915
82825467 15918918
82825468 15918919
82825469 15918922
82819760 15918926
82819762 15918927
82819764 15918928
82819766 15918931
82817070 15918934
82819768 15918935
82825531 15918937
82825532 15918940
82825534 15918941
82825535 15918943
82825536 15918944
82826585 15918947
82824752 15918948
82825537 15918949
82825538 15918951
82825539 15918953
82824757 15918954
82826010 15918956
82826011 15918957
82826012 15918959
82826013 15918961
82826014 15918962
82826015 15918967
82826016 15918969
82826017 15918970
82826018 15918973
82826019 15918974
82816863 15918987
82817141 15918987
82817146 15918987
82825600 15918990
82825601 15918991
82825602 15918993
82825603 15918995
82825604 15918998
82825605 15919001
82825606 15919003
82825607 15919006
82825608 15919008
82825383 15919010
82825384 15919012
82825385 15919014
82825386 15919017
82819739 15919028
82819741 15919028
82819743 15919028
82819745 15919028
82819747 15919028
82819749 15919028
82819751 15919028
82819753 15919028
82819755 15919028
82819757 15919028
82819758 15919028
82820047 15919028
82820049 15919028
82820051 15919028
82820148 15919028
82820151 15919028
82820153 15919028
82820155 15919028
82820157 15919028
82820166 15919028
82820168 15919028
82820170 15919028
82821292 15919028
82821293 15919028
82821294 15919028
82825389 15919029
82820177 15919032
82820179 15919036
82826727 15919039
82826729 15919043
82825450 15919045
82825451 15919048
82825452 15919051
82819110 15919052
82825453 15919053
82822070 15919056
82825454 15919062
82819112 15919065
82825455 15919067
82825456 15919069
82825457 15919070
82825458 15919073
82819116 15919076
82825459 15919077
82817061 15919079
82817925 15919080
82825514 15919081
82825520 15919081
82817064 15919086
82825515 15919088
82825521 15919088
82825512 15919089
82825522 15919089
82825518 15919091
82825523 15919091
82825525 15919091
82825527 15919093
82825528 15919095
82816287 15919098
82826000 15919099
82826001 15919100
82826002 15919102
82826003 15919103
82826004 15919104
82826005 15919105
82826006 15919106
82826007 15919108
82826008 15919110
82826009 15919113
82820090 15919114
82820095 15919116
82826642 15919118
82820097 15919120
82818891 15919122
82818893 15919124
82825440 15919125
82818896 15919128
82818897 15919128
82825441 15919130
82825442 15919133
82826490 15919136
82825443 15919139
82825444 15919139
82826491 15919141
82818899 15919143
82826492 15919146
82825445 15919147
82826493 15919150
82825446 15919152
82826494 15919154
82826495 15919159
82819106 15919160
82826496 15919163
82825449 15919165
82826497 15919167
82819108 15919170
82822067 15919172
82826498 15919174
82826499 15919176
82821289 15919178
82825510 15919179
82825506 15919181
82825513 15919181
82825517 15919182
82821350 15919185
82825519 15919186
82815493 15919188
82821353 15919191
82825291 15919193
82825292 15919195
82825293 15919200
82825294 15919202
82819819 15919204
82820082 15919208
82818172 15919210
82820088 15919212
82826639 15919215
82817739 15919218
82817740 15919218
82817760 15919218
82817761 15919218
82825626 15919218
82825360 15919220
82825361 15919221
82825362 15919224
82825363 15919225
82825364 15919228
82825365 15919231
82825366 15919232
82825369 15919235
82818881 15919238
82818884 15919241
82818885 15919241
82825430 15919243
82825431 15919246
82818887 15919248
82826480 15919250
82826481 15919252
82818889 15919254
82825434 15919256
82826482 15919258
82825435 15919260
82826483 15919262
82822053 15919263
82826484 15919266
82826486 15919267
82825439 15919270
82822031 15919271
82822057 15919271
82826488 15919273
82826489 15919274
82823475 15919279
82823476 15919279
82822697 15919283
82822698 15919286
82825356 15919286
82825500 15919287
82825501 15919288
82825502 15919291
82816093 15919296
82816261 15919296
82823009 15919298
82825503 15919298
82825505 15919298
82825509 15919298
82825511 15919298
82825516 15919298
82825524 15919298
82825526 15919298
82826598 15919298
82825504 15919301
82825507 15919302
82825281 15919303
82825282 15919307
82820070 15919308
82820072 15919310
82826620 15919311
82820078 15919313
82820079 15919313
82826624 15919314
82826625 15919314
82826626 15919317
82819586 15919320
82819641 15919320
82819587 15919324
82819589 15919326
82825350 15919330
82825351 15919332
82825352 15919333
82825353 15919335
82825354 15919338
82825355 15919340
82820141 15919342
82825357 15919345
82825358 15919349
82825359 15919350
82825990 15919354
82825991 15919357
82825992 15919358
82825993 15919360
82825994 15919364
82825995 15919365
82825996 15919366
82825997 15919372
82818871 15919375
82825998 15919376
82825999 15919378
82818873 15919380
82826470 15919381
82826471 15919384
82818879 15919386
82826472 15919387
82825425 15919388
82826473 15919392
82825426 15919395
82826474 15919399
82825427 15919401
82825428 15919401
82826475 15919404
82826476 15919412
82826477 15919416
82826478 15919418
82826479 15919420
82818941 15919424
82817671 15919428
82825271 15919431
82825273 15919434
82825274 15919438
82825275 15919441
82820059 15919443
82820060 15919443
82820063 15919444
82820064 15919444
82820067 15919445
82826616 15919446
82825340 15919447
82825341 15919449
82825342 15919452
82826390 15919455
82825343 15919457
82826391 15919459
82825344 15919462
82826392 15919464
82825345 15919466
82826393 15919468
82825346 15919470
82826394 15919471
82825347 15919473
82826395 15919474
82825348 15919476
82825349 15919476
82826396 15919478
82819007 15919480
82826397 15919481
82826398 15919483
82826399 15919484
82825980 15919487
82825981 15919489
82825982 15919491
82825983 15919493
82825984 15919495
82825985 15919497
82825986 15919499
82825987 15919501
82825988 15919504
82825989 15919508
82825412 15919511
82826460 15919514
82825413 15919517
82825414 15919517
82826461 15919519
82818869 15919521
82826462 15919523
82825415 15919526
82826463 15919528
82825416 15919530
82826464 15919532
82826465 15919534
82826466 15919536
82826468 15919538
82826469 15919540
82825190 15919541
82825191 15919544
82825192 15919546
82817021 15919550
82825198 15919552
82825199 15919556
82817025 15919562
82822100 15919564
82822101 15919567
82825263 15919569
82825264 15919572
82825265 15919574
82820054 15919576
82820056 15919579
82817730 15919581
82825330 15919585
82825333 15919591
82826381 15919593
82825334 15919594
82826382 15919598
82825335 15919600
82826383 15919603
82826384 15919605
82826385 15919609
82826386 15919610
82826387 15919612
82826388 15919613
82826389 15919615
82825970 15919616
82823373 15919617
82825971 15919619
82825972 15919621
82825973 15919622
82825974 15919623
82825975 15919624
82825976 15919627
82825977 15919628
82825978 15919631
82825979 15919631
82825401 15919633
82825402 15919635
82826450 15919637
82825403 15919639
82826451 15919640
82826452 15919643
82825405 15919645
82826453 15919647
82825406 15919648
82826454 15919651
82826455 15919653
82826456 15919656
82826457 15919658
82826458 15919659
82822028 15919661
82826459 15919662
82822029 15919665
82817582 15919666
82825183 15919668
82825184 15919670
82825185 15919670
82825189 15919672
82826520 15919676
82817016 15919678
82821317 15919680
82825250 15919682
82825251 15919683
82825258 15919686
82825890 15919688
82825896 15919689
82817722 15919691
82825897 15919694
82825898 15919696
82825899 15919698
82825320 15919700
82825321 15919702
82817729 15919704
82825322 15919707
82815371 15919709
82815375 15919709
82819846 15919712
82816516 15919714
82820685 15919714
82820686 15919714
82824289 15919714
82824291 15919714
82824292 15919714
82818667 15919721
82818695 15919721
82818733 15919721
82818754 15919721
82818847 15919721
82818856 15919721
82821018 15919721
82822671 15919721
82822672 15919721
82822925 15919721
82822927 15919721
82822928 15919721
82823497 15919721
82823499 15919721
82823507 15919721
82823508 15919721
82823951 15919721
82823952 15919721
82817873 15919722
82821891 15919722
82823357 15919723
82823358 15919723
82823363 15919723
82823364 15919723
82816914 15919725
82816933 15919725
82816947 15919725
82817588 15919727
82817634 15919727
82816864 15919732
82817153 15919732
82818206 15919732
82818392 15919732
82817720 15919744
82817720 35194121
82823365 15919744
82823365 35194121
82823366 15919744
82823366 35194121
82823367 15919744
82823367 35194121
82823368 15919744
82823368 35194121
82816771 15919757
82817018 15919757
82817235 15919757
82817442 15919757
82822021 15919757
82817697 15919763
82817718 15919763
82817728 15919763
82817737 15919763
82817765 15919763
82818059 15919763
82818333 15919763
82818429 15919763
82818432 15919763
82823359 15919763
82823360 15919763
82816056 15919769
82817669 15919775
82817672 15919775
82817682 15919775
82818201 15919775
82822033 15919775
82823639 15919775
82823640 15919775
82816042 15919782
82824573 15919782
82824574 15919782
82824575 15919782
82824576 15919782
82817910 15919789
82817926 15919789
82817941 15919789
82818041 15919789
82818503 15919789
82818505 15919789
82821225 15919789
82822573 15919789
82822575 15919789
82822577 15919789
82822578 15919789
82822599 15919789
82822601 15919789
82822602 15919789
82822899 15919789
82822900 15919789
82823091 15919789
82823092 15919789
82822603 15919791
82822604 15919791
82821656 15919796
82822235 15919796
82822237 15919796
82822238 15919796
82822249 15919796
82822250 15919796
82822433 15919796
82822435 15919796
82822436 15919796
82819817 15919798
82824953 15919798
82824955 15919798
82824956 15919798
82816099 15919813
82816101 15919813
82816116 15919813
82816264 15919813
82816275 15919813
82817656 15919813
82818014 15919813
82823617 15919813
82823619 15919813
82823620 15919813
82823785 15919813
82823786 15919813
82823787 15919813
82823790 15919813
82824065 15919813
82824067 15919813
82824069 15919813
82824070 15919813
82819807 15919815
82820809 15919825
82820815 15919825
82820816 15919825
82822043 15919825
82822381 15919825
82822383 15919825
82822384 15919825
82822521 15919825
82822523 15919825
82822524 15919825
82816882 15919837
82821197 15919837
82823191 15919837
82823192 15919837
82815528 15919848
82815636 15919848
82815892 15919848
82815894 15919848
82824250 15919848
82824487 15919848
82824488 15919848
82819578 15919856
82819588 15919856
82819593 15919856
82819761 15919856
82824811 15919856
82824812 15919856
82824921 15919856
82824922 15919856
82824923 15919856
82824924 15919856
82824925 15919856
82824926 15919856
82825029 15919856
82825030 15919856
82819855 15919859
82819868 15919859
82819872 15919859
82819882 15919859
82818417 15919861
82818419 15919863
82820333 15919863
82823415 15919863
82823417 15919863
82823418 15919863
82818442 15919864
82818697 15919888
82824713 15919890
82824714 15919890
82824715 15919890
82824716 15919890
82819874 15919892
82824711 15919892
82824712 15919892
82816121 15919895
82816405 15919895
82821699 15919897
82817475 15919907
82819053 15919907
82822493 15919907
82822494 15919907
82817048 15919916
82817244 15919916
82817544 15919916
82817546 15919916
82821195 15919916
82822694 15919916
82815365 15919925
82815490 15919925
82815730 15919925
82819575 15919925
82819591 15919925
82819607 15919925
82819631 15919925
82819674 15919925
82819697 15919925
82819784 15919925
82824637 15919925
82824638 15919925
82824889 15919925
82824891 15919925
82824892 15919925
82824895 15919925
82824896 15919925
82815510 15919937
82815601 15919937
82820495 15919937
82824217 15919937
82824218 15919937
82824219 15919937
82824221 15919937
82824222 15919937
82817877 15919951
82817983 15919951
82817994 15919951
82818084 15919951
82818314 15919951
82818351 15919951
82821232 15919951
82822639 15919951
82822641 15919951
82822642 15919951
82822823 15919951
82822824 15919951
82823125 15919951
82823127 15919951
82823128 15919951
82816044 15919956
82816070 15919956
82816227 15919956
82824189 15919956
82824190 15919956
82822455 15919959
82822457 15919959
82822458 15919959
82820117 15919960
82815400 15919962
82815400 52161298
82815415 15919962
82815415 52161298
82815436 15919962
82815436 52161298
82815447 15919962
82815447 52161298
82822034 15919962
82822034 52161298
82824480 15919962
82824480 52161298
82817879 15919965
82818485 15919965
82821457 15919965
82821864 15919965
82823327 15919965
82823328 15919965
82826878 15919965
82818421 15919967
82821220 15919967
82823645 15919967
82823646 15919967
82817701 15919974
82818196 15919974
82821231 15919974
82821239 15919974
82823601 15919974
82823602 15919974
82817971 15919989
82817987 15919989
82818233 15919989
82818501 15919989
82818513 15919989
82819261 15919989
82822231 15919989
82822411 15919989
82822412 15919989
82822413 15919989
82822414 15919989
82822567 15919989
82822568 15919989
82822571 15919989
82822572 15919989
82822775 15919989
82822777 15919989
82822778 15919989
82822783 15919989
82822785 15919989
82822787 15919989
82822788 15919989
82822897 15919989
82822898 15919989
82823073 15919989
82823074 15919989
82823075 15919989
82823076 15919989
82816096 15919996
82816259 15919996
82816384 15919996
82819899 15920012
82819994 15920012
82820074 15920012
82824827 15920012
82824828 15920012
82824829 15920012
82824830 15920012
82823603 15920028
82823604 15920035
82816671 15920038
82816769 15920060
82816785 15920060
82821183 15920060
82822679 15920060
82822680 15920060
82822685 15920060
82822686 15920060
82822690 15920060
82822717 15920060
82816153 15920067
82816332 15920067
82821162 15920067
82824523 15920067
82824545 15920067
82824546 15920067
82816015 15920070
82820230 15920070
82826158 15920079
82815366 15920089
82815732 15920089
82815866 15920089
82815869 15920089
82824377 15920089
82824378 15920089
82824399 15920089
82824400 15920089
82824571 15920093
82816929 15920095
82816958 15920095
82816967 15920095
82822973 15920095
82822974 15920095
82818661 15920097
82823003 15920099
82823004 15920099
82817676 15920101
82817678 15920101
82817680 15920101
82817683 15920101
82818489 15920103
82821865 15920103
82817367 15920120
82820399 15920120
82815353 15920124
82820354 15920127
82823863 15920127
82823865 15920127
82823866 15920127
82820405 15920131
82816039 15920142
82816353 15920142
82819812 15920142
82819845 15920142
82819892 15920142
82819913 15920142
82819934 15920142
82819948 15920142
82820033 15920142
82820094 15920142
82821997 15920142
82824585 15920142
82824725 15920142
82824726 15920142
82824729 15920142
82824730 15920142
82824831 15920142
82824833 15920142
82824835 15920142
82824836 15920142
82824843 15920142
82824845 15920142
82824846 15920142
82824959 15920142
82824961 15920142
82824962 15920142
82827129 15920142
82827130 15920142
82816457 15920157
82816457 35194117
82820619 15920157
82820619 35194117
82824177 15920157
82824177 35194117
82824179 15920157
82824179 35194117
82824180 15920157
82824180 35194117
82817592 15920161
82817622 15920161
82824465 15920164
82824466 15920164
82819528 15920176
82824770 15920176
82827083 15920184
82819415 15920209
82825011 15920209
82825012 15920209
82821318 15920217
82826438 15920226
82819560 15920237
82819567 15920237
82820433 15920237
82824887 15920237
82824888 15920237
82824897 15920237
82824898 15920237
82824901 15920237
82824902 15920237
82824905 15920237
82824907 15920237
82824909 15920237
82824910 15920237
82819806 15920254
82819809 15920254
82819929 15920254
82819958 15920254
82819971 15920254
82820066 15920254
82820069 15920254
82821282 15920254
82821286 15920254
82822039 15920254
82824943 15920254
82824944 15920254
82824945 15920254
82824946 15920254
82824947 15920254
82824949 15920254
82824950 15920254
82824963 15920254
82824964 15920254
82824860 15920260
82822071 15920262
82818403 15920264
82821719 15920267
82818653 15920272
82818809 15920272
82820178 15920272
82823503 15920272
82823505 15920272
82823506 15920272
82823509 15920272
82823510 15920272
82823511 15920272
82823513 15920272
82823514 15920272
82816645 15920279
82816645 59522995
82816711 15920279
82816711 59522995
82816756 15920279
82816756 59522995
82816874 15920279
82816874 59522995
82816875 15920279
82816875 59522995
82816877 15920279
82816877 59522995
82817124 15920279
82817124 59522995
82820251 15920279
82820251 59522995
82821188 15920279
82821188 59522995
82823153 15920279
82823153 59522995
82823155 15920279
82823155 59522995
82823156 15920279
82823156 59522995
82823171 15920279
82823171 59522995
82823172 15920279
82823172 59522995
82823173 15920279
82823173 59522995
82823174 15920279
82823174 59522995
82824459 15920281
82824460 15920281
82817989 15920285
82823400 15920285
82817843 15920287
82818584 15920287
82821580 15920289
82821581 15920289
82824415 15920289
82824416 15920289
82824417 15920289
82824418 15920289
82824419 15920289
82824420 15920289
82825043 15920289
82825045 15920289
82825046 15920289
82824693 15920291
82824694 15920291
82824695 15920291
82824696 15920291
82824697 15920291
82824698 15920291
82817011 15920298
82817590 15920298
82817624 15920298
82817629 15920298
82818571 15920300
82815174 15920317
82815256 15920317
82815507 15920317
82822009 15920317
82822010 15920317
82824203 15920317
82822991 15920319
82822992 15920319
82817079 15920324
82817489 15920324
82821924 15920324
82815515 15920341
82824403 15920341
82824404 15920341
82817180 15920345
82815694 15920349
82816849 15920349
82823755 15920349
82823757 15920349
82823758 15920349
82819117 15920352
82822159 15920352
82822160 15920352
82821875 15920355
82819886 15920357
82821987 15920357
82816860 15920358
82821325 15920358
82818190 15920369
82818398 15920369
82818418 15920369
82818555 15920369
82823647 15920369
82823648 15920369
82823667 15920369
82823668 15920369
82823671 15920369
82823673 15920369
82823674 15920369
82823680 15920369
82816637 15920373
82816639 15920373
82816641 15920373
82816713 15920373
82816801 15920373
82816803 15920373
82823549 15920373
82823551 15920373
82823552 15920373
82817793 15920398
82817806 15920398
82817829 15920398
82817851 15920398
82823253 15920398
82823254 15920398
82815384 15920399
82824481 15920402
82824482 15920402
82817437 15920420
82817437 59407648
82822879 15920420
82822879 59407648
82825023 15920438
82825025 15920438
82825026 15920438
82815521 15920457
82815659 15920457
82815767 15920457
82816839 15920457
82821148 15920457
82823867 15920457
82823868 15920457
82824003 15920457
82824004 15920457
82824005 15920457
82824007 15920457
82824009 15920457
82824010 15920457
82824233 15920457
82824234 15920457
82824235 15920457
82824236 15920457
82824237 15920457
82824239 15920457
82824240 15920457
82815387 15920460
82816653 15920466
82816635 15920469
82816627 15920473
82815420 15920477
82824437 15920477
82824438 15920477
82817515 15920481
82816872 15920486
82821324 15920486
82820347 15920489
82820414 15920489
82820416 15920489
82824657 15920489
82824658 15920489
82817874 15920492
82821775 15920492
82818473 15920493
82818562 15920493
82818691 15920496
82820109 15920501
82817790 15920504
82817804 15920504
82817826 15920504
82817850 15920504
82823239 15920504
82823240 15920504
82823251 15920504
82823252 15920504
82822993 15920507
82822994 15920507
82816745 15920523
82816745 59523003
82816745 59523014
82816799 15920523
82816799 59523003
82816799 59523014
82816842 15920523
82816842 59523003
82816842 59523014
82816846 15920523
82816846 59523003
82816846 59523014
82817135 15920523
82817135 59523003
82817135 59523014
82823727 15920523
82823727 59523003
82823727 59523014
82823728 15920523
82823728 59523003
82823728 59523014
82821216 15920533
82823797 15920533
82823798 15920533
82823801 15920533
82823803 15920533
82823804 15920533
82816840 15920543
82816844 15920543
82817157 15920543
82817369 15920543
82821904 15920543
82823759 15920543
82823761 15920543
82823763 15920543
82823764 15920543
82823781 15920549
82821405 15920553
82821883 15920553
82823437 15920557
82823439 15920557
82823440 15920557
82821716 15920561
82821606 15920562
82821986 15920562
82817820 15920564
82821889 15920564
82821980 15920564
82820102 15920569
82817784 15920572
82823005 15920574
82823006 15920574
82818920 15920578
82823451 15920612
82823453 15920612
82823455 15920612
82826876 15920612
82815430 15920616
82821708 15920618
82821651 15920620
82821320 15920622
82815903 15920626
82815906 15920626
82821769 15920626
82821798 15920626
82818338 15920650
82818338 171843147
82818340 15920650
82818340 171843147
82818342 15920650
82818342 171843147
82818344 15920650
82818344 171843147
82818346 15920650
82818346 171843147
82818348 15920650
82818348 171843147
82818350 15920650
82818350 171843147
82818352 15920650
82818352 171843147
82818354 15920650
82818354 171843147
82818356 15920650
82818356 171843147
82818358 15920650
82818358 171843147
82818582 15920650
82818582 171843147
82818859 15920650
82818859 171843147
82818861 15920650
82818861 171843147
82818863 15920650
82818863 171843147
82818865 15920650
82818865 171843147
82818867 15920650
82818867 171843147
82818912 15920650
82818912 171843147
82818913 15920650
82818913 171843147
82818926 15920650
82818926 171843147
82820282 15920650
82820282 171843147
82821050 15920650
82821050 171843147
82821051 15920650
82821051 171843147
82821848 15920650
82821848 171843147
82823422 15920650
82823422 171843147
82825719 15920650
82825719 171843147
82825720 15920650
82825720 171843147
82818914 15920653
82818327 15920656
82818329 15920656
82815437 15920658
82824455 15920658
82824456 15920658
82819844 15920662
82819848 15920662
82820101 15920662
82824407 15920665
82824408 15920665
82824495 15920665
82824496 15920665
82821706 15920666
82816889 15920674
82817404 15920674
82818026 15920674
82821940 15920674
82823193 15920674
82823194 15920674
82823195 15920674
82823197 15920674
82823198 15920674
82823213 15920674
82823214 15920674
82821349 15920675
82821403 15920679
82818448 15920684
82821389 15920684
82821709 15920684
82821856 15920684
82816514 15920708
82816519 15920708
82816526 15920708
82816553 15920708
82820669 15920708
82820670 15920708
82824293 15920708
82824295 15920708
82824296 15920708
82824297 15920708
82824298 15920708
82823591 15920714
82823592 15920714
82823599 15920714
82817670 15920721
82823589 15920721
82823593 15920721
82823595 15920721
82823596 15920721
82823600 15920724
82817788 15920727
82817802 15920727
82817848 15920727
82823237 15920727
82823238 15920727
82823247 15920727
82823248 15920727
82823277 15920727
82823278 15920727
82815363 15920729
82821582 15920729
82824667 15920729
82824668 15920729
82824685 15920732
82824686 15920732
82824687 15920732
82824688 15920732
82819839 15920735
82816930 15920739
82816955 15920739
82821145 15920740
82824477 15920740
82824478 15920740
82817673 15920743
82817674 15920743
82818400 15920743
82818401 15920743
82816069 15920778
82816123 15920778
82816212 15920778
82816218 15920778
82816222 15920778
82816246 15920778
82816382 15920778
82820631 15920778
82823941 15920778
82823942 15920778
82824101 15920778
82824102 15920778
82824105 15920778
82824106 15920778
82824193 15920778
82824194 15920778
82824285 15920778
82824286 15920778
82815182 15920822
82815182 59522996
82815182 59523005
82817026 15920828
82822867 15920828
82822868 15920828
82815397 15920846
82815486 15920846
82815738 15920846
82815952 15920846
82819565 15920846
82819582 15920846
82819636 15920846
82819672 15920846
82819786 15920846
82820483 15920846
82820492 15920846
82824627 15920846
82824628 15920846
82824633 15920846
82824634 15920846
82824881 15920846
82824883 15920846
82824885 15920846
82824886 15920846
82821262 15920853
82821182 15920862
82818406 15920865
82818407 15920865
82818412 15920865
82815532 15920891
82815535 15920891
82815814 15920891
82815958 15920891
82820222 15920891
82820510 15920891
82823995 15920891
82823996 15920891
82824001 15920891
82824002 15920891
82824011 15920891
82824013 15920891
82824015 15920891
82824016 15920891
82824017 15920891
82824018 15920891
82820622 15920902
82820623 15920902
82818427 15920905
82821782 15920906
82821978 15920906
82819229 15920928
82819229 59407383
82820912 15920928
82820912 59407383
82816031 15920988
82824579 15920988
82824580 15920988
82824589 15920988
82824590 15920988
82821702 15920993
82815968 15920995
82821501 15920995
82818484 15921002
82817903 15921004
82821370 15921004
82816975 15921006
82823001 15921006
82823002 15921006
82817746 15921012
82817749 15921012
82817750 15921012
82817753 15921012
82817755 15921012
82817756 15921012
82817758 15921012
82817762 15921012
82817764 15921012
82817776 15921012
82823379 15921012
82823380 15921012
82816951 15921015
82816954 15921015
82816960 15921015
82816966 15921015
82822025 15921015
82822026 15921015
82822995 15921015
82822996 15921015
82818768 15921018
82823625 15921027
82823629 15921027
82823630 15921027
82823633 15921027
82823634 15921027
82822064 15921030
82823626 15921033
82817835 15921037
82823405 15921037
82823406 15921037
82823433 15921037
82823434 15921037
82824975 15921044
82824977 15921044
82824978 15921044
82824981 15921044
82824982 15921044
82824983 15921044
82824985 15921044
82824987 15921044
82824989 15921044
82824991 15921044
82824993 15921044
82824995 15921044
82824996 15921044
82819413 15921051
82825001 15921051
82825003 15921051
82825005 15921051
82825007 15921051
82825008 15921051
82821319 15921055
82825009 15921055
82825010 15921055
82815911 15921057
82817638 15921059
82815407 15921061
82815422 15921061
82815431 15921061
82821577 15921061
82824461 15921061
82824462 15921061
82824519 15921061
82824520 15921061
82821812 15921063
82819801 15921075
82819810 15921075
82819824 15921075
82819827 15921075
82819937 15921075
82819980 15921075
82820089 15921075
82821290 15921075
82824847 15921075
82824849 15921075
82824850 15921075
82824967 15921075
82824968 15921075
82824969 15921075
82824970 15921075
82816014 15921088
82819829 15921088
82819880 15921088
82819918 15921088
82820096 15921088
82820099 15921088
82820127 15921088
82820133 15921088
82821991 15921088
82824587 15921088
82824588 15921088
82824591 15921088
82824593 15921088
82824594 15921088
82824733 15921088
82824734 15921088
82823307 15921092
82823308 15921092
82819122 15921106
82820920 15921106
82820921 15921106
82822393 15921106
82822394 15921106
82822421 15921106
82819286 15921143
82819288 15921143
82819289 15921143
82819322 15921143
82819324 15921143
82820967 15921143
82822463 15921143
82822465 15921143
82822466 15921143
82818944 15921185
82819012 15921185
82819076 15921185
82820821 15921185
82820824 15921185
82822321 15921185
82822322 15921185
82822327 15921185
82822328 15921185
82822333 15921185
82822337 15921185
82822338 15921185
82822355 15921185
82822356 15921185
82826880 15921185
82816061 15921205
82816520 15921205
82821169 15921205
82824195 15921205
82824197 15921205
82824199 15921205
82824201 15921205
82824202 15921205
82815786 15921237
82815879 15921237
82820508 15921237
82824150 15921237
82815789 15921243
82820609 15921243
82824157 15921243
82824158 15921243
82824161 15921243
82824162 15921243
82824163 15921243
82824165 15921243
82824167 15921243
82824169 15921243
82824171 15921243
82824173 15921243
82824174 15921243
82821323 15921246
82822056 15921247
82823233 15921248
82823234 15921248
82823241 15921248
82823242 15921248
82823301 15921248
82823303 15921250
82818464 15921254
82818567 15921254
82823304 15921254
82821671 15921260
82819361 15921279
82819361 42093501
82819406 15921279
82819406 42093501
82827080 15921279
82827080 42093501
82816939 15921283
82816948 15921283
82822024 15921283
82822969 15921283
82822970 15921283
82822971 15921283
82822972 15921283
82822975 15921283
82822976 15921283
82822977 15921283
82822978 15921283
82821221 15921285
82823259 15921285
82823260 15921285
82823261 15921285
82823262 15921285
82823263 15921285
82823264 15921285
82823265 15921285
82823266 15921285
82821470 15921287
82817675 15921289
82823623 15921289
82823624 15921289
82823637 15921289
82823638 15921289
82821328 15921292
82823615 15921292
82823616 15921292
82817771 15921293
82817775 15921293
82823243 15921293
82823244 15921293
82823249 15921293
82823250 15921293
82823255 15921293
82823256 15921293
82823257 15921293
82823258 15921293
82823383 15921293
82823384 15921293
82823385 15921293
82823386 15921293
82816957 15921296
82822983 15921296
82822984 15921296
82822985 15921296
82822987 15921296
82822988 15921296
82822989 15921296
82822990 15921296
82816867 15921302
82821827 15921302
82816897 15921316
82817047 15921316
82817432 15921316
82817464 15921316
82817563 15921316
82817567 15921316
82819015 15921316
82819029 15921316
82819039 15921316
82819069 15921316
82819123 15921316
82820310 15921316
82822739 15921316
82822740 15921316
82822890 15921316
82823051 15921316
82823052 15921316
82824930 15921332
82826467 15921339
82821745 15921344
82824509 15921344
82824511 15921344
82824512 15921344
82824513 15921344
82824514 15921344
82821496 15921347
82818047 15921348
82818235 15921348
82816898 15921351
82818660 15921354
82818670 15921354
82818682 15921354
82818693 15921354
82816684 15921402
82816685 15921402
82820834 15921402
82822469 15921402
82822471 15921402
82822473 15921402
82822475 15921402
82822476 15921402
82822483 15921402
82822484 15921402
82818486 15921409
82818487 15921409
82823485 15921417
82823486 15921417
82817601 15921429
82817610 15921429
82817611 15921429
82821207 15921429
82821210 15921429
82816664 15921434
82816667 15921434
82816704 15921434
82816813 15921434
82816819 15921434
82822859 15921434
82822860 15921434
82822861 15921434
82822863 15921434
82822864 15921434
82822891 15921451
82822892 15921451
82819390 15921534
82819390 59522695
82819486 15921534
82819486 59522695
82823533 15921539
82823534 15921539
82823537 15921539
82823538 15921539
82822066 15921542
82824401 15921543
82824402 15921543
82817636 15921544
82822511 15921556
82822512 15921556
82826884 15921556
82817252 15921563
82822513 15921563
82822514 15921563
82817042 15921577
82817044 15921577
82817455 15921577
82822871 15921577
82822872 15921577
82815508 15921585
82815779 15921585
82824145 15921585
82824146 15921585
82824231 15921585
82824232 15921585
82817015 15921595
82817203 15921595
82821535 15921595
82821536 15921595
82821829 15921595
82815367 15921611
82815481 15921611
82815593 15921611
82819558 15921611
82819610 15921611
82819705 15921611
82824390 15921611
82824641 15921611
82824643 15921611
82824645 15921611
82824646 15921611
82824795 15921611
82824796 15921611
82824797 15921611
82824798 15921611
82824899 15921611
82824900 15921611
82825019 15921611
82825020 15921611
82815551 15921628
82815654 15921628
82815806 15921628
82815935 15921628
82820352 15921628
82820540 15921628
82820541 15921628
82823743 15921628
82823744 15921628
82824659 15921633
82824660 15921633
82815376 15921634
82821955 15921634
82826333 15921637
82818441 15921640
82821700 15921640
82821701 15921640
82821790 15921640
82821851 15921640
82823335 15921640
82823336 15921640
82823347 15921640
82823349 15921640
82823351 15921640
82823353 15921640
82823354 15921640
82823355 15921640
82823356 15921640
82826373 15921645
82819386 15921649
82824841 15921660
82824841 59522681
82824841 59522682
82824842 15921660
82824842 59522681
82824842 59522682
82819599 15921668
82819750 15921668
82824815 15921668
82824817 15921668
82824819 15921668
82824821 15921668
82824822 15921668
82821845 15921671
82819346 15921687
82819355 15921687
82819395 15921687
82822040 15921687
82824870 15921687
82818446 15921690
82818663 15921692
82823515 15921692
82823516 15921692
82823517 15921692
82823518 15921692
82823520 15921692
82818039 15921726
82817933 15921740
82817934 15921740
82818100 15921740
82818244 15921740
82818250 15921740
82818549 15921740
82818710 15921740
82818817 15921740
82821020 15921740
82821021 15921740
82823109 15921740
82823110 15921740
82823137 15921740
82823138 15921740
82823145 15921740
82823147 15921740
82823148 15921740
82817237 15921750
82817237 59522998
82817586 15921750
82817586 59522998
82819385 15921763
82819450 15921763
82819469 15921763
82819516 15921763
82821141 15921763
82824315 15921763
82824317 15921763
82824318 15921763
82824597 15921763
82824599 15921763
82824600 15921763
82821321 15921769
82822073 15921769
82824855 15921769
82824856 15921769
82826487 15921769
82817795 15921771
82817807 15921771
82817831 15921771
82817854 15921771
82823381 15921771
82823382 15921771
82817976 15921780
82817992 15921780
82818122 15921780
82818527 15921780
82820922 15921780
82820923 15921780
82822265 15921780
82822267 15921780
82822269 15921780
82822270 15921780
82822437 15921780
82822438 15921780
82822793 15921780
82822795 15921780
82822796 15921780
82819570 15921815
82819585 15921815
82819597 15921815
82819659 15921815
82819663 15921815
82819680 15921815
82819683 15921815
82819714 15921815
82825048 15921820
82826879 15921820
82820386 15921822
82818470 15921823
82818472 15921823
82823279 15921823
82823280 15921823
82823281 15921823
82823282 15921823
82823283 15921823
82823284 15921823
82823285 15921823
82823286 15921823
82823393 15921823
82823394 15921823
82823395 15921823
82823396 15921823
82818467 15921825
82821717 15921828
82816911 15921831
82816912 15921831
82816913 15921831
82816915 15921831
82816920 15921831
82821491 15921831
82821492 15921831
82822023 15921831
82822959 15921831
82822960 15921831
82818203 15921836
82818408 15921836
82818413 15921836
82818415 15921836
82818416 15921836
82816909 15921839
82816926 15921839
82816941 15921839
82816961 15921839
82816986 15921839
82822999 15921839
82823000 15921839
82819883 15921847
82819891 15921847
82819921 15921847
82824717 15921847
82824718 15921847
82824719 15921847
82824721 15921847
82824722 15921847
82824727 15921847
82824728 15921847
82824737 15921847
82824739 15921847
82824741 15921847
82824742 15921847
82819840 15921851
82819856 15921851
82819870 15921851
82819878 15921851
82819885 15921851
82821993 15921851
82819527 15921856
82821277 15921856
82821695 15921883
82824951 15921883
82824965 15921883
82824966 15921883
82819364 15921891
82824707 15921893
82824708 15921893
82824709 15921893
82824710 15921893
82824701 15921896
82824702 15921896
82824703 15921896
82824704 15921896
82824705 15921896
82824706 15921896
82817911 15921902
82818043 15921902
82820384 15921902
82823081 15921902
82823083 15921902
82823085 15921902
82823086 15921902
82823099 15921902
82823101 15921902
82823102 15921902
82823113 15921902
82823114 15921902
82816650 15921910
82816720 15921910
82816807 15921910
82816895 15921910
82817422 15921910
82822935 15921910
82822937 15921910
82822938 15921910
82822941 15921910
82822942 15921910
82816896 15921919
82818031 15921919
82823041 15921919
82823042 15921919
82823043 15921919
82823044 15921919
82823050 15921919
82823057 15921919
82823058 15921919
82823063 15921919
82823065 15921919
82823066 15921919
82818872 15921923
82818875 15921923
82823135 15921923
82823136 15921923
82820346 15921926
82820420 15921926
82824467 15921929
82824468 15921929
82816026 15921930
82819837 15921934
82819860 15921937
82824699 15921937
82824700 15921937
82819375 15921942
82816052 15921968
82816062 15921968
82816102 15921968
82816111 15921968
82820601 15921968
82824159 15921968
82824160 15921968
82824257 15921968
82824259 15921968
82824261 15921968
82824262 15921968
82824263 15921968
82824264 15921968
82819985 15921982
82819805 15921987
82819961 15921987
82819964 15921987
82820055 15921987
82820065 15921987
82820068 15921987
82817954 15922008
82817974 15922008
82818278 15922008
82818303 15922008
82820893 15922008
82820896 15922008
82820897 15922008
82821541 15922008
82821872 15922008
82822205 15922008
82822206 15922008
82822207 15922008
82822209 15922008
82822210 15922008
82822409 15922008
82822410 15922008
82822771 15922008
82822772 15922008
82822773 15922008
82822774 15922008
82822893 15922008
82822894 15922008
82822895 15922008
82822896 15922008
82815429 15922012
82815449 15922012
82815461 15922012
82824421 15922012
82824422 15922012
82824439 15922012
82824440 15922012
82821960 15922016
82817822 15922021
82821839 15922021
82818493 15922023
82815438 15922027
82818675 15922028
82822060 15922028
82817742 15922033
82818061 15922033
82818328 15922033
82818330 15922033
82818426 15922033
82822030 15922033
82823219 15922033
82823220 15922033
82823361 15922033
82823362 15922033
82823369 15922033
82823370 15922033
82823643 15922033
82823644 15922033
82816125 15922039
82816132 15922039
82816146 15922039
82816316 15922039
82823799 15922039
82823800 15922039
82816122 15922049
82816417 15922049
82816575 15922049
82816610 15922049
82816620 15922049
82820653 15922049
82820654 15922049
82820666 15922049
82823811 15922049
82823812 15922049
82823817 15922049
82823818 15922049
82815690 15922079
82815692 15922079
82815925 15922079
82815929 15922079
82820552 15922079
82820718 15922079
82820726 15922079
82820727 15922079
82823751 15922079
82823753 15922079
82823754 15922079
82815927 15922085
82824423 15922088
82824424 15922088
82824425 15922088
82824426 15922088
82824427 15922088
82824428 15922088
82824429 15922088
82824431 15922088
82824432 15922088
82824433 15922088
82824434 15922088
82817881 15922093
82820421 15922095
82824501 15922095
82824502 15922095
82821780 15922096
82821779 15922098
82819429 15922104
82819429 59522694
82819511 15922104
82819511 59522694
82819513 15922104
82819513 59522694
82819778 15922104
82819778 59522694
82820482 15922104
82820482 59522694
82824779 15922104
82824779 59522694
82824781 15922104
82824781 59522694
82824783 15922104
82824783 59522694
82824784 15922104
82824784 59522694
82824789 15922104
82824789 59522694
82824791 15922104
82824791 59522694
82824793 15922104
82824793 59522694
82824794 15922104
82824794 59522694
82824799 15922104
82824799 59522694
82824800 15922104
82824800 59522694
82819621 15922108
82819775 15922108
82819776 15922108
82824661 15922108
82815445 15922110
82819408 15922124
82819445 15922124
82817842 15922128
82818057 15922128
82818335 15922128
82823229 15922131
82823230 15922131
82816110 15922163
82816534 15922163
82816563 15922163
82816605 15922163
82820637 15922163
82820646 15922163
82823859 15922163
82823861 15922163
82823862 15922163
82823933 15922163
82823934 15922163
82823943 15922163
82823944 15922163
82823945 15922163
82823947 15922163
82823948 15922163
82823949 15922163
82823950 15922163
82823953 15922163
82823954 15922163
82823959 15922163
82823960 15922163
82816938 15922168
82816992 15922168
82817416 15922168
82822981 15922168
82822982 15922168
82822997 15922168
82822998 15922168
82816908 15922172
82816679 15922181
82816683 15922181
82821180 15922181
82822477 15922181
82822478 15922181
82822481 15922181
82822482 15922181
82822489 15922181
82822491 15922181
82822492 15922181
82819503 15922201
82819503 59523028
82819503 59523029
82825014 15922201
82825014 59523028
82825014 59523029
82815146 15922214
82815179 15922214
82824205 15922214
82824206 15922214
82816630 15922226
82818940 15922236
82818948 15922236
82818951 15922236
82818963 15922236
82822107 15922236
82822108 15922236
82822323 15922236
82822324 15922236
82822325 15922236
82822326 15922236
82816678 15922239
82816680 15922239
82822681 15922239
82822682 15922239
82822683 15922239
82822684 15922239
82821526 15922243
82815360 15922247
82818674 15922250
82823531 15922250
82823532 15922250
82816993 15922254
82816993 59523000
82816993 59523001
82817626 15922254
82817626 59523000
82817626 59523001
82815195 15922263
82823980 15922263
82816529 15922277
82816596 15922277
82816616 15922277
82824117 15922277
82824119 15922277
82824120 15922277
82826037 15922289
82821894 15922295
82816838 15922298
82815904 15922299
82821578 15922299
82817065 15922311
82817066 15922311
82817067 15922311
82817071 15922311
82821354 15922311
82822707 15922311
82822709 15922311
82822710 15922311
82821473 15922316
82824447 15922316
82824448 15922316
82824505 15922316
82824506 15922316
82816981 15922320
82816989 15922320
82817109 15922320
82817883 15922333
82823459 15922333
82823461 15922333
82823462 15922333
82823341 15922336
82823343 15922336
82823344 15922336
82822016 15922343
82822017 15922343
82821437 15922346
82823231 15922350
82823232 15922350
82823309 15922350
82823310 15922350
82823447 15922354
82823448 15922357
82817980 15922368
82817980 59524742
82817982 15922368
82817982 59524742
82818120 15922368
82818120 59524742
82818324 15922368
82818324 59524742
82818726 15922368
82818726 59524742
82818789 15922368
82818789 59524742
82818886 15922368
82818886 59524742
82820280 15922368
82820280 59524742
82820995 15922368
82820995 59524742
82820996 15922368
82820996 59524742
82822595 15922368
82822595 59524742
82822596 15922368
82822596 59524742
82822605 15922368
82822605 59524742
82822606 15922368
82822606 59524742
82822631 15922368
82822631 59524742
82822632 15922368
82822632 59524742
82822633 15922368
82822633 59524742
82822635 15922368
82822635 59524742
82822636 15922368
82822636 59524742
82822653 15922368
82822653 59524742
82822655 15922368
82822655 59524742
82822656 15922368
82822656 59524742
82817081 15922375
82817478 15922375
82817492 15922375
82817972 15922377
82817973 15922377
82820872 15922377
82822555 15922377
82822557 15922377
82822559 15922377
82822561 15922377
82822562 15922377
82816681 15922380
82821185 15922380
82822485 15922380
82822486 15922380
82817891 15922384
82818488 15922384
82818491 15922384
82823293 15922385
82823294 15922385
82815389 15922387
82821711 15922389
82821329 15922391
82824451 15922396
82824452 15922396
82824463 15922396
82824464 15922396
82824493 15922396
82824494 15922396
82826871 15922396
82822699 15922399
82822701 15922399
82822702 15922399
82817075 15922401
82822703 15922401
82822705 15922401
82822706 15922403
82821484 15922404
82823023 15922404
82823025 15922404
82823026 15922404
