159842871 13003035
159842875 13003035
159843046 13003035
159842978 13004569
159842978 13012287
159843099 13004569
159843099 13012287
159843100 13004569
159843100 13012287
159844701 13005272
159844701 13012242
159844713 13005272
159844713 13012242
159844724 13005272
159844724 13012242
159844841 13005272
159844841 13012242
159844898 13005272
159844898 13012242
159844902 13005272
159844902 13012242
159844909 13005272
159844909 13012242
159844924 13005272
159844924 13012242
159844970 13005272
159844970 13012242
159846199 13005272
159846199 13012242
159846295 13005272
159846295 13012242
159842975 13011174
159842981 13011174
159841042 13003307
159841042 13059882
159841043 13003307
159841043 13059882
159841044 13003307
159841044 13059882
159847501 13003307
159847501 13059882
159848190 13003307
159848190 13059882
159848191 13003307
159848191 13059882
159840478 13009644
159840478 13067976
159840657 13009644
159840657 13067976
159840479 13009651
159840479 13067985
159840560 13009651
159840560 13067985
159840794 13009651
159840794 13067985
159840795 13009651
159840795 13067985
159840798 13009651
159840798 13067985
159840912 13009651
159840912 13067985
159851535 13009651
159851535 13067985
159851536 13009651
159851536 13067985
159841108 13009685
159841111 13009685
159841112 13009685
159841232 13009685
159841246 13009685
159841392 13009685
159841393 13009685
159841423 13009685
159841424 13009685
159841425 13009685
159841534 13009685
159841609 13009685
159841610 13009685
159841611 13009685
159841612 13009685
159841613 13009685
159849275 13009685
159849286 13009685
159849287 13009685
159849314 13009685
159849316 13009685
159849317 13009685
159851537 13009685
159851538 13009685
159840921 13009685
159840921 13067961
159840800 13009691
159840800 13067968
159840801 13009691
159840801 13067968
159840948 13009691
159840948 13067968
159840475 13009703
159840475 13067920
159840552 13009703
159840552 13067920
159840554 13009703
159840554 13067920
159840584 13009703
159840584 13067920
159849182 13009703
159849182 13067920
159849184 13009703
159849184 13067920
159849185 13009703
159849185 13067920
159846459 13009986
159846459 13071113
159846460 13009986
159846460 13071113
159846462 13009986
159846462 13071113
159846634 13009986
159846634 13071113
159848823 13009986
159848823 13071113
159848824 13009986
159848824 13071113
159849178 13009986
159849178 13071113
159849180 13009986
159849180 13071113
159849181 13009986
159849181 13071113
159850014 13009986
159850014 13071113
159850015 13009986
159850015 13071113
159850130 13009986
159850130 13071113
159850131 13009986
159850131 13071113
159840914 13067961
159849260 13067961
159849261 13067961
159841498 13003668
159841498 13119079
159841505 13003668
159841505 13119079
159841508 13006383
159841508 13119090
159841509 13006383
159841509 13119090
159841583 13006383
159841583 13119090
159841472 13009955
159841472 13123485
159841477 13009955
159841477 13123485
159841594 13009955
159841594 13123485
159846602 13001426
159846602 13161611
159847231 13005258
159847231 13163347
159847457 13005258
159847457 13163347
159846676 13009082
159846580 13010010
159846580 13167513
159846591 13010010
159846591 13167513
159846592 13010010
159846592 13167513
159846601 13010010
159846601 13167513
159846663 13010010
159846663 13167513
159846747 13010020
159846747 13167551
159846783 13010020
159846783 13167551
159846814 13010020
159846814 13167551
159846935 13010020
159846935 13167551
159851518 13010020
159851518 13167551
159851519 13010020
159851519 13167551
159847236 13010023
159847236 13167553
159847296 13005735
159847296 14660630
159847298 13005735
159847298 14660630
159847301 13005735
159847301 14660630
159847686 13005735
159847686 14660630
159850234 13005735
159850234 14660630
159850236 13005735
159850236 14660630
159850238 13005735
159850238 14660630
159850239 13005735
159850239 14660630
159850276 13005735
159850276 14660630
159850277 13005735
159850277 14660630
159848829 13006556
159848829 14660540
159848830 13006556
159848830 14660540
159850248 13006556
159850248 14660540
159850249 13006556
159850249 14660540
159840432 13004375
159840432 14781726
159840434 13004375
159840434 14781726
159840436 13004375
159840436 14781726
159840452 13004375
159840452 14781726
159851464 13004375
159851464 14781726
159851465 13004375
159851465 14781726
159851466 13004375
159851466 14781726
159851467 13004375
159851467 14781726
159851468 13004375
159851468 14781726
159851469 13004375
159851469 14781726
159851470 13004375
159851470 14781726
159851471 13004375
159851471 14781726
159851472 13004375
159851472 14781726
159851473 13004375
159851473 14781726
159851474 13004375
159851474 14781726
159851476 13004375
159851476 14781726
159840430 13004375
159840430 14782547
159840438 13004375
159840438 14782547
159840449 13004375
159840449 14782547
159846198 13004375
159846198 14782547
159851477 13004375
159851477 14782547
159851478 13004375
159851478 14782547
159851479 13004375
159851479 14782547
159845342 13006018
159845342 14783373
159845382 13006018
159845382 14783373
159847304 13006018
159847304 14783373
159845556 13009352
159845556 14786045
159845558 13009352
159845558 14786045
159845559 13009352
159845559 14786045
159845755 13009352
159845755 14786045
159845860 13009352
159845860 14786045
159845862 13009352
159845862 14786045
159845866 13009352
159845866 14786045
159846076 13009352
159846076 14786045
159846078 13009352
159846078 14786045
159846081 13009352
159846081 14786045
159846113 13009352
159846113 14786045
159846145 13009352
159846145 14786045
159847689 13009352
159847689 14786045
159848851 13009352
159848851 14786045
159849941 13009352
159849941 14786045
159850278 13009352
159850278 14786045
159850280 13009352
159850280 14786045
159850281 13009352
159850281 14786045
159850283 13009352
159850283 14786045
159851490 13009352
159851490 14786045
159851491 13009352
159851491 14786045
159851492 13009352
159851492 14786045
159851493 13009352
159851493 14786045
159851494 13009352
159851494 14786045
159851495 13009352
159851495 14786045
159840454 13009379
159840454 14786057
159840455 13009379
159840455 14786057
159840457 13009379
159840457 14786057
159840463 13009379
159840463 14786057
159840465 13009379
159840465 14786057
159847497 13009379
159847497 14786057
159848708 13009379
159848708 14786057
159849166 13009379
159849166 14786057
159849168 13009379
159849168 14786057
159849170 13009379
159849170 14786057
159849172 13009379
159849172 14786057
159849174 13009379
159849174 14786057
159849176 13009379
159849176 14786057
159849177 13009379
159849177 14786057
159850396 13009379
159850396 14786057
159850398 13009379
159850398 14786057
159850400 13009379
159850400 14786057
159851454 13009379
159851454 14786057
159851455 13009379
159851455 14786057
159851457 13009379
159851457 14786057
159851459 13009379
159851459 14786057
159851460 13009379
159851460 14786057
159851461 13009379
159851461 14786057
159851462 13009379
159851462 14786057
159851463 13009379
159851463 14786057
159844017 101938625
159844017 13009469
159844019 101938625
159844019 13009469
159844021 101938625
159844021 13009469
159844023 101938625
159844023 13009469
159844025 101938625
159844025 13009469
159844027 101938625
159844027 13009469
159844029 101938625
159844029 13009469
159844031 101938625
159844031 13009469
159844033 101938625
159844033 13009469
159844035 101938625
159844035 13009469
159844037 101938625
159844037 13009469
159844043 101938625
159844043 13009469
159844135 101938625
159844135 13009469
159845360 101938625
159845360 13009469
159845362 101938625
159845362 13009469
159845364 101938625
159845364 13009469
159845366 101938625
159845366 13009469
159845368 101938625
159845368 13009469
159845370 101938625
159845370 13009469
159845372 101938625
159845372 13009469
159845373 101938625
159845373 13009469
159845374 101938625
159845374 13009469
159845706 101938625
159845706 13009469
159845708 101938625
159845708 13009469
159845709 101938625
159845709 13009469
159845350 101938630
159845350 13009473
159845352 101938630
159845352 13009473
159845353 101938630
159845353 13009473
159845378 101938630
159845378 13009473
159845403 101938630
159845403 13009473
159848457 101938630
159848457 13009473
159846728 117305366
159846728 117305480
159846728 13001489
159850030 117305366
159850030 117305480
159850030 13001489
159850031 117305366
159850031 117305480
159850031 13001489
159850034 117305366
159850034 117305480
159850034 13001489
159850035 117305366
159850035 117305480
159850035 13001489
159850036 117305366
159850036 117305480
159850036 13001489
159850038 117305366
159850038 117305480
159850038 13001489
159850039 117305366
159850039 117305480
159850039 13001489
159850068 117305366
159850068 117305480
159850068 13001489
159850069 117305366
159850069 117305480
159850069 13001489
159846484 117305374
159846484 117305391
159846484 13009731
159846636 117305374
159846636 117305391
159846636 13009731
159848712 117305374
159848712 117305391
159848712 13009731
159848713 117305374
159848713 117305391
159848713 13009731
159843882 118337507
159843882 118337650
159843882 13009880
159848388 118337507
159848388 118337650
159848388 13009880
159849544 118337507
159849544 118337650
159849544 13009880
159849545 118337507
159849545 118337650
159849545 13009880
159849550 118337507
159849550 118337650
159849550 13009880
159849552 118337507
159849552 118337650
159849552 13009880
159849553 118337507
159849553 118337650
159849553 13009880
159843549 118337687
159843549 13010029
159843945 118337687
159843945 13010029
159847751 118337687
159847751 13010029
159847752 118337687
159847752 13010029
159847754 118337687
159847754 13010029
159850288 118337687
159850288 13010029
159845199 13001348
159845201 13001348
159845203 13001348
159845205 13001348
159845448 13001348
159848450 13001348
159846480 13001351
159850032 13001351
159850033 13001351
159843628 13001353
159843937 13001353
159846716 13001357
159848721 13001357
159850022 13001357
159850023 13001357
159848722 13001358
159848723 13001358
159848724 13001358
159842779 13001360
159849420 13001364
159849421 13001364
159842399 13001390
159842405 13001390
159842407 13001390
159842432 13001390
159842448 13001390
159842471 13001390
159842641 13001390
159842702 13001390
159842724 13001390
159844181 13001390
159844192 13001390
159844195 13001390
159844197 13001390
159844320 13001390
159844367 13001390
159844378 13001390
159844399 13001390
159844402 13001390
159844628 13001390
159844654 13001390
159848322 13001390
159848391 13001390
159848393 13001390
159849740 13001390
159849741 13001390
159842339 13001413
159842778 13001413
159847925 13001413
159847926 13001413
159848305 13001413
159848313 13001413
159848329 13001413
159848764 13001413
159849436 13001413
159849437 13001413
159850412 13001413
159850413 13001413
159841145 13001423
159841146 13001423
159841150 13001423
159842526 13001424
159843726 13001428
159844131 13001428
159849728 13001428
159849730 13001428
159849731 13001428
159850284 13001431
159850285 13001431
159843740 13001441
159843757 13001441
159843983 13001441
159843994 13001441
159844030 13001441
159845493 13001441
159845504 13001441
159845506 13001441
159849680 13001441
159849681 13001441
159849710 13001441
159849711 13001441
159849876 13001441
159849877 13001441
159849898 13001441
159849899 13001441
159845528 13001452
159845535 13001452
159845554 13001452
159845584 13001452
159845605 13001452
159845613 13001452
159845687 13001452
159848468 13001452
159846693 13001454
159847761 13001456
159843613 13001458
159847739 13001460
159847740 13001460
159845089 13001466
159845101 13001466
159845113 13001466
159845351 13001466
159846530 13001471
159846547 13001471
159846556 13001471
159850056 13001471
159850057 13001471
159849586 13001475
159849587 13001475
159843658 13001477
159843662 13001477
159849536 13001480
159849537 13001480
159843599 13001481
159848800 13001483
159847723 13001491
159847718 13001492
159843711 13001498
159849660 13001498
159849662 13001498
159849663 13001498
159843080 13001504
159844268 13001510
159844270 13001510
159844271 13001510
159844542 13001510
159842070 13001542
159843472 13001542
159843475 13001542
159843479 13001542
159843798 13001542
159848297 13001542
159848366 13001542
159843082 13001549
159846466 13001557
159843084 13001564
159845541 13001593
159845549 13001593
159845550 13001593
159845618 13001593
159845622 13001593
159845683 13001593
159845750 13001593
159841008 13001600
159847800 13001600
159847803 13001600
159847804 13001600
159843088 13001603
159843103 13001603
159848350 13001603
159850760 13001608
159843089 13001612
159843090 13001612
159850761 13001618
159850762 13001620
159850763 13001620
159845689 13001622
159849886 13001622
159849887 13001622
159850764 13001625
159840477 13001636
159840487 13001636
159840501 13001636
159840741 13001636
159849218 13001636
159849219 13001636
159850767 13001642
159850768 13001649
159850769 13001649
159849142 13001657
159849143 13001657
159841812 13001662
159845078 13001665
159845118 13001665
159845029 13001671
159845422 13001671
159849147 13001671
159850950 13001671
159844178 13001675
159844180 13001675
159844182 13001675
159844334 13001675
159844337 13001675
159844340 13001675
159844347 13001675
159844365 13001675
159844370 13001675
159844604 13001675
159845208 13001710
159845209 13001710
159845210 13001710
159845310 13001710
159845479 13001710
159849148 13001710
159848369 13001720
159842369 13001724
159842372 13001724
159842376 13001724
159842383 13001724
159843157 13001730
159843319 13001730
159843444 13001730
159850830 13001732
159844971 13001735
159845757 13001743
159845760 13001743
159846084 13001743
159846085 13001743
159842374 13001745
159842777 13001745
159843159 13001749
159843296 13001749
159850831 13001754
159844972 13001761
159844974 13001761
159840542 13001765
159850832 13001770
159850833 13001773
159842377 13001778
159851158 13001778
159844695 13001790
159844698 13001790
159844726 13001790
159844730 13001790
159844851 13001790
159844859 13001790
159844878 13001790
159844904 13001790
159844914 13001790
159844919 13001790
159844922 13001790
159844968 13001790
159849786 13001790
159849787 13001790
159849788 13001790
159849789 13001790
159849790 13001790
159849791 13001790
159840544 13001794
159846996 13001806
159847008 13001806
159847011 13001806
159850819 13001811
159850835 13001811
159843205 13001817
159844976 13001817
159850836 13001820
159850842 13001820
159843175 13001837
159843337 13001837
159843341 13001837
159843344 13001837
159843352 13001837
159843412 13001837
159843414 13001837
159843416 13001837
159843436 13001837
159847013 13001837
159847015 13001837
159847016 13001837
159847019 13001837
159847020 13001837
159847053 13001837
159847064 13001837
159847156 13001837
159847168 13001837
159847173 13001837
159847196 13001837
159849480 13001837
159849481 13001837
159849496 13001837
159849497 13001837
159851294 13001837
159850813 13001844
159850818 13001844
159850829 13001844
159850837 13001844
159847014 13001850
159840536 13001873
159840538 13001873
159840539 13001873
159840541 13001873
159840545 13001873
159840546 13001873
159840548 13001873
159840703 13001873
159840711 13001873
159840718 13001873
159840721 13001873
159840727 13001873
159848531 13001873
159849200 13001873
159849201 13001873
159849206 13001873
159849208 13001873
159849210 13001873
159849211 13001873
159849212 13001873
159849213 13001873
159849234 13001873
159849235 13001873
159849238 13001873
159849239 13001873
159850838 13001882
159850839 13001884
159843794 13001888
159844036 13001888
159847018 13001889
159851390 13001894
159851391 13001896
159851392 13001905
159845019 13001919
159845023 13001919
159848434 13001919
159849848 13001919
159849849 13001919
159851393 13001925
159851394 13001929
159845005 13001950
159845006 13001950
159845007 13001950
159848436 13001950
159849115 13001950
159846603 13001960
159846605 13001960
159846606 13001960
159846608 13001960
159846611 13001960
159846678 13001960
159851395 13001964
159844209 13001968
159844408 13001968
159851396 13001971
159845020 13001975
159845021 13001975
159848438 13001975
159851397 13001980
159841624 13002024
159841627 13002024
159841630 13002024
159841632 13002024
159841751 13002024
159841974 13002024
159841999 13002024
159842134 13002024
159846740 13002024
159846743 13002024
159847653 13002024
159849320 13002024
159849321 13002024
159849376 13002024
159849377 13002024
159849379 13002024
159849380 13002024
159849384 13002024
159849385 13002024
159850146 13002024
159850147 13002024
159850148 13002024
159850150 13002024
159850151 13002024
159850651 13002024
159851398 13002028
159846607 13002030
159848919 13002030
159845532 13002062
159849850 13002062
159849852 13002062
159849853 13002062
159849888 13002062
159851346 13002062
159851399 13002066
159845824 13002069
159845825 13002069
159846256 13002069
159846283 13002069
159842441 13002070
159842802 13002070
159843162 13002071
159843226 13002071
159843227 13002075
159847482 13002075
159842443 13002083
159842720 13002083
159848331 13002083
159850900 13002085
159841658 13002103
159841660 13002103
159841662 13002103
159841665 13002103
159841838 13002103
159841842 13002103
159841926 13002103
159848287 13002103
159842445 13002104
159847218 13002111
159847221 13002111
159847238 13002111
159847270 13002111
159847274 13002111
159847353 13002111
159847368 13002111
159847394 13002111
159848559 13002111
159850222 13002111
159850224 13002111
159850225 13002111
159850244 13002111
159850245 13002111
159850372 13002111
159850378 13002111
159850379 13002111
159850902 13002111
159851182 13002111
159845829 13002115
159842424 13002135
159842436 13002135
159842446 13002135
159842460 13002135
159842467 13002135
159842666 13002135
159842697 13002135
159842800 13002135
159842804 13002135
159842810 13002135
159844322 13002135
159848416 13002135
159848690 13002135
159848691 13002135
159850903 13002137
159850904 13002140
159850905 13002142
159850906 13002143
159841666 13002154
159841690 13002154
159841691 13002154
159842268 13002154
159849334 13002154
159850907 13002157
159843508 13002161
159843862 13002161
159844093 13002161
159850908 13002163
159841668 13002165
159841804 13002165
159850909 13002168
159844188 13002180
159844193 13002180
159844296 13002180
159844375 13002180
159844652 13002180
159847591 13002180
159843864 13002181
159843866 13002181
159848502 13002185
159846387 13002187
159846391 13002187
159849461 13002187
159842420 13002195
159842421 13002195
159842872 13002195
159842873 13002195
159843000 13002195
159846389 13002195
159847553 13002195
159848320 13002195
159850680 13002199
159847722 13002203
159850682 13002206
159850389 13002211
159850684 13002211
159850685 13002211
159845004 13002218
159845026 13002218
159845030 13002218
159845046 13002218
159845359 13002218
159849341 13002226
159850328 13002226
159850687 13002226
159850702 13002226
159842633 13002235
159842728 13002235
159850686 13002235
159850688 13002235
159850689 13002235
159850690 13002235
159850691 13002235
159847729 13002237
159849926 13002238
159849928 13002238
159849930 13002238
159840482 13002242
159840734 13002242
159846576 13002242
159846657 13002242
159846698 13002242
159848826 13002242
159849214 13002242
159849215 13002242
159850016 13002242
159850017 13002242
159850110 13002242
159850111 13002242
159850132 13002242
159850133 13002242
159851450 13002242
159845036 13002243
159849064 13002244
159848282 13002250
159848291 13002250
159849067 13002252
159846451 13002253
159846452 13002253
159843070 13002255
159846218 13002260
159846222 13002260
159846406 13002260
159846408 13002260
159846410 13002260
159846453 13002260
159846455 13002260
159843071 13002267
159842859 13002269
159842864 13002269
159843074 13002269
159843091 13002269
159848342 13002269
159840799 13002271
159840909 13002271
159851531 13002271
159851532 13002271
159843075 13002272
159847791 13002273
159851533 13002273
159851534 13002273
159845525 13002302
159845529 13002302
159845530 13002302
159845533 13002302
159845542 13002302
159845546 13002302
159845547 13002302
159845620 13002302
159845674 13002302
159851344 13002302
159850750 13002307
159844717 13002309
159844891 13002309
159847615 13002309
159850751 13002310
159845517 13002318
159845522 13002318
159845526 13002318
159845531 13002318
159845677 13002318
159850752 13002321
159845509 13002331
159845511 13002331
159845512 13002331
159845519 13002331
159845678 13002331
159850753 13002333
159844716 13002340
159844865 13002340
159844894 13002340
159850754 13002348
159850755 13002352
159850756 13002355
159850757 13002356
159850758 13002357
159850759 13002357
159845804 13002366
159846151 13002366
159846235 13002366
159846237 13002366
159846427 13002366
159849132 13002366
159843276 13002370
159848351 13002370
159843199 13002376
159843350 13002376
159843357 13002376
159848353 13002376
159849482 13002376
159849483 13002376
159846651 13002378
159849139 13002378
159850546 13002378
159848355 13002383
159843124 13002428
159843127 13002428
159843130 13002428
159843140 13002428
159843144 13002428
159843153 13002428
159843154 13002428
159843403 13002433
159843404 13002433
159847571 13002433
159843135 13002435
159843141 13002435
159843272 13002435
159848357 13002436
159848358 13002447
159848551 13002447
159848552 13002447
159845741 13002449
159843211 13002451
159848359 13002451
159843145 13002455
159843149 13002455
159845743 13002471
159848847 13002471
159848848 13002471
159849880 13002471
159849882 13002471
159849883 13002471
159851357 13002471
159845537 13002485
159845539 13002485
159845543 13002485
159845555 13002485
159845610 13002485
159845701 13002485
159845744 13002485
159842361 13002489
159850820 13002491
159850821 13002491
159845746 13002502
159845748 13002502
159850456 13002502
159850457 13002502
159842363 13002504
159844259 13002512
159844534 13002512
159844583 13002512
159844663 13002512
159849774 13002512
159849775 13002512
159844962 13002514
159845747 13002516
159842364 13002518
159850822 13002520
159842360 13002524
159842362 13002524
159842365 13002524
159842367 13002524
159842368 13002524
159842370 13002524
159842775 13002524
159850765 13002528
159850779 13002528
159850800 13002528
159850810 13002528
159850815 13002528
159850823 13002528
159850827 13002528
159850834 13002528
159850840 13002528
159850848 13002528
159850851 13002528
159844964 13002530
159845749 13002533
159842366 13002534
159850817 13002536
159850825 13002536
159846999 13002540
159847002 13002540
159847007 13002540
159844967 13002541
159848995 13002543
159844969 13002544
159843375 13002550
159843408 13002550
159847005 13002550
159847022 13002550
159847137 13002550
159847153 13002550
159847567 13002550
159848354 13002550
159850210 13002550
159850211 13002550
159850828 13002552
159848998 13002553
159847009 13002558
159844227 13002560
159844552 13002560
159848420 13002560
159851380 13002561
159851381 13002563
159851382 13002567
159844907 13002578
159844973 13002578
159846207 13002578
159846210 13002578
159846300 13002578
159846412 13002578
159848424 13002578
159848425 13002578
159851384 13002584
159851385 13002587
159841096 13002606
159841100 13002606
159848235 13002606
159851386 13002614
159845811 13002626
159845813 13002626
159845982 13002626
159849937 13002626
159851388 13002629
159845812 13002634
159845989 13002634
159851389 13002637
159843215 13002640
159843216 13002640
159845816 13002643
159842433 13002652
159842663 13002652
159840488 13002666
159840490 13002666
159840493 13002666
159840589 13002666
159840600 13002666
159840639 13002666
159840655 13002666
159840775 13002666
159840777 13002666
159840778 13002666
159840790 13002666
159840806 13002666
159841092 13002666
159848231 13002666
159849228 13002666
159849229 13002666
159842434 13002678
159842437 13002678
159842440 13002678
159842444 13002678
159842447 13002678
159845818 13002682
159842435 13002685
159842679 13002685
159849846 13002692
159842426 13002694
159842428 13002694
159842438 13002694
159841654 13002706
159841655 13002706
159848274 13002706
159850438 13002706
159841656 13002732
159841669 13002732
159841699 13002732
159841790 13002732
159841816 13002732
159841932 13002732
159844175 13002738
159841657 13002741
159846259 13002761
159846373 13002761
159850010 13002761
159850011 13002761
159850470 13002761
159850472 13002761
159850473 13002761
159851285 13002761
159844179 13002766
159844342 13002766
159844344 13002766
159847711 13002768
159850670 13002770
159850671 13002772
159849418 13002783
159849419 13002783
159849442 13002783
159850672 13002783
159850673 13002783
159850674 13002785
159849910 13002804
159849911 13002804
159845638 13002809
159849912 13002809
159849913 13002809
159849051 13002811
159850679 13002812
159845024 13002816
159845025 13002816
159849054 13002818
159845008 13002822
159845027 13002822
159845028 13002825
159841489 13002829
159841555 13002829
159848272 13002829
159841794 13002884
159848273 13002884
159849332 13002884
159849333 13002884
159849335 13002884
159849337 13002884
159850310 13002884
159850312 13002884
159850314 13002884
159850315 13002884
159850683 13002884
159844245 13002893
159844256 13002893
159844486 13002893
159844545 13002893
159844586 13002893
159849059 13002896
159846324 13002904
159846442 13002904
159842844 13002920
159843042 13002920
159843060 13002920
159848277 13002922
159846573 13002929
159846575 13002929
159850108 13002929
159850109 13002929
159850364 13002929
159850365 13002929
159844249 13002931
159844481 13002931
159848278 13002934
159843062 13002941
159845508 13002959
159845662 13002959
159845752 13002959
159845753 13002959
159849894 13002959
159849895 13002959
159843065 13002962
159843066 13002962
159849692 13002968
159849693 13002968
159850812 13002968
159851181 13002968
159843068 13002972
159842029 13002997
159842030 13002997
159842040 13002997
159842051 13002997
159842209 13002997
159842217 13002997
159842253 13002997
159842284 13002997
159842287 13002997
159843466 13002997
159843487 13002997
159843832 13002997
159843835 13002997
159848296 13002997
159850741 13003006
159850742 13003006
159850743 13003006
159850745 13003008
159850746 13003010
159850748 13003012
159850749 13003013
159849122 13003015
159848340 13003035
159850700 13003035
159850701 13003035
159842685 13003040
159849125 13003040
159842855 13003048
159842865 13003048
159842870 13003048
159842898 13003048
159843009 13003048
159843016 13003048
159843019 13003048
159848341 13003048
159848696 13003048
159848699 13003048
159848700 13003048
159842869 13003056
159843092 13003056
159848346 13003056
159848347 13003056
159843136 13003059
159843254 13003059
159843137 13003063
159843138 13003063
159843139 13003065
159850811 13003070
159845739 13003073
159841500 13003076
159841571 13003076
159843715 13003087
159843716 13003087
159843721 13003087
159843725 13003087
159843902 13003087
159843907 13003087
159843910 13003087
159843953 13003087
159844079 13003087
159844086 13003087
159844090 13003087
159848375 13003087
159849704 13003087
159849706 13003087
159849707 13003087
159844091 13003088
159850814 13003089
159848984 13003091
159850997 13003091
159843770 13003098
159844266 13003098
159844537 13003098
159848380 13003098
159849754 13003098
159849756 13003098
159849757 13003098
159844095 13003099
159843771 13003101
159843773 13003115
159844016 13003115
159845729 13003115
159845731 13003115
159849130 13003115
159851135 13003115
159851136 13003115
159848410 13003119
159850344 13003119
159850345 13003119
159851370 13003122
159843769 13003144
159843777 13003144
159845486 13003144
159845734 13003144
159848896 13003144
159849872 13003144
159849874 13003144
159849875 13003144
159849908 13003144
159849909 13003144
159850352 13003144
159850354 13003144
159850355 13003144
159851371 13003150
159840834 13003167
159840983 13003167
159841082 13003167
159851328 13003167
159851372 13003171
159851373 13003175
159851374 13003186
159850590 13003188
159851375 13003191
159841086 13003193
159850561 13003195
159850573 13003195
159850584 13003195
159850591 13003195
159851376 13003197
159844638 13003204
159848417 13003204
159848418 13003204
159848881 13003204
159850562 13003208
159850574 13003208
159850585 13003208
159850592 13003208
159851377 13003210
159847633 13003213
159848419 13003217
159850575 13003219
159850586 13003219
159850593 13003219
159851378 13003222
159843179 13003231
159843182 13003231
159843192 13003231
159843203 13003231
159843207 13003231
159843379 13003231
159844978 13003231
159844987 13003231
159844996 13003231
159845365 13003231
159850594 13003233
159851379 13003236
159845830 13003254
159845833 13003254
159846160 13003254
159847635 13003254
159847637 13003254
159850595 13003257
159850596 13003258
159843206 13003263
159850597 13003266
159850598 13003267
159842418 13003271
159842423 13003271
159843208 13003272
159845806 13003275
159850599 13003276
159841641 13003290
159841650 13003290
159849123 13003290
159850439 13003290
159850681 13003290
159846470 13003301
159846478 13003301
159846482 13003301
159846486 13003301
159846673 13003301
159846723 13003301
159847647 13003301
159848597 13003301
159850020 13003301
159850021 13003301
159850024 13003301
159850026 13003301
159850028 13003301
159850029 13003301
159843505 13003314
159843842 13003314
159841649 13003319
159841659 13003319
159841768 13003319
159841771 13003319
159843489 13003333
159843507 13003333
159843827 13003333
159843845 13003333
159851440 13003337
159846366 13003358
159849980 13003358
159849981 13003358
159850362 13003358
159850363 13003358
159851441 13003363
159851442 13003367
159851443 13003369
159846369 13003381
159849978 13003381
159851312 13003381
159851444 13003384
159850660 13003386
159851445 13003388
159850661 13003391
159851446 13003394
159850662 13003395
159851447 13003398
159850663 13003404
159851448 13003410
159851449 13003419
159847706 13003422
159850667 13003424
159850668 13003428
159847709 13003436
159849724 13003436
159849725 13003436
159851080 13003436
159851144 13003436
159851387 13003436
159850669 13003440
159844230 13003452
159844232 13003452
159844233 13003452
159844235 13003452
159849749 13003452
159849043 13003455
159841714 13003515
159841715 13003515
159841718 13003515
159841879 13003515
159843114 13003515
159851340 13003515
159841716 13003548
159841717 13003548
159841881 13003548
159843119 13003548
159844236 13003550
159844470 13003550
159841492 13003564
159841524 13003564
159848265 13003564
159848268 13003564
159841719 13003589
159843107 13003589
159843108 13003589
159843244 13003589
159849472 13003589
159849473 13003589
159843050 13003592
159844238 13003599
159844479 13003599
159844703 13003599
159844706 13003599
159844708 13003599
159844709 13003599
159844710 13003599
159844867 13003599
159844869 13003599
159844871 13003599
159844874 13003599
159844930 13003599
159844963 13003599
159847595 13003599
159848187 13003599
159848607 13003599
159846984 13003609
159846990 13003609
159846994 13003609
159851510 13003609
159850730 13003611
159842025 13003612
159842273 13003612
159850731 13003614
159841490 13003622
159842017 13003636
159842020 13003636
159842035 13003636
159842275 13003636
159850734 13003638
159850735 13003642
159850736 13003645
159850737 13003648
159850738 13003651
159841497 13003652
159846279 13003666
159849111 13003666
159849975 13003666
159850460 13003666
159850462 13003666
159850464 13003666
159850466 13003666
159850467 13003666
159847291 13003675
159847295 13003675
159849114 13003675
159849116 13003680
159841995 13003709
159841997 13003709
159842266 13003709
159847841 13003709
159850675 13003709
159850676 13003709
159850677 13003709
159851139 13003709
159851290 13003709
159851291 13003714
159851292 13003716
159841133 13003717
159849119 13003717
159851293 13003720
159842826 13003756
159842839 13003756
159842840 13003756
159842954 13003756
159847551 13003756
159843744 13003780
159851295 13003780
159843121 13003786
159843122 13003811
159843158 13003811
159843166 13003811
159843446 13003811
159843448 13003811
159843450 13003811
159851341 13003811
159842764 13003813
159842768 13003813
159848338 13003813
159851297 13003815
159842767 13003817
159848339 13003817
159851298 13003820
159849812 13003835
159850955 13003835
159850958 13003835
159850965 13003835
159851299 13003835
159843126 13003844
159842341 13003848
159842605 13003848
159845490 13003854
159845725 13003854
159845727 13003854
159848471 13003854
159842342 13003859
159842564 13003859
159849422 13003859
159849423 13003859
159843128 13003862
159845726 13003864
159850782 13003867
159850801 13003867
159850766 13003869
159850780 13003869
159850802 13003869
159850809 13003869
159842345 13003878
159842373 13003878
159848312 13003878
159840512 13003890
159840514 13003890
159840518 13003890
159840673 13003890
159849230 13003890
159849231 13003890
159844080 13003891
159850804 13003892
159841484 13003894
159841486 13003894
159841562 13003894
159842347 13003897
159850805 13003899
159843736 13003904
159843738 13003904
159843966 13003904
159844082 13003904
159844083 13003904
159848382 13003904
159848383 13003904
159848874 13003904
159841481 13003913
159841482 13003913
159841487 13003913
159841542 13003913
159841545 13003913
159841564 13003913
159848975 13003914
159840516 13003921
159850806 13003923
159840517 13003927
159849222 13003927
159849223 13003927
159850807 13003929
159850808 13003929
159844085 13003930
159841115 13003939
159841258 13003939
159841476 13003939
159841538 13003939
159841558 13003939
159841567 13003939
159848264 13003939
159849306 13003939
159849307 13003939
159848978 13003941
159844088 13003943
159844089 13003943
159844248 13003953
159844483 13003953
159844588 13003953
159845767 13003953
159845769 13003953
159845771 13003953
159845912 13003953
159845932 13003953
159848401 13003953
159848479 13003953
159848491 13003953
159849922 13003953
159849923 13003953
159843768 13003957
159843775 13003957
159844075 13003957
159844244 13003962
159844246 13003962
159844247 13003962
159844250 13003962
159844251 13003962
159844252 13003962
159844307 13003962
159844518 13003962
159844521 13003962
159844573 13003962
159844575 13003962
159844577 13003962
159844579 13003962
159844581 13003962
159847597 13003962
159848403 13003962
159851362 13003965
159848404 13003967
159840853 13003975
159840857 13003975
159841074 13003975
159841075 13003975
159850580 13003977
159849935 13003991
159851303 13003991
159851348 13003991
159851365 13003991
159841076 13003993
159848734 13003996
159848735 13003996
159850558 13003996
159850567 13003996
159850581 13003996
159851366 13004000
159850547 13004002
159850559 13004002
159850570 13004002
159850582 13004002
159851367 13004006
159840849 13004025
159840850 13004025
159840856 13004025
159840878 13004025
159841011 13004025
159841078 13004025
159841079 13004025
159847808 13004025
159847809 13004025
159848226 13004025
159851148 13004025
159851327 13004025
159850560 13004027
159850571 13004027
159850583 13004027
159851368 13004029
159851369 13004033
159850565 13004035
159850578 13004035
159850587 13004035
159842412 13004040
159842414 13004040
159842415 13004040
159842416 13004040
159842796 13004040
159850588 13004042
159842413 13004044
159845098 13004049
159849824 13004049
159849825 13004049
159850589 13004051
159842419 13004052
159841628 13004068
159841635 13004068
159841647 13004068
159841779 13004068
159848276 13004068
159849356 13004068
159849357 13004068
159850329 13004068
159850698 13004068
159844142 13004072
159844156 13004072
159851342 13004072
159846243 13004105
159846254 13004105
159846356 13004105
159846361 13004105
159846434 13004105
159851311 13004105
159851360 13004105
159851430 13004110
159851431 13004113
159846358 13004114
159842006 13004135
159842018 13004135
159842190 13004135
159851432 13004139
159851433 13004141
159851434 13004145
159850650 13004146
159851435 13004149
159851436 13004152
159851437 13004154
159850653 13004157
159851438 13004159
159850654 13004162
159851439 13004165
159850655 13004169
159846992 13004172
159851506 13004172
159850656 13004176
159850657 13004178
159850658 13004181
159845003 13004185
159845012 13004185
159845361 13004185
159845465 13004185
159850659 13004188
159841701 13004191
159844219 13004193
159844220 13004193
159844224 13004193
159844556 13004193
159846998 13004196
159849035 13004198
159841698 13004210
159841703 13004210
159841708 13004210
159841712 13004210
159841860 13004210
159841883 13004210
159841962 13004210
159841968 13004210
159848293 13004210
159845009 13004211
159841120 13004222
159841136 13004222
159841154 13004222
159841155 13004222
159841255 13004222
159841285 13004222
159848236 13004222
159848252 13004222
159848859 13004222
159849280 13004222
159849281 13004222
159841282 13004232
159841409 13004232
159848253 13004232
159848256 13004232
159846420 13004234
159844228 13004241
159846424 13004243
159845167 13004252
159847473 13004252
159850252 13004252
159850253 13004252
159846231 13004255
159846232 13004255
159846425 13004255
159846426 13004255
159847392 13004256
159847474 13004256
159847475 13004256
159847225 13004261
159847230 13004261
159847476 13004261
159846428 13004263
159847025 13004275
159851502 13004275
159851503 13004275
159847477 13004276
159842261 13004285
159843460 13004285
159843469 13004285
159851334 13004285
159842262 13004287
159843047 13004288
159842043 13004306
159842050 13004306
159842053 13004306
159842057 13004306
159842058 13004306
159842060 13004306
159842067 13004306
159842224 13004306
159842241 13004306
159842250 13004306
159842263 13004306
159850720 13004318
159842264 13004323
159850721 13004328
159841473 13004335
159841480 13004335
159841488 13004335
159841601 13004335
159848759 13004335
159848866 13004335
159850410 13004335
159850411 13004335
159851332 13004335
159850722 13004336
159848892 13004338
159850723 13004345
159847055 13004350
159851509 13004350
159844055 13004358
159844114 13004358
159849511 13004358
159849512 13004358
159850338 13004358
159850725 13004358
159850732 13004358
159850726 13004363
159841485 13004365
159850727 13004366
159850728 13004379
159850729 13004382
159845137 13004383
159845392 13004383
159849109 13004383
159843110 13004386
159843113 13004386
159843123 13004386
159842784 13004398
159847543 13004398
159847889 13004398
159847890 13004398
159847896 13004398
159848306 13004398
159848327 13004398
159849443 13004398
159851286 13004424
159841965 13004431
159843111 13004431
159851287 13004433
159841667 13004450
159841671 13004450
159841673 13004450
159841807 13004450
159841810 13004450
159841891 13004450
159841893 13004450
159841910 13004450
159847521 13004450
159847785 13004450
159849338 13004450
159849339 13004450
159849370 13004450
159849371 13004450
159851288 13004450
159842384 13004458
159842385 13004458
159842386 13004458
159842621 13004458
159842624 13004458
159842631 13004458
159842726 13004458
159847545 13004458
159848315 13004458
159847547 13004459
159842323 13004465
159842332 13004465
159842337 13004465
159842752 13004465
159843117 13004466
159842333 13004468
159842335 13004468
159840503 13004486
159840507 13004486
159840624 13004486
159848852 13004486
159849188 13004486
159849189 13004486
159849748 13004489
159850870 13004489
159842338 13004494
159842543 13004494
159842613 13004494
159851047 13004494
159840491 13004506
159840505 13004506
159840650 13004506
159849196 13004506
159849197 13004506
159844073 13004513
159844074 13004513
159840508 13004520
159840510 13004520
159840631 13004520
159840636 13004520
159840641 13004520
159840648 13004520
159840829 13004520
159843737 13004525
159843751 13004525
159843764 13004525
159843765 13004525
159843967 13004525
159843969 13004525
159844020 13004525
159850444 13004525
159850446 13004525
159850447 13004525
159851343 13004525
159842848 13004546
159842971 13004546
159851350 13004550
159841061 13004551
159841063 13004554
159841067 13004554
159841068 13004554
159841064 13004565
159841065 13004565
159841066 13004565
159849269 13004565
159851150 13004565
159844699 13004566
159844700 13004566
159844846 13004566
159844854 13004566
159844883 13004566
159847611 13004566
159850262 13004566
159850263 13004566
159850572 13004571
159851358 13004576
159845499 13004579
159850576 13004581
159850577 13004581
159849813 13004583
159850579 13004586
159842404 13004595
159848651 13004595
159848652 13004595
159848654 13004595
159848657 13004595
159848658 13004595
159842406 13004598
159844067 13004600
159844140 13004600
159850863 13004600
159846255 13004619
159850002 13004619
159850003 13004619
159841625 13004624
159841643 13004624
159849322 13004624
159849324 13004624
159849326 13004624
159849327 13004624
159851121 13004624
159851122 13004624
159841626 13004627
159843470 13004632
159843476 13004632
159843477 13004632
159843822 13004632
159846228 13004633
159846342 13004633
159851420 13004637
159851421 13004641
159846219 13004666
159846220 13004666
159846223 13004666
159846225 13004666
159846226 13004666
159846238 13004666
159846322 13004666
159846327 13004666
159846334 13004666
159846337 13004666
159846344 13004666
159846347 13004666
159846350 13004666
159846400 13004666
159846449 13004666
159848509 13004666
159848511 13004666
159851422 13004673
159851423 13004679
159851424 13004684
159850640 13004686
159851425 13004689
159847399 13004700
159847671 13004700
159849141 13004700
159850944 13004700
159850641 13004704
159851426 13004706
159851427 13004709
159850643 13004712
159851428 13004716
159851429 13004721
159850645 13004723
159844683 13004727
159844685 13004727
159844786 13004727
159844789 13004727
159844792 13004727
159844799 13004727
159848423 13004727
159850646 13004728
159850647 13004732
159850648 13004735
159850649 13004739
159843266 13004748
159846988 13004748
159844215 13004759
159844217 13004759
159844314 13004759
159844458 13004759
159844464 13004759
159844607 13004759
159844649 13004759
159846411 13004760
159840839 13004765
159840993 13004765
159846413 13004766
159840994 13004767
159842756 13004779
159842758 13004779
159842880 13004779
159842889 13004779
159843031 13004779
159851338 13004779
159841163 13004784
159848247 13004784
159846209 13004788
159846315 13004788
159846414 13004788
159846448 13004788
159840842 13004801
159840995 13004801
159841006 13004801
159846201 13004810
159846208 13004810
159846298 13004810
159846303 13004810
159846311 13004810
159846415 13004810
159850930 13004810
159850931 13004810
159850932 13004810
159850933 13004810
159841239 13004814
159841391 13004814
159848249 13004814
159846416 13004817
159846417 13004817
159847219 13004840
159847362 13004840
159847467 13004840
159850330 13004860
159850333 13004860
159850710 13004860
159851141 13004860
159851142 13004860
159849454 13004864
159850712 13004864
159844207 13004868
159848882 13004868
159842257 13004874
159843461 13004874
159841474 13004877
159842234 13004890
159842259 13004890
159843473 13004890
159843125 13004919
159843131 13004919
159843132 13004919
159843133 13004919
159843239 13004919
159843256 13004919
159843259 13004919
159849346 13004919
159849504 13004919
159850718 13004919
159843673 13004923
159849368 13004938
159849470 13004938
159849471 13004938
159850719 13004938
159841478 13004941
159841548 13004941
159848310 13004948
159842887 13004954
159842893 13004954
159844665 13004954
159844958 13004954
159842389 13004955
159848316 13004955
159848317 13004955
159851262 13004959
159851275 13004959
159851276 13004959
159850492 13004961
159850493 13004961
159842324 13004964
159842616 13004964
159844062 13004965
159844064 13004965
159848959 13004966
159843743 13004967
159843972 13004967
159844069 13004968
159843745 13004973
159843988 13004973
159841050 13004976
159841052 13004980
159846269 13004992
159850360 13004992
159851027 13004992
159840844 13005003
159841053 13005003
159845485 13005004
159841054 13005008
159851347 13005012
159841058 13005015
159850563 13005020
159847605 13005023
159841059 13005026
159850320 13005026
159850321 13005026
159850564 13005028
159851349 13005032
159850566 13005034
159850556 13005037
159850568 13005037
159850557 13005039
159850569 13005039
159846215 13005042
159846331 13005042
159846402 13005042
159846404 13005042
159846454 13005042
159847252 13005055
159847261 13005055
159847380 13005055
159847381 13005055
159847386 13005055
159847388 13005055
159843482 13005068
159843808 13005068
159843815 13005068
159844049 13005068
159844185 13005068
159844352 13005068
159848407 13005068
159847269 13005072
159847384 13005072
159848565 13005072
159851410 13005075
159841121 13005081
159841129 13005081
159841188 13005081
159841244 13005081
159841363 13005081
159850434 13005081
159850435 13005081
159851411 13005086
159845553 13005089
159845696 13005089
159851412 13005090
159843467 13005097
159843805 13005097
159843819 13005097
159850402 13005097
159850403 13005097
159841119 13005102
159841123 13005102
159841124 13005102
159841126 13005102
159841128 13005102
159841253 13005102
159841266 13005102
159841272 13005102
159841300 13005102
159841385 13005102
159841420 13005102
159848761 13005102
159848762 13005102
159851413 13005104
159851414 13005107
159850630 13005110
159851415 13005113
159845557 13005117
159845693 13005117
159846142 13005117
159851416 13005120
159841127 13005138
159841141 13005138
159841174 13005138
159841270 13005138
159841325 13005138
159841383 13005138
159848240 13005138
159848246 13005138
159849100 13005138
159850632 13005141
159851417 13005143
159850633 13005145
159851418 13005150
159844667 13005152
159844774 13005152
159850634 13005154
159851419 13005158
159850635 13005160
159850636 13005162
159850637 13005164
159842821 13005173
159842935 13005173
159842944 13005173
159850638 13005173
159844681 13005175
159844779 13005175
159846773 13005199
159846775 13005199
159846975 13005199
159846982 13005199
159846986 13005199
159848007 13005199
159848008 13005199
159848540 13005199
159850639 13005202
159849013 13005205
159844200 13005219
159844204 13005219
159844223 13005219
159844241 13005219
159844260 13005219
159844391 13005219
159844418 13005219
159844488 13005219
159844524 13005219
159844532 13005219
159844554 13005219
159845916 13005219
159848397 13005219
159848478 13005219
159850340 13005219
159850341 13005219
159844194 13005226
159844201 13005226
159844394 13005226
159849016 13005229
159840954 13005237
159848218 13005237
159848232 13005237
159846401 13005240
159849019 13005243
159846403 13005245
159848237 13005247
159846405 13005249
159840828 13005255
159840852 13005255
159840889 13005255
159840986 13005255
159841105 13005255
159846407 13005256
159842874 13005257
159843025 13005257
159848581 13005258
159846409 13005259
159842044 13005262
159842045 13005262
159842243 13005262
159850703 13005274
159850704 13005277
159850705 13005280
159844008 13005282
159848875 13005282
159849902 13005282
159849904 13005282
159849905 13005282
159841696 13005289
159841697 13005289
159841832 13005289
159850706 13005289
159850707 13005293
159841942 13005300
159849344 13005300
159849505 13005300
159850708 13005300
159842661 13005317
159842876 13005317
159842881 13005317
159842883 13005325
159842890 13005325
159843096 13005325
159844689 13005325
159844806 13005325
159844813 13005325
159848074 13005325
159848075 13005325
159848100 13005325
159848110 13005325
159848113 13005325
159848114 13005325
159849778 13005325
159849780 13005325
159849781 13005325
159842884 13005331
159850617 13005334
159851174 13005334
159851175 13005334
159851263 13005334
159842886 13005338
159848705 13005338
159848706 13005338
159851264 13005340
159846569 13005343
159846659 13005343
159850112 13005343
159850113 13005343
159850114 13005343
159850116 13005343
159850117 13005343
159850122 13005343
159850123 13005343
159850478 13005343
159850480 13005343
159850481 13005343
159844263 13005350
159844719 13005350
159844722 13005350
159844723 13005350
159844725 13005350
159844727 13005350
159844910 13005350
159844917 13005350
159844926 13005350
159844933 13005350
159844936 13005350
159848159 13005350
159848161 13005350
159848162 13005350
159849792 13005350
159849794 13005350
159849795 13005350
159848941 13005352
159844050 13005354
159842318 13005357
159842319 13005357
159842751 13005357
159844052 13005358
159843504 13005360
159844053 13005360
159848946 13005362
159844054 13005363
159844056 13005366
159848949 13005369
159843181 13005371
159843734 13005371
159843735 13005373
159849302 13005376
159851330 13005376
159851331 13005385
159851333 13005400
159842012 13005421
159842026 13005421
159842038 13005421
159851335 13005421
159844684 13005427
159844691 13005427
159844696 13005427
159844821 13005427
159844838 13005427
159844941 13005427
159842371 13005432
159849462 13005432
159849463 13005432
159851336 13005432
159851337 13005432
159850552 13005433
159850554 13005436
159851339 13005438
159850545 13005443
159850555 13005443
159844697 13005444
159844827 13005444
159841600 13005445
159841603 13005446
159841604 13005446
159846213 13005450
159846216 13005450
159846330 13005450
159848153 13005450
159848154 13005450
159843724 13005452
159843962 13005452
159844127 13005452
159844999 13005454
159847223 13005454
159847224 13005454
159847365 13005454
159847371 13005454
159847619 13005454
159851400 13005456
159851401 13005458
159845051 13005468
159845056 13005468
159845058 13005468
159845452 13005468
159847260 13005468
159847264 13005468
159847265 13005468
159847375 13005468
159847391 13005468
159847434 13005468
159849814 13005468
159849815 13005468
159850226 13005468
159850227 13005468
159851402 13005470
159851403 13005473
159845544 13005475
159845699 13005475
159851404 13005478
159850620 13005480
159851127 13005499
159851130 13005499
159851132 13005499
159851309 13005499
159851405 13005499
159840918 13005502
159841116 13005502
159841117 13005502
159846130 13005502
159846131 13005502
159851356 13005502
159850621 13005504
159851406 13005508
159848790 13005509
159850622 13005513
159851407 13005515
159841118 13005521
159850623 13005527
159851408 13005531
159841504 13005538
159850624 13005538
159851409 13005542
159841382 13005543
159850625 13005547
159850626 13005548
159841384 13005552
159850627 13005555
159848796 13005558
159850628 13005564
159841386 13005566
159850629 13005570
159848799 13005572
159849002 13005573
159848221 13005575
159851183 13005576
159851184 13005579
159840840 13005591
159840855 13005591
159840974 13005591
159847442 13005592
159848228 13005594
159840977 13005600
159847793 13005600
159848222 13005600
159842047 13005602
159842231 13005602
159842046 13005609
159842052 13005609
159842237 13005609
159848865 13005612
159845393 13005614
159846108 13005623
159846110 13005623
159846179 13005623
159848465 13005623
159845395 13005624
159842877 13005626
159842878 13005626
159845397 13005628
159845136 13005629
159845139 13005629
159845398 13005629
159842879 13005632
159849257 13005634
159851149 13005634
159851259 13005634
159841213 13005648
159841360 13005648
159842301 13005648
159842304 13005660
159842610 13005660
159842782 13005660
159847885 13005660
159847886 13005660
159846241 13005673
159846245 13005673
159846246 13005673
159846253 13005673
159849972 13005673
159850012 13005673
159850013 13005673
159847290 13005687
159847294 13005687
159847438 13005687
159850246 13005687
159850247 13005687
159847292 13005693
159847293 13005700
159847673 13005700
159851321 13005714
159845211 13005735
159845217 13005735
159845338 13005735
159847299 13005735
159847416 13005735
159841032 13005753
159841975 13005753
159842004 13005753
159842147 13005753
159842169 13005753
159842171 13005753
159842173 13005753
159842175 13005753
159848294 13005753
159849382 13005753
159849383 13005753
159840785 13005763
159851322 13005763
159847297 13005768
159840822 13005781
159840827 13005781
159849258 13005781
159851323 13005781
159851324 13005781
159851326 13005781
159840873 13005784
159841014 13005784
159841035 13005784
159850540 13005786
159851325 13005790
159847763 13005792
159850541 13005792
159850542 13005795
159850544 13005798
159851329 13005838
159844686 13005844
159844809 13005844
159850548 13005845
159850549 13005845
159850550 13005845
159850551 13005845
159850553 13005845
159851165 13005845
159840831 13005854
159840893 13005854
159840967 13005854
159840796 13005864
159841102 13005864
159841103 13005864
159845534 13005868
159850610 13005870
159841106 13005873
159850611 13005877
159841295 13005883
159841369 13005883
159841370 13005883
159848239 13005883
159850612 13005887
159850613 13005891
159846950 13005894
159850614 13005896
159850615 13005901
159850616 13005904
159844670 13005907
159844744 13005907
159844757 13005907
159850618 13005909
159850619 13005910
159846093 13005912
159842396 13005916
159842790 13005916
159851166 13005918
159851167 13005918
159851170 13005918
159851171 13005918
159851172 13005920
159848216 13005923
159847431 13005927
159840813 13005943
159840830 13005943
159840835 13005943
159840848 13005943
159841023 13005943
159848217 13005943
159849052 13005943
159849053 13005943
159849068 13005943
159849069 13005943
159849070 13005943
159849071 13005943
159849252 13005943
159849253 13005943
159851176 13005945
159847433 13005951
159848557 13005951
159848219 13005955
159851178 13005957
159847254 13005978
159847256 13005978
159847435 13005978
159848575 13005978
159847272 13005994
159847436 13005994
159848572 13005994
159851524 13005994
159847437 13005998
159842049 13006004
159842227 13006004
159841358 13006009
159841445 13006009
159842305 13006009
159846161 13006012
159842862 13006014
159842867 13006021
159847280 13006023
159847281 13006035
159847282 13006035
159847283 13006043
159847288 13006043
159847421 13006043
159850250 13006043
159850251 13006043
159843719 13006046
159847287 13006059
159850380 13006059
159850530 13006061
159847324 13006086
159848577 13006086
159850219 13006086
159851315 13006086
159847289 13006107
159847412 13006107
159850531 13006112
159851316 13006117
159850532 13006121
159842830 13006138
159842831 13006138
159842837 13006138
159842838 13006138
159842939 13006138
159851317 13006171
159850533 13006179
159850534 13006183
159844675 13006186
159850535 13006190
159850536 13006195
159843490 13006203
159843875 13006203
159850537 13006204
159850538 13006208
159845520 13006216
159845523 13006220
159850601 13006222
159845527 13006224
159850602 13006226
159850603 13006229
159850604 13006231
159850605 13006234
159845514 13006237
159848774 13006237
159848775 13006237
159850606 13006240
159850607 13006244
159848776 13006248
159846758 13006253
159846943 13006253
159846945 13006253
159846741 13006257
159846751 13006257
159846837 13006257
159846944 13006257
159846946 13006257
159850608 13006259
159846948 13006261
159846089 13006263
159850520 13006268
159850522 13006268
159851163 13006268
159851164 13006271
159850381 13006273
159850384 13006280
159850386 13006280
159850387 13006280
159847227 13006291
159847237 13006291
159847428 13006291
159847669 13006291
159850376 13006291
159850377 13006291
159847429 13006294
159842379 13006300
159848645 13006300
159848646 13006300
159848648 13006300
159848649 13006300
159850388 13006300
159848841 13006302
159842031 13006303
159842033 13006303
159842219 13006303
159848846 13006307
159846149 13006310
159846150 13006310
159846152 13006313
159846153 13006313
159848849 13006315
159846155 13006318
159846156 13006318
159844981 13006322
159844985 13006322
159845371 13006322
159846158 13006325
159844591 13006327
159844272 13006330
159844541 13006330
159844592 13006330
159844594 13006333
159844595 13006333
159844598 13006334
159844599 13006334
159848912 13006338
159841507 13006340
159846224 13006388
159843428 13006396
159843429 13006396
159845436 13006396
159845438 13006396
159845440 13006396
159845441 13006400
159845442 13006400
159851300 13006414
159851301 13006420
159846229 13006421
159845540 13006444
159845838 13006444
159845840 13006444
159846011 13006444
159846048 13006444
159846050 13006444
159846061 13006444
159846191 13006444
159846193 13006444
159848506 13006444
159849945 13006444
159849948 13006444
159849949 13006444
159851009 13006444
159851010 13006444
159851304 13006444
159845821 13006453
159849936 13006453
159851305 13006453
159850521 13006456
159848494 13006458
159851306 13006458
159851307 13006462
159851308 13006462
159848692 13006464
159850523 13006465
159850524 13006467
159850525 13006472
159850526 13006473
159850527 13006476
159850528 13006478
159850529 13006481
159843484 13006485
159843486 13006485
159843890 13006485
159840870 13006487
159840876 13006490
159840879 13006490
159849268 13006490
159845067 13006493
159845282 13006493
159845513 13006493
159847222 13006497
159847349 13006497
159848576 13006497
159848760 13006500
159845518 13006501
159848763 13006503
159841182 13006509
159841355 13006509
159848766 13006510
159848769 13006511
159849460 13006517
159851151 13006517
159851152 13006517
159841987 13006525
159841990 13006525
159851155 13006527
159845296 13006530
159845298 13006530
159848451 13006530
159841993 13006533
159843669 13006538
159851156 13006538
159851157 13006538
159841994 13006546
159840809 13006552
159840946 13006552
159850374 13006554
159851159 13006555
159848834 13006557
159840760 13006558
159848835 13006558
159846143 13006559
159842843 13006566
159847195 13006569
159845875 13006577
159845961 13006577
159845963 13006577
159845965 13006577
159845967 13006577
159845969 13006577
159846097 13006577
159846099 13006577
159846147 13006577
159846171 13006577
159847197 13006578
159844580 13006579
159844582 13006581
159844585 13006582
159849398 13006583
159844587 13006584
159844589 13006586
159841644 13006591
159841646 13006591
159841786 13006591
159846829 13006591
159848868 13006591
159848906 13006591
159849352 13006591
159849354 13006591
159849355 13006591
159850166 13006591
159850168 13006591
159850169 13006591
159850172 13006591
159850173 13006591
159840791 13006595
159840793 13006597
159845431 13006600
159840797 13006602
159844995 13006606
159845000 13006606
159845001 13006606
159845256 13006606
159845432 13006606
159847266 13006609
159845433 13006615
159843426 13006628
159843998 13006628
159844003 13006628
159844979 13006628
159845259 13006628
159845268 13006628
159845271 13006628
159845434 13006628
159847776 13006628
159848878 13006628
159849796 13006628
159849798 13006628
159849800 13006628
159849802 13006628
159849804 13006628
159849806 13006628
159849807 13006628
159850292 13006628
159850293 13006628
159844650 13006632
159847268 13006637
159848574 13006637
159850510 13006638
159850511 13006639
159848680 13006640
159842054 13006651
159842055 13006651
159843468 13006651
159841221 13006657
159850512 13006657
159850513 13006660
159850514 13006664
159850515 13006667
159850516 13006672
159842059 13006683
159850517 13006686
159850518 13006689
159841276 13006690
159850519 13006718
159846766 13006727
159846849 13006727
159846856 13006727
159848536 13006727
159841158 13006736
159841168 13006736
159841177 13006736
159841179 13006736
159841197 13006736
159841279 13006736
159841320 13006736
159842452 13006746
159842453 13006746
159842454 13006746
159842672 13006746
159842674 13006746
159842689 13006746
159842691 13006746
159842693 13006746
159843478 13006755
159840865 13006758
159840869 13006758
159841062 13006758
159844714 13006759
159844720 13006759
159845507 13006763
159848753 13006767
159848754 13006767
159842828 13006778
159842833 13006778
159842834 13006778
159847970 13006778
159847971 13006778
159844729 13006780
159848757 13006782
159845851 13006795
159845852 13006795
159845853 13006795
159846063 13006795
159848488 13006795
159849954 13006795
159849959 13006795
159842474 13006802
159842760 13006802
159842761 13006802
159844174 13006802
159844177 13006802
159844630 13006802
159844631 13006802
159842722 13006807
159842762 13006807
159842770 13006807
159842772 13006807
159842765 13006812
159842766 13006812
159841982 13006833
159841991 13006833
159842113 13006833
159842115 13006833
159842129 13006833
159847535 13006833
159843134 13006865
159843155 13006865
159843156 13006865
159843241 13006865
159843269 13006865
159843270 13006865
159843281 13006865
159849502 13006865
159851145 13006865
159851146 13006865
159847403 13006872
159848566 13006872
159848567 13006872
159850232 13006872
159850233 13006872
159841984 13006882
159841988 13006882
159841992 13006882
159842537 13006882
159847873 13006882
159847874 13006882
159840804 13006891
159840811 13006891
159840812 13006891
159840823 13006891
159840934 13006891
159840936 13006891
159840943 13006891
159840964 13006891
159851147 13006894
159841985 13006898
159847819 13006898
159847820 13006898
159850366 13006900
159850367 13006900
159848822 13006904
159848825 13006907
159848828 13006910
159847036 13006919
159847181 13006919
159842829 13006926
159842832 13006926
159842836 13006926
159844572 13006928
159844574 13006930
159844576 13006932
159844578 13006934
159840780 13006938
159840782 13006940
159840786 13006945
159840788 13006945
159845424 13006947
159842032 13006950
159842041 13006950
159849452 13006951
159842042 13006952
159844640 13006954
159844641 13006954
159844642 13006954
159844643 13006954
159844646 13006954
159845427 13006956
159843196 13006976
159843210 13006976
159843214 13006976
159843401 13006976
159845429 13006976
159848461 13006976
159848871 13006976
159848672 13006979
159849965 13006983
159850506 13006983
159851116 13006983
159850508 13006987
159843462 13006988
159848390 13006988
159846769 13006993
159846846 13006993
159850509 13006997
159843465 13007005
159850286 13007007
159850287 13007007
159841170 13007014
159841176 13007014
159841216 13007014
159841332 13007014
159841337 13007014
159844715 13007016
159848745 13007017
159842866 13007028
159848747 13007028
159850404 13007028
159850406 13007028
159850407 13007028
159848748 13007030
159843535 13007038
159842753 13007040
159851133 13007041
159840825 13007054
159840923 13007054
159840926 13007054
159851134 13007058
159841973 13007061
159844237 13007066
159844492 13007066
159844494 13007066
159844496 13007066
159842759 13007069
159851137 13007073
159851138 13007073
159846481 13007079
159846692 13007079
159848732 13007079
159848736 13007079
159848737 13007079
159849944 13007091
159850358 13007091
159850359 13007091
159844065 13007094
159848809 13007094
159848810 13007094
159848811 13007096
159848814 13007098
159845447 13007106
159847276 13007106
159847278 13007106
159847279 13007106
159847472 13007106
159850230 13007106
159850990 13007106
159850991 13007107
159850992 13007109
159850993 13007110
159847027 13007111
159847171 13007111
159850995 13007112
159850996 13007112
159850998 13007113
159842823 13007114
159845222 13007117
159845223 13007117
159845330 13007117
159845340 13007117
159845343 13007117
159841694 13007138
159841700 13007138
159841824 13007138
159841835 13007138
159848286 13007138
159849367 13007138
159849372 13007138
159849374 13007138
159849375 13007138
159850714 13007138
159850716 13007138
159850717 13007138
159851289 13007138
159849378 13007140
159848595 13007141
159845817 13007162
159845822 13007162
159845826 13007162
159845827 13007162
159845828 13007162
159845987 13007162
159845993 13007162
159845998 13007162
159846159 13007162
159848483 13007162
159848487 13007162
159845014 13007168
159845018 13007168
159847239 13007168
159847240 13007168
159847244 13007168
159847246 13007168
159847248 13007168
159847250 13007168
159847397 13007168
159848439 13007168
159848578 13007168
159847241 13007172
159845279 13007179
159847229 13007179
159847234 13007179
159847235 13007179
159847242 13007179
159847247 13007179
159847243 13007181
159847245 13007185
159845069 13007188
159845305 13007188
159845413 13007188
159845473 13007188
159848454 13007188
159840499 13007194
159840500 13007194
159840586 13007194
159840591 13007194
159840602 13007194
159840626 13007194
159840779 13007194
159840781 13007194
159849194 13007194
159849195 13007194
159849216 13007194
159849217 13007194
159845414 13007198
159847249 13007199
159845416 13007201
159845417 13007202
159845418 13007202
159848660 13007205
159848663 13007207
159848666 13007209
159843459 13007213
159845195 13007217
159845196 13007220
159845212 13007220
159850270 13007222
159850271 13007222
159850942 13007222
159849510 13007224
159849513 13007225
159844702 13007227
159844704 13007228
159841147 13007231
159841152 13007231
159841322 13007231
159844707 13007240
159845849 13007249
159846041 13007249
159848738 13007255
159848739 13007264
159847003 13007279
159847077 13007279
159847092 13007279
159847142 13007279
159847148 13007279
159847150 13007279
159847194 13007279
159848550 13007279
159851351 13007279
159851354 13007279
159842738 13007282
159842740 13007282
159842745 13007282
159847943 13007282
159847944 13007282
159845848 13007287
159845850 13007287
159845857 13007287
159846043 13007287
159846045 13007287
159849295 13007300
159851123 13007300
159842749 13007303
159840521 13007305
159840523 13007305
159840526 13007305
159840527 13007305
159840679 13007305
159840682 13007305
159840685 13007305
159846594 13007305
159846598 13007305
159846641 13007305
159846680 13007305
159846682 13007305
159849232 13007305
159849233 13007305
159850120 13007305
159850121 13007305
159850134 13007305
159850135 13007305
159846681 13007306
159850980 13007312
159850981 13007312
159846111 13007313
159848808 13007316
159850982 13007319
159850983 13007320
159850984 13007323
159850985 13007324
159850986 13007325
159850987 13007329
159850989 13007330
159845215 13007337
159845240 13007337
159845335 13007337
159841900 13007352
159849350 13007352
159849351 13007352
159849366 13007352
159849369 13007352
159841162 13007383
159841173 13007383
159850415 13007385
159846744 13007390
159846753 13007390
159846759 13007390
159846765 13007390
159846767 13007390
159846770 13007390
159846844 13007390
159848537 13007390
159843197 13007409
159843200 13007409
159843202 13007409
159843362 13007409
159843365 13007409
159843370 13007409
159843380 13007409
159843395 13007409
159843424 13007409
159843431 13007409
159843748 13007409
159843750 13007409
159849484 13007409
159849485 13007409
159849486 13007409
159849487 13007409
159849494 13007409
159849495 13007409
159849498 13007409
159849500 13007409
159849501 13007409
159849676 13007409
159850294 13007409
159850296 13007409
159850297 13007409
159845791 13007423
159845794 13007423
159845805 13007423
159845809 13007423
159845974 13007423
159845976 13007423
159846154 13007423
159840764 13007426
159840766 13007426
159840767 13007426
159845400 13007427
159842021 13007441
159842027 13007441
159842028 13007441
159842395 13007441
159842398 13007441
159842408 13007441
159842409 13007441
159842410 13007441
159842638 13007441
159842650 13007441
159842814 13007441
159842816 13007441
159842818 13007441
159845405 13007444
159844620 13007446
159847010 13007453
159847021 13007453
159847031 13007453
159847034 13007453
159847059 13007453
159847068 13007453
159850198 13007453
159851352 13007453
159842023 13007454
159844386 13007468
159844621 13007468
159844632 13007468
159844673 13007468
159844674 13007468
159844678 13007468
159844680 13007468
159844766 13007468
159844769 13007468
159844772 13007468
159844782 13007468
159844802 13007468
159847607 13007468
159848107 13007468
159848108 13007468
159848779 13007468
159848781 13007468
159848782 13007468
159849776 13007468
159849777 13007468
159848650 13007470
159844622 13007472
159845408 13007473
159848653 13007475
159849438 13007480
159849439 13007480
159844626 13007481
159848656 13007483
159844629 13007484
159848659 13007487
159850318 13007491
159850319 13007491
159851043 13007491
159851044 13007492
159849503 13007495
159850268 13007503
159841164 13007510
159841305 13007510
159841310 13007510
159841362 13007510
159843510 13007513
159848727 13007514
159848728 13007514
159845841 13007533
159845845 13007533
159845846 13007533
159845856 13007533
159846031 13007533
159846034 13007533
159846037 13007533
159846066 13007533
159846068 13007533
159846124 13007533
159847639 13007533
159851004 13007533
159851005 13007533
159847946 13007535
159847947 13007535
159842731 13007536
159846983 13007566
159846985 13007566
159846989 13007566
159847080 13007566
159847085 13007566
159847106 13007566
159847110 13007566
159847125 13007566
159847129 13007566
159847134 13007566
159847659 13007566
159840818 13007574
159840821 13007574
159840901 13007574
159840957 13007574
159849259 13007574
159850316 13007574
159850317 13007574
159850600 13007574
159851173 13007574
159850332 13007580
159851118 13007588
159841130 13007589
159849288 13007589
159849289 13007589
159850336 13007591
159846672 13007595
159846674 13007597
159850339 13007599
159846677 13007602
159846679 13007606
159850970 13007608
159850971 13007611
159850972 13007613
159850973 13007616
159850974 13007618
159850975 13007620
159850976 13007630
159850977 13007630
159850978 13007632
159850979 13007634
159845808 13007641
159846109 13007641
159848482 13007641
159842450 13007643
159842461 13007643
159842808 13007643
159848573 13007645
159841169 13007648
159842010 13007707
159842014 13007707
159842016 13007707
159842034 13007707
159842036 13007707
159842037 13007707
159842199 13007707
159842201 13007707
159842204 13007707
159842207 13007707
159842277 13007707
159848299 13007707
159844610 13007713
159847042 13007717
159850188 13007717
159850189 13007717
159842013 13007724
159844612 13007728
159848641 13007730
159844615 13007733
159848644 13007735
159841234 13007758
159841633 13007765
159841636 13007765
159841638 13007765
159846749 13007765
159846750 13007765
159846752 13007765
159846755 13007765
159846803 13007765
159846806 13007765
159846812 13007765
159846816 13007765
159846820 13007765
159846839 13007765
159846947 13007765
159847530 13007765
159849101 13007765
159850154 13007765
159850156 13007765
159850158 13007765
159850160 13007765
159850162 13007765
159850164 13007765
159850165 13007765
159850254 13007765
159850255 13007765
159844618 13007767
159848647 13007768
159840820 13007770
159844196 13007773
159844395 13007773
159841159 13007775
159841302 13007775
159850890 13007777
159850891 13007779
159850892 13007779
159843502 13007780
159850893 13007781
159850894 13007783
159850895 13007784
159842721 13007786
159847937 13007788
159847938 13007788
159848335 13007788
159850896 13007789
159850897 13007791
159842723 13007792
159850898 13007793
159850899 13007794
159842725 13007795
159842727 13007796
159848490 13007797
159842729 13007798
159841676 13007803
159841680 13007803
159841684 13007803
159841685 13007803
159841693 13007803
159841827 13007803
159841944 13007803
159846661 13007804
159849153 13007804
159850609 13007804
159849970 13007814
159849974 13007814
159850953 13007814
159850962 13007814
159850963 13007814
159851310 13007814
159850964 13007815
159850966 13007816
159850967 13007819
159841695 13007823
159841938 13007823
159849340 13007823
159850969 13007824
159845316 13007826
159841853 13007827
159849345 13007827
159848562 13007828
159848564 13007828
159849347 13007830
159841686 13007831
159849348 13007831
159849349 13007831
159846555 13007832
159846734 13007832
159847782 13007834
159846739 13007835
159846808 13007835
159845788 13007836
159845792 13007836
159845807 13007836
159845954 13007836
159847788 13007837
159847789 13007837
159849984 13007839
159849986 13007839
159849987 13007839
159847030 13007840
159847211 13007840
159842329 13007848
159842560 13007848
159842575 13007848
159842578 13007848
159849415 13007848
159850666 13007848
159849408 13007849
159849410 13007849
159849441 13007849
159842000 13007860
159842002 13007860
159842003 13007860
159842005 13007860
159842167 13007860
159848295 13007860
159849412 13007861
159849414 13007862
159844602 13007864
159844603 13007864
159849416 13007865
159844605 13007866
159842007 13007867
159842009 13007868
159844608 13007869
159847849 13007870
159847850 13007870
159847852 13007870
159847853 13007870
159843422 13007871
159843423 13007871
159843425 13007872
159851020 13007873
159851021 13007877
159851022 13007881
159851023 13007881
159851024 13007888
159851025 13007888
159851028 13007888
159851026 13007892
159848704 13007893
159850880 13007895
159848707 13007896
159850881 13007897
159850882 13007898
159850883 13007899
159850884 13007901
159842456 13007902
159842457 13007902
159842710 13007902
159850885 13007904
159850886 13007905
159842307 13007910
159842316 13007910
159842321 13007910
159842322 13007910
159842572 13007910
159842583 13007910
159842747 13007910
159842750 13007910
159847928 13007910
159847929 13007910
159849413 13007910
159849440 13007910
159850664 13007910
159850887 13007911
159850888 13007912
159850889 13007913
159848480 13007919
159849151 13007919
159841936 13007922
159850951 13007923
159850952 13007926
159850954 13007929
159850956 13007931
159850957 13007933
159849328 13007935
159849330 13007935
159849331 13007935
159849968 13007950
159849976 13007950
159850959 13007950
159850098 13007951
159850099 13007951
159849336 13007952
159845213 13007962
159845220 13007962
159845221 13007962
159845308 13007962
159841142 13007965
159847772 13007967
159847773 13007967
159845496 13007972
159845497 13007972
159845651 13007972
159845655 13007972
159845772 13007972
159845773 13007972
159845774 13007972
159845776 13007972
159845777 13007972
159845937 13007972
159845940 13007972
159845945 13007972
159845948 13007972
159845971 13007972
159847631 13007972
159841149 13007974
159845790 13007975
159845943 13007975
159849971 13007976
159840494 13007982
159840513 13007982
159840522 13007982
159840576 13007982
159840693 13007982
159840730 13007982
159849055 13007982
159849057 13007982
159849060 13007982
159849062 13007982
159849065 13007982
159849066 13007982
159849186 13007982
159849187 13007982
159849190 13007982
159849191 13007982
159849202 13007982
159849204 13007982
159849205 13007982
159849220 13007982
159849221 13007982
159849977 13007986
159840480 13007988
159840737 13007988
159843185 13007990
159843187 13007990
159843189 13007990
159843190 13007990
159843359 13007990
159843390 13007990
159843410 13007990
159843411 13007990
159843413 13007993
159843415 13007994
159843417 13007997
159851011 13008002
159843419 13008005
159846266 13008013
159849136 13008013
159851014 13008013
159851015 13008013
159851313 13008013
159843191 13008014
159850871 13008015
159845798 13008016
159845799 13008016
159847913 13008021
159847914 13008021
159850872 13008023
159846002 13008028
159850873 13008032
159850874 13008035
159845832 13008042
159846005 13008042
159850876 13008044
159850878 13008046
159845831 13008054
159846008 13008054
159850879 13008056
159845224 13008057
159849256 13008059
159848472 13008063
159845062 13008080
159845071 13008080
159845075 13008080
159845119 13008080
159845120 13008080
159845290 13008080
159845300 13008080
159845303 13008080
159845475 13008080
159845524 13008080
159848467 13008080
159848473 13008080
159850452 13008080
159850454 13008080
159850455 13008080
159848475 13008082
159845762 13008086
159848476 13008086
159841683 13008092
159841929 13008092
159848279 13008092
159845863 13008103
159845868 13008108
159850945 13008110
159850946 13008115
159850947 13008119
159848533 13008161
159848543 13008161
159851125 13008161
159851361 13008161
159848534 13008167
159848544 13008167
159841137 13008168
159845066 13008172
159845070 13008172
159845077 13008172
159848446 13008172
159845934 13008184
159849966 13008192
159850152 13008195
159843400 13008196
159850790 13008199
159850786 13008203
159850787 13008203
159850793 13008203
159850794 13008203
159850795 13008206
159850796 13008210
159850797 13008211
159850798 13008214
159849956 13008251
159849958 13008251
159851001 13008251
159851016 13008251
159851017 13008251
159850221 13008255
159851006 13008269
159844183 13008286
159844350 13008286
159844363 13008286
159848392 13008286
159851359 13008286
159851007 13008291
159851008 13008296
159848394 13008304
159848396 13008311
159845781 13008317
159845903 13008317
159846090 13008317
159846091 13008317
159843183 13008320
159846568 13008325
159845784 13008326
159845786 13008329
159850860 13008335
159850861 13008343
159850862 13008344
159845789 13008348
159847041 13008359
159847044 13008359
159850375 13008359
159850901 13008359
159847905 13008364
159847906 13008364
159849407 13008364
159850864 13008368
159850865 13008372
159847043 13008374
159850866 13008379
159850867 13008382
159850868 13008386
159850869 13008390
159845216 13008398
159841912 13008412
159841913 13008412
159845219 13008416
159845854 13008424
159845858 13008424
159845855 13008426
159850934 13008429
159847758 13008432
159845063 13008434
159845770 13008435
159845929 13008435
159849094 13008438
159845068 13008439
159850783 13008449
159850784 13008450
159849162 13008458
159849164 13008458
159849165 13008458
159850212 13008466
159848386 13008472
159843172 13008481
159843306 13008481
159843173 13008485
159842390 13008487
159850850 13008491
159844993 13008496
159850852 13008500
159850845 13008504
159850853 13008504
159850854 13008510
159847028 13008520
159847032 13008520
159847663 13008520
159847033 13008532
159847038 13008532
159850856 13008539
159850857 13008542
159847035 13008546
159850859 13008550
159841901 13008553
159841906 13008555
159845047 13008561
159848453 13008561
159841909 13008563
159845842 13008566
159845837 13008570
159845843 13008570
159845847 13008570
159845844 13008573
159842462 13008587
159842463 13008587
159850920 13008589
159850921 13008608
159842465 13008611
159850922 13008614
159849867 13008617
159850923 13008617
159849878 13008623
159849879 13008623
159850924 13008626
159850925 13008626
159850926 13008628
159850927 13008629
159841687 13008631
159850928 13008634
159848521 13008638
159848528 13008645
159848529 13008675
159845048 13008695
159845055 13008695
159845057 13008710
159843094 13008712
159843095 13008712
159843097 13008714
159850770 13008716
159840484 13008732
159840556 13008732
159850774 13008736
159841980 13008742
159842140 13008742
159847816 13008742
159847817 13008742
159850775 13008747
159850776 13008747
159850777 13008750
159850778 13008750
159845122 13008753
159850202 13008757
159850204 13008757
159848373 13008760
159848374 13008764
159842380 13008768
159844980 13008770
159845766 13008772
159850843 13008775
159842387 13008779
159850844 13008781
159844986 13008783
159850846 13008784
159847024 13008788
159850849 13008790
159847029 13008791
159848440 13008796
159848448 13008800
159848449 13008802
159846618 13008804
159845835 13008808
159845836 13008808
159850910 13008811
159850911 13008813
159842455 13008816
159849866 13008818
159850912 13008822
159850913 13008825
159850914 13008828
159842458 13008832
159850915 13008852
159850916 13008852
159850917 13008852
159841674 13008863
159841675 13008863
159841677 13008863
159850918 13008864
159841679 13008866
159846393 13008868
159848510 13008883
159848512 13008883
159850693 13008888
159850695 13008892
159850699 13008892
159850696 13008894
159845041 13008897
159850697 13008899
159844262 13008901
159845049 13008903
159849077 13008906
159843532 13008907
159849524 13008907
159849525 13008907
159843528 13008909
159843529 13008909
159846533 13008911
159846549 13008911
159846561 13008911
159850062 13008911
159850063 13008911
159845171 13008913
159845176 13008913
159845177 13008913
159848979 13008913
159848980 13008913
159848981 13008913
159849126 13008915
159850847 13008915
159849075 13008917
159849076 13008917
159845320 13008921
159846776 13008926
159846777 13008926
159846891 13008926
159846894 13008926
159846901 13008926
159846904 13008926
159846907 13008926
159846936 13008926
159848031 13008926
159848032 13008926
159849558 13008947
159849558 49161529
159849560 13008947
159849560 49161529
159849562 13008947
159849562 49161529
159849563 13008947
159849563 49161529
159841886 13008980
159841886 49161527
159843147 13008980
159843147 49161527
159843163 13008980
159843163 49161527
159843289 13008980
159843289 49161527
159843294 13008980
159843294 49161527
159843311 13008980
159843311 49161527
159843322 13008980
159843322 49161527
159843399 13008980
159843399 49161527
159846779 13008980
159846779 49161527
159846997 13008980
159846997 49161527
159847051 13008980
159847051 49161527
159847052 13008980
159847052 49161527
159847122 13008980
159847122 49161527
159847479 13008980
159847479 49161527
159847480 13008980
159847480 49161527
159847557 13008980
159847557 49161527
159848284 13008980
159848284 49161527
159848541 13008980
159848541 49161527
159848582 13008980
159848582 49161527
159849113 13008980
159849113 49161527
159850178 13008980
159850178 49161527
159850180 13008980
159850180 49161527
159850181 13008980
159850181 49161527
159850334 13008980
159850334 49161527
159850335 13008980
159850335 49161527
159840476 13008990
159840481 13008990
159840485 13008990
159840495 13008990
159840571 13008990
159840579 13008990
159840583 13008990
159840773 13008990
159840783 13008990
159846695 13008990
159850140 13008990
159850141 13008990
159850274 13008990
159850275 13008990
159846565 13008997
159846571 13008997
159846574 13008997
159846577 13008997
159846578 13008997
159846582 13008997
159846590 13008997
159847649 13008997
159849844 13009000
159849845 13009000
159848933 13009001
159848934 13009001
159848938 13009001
159848939 13009001
159850086 13009001
159850087 13009001
159845124 13009006
159848770 13009006
159848771 13009006
159846687 13009007
159845179 13009011
159845181 13009011
159844096 13009014
159844102 13009014
159843660 13009016
159849618 13009016
159849619 13009016
159849620 13009016
159849622 13009016
159849623 13009016
159849726 13009019
159849727 13009019
159850416 13009019
159850417 13009019
159849574 13009020
159849575 13009020
159844990 13009050
159844991 13009050
159844997 13009050
159845011 13009050
159845013 13009050
159845037 13009050
159845038 13009050
159845274 13009050
159845357 13009050
159845458 13009050
159845482 13009050
159845643 13009050
159848435 13009050
159848767 13009050
159848768 13009050
159849810 13009050
159849811 13009050
159849856 13009050
159849857 13009050
159850346 13009050
159850347 13009050
159850348 13009050
159850349 13009050
159850356 13009050
159850357 13009050
159843741 13009053
159843754 13009064
159843763 13009064
159843772 13009064
159844007 13009064
159845483 13009064
159848377 13009064
159848743 13009064
159848744 13009064
159849708 13009064
159849709 13009064
159847725 13009067
159849614 13009069
159849616 13009069
159849617 13009069
159849630 13009069
159849632 13009069
159849633 13009069
159843723 13009074
159849664 13009074
159849666 13009074
159849668 13009074
159849669 13009074
159843634 13009075
159843652 13009075
159848785 13009078
159847710 13009080
159843481 13009087
159843488 13009087
159843492 13009087
159843501 13009087
159848741 13009087
159849682 13009087
159849683 13009087
159846507 13009090
159846524 13009090
159847714 13009092
159847717 13009092
159849640 13009095
159849641 13009095
159844111 13009097
159846557 13009106
159846686 13009106
159846688 13009106
159846733 13009106
159850100 13009106
159850101 13009106
159850102 13009106
159850103 13009106
159850104 13009106
159850105 13009106
159849858 13009111
159849860 13009111
159849861 13009111
159845189 13009115
159845192 13009115
159845194 13009115
159850052 13009123
159850053 13009123
159849658 13009125
159849659 13009125
159845090 13009130
159845091 13009130
159845092 13009130
159845094 13009130
159845084 13009132
159845086 13009132
159845088 13009132
159845390 13009132
159845128 13009140
159845129 13009140
159845131 13009140
159845132 13009140
159845134 13009140
159845318 13009140
159845347 13009140
159845394 13009140
159845399 13009140
159848458 13009140
159849110 13009140
159849830 13009140
159849831 13009140
159845153 13009150
159845155 13009150
159845158 13009150
159845159 13009150
159845161 13009150
159845163 13009150
159845166 13009150
159845169 13009150
159845314 13009150
159849108 13009150
159849832 13009150
159849833 13009150
159849834 13009150
159849835 13009150
159845085 13009153
159849606 13009155
159849607 13009155
159849608 13009155
159849610 13009155
159849611 13009155
159849612 13009155
159849613 13009155
159851451 13009156
159843558 13009157
159846492 13009161
159843720 13009167
159843722 13009167
159843727 13009167
159843729 13009167
159843731 13009167
159843732 13009167
159843921 13009167
159843960 13009167
159844133 13009167
159843670 13009170
159843672 13009170
159843929 13009170
159846535 13009172
159845073 13009177
159845076 13009177
159845081 13009177
159845082 13009177
159845389 13009177
159845453 13009177
159849816 13009177
159849817 13009177
159847756 13009178
159848957 13009178
159848999 13009178
159849000 13009178
159849011 13009178
159849012 13009178
159849014 13009178
159849015 13009178
159848951 13009179
159850488 13009179
159850489 13009179
159845093 13009181
159845356 13009181
159849818 13009181
159849819 13009181
159846690 13009183
159843746 13009190
159843919 13009190
159843958 13009190
159844068 13009190
159848844 13009190
159849732 13009190
159849733 13009190
159850260 13009190
159850261 13009190
159850424 13009190
159850425 13009190
159849032 13009192
159849033 13009192
159845144 13009197
159845160 13009197
159845175 13009197
159845186 13009197
159845193 13009197
159843519 13009200
159848990 13009200
159849004 13009200
159849005 13009200
159850490 13009200
159850491 13009200
159850076 13009202
159850077 13009202
159850078 13009202
159850079 13009202
159850080 13009202
159850081 13009202
159841494 13009205
159847513 13009205
159848266 13009205
159841496 13009237
159841499 13009237
159841511 13009237
159842825 13009237
159843061 13009237
159847964 13009237
159848270 13009237
159848702 13009237
159848703 13009237
159842400 13009248
159842856 13009248
159842858 13009248
159842860 13009248
159842861 13009248
159842994 13009248
159843007 13009248
159843014 13009248
159848318 13009248
159848678 13009248
159848679 13009248
159849468 13009248
159849469 13009248
159850420 13009248
159850421 13009248
159849310 13009249
159849312 13009249
159849313 13009249
159845100 13009253
159845102 13009253
159845104 13009253
159845106 13009253
159845107 13009253
159843692 13009258
159843702 13009258
159843713 13009258
159843728 13009258
159843923 13009258
159849041 13009258
159849042 13009258
159843595 13009260
159843597 13009260
159849088 13009260
159849090 13009260
159849091 13009260
159850476 13009260
159850477 13009260
159847741 13009263
159847742 13009263
159845108 13009266
159845135 13009266
159845168 13009266
159845375 13009266
159843533 13009268
159843567 13009268
159843602 13009268
159849548 13009268
159849549 13009268
159849572 13009268
159849573 13009268
159846540 13009270
159845182 13009275
159845190 13009275
159845200 13009275
159849836 13009275
159849837 13009275
159849840 13009275
159849841 13009275
159843703 13009278
159850422 13009278
159850423 13009278
159843916 13009282
159849648 13009284
159849650 13009284
159849651 13009284
159845391 13009287
159845488 13009299
159845489 13009299
159845491 13009299
159845600 13009299
159845641 13009299
159845659 13009299
159849868 13009299
159849869 13009299
159849870 13009299
159849871 13009299
159849900 13009299
159849901 13009299
159845111 13009301
159845116 13009301
159849826 13009301
159849827 13009301
159846537 13009304
159846554 13009304
159846685 13009304
159850072 13009304
159850073 13009304
159845198 13009305
159845130 13009312
159845138 13009312
159845154 13009312
159845170 13009312
159845180 13009312
159845188 13009312
159845324 13009312
159845396 13009312
159843686 13009314
159843516 13009318
159843541 13009318
159843947 13009318
159845080 13009325
159845087 13009325
159845112 13009325
159845125 13009325
159845322 13009325
159849106 13009325
159849820 13009325
159849822 13009325
159849823 13009325
159849828 13009325
159849829 13009325
159846630 13009384
159850018 13009384
159850019 13009384
159850138 13009384
159850139 13009384
159845214 13009391
159845218 13009391
159845332 13009391
159845384 13009391
159846586 13009411
159846589 13009411
159846599 13009411
159846609 13009411
159846619 13009411
159846746 13009411
159846756 13009411
159846760 13009411
159846778 13009411
159848532 13009411
159849095 13009411
159849096 13009411
159850174 13009411
159850175 13009411
159850368 13009411
159850370 13009411
159850371 13009411
159843171 13009437
159843174 13009437
159843186 13009437
159843194 13009437
159843209 13009437
159843314 13009437
159843335 13009437
159843372 13009437
159843392 13009437
159844994 13009437
159845002 13009437
159845032 13009437
159845043 13009437
159845052 13009437
159845254 13009437
159845420 13009437
159845421 13009437
159845426 13009437
159845428 13009437
159849103 13009437
159849808 13009437
159849809 13009437
159843512 13009438
159843509 13009440
159843538 13009440
159843889 13009440
159849508 13009440
159849509 13009440
159843644 13009443
159843646 13009443
159843933 13009443
159848970 13009443
159848971 13009443
159844039 13009456
159844042 13009456
159844061 13009456
159844143 13009456
159844551 13009456
159844553 13009456
159844555 13009456
159844557 13009456
159844561 13009456
159844563 13009456
159844565 13009456
159844567 13009456
159844569 13009456
159844940 13009456
159844943 13009456
159844945 13009456
159844946 13009456
159848183 13009456
159848415 13009456
159848606 13009456
159845354 13009474
159850418 13009476
159851319 13009476
159844108 13009479
159844170 13009479
159849694 13009479
159849695 13009479
159843655 13009480
159843551 13009481
159843666 13009485
159847737 13009487
159847738 13009487
159848917 13009490
159849602 13009492
159849603 13009492
159846471 13009494
159846646 13009494
159845117 13009498
159848916 13009498
159843592 13009502
159843566 13009507
159849564 13009507
159849565 13009507
159849568 13009507
159849569 13009507
159849570 13009507
159849571 13009507
159850450 13009507
159850451 13009507
159843793 13009521
159844066 13009521
159844222 13009521
159844225 13009521
159848812 13009521
159848813 13009521
159848977 13009521
159849039 13009521
159849104 13009521
159849746 13009521
159849747 13009521
159849770 13009521
159849771 13009521
159844431 13009529
159844436 13009529
159844444 13009529
159844449 13009529
159844455 13009529
159844614 13009529
159844832 13009529
159844833 13009529
159848181 13009529
159848605 13009529
159849742 13009529
159849744 13009529
159849745 13009529
159848931 13009532
159848932 13009532
159848936 13009532
159848937 13009532
159843694 13009535
159849654 13009535
159849655 13009535
159849656 13009536
159849657 13009536
159841017 13009617
159841051 13009617
159842022 13009617
159842295 13009617
159842331 13009617
159842336 13009617
159842346 13009617
159842589 13009617
159843813 13009617
159843852 13009617
159843854 13009617
159843858 13009617
159843869 13009617
159847870 13009617
159847871 13009617
159847879 13009617
159848298 13009617
159848864 13009617
159849684 13009617
159849686 13009617
159849687 13009617
159849688 13009617
159849689 13009617
159849716 13009617
159849717 13009617
159843578 13009624
159843581 13009624
159843583 13009624
159843943 13009624
159847749 13009624
159848908 13009624
159845142 13009626
159845184 13009626
159845191 13009626
159845202 13009626
159849838 13009626
159849839 13009626
159849842 13009626
159849843 13009626
159846689 13009627
159849642 13009629
159849644 13009629
159849645 13009629
159851320 13009629
159850042 13009631
159850043 13009631
159850048 13009631
159850049 13009631
159850050 13009631
159850051 13009631
159846538 13009635
159847759 13009638
159848944 13009638
159848945 13009638
159849538 13009639
159849539 13009639
159845140 13009709
159845141 13009709
159845146 13009709
159845148 13009709
159845401 13009709
159845445 13009709
159848459 13009709
159849107 13009709
159848962 13009710
159848963 13009710
159847707 13009714
159847708 13009714
159849596 13009714
159849597 13009714
159849598 13009714
159849599 13009714
159843631 13009716
159849604 13009716
159849605 13009716
159846495 13009726
159846635 13009726
159846694 13009726
159848904 13009726
159850290 13009726
159850291 13009726
159850484 13009726
159850485 13009726
159850486 13009726
159850487 13009726
159850543 13009726
159843072 13009734
159842846 13009741
159842962 13009741
159842847 13009748
159848687 13009748
159848688 13009748
159849083 13009750
159849084 13009750
159847702 13009752
159847704 13009752
159847705 13009752
159841151 13009853
159841165 13009853
159841167 13009853
159841231 13009853
159841307 13009853
159841470 13009853
159842308 13009853
159842754 13009853
159847953 13009853
159847954 13009853
159848241 13009853
159848304 13009853
159848749 13009853
159848756 13009853
159849276 13009853
159849277 13009853
159849290 13009853
159849291 13009853
159849292 13009853
159849293 13009853
159849296 13009853
159849297 13009853
159849424 13009853
159850408 13009853
159850409 13009853
159848716 13009855
159843629 13009857
159843935 13009857
159848969 13009857
159848974 13009857
159846508 13009859
159846526 13009859
159846542 13009859
159843697 13009862
159843708 13009862
159848806 13009862
159848807 13009862
159843606 13009863
159843886 13009867
159844169 13009867
159843582 13009868
159843615 13009872
159843633 13009872
159843661 13009872
159843676 13009872
159844113 13009872
159844119 13009872
159844124 13009876
159849526 13009876
159849528 13009876
159849529 13009876
159849540 13009877
159849541 13009877
159848838 13009881
159849006 13009885
159849007 13009885
159849010 13009885
159843524 13009887
159848982 13009888
159848983 13009888
159848955 13009890
159848956 13009890
159846649 13009897
159846649 98563303
159846650 13009897
159846650 98563303
159847651 13009897
159847651 98563303
159846645 13009903
159846647 13009903
159846648 13009903
159846652 13009903
159846654 13009903
159846656 13009903
159846658 13009903
159846660 13009903
159846662 13009903
159846664 13009903
159846726 13009903
159848389 13009906
159849554 13009906
159849556 13009906
159849557 13009906
159840859 13009922
159840860 13009922
159840861 13009922
159841039 13009922
159841057 13009922
159841060 13009922
159848224 13009922
159840837 13009929
159840845 13009929
159840906 13009929
159840916 13009929
159840930 13009929
159841049 13009929
159849242 13009929
159849243 13009929
159849244 13009929
159849245 13009929
159849264 13009929
159849265 13009929
159850074 13009931
159850075 13009931
159848993 13009933
159848996 13009933
159848997 13009933
159848960 13009935
159848961 13009935
159840731 13009941
159840733 13009941
159840735 13009941
159840736 13009941
159840738 13009941
159840740 13009941
159840742 13009941
159840743 13009941
159849634 13009956
159849636 13009956
159849626 13009957
159849627 13009957
159843695 13009959
159843705 13009959
159849672 13009959
159849674 13009959
159849675 13009959
159843605 13009962
159846522 13009964
159850044 13009964
159850046 13009964
159850047 13009964
159843616 13009988
159843939 13009988
159847720 13009988
159847721 13009988
159843600 13009992
159843604 13009992
159844150 13009992
159849588 13009994
159849589 13009994
159849590 13009994
159849591 13009994
159849584 13009997
159849585 13009997
159843700 13009999
159846521 13010003
159846702 13010003
159850040 13010003
159850041 13010003
159843671 13010012
159843931 13010012
159844112 13010014
159851296 13010027
159849582 13010028
159849583 13010028
159847727 13010030
159848952 13010032
159846529 13010034
159846558 13010034
159850054 13010034
159850055 13010034
159849027 13010036
159849028 13010036
159848947 13010037
159848948 13010037
159849592 13010037
159849593 13010037
159845147 13010040
159845164 13010040
159844229 13010081
159844242 13010081
159844476 13010081
159844504 13010081
159844564 13010081
159844571 13010081
159844609 13010081
159844611 13010081
159845758 13010081
159845780 13010081
159845783 13010081
159845787 13010081
159845797 13010081
159845803 13010081
159845810 13010081
159845919 13010081
159846088 13010081
159848399 13010081
159848405 13010081
159848839 13010081
159848840 13010081
159849750 13010081
159849751 13010081
159849932 13010081
159849933 13010081
159843683 13010087
159843585 13010090
159843638 13010092
159843622 13010095
159843640 13010095
159843651 13010095
159843677 13010095
159843587 13010097
159843687 13010100
159843927 13010100
159848965 13010100
159848966 13010100
159849017 13010100
159849020 13010100
159849021 13010100
159849025 13010100
159849026 13010100
159850496 13010100
159850498 13010100
159850499 13010100
159845110 13010104
159845444 13010104
159845178 13010106
159845197 13010106
159845152 13010107
