138226618 13039497
138226662 13039497
138226622 13039631
138226622 13065662
138226709 13039631
138226709 13065662
138226710 13039631
138226710 13065662
138226742 13039631
138226742 13065662
138230336 13039631
138230336 13065662
138230338 13039631
138230338 13065662
138230339 13039631
138230339 13065662
138224580 13039634
138224614 13039634
138224626 13039634
138224727 13039634
138224737 13039634
138229355 13039634
138232196 13039634
138232197 13039634
138232248 13039634
138232249 13039634
138232250 13039634
138232251 13039634
138232252 13039634
138232252 13065656
138232254 13039634
138232254 13065656
138232255 13039634
138232255 13065656
138227732 13039637
138227732 13065683
138227735 13039637
138227735 13065683
138230324 13039637
138230324 13065683
138230325 13039637
138230325 13065683
138230746 13039637
138230746 13065683
138230747 13039637
138230747 13065683
138230278 13039641
138230286 13039641
138230288 13039641
138230290 13039641
138230292 13039641
138230293 13039641
138230335 13039641
138226591 13039641
138226591 13065671
138226598 13039641
138226598 13065671
138230280 13039641
138230280 13065671
138230282 13039641
138230282 13065671
138230284 13039641
138230284 13065671
138226637 13040070
138232209 13040070
138232208 13040070
138232208 13068665
138226613 13040072
138232207 13040072
138232206 13040072
138232206 13068658
138230348 13040074
138230348 13068666
138224703 13035907
138224703 13095292
138224773 13035907
138224773 13095292
138224555 13037025
138224698 13037025
138224761 13037025
138228721 13037025
138229282 13037025
138229283 13037025
138229306 13037025
138230828 13037025
138230829 13037025
138224540 13037025
138224540 13096542
138224664 13037025
138224664 13096542
138224766 13037025
138224766 13096542
138227921 13037025
138227921 13096542
138227935 13037025
138227935 13096542
138227997 13037025
138227997 13096542
138228720 13037025
138228720 13096542
138232190 13037025
138232190 13096542
138232191 13037025
138232191 13096542
138232193 13037025
138232193 13096542
138232194 13037025
138232194 13096542
138232195 13037025
138232195 13096542
138232198 13037025
138232198 13096542
138232199 13037025
138232199 13096542
138232222 13037025
138232222 13096542
138232223 13037025
138232223 13096542
138227851 13037242
138227851 13120956
138230804 13037242
138230804 13120956
138230805 13037242
138230805 13120956
138227763 13037410
138227763 13120863
138227783 13037410
138227783 13120863
138227765 13039997
138227765 13123527
138227770 13039997
138227770 13123527
138227786 13039997
138227786 13123527
138227814 13039997
138227814 13123527
138227818 13039997
138227818 13123527
138227820 13039997
138227820 13123527
138227822 13039997
138227822 13123527
138227823 13039997
138227823 13123527
138230778 13039997
138230778 13123527
138230780 13039997
138230780 13123527
138230781 13039997
138230781 13123527
138232188 13039997
138232188 13123527
138232189 13039997
138232189 13123527
138227846 13119992
138227880 13119992
138227891 13119992
138227893 13119992
138230820 13119992
138230821 13119992
138230823 13119992
138230824 13119992
138232180 13119992
138232181 13119992
138232182 13119992
138232183 13119992
138232184 13119992
138232185 13119992
138232186 13119992
138232187 13119992
138227848 13120956
138227849 13120956
138227857 13120956
132923523 13035803
132923523 13198181
132923593 13035803
132923593 13198181
132923609 13035803
132923609 13198181
132930871 13035803
132930871 13198181
132930872 13035803
132930872 13198181
132923524 13035806
132923524 13198184
132923525 13035806
132923525 13198184
132917166 13036203
132917175 13036203
132924876 13036203
132926536 13036203
132926537 13036203
132930851 13036203
132930852 13036203
132930853 13036203
132930854 13036203
132930861 13036203
132930862 13036203
132917176 13036203
132917176 13201913
132917177 13036203
132917177 13201913
132924628 13036203
132924628 13201913
132924630 13036203
132924630 13201913
132924811 13036203
132924811 13201913
132924813 13036203
132924813 13201913
132925287 13036203
132925287 13201913
132926531 13036203
132926531 13201913
132926532 13036203
132926532 13201913
132926533 13036203
132926533 13201913
132926534 13036203
132926534 13201913
132930847 13036203
132930847 13201913
132930849 13036203
132930849 13201913
132930850 13036203
132930850 13201913
132923412 13037126
132923412 13198772
132923474 13037126
132923474 13198772
132923481 13037126
132923481 13198772
132923745 13037258
132923771 13037258
132923782 13037258
132923792 13037258
132923977 13037258
132923979 13037258
132923999 13037258
132926553 13037258
132926555 13037258
132926556 13037258
132926557 13037258
132926558 13037258
132926560 13037258
132923963 13037258
132923963 13200135
132923970 13037258
132923970 13200135
132923971 13037258
132923971 13200135
132923973 13037258
132923973 13200135
132930865 13037258
132930865 13200135
132930866 13037258
132930866 13200135
132930867 13037258
132930867 13200135
132930868 13037258
132930868 13200135
132923521 13037283
132923521 13201655
132923629 13037283
132923629 13201655
132923415 13037294
132923415 13199413
132923468 13037294
132923468 13199413
132923716 13037345
132923716 13201943
132923926 13037345
132923926 13201943
132923664 13038409
132923664 13201655
132930833 13038409
132930833 13201655
132930834 13038409
132930834 13201655
132923519 13038649
132923519 13198928
132923621 13038649
132923621 13198928
132923625 13038649
132923625 13198928
132923611 13039753
132923611 13203102
132923714 13039753
132923714 13203102
132924031 13200135
132924040 13200648
132924041 13200655
132923794 13202825
132923794 51823658
132923794 51823661
132923795 13202825
132923795 51823658
132923795 51823661
132923798 13202825
132923798 51823658
132923798 51823661
132923843 13202825
132923843 51823658
132923843 51823661
132923845 13202825
132923845 51823658
132923845 51823661
132924008 13202825
132924008 51823658
132924008 51823661
132926549 13202825
132926549 51823658
132926549 51823661
132926551 13202825
132926551 51823658
132926551 51823661
132926552 13202825
132926552 51823658
132926552 51823661
132930863 13202825
132930863 51823658
132930863 51823661
132930864 13202825
132930864 51823658
132930864 51823661
138227530 13039751
138227530 13206118
138227548 13039751
138227548 13206118
138227557 13039751
138227557 13206118
138227564 13039751
138227564 13206118
138227692 13039751
138227692 13206118
138230696 13039751
138230696 13206118
138230698 13039751
138230698 13206118
138230700 13039751
138230700 13206118
138230701 13039751
138230701 13206118
138230704 13039751
138230704 13206118
138230705 13039751
138230705 13206118
133283895 13039004
133283895 13305645
133291637 13040104
133291637 13313106
133283905 13040114
133283905 13303592
133291636 13040114
133291636 13303592
133283845 13040126
133283845 13303601
133283845 43845789
133283855 13040126
133283855 13303601
133283855 43845789
133283859 13040126
133283859 13303601
133283859 43845789
133283864 13040126
133283864 13303601
133283864 43845789
133283867 13040126
133283867 13303601
133283867 43845789
133283877 13040126
133283877 13303601
133283877 43845789
133283883 13040126
133283883 13303601
133283883 43845789
133283887 13040126
133283887 13303601
133283887 43845789
133291604 13040126
133291604 13303601
133291604 43845789
133291605 13040126
133291605 13303601
133291605 43845789
133291606 13040126
133291606 13303601
133291606 43845789
133291607 13040126
133291607 13303601
133291607 43845789
133291614 13040126
133291614 13303601
133291614 43845789
133291616 13040126
133291616 13303601
133291616 43845789
133291618 13040126
133291618 13303601
133291618 43845789
133291619 13040126
133291619 13303601
133291619 43845789
133283897 13040133
133283897 13303591
133283899 13040133
133283899 13303591
133283903 13040133
133283903 13303591
133283906 13040133
133283906 13303591
133283912 13040133
133283912 13303591
133283921 13040133
133283921 13303591
133296193 13040133
133296193 13303591
133296194 13040133
133296194 13303591
133296195 13040133
133296195 13303591
133296196 13040133
133296196 13303591
138225533 101887788
138225533 13040027
138225533 58603292
138225534 101887788
138225534 13040027
138225534 58603292
138225565 101887788
138225565 13040027
138225565 58603292
138229083 101887788
138229083 13040027
138229083 58603292
138224868 118297082
138224868 118374250
138224868 13039523
138224868 49108712
138224885 118297082
138224885 118374250
138224885 13039523
138224885 49108712
138224895 118297082
138224895 118374250
138224895 13039523
138224895 49108712
138224905 118297082
138224905 118374250
138224905 13039523
138224905 49108712
138225242 118297082
138225242 118374250
138225242 13039523
138225242 49108712
138225255 118297082
138225255 118374250
138225255 13039523
138225255 49108712
138225543 118297082
138225543 118374250
138225543 13039523
138225543 49108712
138225598 118297082
138225598 118374250
138225598 13039523
138225598 49108712
138225600 118297082
138225600 118374250
138225600 13039523
138225600 49108712
138225672 118297082
138225672 118374250
138225672 13039523
138225672 49108712
138225684 118297082
138225684 118374250
138225684 13039523
138225684 49108712
138225943 118297082
138225943 118374250
138225943 13039523
138225943 49108712
138228763 118297082
138228763 118374250
138228763 13039523
138228763 49108712
138229004 118297082
138229004 118374250
138229004 13039523
138229004 49108712
138229005 118297082
138229005 118374250
138229005 13039523
138229005 49108712
138229225 118297082
138229225 118374250
138229225 13039523
138229225 49108712
138229480 118297082
138229480 118374250
138229480 13039523
138229480 49108712
138229481 118297082
138229481 118374250
138229481 13039523
138229481 49108712
138230014 118297082
138230014 118374250
138230014 13039523
138230014 49108712
138230015 118297082
138230015 118374250
138230015 13039523
138230015 49108712
138231078 118297082
138231078 118374250
138231078 13039523
138231078 49108712
138231079 118297082
138231079 118374250
138231079 13039523
138231079 49108712
138227238 13035759
138227240 13035759
138227241 13035759
138227244 13035759
138227250 13035759
138227251 13035759
138227253 13035759
138227254 13035759
138227355 13035759
138227452 13035759
138227453 13035759
138227456 13035759
138227458 13035759
138230518 13035759
138230520 13035759
138230521 13035759
138230522 13035759
138230524 13035759
138230525 13035759
138230528 13035759
138230530 13035759
138230531 13035759
138230638 13035759
138230640 13035759
138230641 13035759
138228741 13035766
138229628 13035766
138229629 13035766
138229640 13035769
138229641 13035769
138229642 13035769
138229643 13035769
138229644 13035769
138229646 13035769
138229647 13035769
138225030 13035772
138225032 13035772
138225035 13035772
138225036 13035772
138225038 13035772
138225571 13035772
138229560 13035772
138229561 13035772
138224595 13035778
138224605 13035778
138226156 13035780
138229932 13035780
138229933 13035780
138229934 13035784
138229935 13035784
138229940 13035784
138229941 13035784
138229942 13035784
138229943 13035784
138224888 13035793
138224889 13035793
138224891 13035793
138226311 13035795
138229019 13035795
138228922 13035808
138225739 13035812
138225982 13035812
138229890 13035812
138229891 13035812
138229892 13035812
138229893 13035812
138229894 13035812
138229895 13035812
138224943 13035815
138224955 13035815
138225071 13035822
138225104 13035822
138225138 13035822
138225177 13035822
138228975 13035822
138229570 13035822
138229571 13035822
138229666 13035822
138229667 13035822
138229691 13035822
138229734 13035822
138229735 13035822
138232056 13035822
138228976 13035823
138228604 13035825
138225749 13035830
138229904 13035830
138229905 13035830
138229906 13035830
138229907 13035830
138229908 13035830
138229909 13035830
138229910 13035830
138229912 13035830
138229913 13035830
138225173 13035848
138225173 49108713
138225599 13035848
138225599 49108713
138225808 13035888
138225808 51823912
138225808 51823975
138226072 13035888
138226072 51823912
138226072 51823975
138226075 13035888
138226075 51823912
138226075 51823975
138226079 13035888
138226079 51823912
138226079 51823975
138226186 13035888
138226186 51823912
138226186 51823975
138226267 13035888
138226267 51823912
138226267 51823975
138226321 13035888
138226321 51823912
138226321 51823975
138226323 13035888
138226323 51823912
138226323 51823975
138226331 13035888
138226331 51823912
138226331 51823975
138226398 13035888
138226398 51823912
138226398 51823975
138226584 13035888
138226584 51823912
138226584 51823975
138228798 13035888
138228798 51823912
138228798 51823975
138230070 13035888
138230070 51823912
138230070 51823975
138230071 13035888
138230071 51823912
138230071 51823975
138230072 13035888
138230072 51823912
138230072 51823975
138230073 13035888
138230073 51823912
138230073 51823975
138230074 13035888
138230074 51823912
138230074 51823975
138230076 13035888
138230076 51823912
138230076 51823975
138230077 13035888
138230077 51823912
138230077 51823975
138230084 13035888
138230084 51823912
138230084 51823975
138230085 13035888
138230085 51823912
138230085 51823975
138230168 13035888
138230168 51823912
138230168 51823975
138230169 13035888
138230169 51823912
138230169 51823975
138230176 13035888
138230176 51823912
138230176 51823975
138230177 13035888
138230177 51823912
138230177 51823975
138224832 13035898
138224915 13035898
138229396 13035898
138229398 13035898
138229400 13035898
138229401 13035898
138229408 13035898
138229410 13035898
138229411 13035898
138229420 13035898
138229422 13035898
138229423 13035898
138229432 13035898
138229434 13035898
138229435 13035898
138229740 13035898
138229742 13035898
138229744 13035898
138229745 13035898
138229754 13035898
138229755 13035898
138224587 13035903
138224600 13035903
138224599 13035913
138229328 13035913
138229329 13035913
138229334 13035913
138229335 13035913
138229338 13035913
138229339 13035913
138231050 13035918
138231051 13035918
138224619 13035926
138224620 13035926
138224809 13035926
138228583 13035926
138228584 13035926
138229342 13035926
138229343 13035926
138229346 13035926
138229347 13035926
138225045 13035931
138229590 13035931
138229591 13035931
138224935 13035931
138224935 13035933
138225758 13035943
138229914 13035943
138229915 13035943
138229916 13035943
138229917 13035943
138229918 13035943
138229919 13035943
138228615 13035949
138229168 13035949
138228999 13035951
138231872 13035951
138226031 13035962
138226047 13035962
138226078 13035962
138226100 13035962
138226182 13035962
138230066 13035962
138230068 13035962
138230069 13035962
138230136 13035962
138230138 13035962
138230139 13035962
138226242 13035971
138226481 13035971
138230160 13035971
138230162 13035971
138230164 13035971
138230166 13035971
138230167 13035971
138230994 13035971
138230995 13035971
138229926 13035977
138229927 13035977
138226779 13035981
138226780 13035981
138224850 13036001
138224859 13036001
138224924 13036001
138225194 13036001
138225245 13036001
138228066 13036001
138228082 13036001
138228095 13036001
138228113 13036001
138228227 13036001
138228294 13036001
138228745 13036001
138229193 13036001
138229706 13036001
138229707 13036001
138229756 13036001
138229757 13036001
138230884 13036001
138230885 13036001
138230898 13036001
138230899 13036001
138226226 13036020
138226240 13036020
138226258 13036020
138226329 13036020
138228800 13036020
138228823 13036020
138228826 13036020
138231000 13036020
138231001 13036020
138231006 13036020
138231007 13036020
138226877 13036025
138226878 13036025
138226975 13036025
138226116 13036038
138226131 13036038
138226138 13036038
138227189 13036038
138227204 13036038
138227223 13036038
138227243 13036038
138227366 13036038
138225714 13036056
138225716 13036056
138225718 13036056
138225720 13036056
138225914 13036056
138225954 13036056
138225997 13036056
138226007 13036056
138226211 13036056
138229271 13036056
138229878 13036056
138229880 13036056
138229881 13036056
138229882 13036056
138229883 13036056
138230012 13036056
138230013 13036056
138230080 13036056
138230081 13036056
138231090 13036056
138231091 13036056
138226905 13036066
138226912 13036066
138226979 13036066
138228846 13036066
138228848 13036066
138226639 13036069
138226640 13036069
138226736 13036069
138228828 13036069
138224559 13036073
138224560 13036073
138224694 13036073
138224581 13036085
138224632 13036085
138224721 13036085
138224751 13036085
138230264 13036085
138230265 13036085
138230268 13036085
138230269 13036085
138226368 13036129
138226383 13036129
138226386 13036129
138226530 13036129
138227393 13036129
138227414 13036129
138227422 13036129
138227437 13036129
138227608 13036129
138227641 13036129
138227643 13036129
138227645 13036129
138227647 13036129
138227650 13036129
138227653 13036129
138227655 13036129
138227657 13036129
138228803 13036129
138226644 13036134
138226531 13036135
138226758 13036140
138226533 13036141
138226535 13036149
138228804 13036149
138226536 13036156
138226527 13036170
138226537 13036170
138226538 13036170
138226201 13036209
138224877 13036235
138224879 13036235
138225302 13036235
138225336 13036235
138228050 13036235
138228080 13036235
138228093 13036235
138228124 13036235
138228163 13036235
138228214 13036235
138228300 13036235
138229412 13036235
138229413 13036235
138229424 13036235
138229425 13036235
138230860 13036235
138230861 13036235
138231074 13036235
138231076 13036235
138231096 13036235
138231097 13036235
138231184 13036235
138231188 13036235
138231895 13036235
138226838 13036241
138226952 13036241
138224781 13036243
138226953 13036246
138226954 13036246
138224828 13036265
138224839 13036265
138224852 13036265
138224867 13036265
138224870 13036265
138224928 13036265
138225100 13036265
138225252 13036265
138225306 13036265
138225321 13036265
138225392 13036265
138225451 13036265
138228052 13036265
138228060 13036265
138228075 13036265
138228085 13036265
138228100 13036265
138228253 13036265
138228255 13036265
138228259 13036265
138228556 13036265
138229796 13036265
138229797 13036265
138230864 13036265
138230865 13036265
138224783 13036273
138231597 13036273
138228051 13036280
138228053 13036280
138228054 13036280
138228156 13036280
138228192 13036280
138228361 13036280
138228362 13036280
138228402 13036280
138228405 13036280
138228414 13036280
138228047 13036293
138228055 13036293
138228070 13036293
138228097 13036293
138228104 13036293
138228133 13036293
138228174 13036293
138228222 13036293
138228265 13036293
138228336 13036293
138228591 13036293
138228592 13036293
138228887 13036293
138230850 13036293
138230852 13036293
138230853 13036293
138230862 13036293
138230863 13036293
138226844 13036306
138224785 13036307
138226732 13036310
138230322 13036310
138230323 13036310
138226958 13036313
138224787 13036315
138226959 13036327
138227778 13036327
138226621 13036330
138224548 13036337
138224675 13036337
138226510 13036341
138226967 13036348
138230394 13036348
138230395 13036348
138226624 13036358
138226625 13036358
138226627 13036358
138226727 13036358
138228838 13036358
138230308 13036358
138230309 13036358
138226512 13036359
138226514 13036362
138228360 13036371
138228364 13036371
138228368 13036371
138228378 13036371
138228382 13036371
138228400 13036371
138228434 13036371
138229191 13036371
138224564 13036378
138228586 13036378
138228587 13036378
138226516 13036380
138226518 13036384
138226930 13036387
138226931 13036391
138226831 13036412
138226845 13036412
138226932 13036412
138227753 13036412
138227769 13036412
138230382 13036412
138230383 13036412
138228031 13036417
138228257 13036423
138228375 13036423
138228376 13036423
138228436 13036423
138226933 13036431
138224763 13036439
138226935 13036442
138226822 13036456
138226825 13036456
138224876 13036460
138226936 13036487
138226939 13036487
138226941 13036487
138226942 13036487
138226944 13036487
138226946 13036487
138226947 13036487
138226823 13036492
138229272 13036492
138224765 13036497
138224767 13036501
138226826 13036504
138224535 13036518
138224542 13036518
138224557 13036518
138224562 13036518
138224573 13036518
138224639 13036518
138224666 13036518
138224692 13036518
138224753 13036518
138224762 13036518
138226596 13036518
138226607 13036518
138226612 13036518
138228725 13036518
138229288 13036518
138229289 13036518
138229370 13036518
138229371 13036518
138230270 13036518
138230272 13036518
138230273 13036518
138230326 13036518
138230328 13036518
138230329 13036518
138225821 13036531
138225829 13036531
138225843 13036531
138225916 13036531
138227006 13036531
138227012 13036531
138228786 13036531
138229862 13036531
138229864 13036531
138229865 13036531
138230978 13036531
138230980 13036531
138230981 13036531
138231084 13036531
138231086 13036531
138231088 13036531
138231089 13036531
138226603 13036542
138226605 13036542
138226688 13036542
138226693 13036542
138226698 13036542
138230274 13036542
138230275 13036542
138230276 13036542
138230277 13036542
138226786 13036556
138226906 13036556
138226914 13036556
138230376 13036556
138230377 13036556
138227024 13036564
138227037 13036564
138228676 13036564
138228677 13036564
138226610 13036568
138226719 13036568
138228449 13036571
138228451 13036571
138228452 13036575
138227025 13036585
138227042 13036585
138227129 13036585
138227166 13036585
138228678 13036585
138228679 13036585
138231112 13036585
138231114 13036585
138231116 13036585
138231117 13036585
138225699 13036602
138225702 13036602
138225704 13036602
138226056 13036602
138226061 13036602
138226062 13036602
138226064 13036602
138226065 13036602
138226206 13036602
138226207 13036602
138226251 13036602
138226254 13036602
138226257 13036602
138226453 13036602
138228566 13036602
138228567 13036602
138228672 13036602
138228673 13036602
138230060 13036602
138230061 13036602
138230062 13036602
138230064 13036602
138230065 13036602
138228341 13036604
138228343 13036607
138228345 13036610
138230678 13036616
138230680 13036616
138230681 13036616
138228347 13036619
138227746 13036651
138227750 13036651
138227752 13036651
138227777 13036651
138227788 13036651
138227792 13036651
138227800 13036651
138227805 13036651
138227824 13036651
138227834 13036651
138227836 13036651
138227840 13036651
138227843 13036651
138230748 13036651
138230749 13036651
138230768 13036651
138230770 13036651
138230771 13036651
138230772 13036651
138230773 13036651
138230794 13036651
138230795 13036651
138230796 13036651
138230798 13036651
138230799 13036651
138226060 13036670
138226070 13036670
138226089 13036670
138226123 13036670
138226144 13036670
138226168 13036670
138226180 13036670
138226196 13036670
138227197 13036670
138227212 13036670
138227215 13036670
138227228 13036670
138227239 13036670
138227342 13036670
138230048 13036670
138230049 13036670
138230058 13036670
138230059 13036670
138230112 13036670
138230113 13036670
138228349 13036673
138225648 13036681
138228760 13036681
138227055 13036685
138230460 13036685
138230461 13036685
138226785 13036711
138226791 13036711
138226792 13036711
138226807 13036711
138226809 13036711
138226824 13036711
138226879 13036711
138226880 13036711
138226889 13036711
138226916 13036711
138226938 13036711
138226940 13036711
138226943 13036711
138226945 13036711
138226950 13036711
138226951 13036711
138228837 13036711
138226778 13036717
138226855 13036717
138226917 13036717
138230462 13036721
138230463 13036721
138228764 13036723
138226806 13036727
138226801 13036739
138226919 13036739
138226920 13036739
138226926 13036739
138226808 13036745
138226896 13036745
138228656 13036748
138227986 13036775
138228017 13036775
138228030 13036775
138228101 13036775
138228103 13036775
138228106 13036775
138228108 13036775
138228109 13036775
138228111 13036775
138228112 13036775
138228242 13036775
138228247 13036775
138228251 13036775
138228262 13036775
138228288 13036775
138228432 13036775
138230830 13036775
138230831 13036775
138230900 13036775
138230901 13036775
138230904 13036775
138230906 13036775
138230907 13036775
138231102 13036775
138231103 13036775
138232090 13036778
138232091 13036782
138232092 13036787
138230022 13036790
138232093 13036795
138230023 13036798
138231374 13036798
138232094 13036803
138224571 13036815
138225191 13036815
138225395 13036815
138229368 13036815
138229369 13036815
138229698 13036815
138229700 13036815
138229701 13036815
138229702 13036815
138229703 13036815
138230024 13036824
138230025 13036824
138226040 13036846
138226043 13036846
138226239 13036846
138226244 13036846
138226245 13036846
138228689 13036846
138228690 13036846
138229184 13036846
138230996 13036846
138230998 13036846
138230999 13036846
138232095 13036850
138231274 13036858
138231814 13036858
138231816 13036858
138232096 13036858
138232097 13036865
138232098 13036871
138224758 13036884
138224760 13036884
138224769 13036884
138228012 13036884
138228014 13036884
138228016 13036884
138228018 13036884
138228020 13036884
138228022 13036884
138228024 13036884
138228026 13036884
138228027 13036884
138228295 13036884
138228297 13036884
138228299 13036884
138228301 13036884
138228303 13036884
138228305 13036884
138228307 13036884
138228309 13036884
138228311 13036884
138228321 13036884
138228323 13036884
138228327 13036884
138232088 13036884
138232099 13036890
138227923 13036914
138227925 13036914
138227926 13036914
138227928 13036914
138227972 13036914
138227976 13036914
138227990 13036914
138228011 13036914
138228088 13036914
138228091 13036914
138228094 13036914
138228134 13036914
138228200 13036914
138228202 13036914
138228206 13036914
138228211 13036914
138228216 13036914
138228219 13036914
138228229 13036914
138228232 13036914
138228244 13036914
138228346 13036914
138228348 13036914
138230854 13036914
138230855 13036914
138225197 13036922
138225211 13036922
138225221 13036922
138225279 13036922
138225402 13036922
138225408 13036922
138225426 13036922
138230350 13036922
138230351 13036922
138227382 13036940
138227383 13036940
138227507 13036940
138227508 13036940
138227511 13036940
138230548 13036940
138230550 13036940
138230551 13036940
138230552 13036940
138230553 13036940
138230560 13036940
138230561 13036940
138230664 13036940
138230665 13036940
138230666 13036940
138230668 13036940
138230669 13036940
138230722 13036940
138230724 13036940
138230726 13036940
138230728 13036940
138230729 13036940
138230736 13036940
138230738 13036940
138230739 13036940
138226988 13036945
138228850 13036945
138226997 13036948
138228851 13036948
138226990 13036954
138227008 13036954
138227022 13036954
138230440 13036954
138230441 13036954
138225500 13036958
138228742 13036958
138227288 13036961
138227296 13036961
138230556 13036961
138230557 13036961
138230592 13036961
138230594 13036961
138230596 13036961
138230598 13036961
138230599 13036961
138230788 13036961
138230790 13036961
138230792 13036961
138230793 13036961
138230800 13036961
138230801 13036961
138228633 13036966
138228634 13036966
138228635 13036966
138228636 13036966
138228638 13036966
138228640 13036966
138228641 13036966
138230108 13036970
138230110 13036970
138230111 13036970
138224845 13036972
138224848 13036972
138224851 13036972
138225333 13036972
138228523 13036972
138229027 13036972
138229028 13036972
138229280 13036972
138229281 13036972
138229360 13036972
138229361 13036972
138229402 13036972
138229403 13036972
138228637 13036973
138225210 13036975
138225213 13036975
138225214 13036975
138225280 13036975
138228525 13036975
138232072 13036979
138226253 13036986
138226324 13036986
138226338 13036986
138226354 13036986
138228814 13036986
138228819 13036986
138230200 13036986
138230202 13036986
138230203 13036986
138230228 13036986
138230229 13036986
138230237 13036986
138231002 13036986
138231004 13036986
138231005 13036986
138232075 13036986
138226851 13036996
138226900 13036996
138226903 13036996
138232076 13036996
138232077 13036996
138232078 13036996
138230118 13037001
138230120 13037001
138230121 13037001
138225172 13037004
138227756 13037007
138227779 13037007
138230756 13037007
138230757 13037007
138228944 13037008
138228945 13037008
138227766 13037009
138230758 13037009
138230759 13037009
138224791 13037015
138224816 13037015
138229386 13037015
138229387 13037015
138231574 13037015
138231575 13037015
138224612 13037015
138224612 13039989
138228911 13037015
138228911 13039989
138228914 13037015
138228914 13039989
138228917 13037015
138228917 13039989
138228920 13037015
138228920 13039989
138228930 13037015
138228930 13039989
138227261 13037027
138230534 13037027
138230535 13037027
138230422 13037032
138230424 13037032
138230426 13037032
138230427 13037032
138230428 13037032
138230429 13037032
138230536 13037035
138230537 13037035
138226921 13037037
138226922 13037037
138228839 13037037
138224579 13037040
138224786 13037040
138228726 13037040
138229314 13037040
138229315 13037040
138225482 13037042
138232160 13037045
138232161 13037046
138225484 13037048
138232162 13037050
138232163 13037054
138228619 13037057
138232164 13037058
138232165 13037061
138232166 13037068
138225150 13037073
138232167 13037084
138225151 13037086
138232168 13037096
138229259 13037099
138230730 13037099
138227701 13037106
138230614 13037106
138230615 13037106
138230626 13037106
138230628 13037106
138230630 13037106
138230631 13037106
138230742 13037106
138231632 13037106
138232055 13037106
138232169 13037109
138230731 13037110
138225218 13037120
138228834 13037120
138229242 13037120
138232057 13037120
138230958 13037124
138230959 13037124
138230734 13037128
138230735 13037128
138232059 13037133
138225157 13037139
138225509 13037139
138225511 13037139
138225651 13037139
138225973 13037139
138228778 13037139
138229658 13037139
138224907 13037141
138225573 13037143
138225574 13037143
138225688 13037147
138225690 13037147
138225897 13037147
138225950 13037147
138226046 13037147
138226051 13037147
138228771 13037147
138228777 13037147
138229854 13037147
138229855 13037147
138229856 13037147
138229857 13037147
138230054 13037147
138230056 13037147
138230057 13037147
138232140 13037149
138225674 13037162
138225689 13037162
138225713 13037162
138225833 13037162
138225845 13037162
138225918 13037162
138225947 13037162
138227000 13037162
138227017 13037162
138227044 13037162
138227132 13037162
138229866 13037162
138229868 13037162
138229869 13037162
138229984 13037162
138229985 13037162
138230396 13037162
138230398 13037162
138230400 13037162
138230402 13037162
138230403 13037162
138230436 13037162
138230437 13037162
138232141 13037166
138232142 13037169
138232143 13037172
138232144 13037178
138229819 13037181
138231845 13037181
138231851 13037181
138231854 13037181
138231855 13037181
138231856 13037181
138232031 13037181
138232032 13037181
138232033 13037181
138232036 13037181
138232037 13037181
138232145 13037184
138232146 13037185
138232147 13037187
138232148 13037188
138232035 13037189
138232149 13037190
138225189 13037192
138225202 13037192
138225359 13037192
138225429 13037192
138225437 13037192
138229704 13037192
138229705 13037192
138229738 13037192
138229739 13037192
138232038 13037194
138232040 13037194
138231846 13037196
138231847 13037196
138231850 13037196
138231852 13037196
138232039 13037196
138224840 13037198
138224843 13037198
138225315 13037198
138225317 13037198
138225888 13037198
138229209 13037198
138229848 13037198
138229849 13037198
138225552 13037199
138225556 13037199
138225667 13037202
138232120 13037204
138232121 13037205
138232122 13037208
138232123 13037210
138232124 13037212
138232125 13037214
138232126 13037216
138224869 13037222
138224872 13037222
138225449 13037222
138229418 13037222
138229419 13037222
138229770 13037222
138229771 13037222
138231055 13037222
138232127 13037226
138232128 13037229
138225971 13037231
138232129 13037234
138225860 13037245
138225974 13037245
138225976 13037245
138226993 13037245
138227872 13037246
138227895 13037246
138228881 13037246
138230806 13037246
138230807 13037246
138230816 13037246
138230817 13037246
138232085 13037246
138225867 13037250
138225932 13037250
138225988 13037250
138231295 13037250
138231296 13037250
138225668 13037258
138225869 13037258
138228765 13037258
138232061 13037258
138232100 13037261
138232101 13037263
138225212 13037267
138225224 13037267
138225399 13037267
138225424 13037267
138226753 13037267
138226761 13037267
138226790 13037267
138226861 13037267
138226868 13037267
138229079 13037267
138230358 13037267
138230360 13037267
138230361 13037267
138231058 13037267
138231060 13037267
138231062 13037267
138231063 13037267
138232102 13037271
138232103 13037273
138232104 13037278
138232105 13037281
138232106 13037285
138232107 13037287
138232108 13037288
138225951 13037289
138232109 13037290
138225955 13037293
138225957 13037296
138225731 13037297
138227294 13037302
138227309 13037302
138230542 13037302
138230544 13037302
138230545 13037302
138230562 13037302
138230564 13037302
138230565 13037302
138227181 13037305
138225510 13037307
138226837 13037314
138227110 13037314
138227112 13037314
138227114 13037314
138227116 13037314
138227117 13037314
138227119 13037314
138227182 13037314
138227316 13037314
138229232 13037314
138227183 13037321
138227184 13037322
138225514 13037323
138227186 13037325
138225516 13037327
138227381 13037329
138225826 13037331
138225837 13037331
138225827 13037333
138227386 13037334
138227499 13037337
138227388 13037339
138227163 13037341
138227165 13037344
138227167 13037346
138227169 13037348
138227057 13037349
138227540 13037350
138227546 13037350
138227547 13037350
138227690 13037350
138227691 13037351
138227059 13037354
138227093 13037354
138227107 13037354
138227185 13037354
138227803 13037354
138228686 13037354
138228687 13037354
138232067 13037354
138227693 13037355
138227694 13037358
138227695 13037358
138227430 13037361
138227696 13037361
138227697 13037363
138227698 13037363
138227472 13037364
138227486 13037364
138227494 13037364
138227498 13037364
138227473 13037366
138227476 13037366
138227478 13037366
138227479 13037366
138227713 13037366
138230652 13037366
138230653 13037366
138227474 13037370
138227488 13037370
138227495 13037370
138227227 13037373
138227233 13037373
138227242 13037373
138227362 13037373
138227368 13037373
138227380 13037373
138227477 13037376
138227481 13037376
138227493 13037376
138227367 13037379
138227369 13037380
138226802 13037387
138226804 13037387
138226805 13037387
138226923 13037387
138227066 13037387
138227067 13037387
138227070 13037387
138227138 13037387
138227143 13037387
138227148 13037387
138227270 13037387
138227271 13037387
138227275 13037387
138228683 13037387
138228684 13037387
138229215 13037387
138230554 13037387
138230555 13037387
138230558 13037387
138231010 13037387
138231011 13037387
138227068 13037396
138227085 13037396
138227103 13037396
138227146 13037396
138227817 13037396
138230484 13037396
138230486 13037396
138230487 13037396
138227780 13037399
138227034 13037400
138231092 13037403
138231093 13037403
138227748 13037405
138227764 13037405
138227781 13037405
138227878 13037407
138227894 13037407
138227782 13037408
138227896 13037411
138227784 13037413
138231794 13037413
138227897 13037415
138227898 13037415
138227672 13037416
138231098 13037423
138227674 13037424
138227561 13037426
138227789 13037428
138227676 13037429
138227565 13037430
138231290 13037431
138227069 13037435
138227084 13037435
138227113 13037435
138227120 13037435
138227151 13037435
138227796 13037435
138227810 13037435
138227821 13037435
138230476 13037435
138230478 13037435
138230479 13037435
138230786 13037435
138230787 13037435
138231291 13037437
138227234 13037438
138231292 13037440
138231180 13037441
138229080 13037444
138231293 13037446
138231294 13037446
138231181 13037447
138231182 13037453
138231183 13037455
138227065 13037461
138227081 13037461
138227096 13037461
138227109 13037461
138227125 13037461
138227141 13037461
138227815 13037461
138230776 13037461
138230777 13037461
138231297 13037465
138231185 13037468
138231298 13037470
138231186 13037472
138231299 13037473
138227927 13037475
138227933 13037475
138227940 13037475
138227988 13037475
138227992 13037475
138228023 13037475
138231026 13037475
138231027 13037475
138224534 13037481
138224536 13037481
138224539 13037481
138224541 13037481
138224653 13037481
138224656 13037481
138224661 13037481
138224662 13037481
138224835 13037481
138225293 13037481
138225671 13037481
138225673 13037481
138225873 13037481
138225946 13037481
138229208 13037481
138229390 13037481
138229391 13037481
138229392 13037481
138229393 13037481
138230972 13037481
138230973 13037481
138231077 13037481
138231106 13037481
138231107 13037481
138231187 13037481
138231189 13037483
138227651 13037485
138227652 13037485
138227877 13037486
138227654 13037487
138227656 13037489
138227503 13037497
138227522 13037497
138227543 13037497
138227682 13037497
138230706 13037497
138230707 13037497
138232083 13037497
138227658 13037499
138227659 13037500
138227660 13037500
138231489 13037503
138231490 13037503
138231491 13037503
138231492 13037506
138227435 13037507
138231370 13037508
138231380 13037508
138231902 13037508
138231493 13037509
138231494 13037509
138227436 13037510
138231381 13037511
138231382 13037512
138227324 13037514
138231383 13037515
138231405 13037515
138227325 13037518
138231270 13037519
138227439 13037520
138231384 13037521
138231407 13037521
138231271 13037522
138225717 13037527
138229171 13037527
138229858 13037527
138229860 13037527
138229861 13037527
138229874 13037527
138229876 13037527
138229877 13037527
138231480 13037530
138231497 13037530
138231385 13037531
138231272 13037532
138231470 13037534
138231481 13037534
138231498 13037534
138227960 13037542
138228057 13037542
138228063 13037542
138228065 13037542
138228067 13037542
138228131 13037542
138228165 13037542
138228168 13037542
138228171 13037542
138228177 13037542
138228187 13037542
138228302 13037542
138228366 13037542
138230846 13037542
138230847 13037542
138230886 13037542
138230887 13037542
138230890 13037542
138230891 13037542
138230916 13037542
138230917 13037542
138230926 13037542
138230928 13037542
138231094 13037542
138231095 13037542
138231386 13037546
138227328 13037547
138231273 13037549
138231469 13037551
138231482 13037551
138231499 13037551
138231160 13037555
138231387 13037557
138231409 13037557
138227216 13037558
138231161 13037559
138231275 13037562
138231276 13037562
138231162 13037565
138231389 13037568
138231410 13037568
138231418 13037568
138231163 13037570
138227106 13037571
138231277 13037574
138231164 13037576
138231052 13037577
138231053 13037577
138231054 13037580
138231278 13037580
138229178 13037583
138231165 13037586
138231279 13037589
138231166 13037590
138227855 13037591
138231167 13037593
138231168 13037600
138227413 13037606
138227630 13037606
138227632 13037606
138227635 13037606
138228860 13037606
138230712 13037606
138230713 13037606
138230743 13037606
138227744 13037609
138231169 13037611
138227631 13037613
138231690 13037615
138231691 13037617
138227633 13037620
138227634 13037620
138227521 13037622
138231692 13037623
138231693 13037625
138231580 13037627
138231694 13037628
138227636 13037630
138231581 13037632
138227281 13037641
138227285 13037641
138227287 13037641
138227289 13037641
138227290 13037641
138227524 13037641
138227528 13037641
138227529 13037641
138227531 13037641
138227581 13037641
138227583 13037641
138227591 13037641
138227675 13037641
138230566 13037641
138230578 13037641
138230580 13037641
138230582 13037641
138230583 13037641
138230682 13037641
138230686 13037641
138230688 13037641
138230689 13037641
138230690 13037641
138230691 13037641
138232082 13037641
138227417 13037644
138227637 13037644
138227639 13037644
138231582 13037647
138231864 13037647
138231865 13037647
138231696 13037648
138227638 13037650
138231583 13037652
138231471 13037653
138227485 13037657
138227487 13037657
138227489 13037657
138227490 13037657
138230654 13037657
138230655 13037657
138230744 13037657
138230745 13037657
138231697 13037657
138231448 13037660
138231472 13037660
138231486 13037660
138231698 13037662
138231700 13037662
138231585 13037664
138232068 13037664
138231447 13037666
138231460 13037666
138231473 13037666
138231699 13037667
138231360 13037669
138231586 13037670
138229660 13037681
138229662 13037681
138229663 13037681
138231474 13037681
138231507 13037681
138231510 13037681
138231361 13037685
138231587 13037686
138231475 13037688
138231362 13037691
138229262 13037694
138231250 13037695
138231476 13037696
138231363 13037699
138231589 13037700
138231251 13037703
138229151 13037705
138231477 13037706
138231364 13037708
138231252 13037710
138231478 13037712
138231365 13037713
138231253 13037715
138231479 13037717
138231366 13037719
138231254 13037721
138231141 13037725
138231367 13037727
138229267 13037728
138231255 13037729
138231142 13037732
138229042 13037733
138227830 13037735
138231256 13037737
138231143 13037738
138231369 13037739
138229269 13037741
138227831 13037747
138227844 13037747
138231257 13037750
138231258 13037750
138231879 13037750
138231880 13037750
138231144 13037751
138227832 13037752
138231145 13037754
138231259 13037755
138231146 13037756
138231175 13037761
138231893 13037761
138231147 13037767
138231780 13037771
138231148 13037772
138229048 13037773
138231781 13037774
138231149 13037775
138229049 13037777
138231782 13037778
138231670 13037779
138231896 13037781
138227011 13037789
138227013 13037789
138227015 13037789
138227018 13037789
138227020 13037789
138227162 13037789
138227164 13037789
138227201 13037789
138227203 13037789
138227206 13037789
138227207 13037789
138227211 13037789
138227346 13037789
138227363 13037789
138227409 13037789
138227411 13037789
138227412 13037789
138227415 13037789
138227416 13037789
138227419 13037789
138227598 13037789
138227612 13037789
138230608 13037789
138230609 13037789
138232081 13037789
138231783 13037790
138231671 13037792
138231897 13037793
138231784 13037795
138231672 13037797
138231898 13037799
138227614 13037800
138227615 13037800
138231785 13037801
138231787 13037801
138231673 13037802
138231899 13037803
138231560 13037804
138231786 13037805
138231674 13037807
138231561 13037808
138231565 13037808
138231569 13037808
138231675 13037812
138227617 13037814
138231562 13037815
138231788 13037818
138231449 13037819
138231450 13037819
138231676 13037820
138231563 13037822
138231789 13037824
138231677 13037825
138227619 13037827
138231564 13037830
138231571 13037830
138231452 13037833
138231453 13037833
138231454 13037833
138231455 13037833
138231456 13037833
138231679 13037834
138231340 13037836
138231566 13037837
138231567 13037842
138231342 13037844
138231349 13037844
138231568 13037845
138224636 13037852
138224638 13037852
138224640 13037852
138224641 13037852
138224728 13037852
138224730 13037852
138224732 13037852
138225225 13037852
138225226 13037852
138225411 13037852
138225416 13037852
138229356 13037852
138229357 13037852
138229372 13037852
138229374 13037852
138229375 13037852
138229380 13037852
138229381 13037852
138229382 13037852
138229383 13037852
138231230 13037855
138231457 13037857
138229244 13037860
138229827 13037860
138231231 13037861
138229358 13037863
138229359 13037863
138231345 13037866
138231232 13037868
138231459 13037870
138231233 13037871
138229247 13037873
138231234 13037875
138231348 13037877
138231353 13037877
138229248 13037879
138224533 13037882
138224545 13037882
138224552 13037882
138224764 13037882
138227924 13037882
138227931 13037882
138227939 13037882
138228019 13037882
138229276 13037882
138229278 13037882
138229279 13037882
138227811 13037885
138231236 13037888
138231870 13037890
138231871 13037890
138231237 13037892
138231238 13037893
138231126 13037895
138231127 13037895
138231239 13037897
138231861 13037899
138231873 13037899
138231874 13037899
138231760 13037902
138227702 13037903
138231128 13037905
138231761 13037907
138231875 13037909
138231876 13037909
138231877 13037909
138231878 13037909
138231129 13037911
138231762 13037919
138227704 13037920
138227705 13037920
138231763 13037921
138231764 13037922
138227706 13037923
138227707 13037923
138231651 13037924
138231765 13037925
138231766 13037925
138231652 13037928
138231540 13037931
138231653 13037932
138231541 13037933
138231767 13037934
138227709 13037936
138231654 13037938
138231911 13037938
138231542 13037942
138231768 13037944
138231655 13037950
138231543 13037952
138231430 13037955
138231446 13037955
138231656 13037959
138231544 13037964
138231769 13037966
138231657 13037968
138231545 13037969
138231432 13037970
138231658 13037972
138231304 13037973
138231311 13037973
138231320 13037973
138231327 13037973
138231336 13037973
138231347 13037973
138231352 13037973
138231546 13037977
138231422 13037979
138231433 13037979
138231547 13037983
138231434 13037985
138231659 13037989
138231322 13037991
138231548 13037992
138231435 13037997
138231306 13038006
138231314 13038006
138231315 13038006
138231323 13038006
138231324 13038006
138231330 13038006
138231331 13038006
138231332 13038006
138231333 13038006
138231343 13038006
138231344 13038006
138231350 13038006
138231351 13038006
138231209 13038018
138231210 13038018
138229224 13038021
138231549 13038029
138231211 13038036
138231325 13038039
138231326 13038039
138231212 13038042
138231437 13038044
138231438 13038044
138231439 13038044
138231440 13038044
138231441 13038044
138231213 13038046
138231100 13038048
138231101 13038048
138231214 13038050
138231328 13038052
138231215 13038053
138229002 13038055
138229003 13038055
138229229 13038056
138231216 13038057
138231217 13038059
138227905 13038063
138227906 13038066
138227907 13038066
138227908 13038066
138227953 13038066
138229006 13038068
138231740 13038069
138231219 13038072
138231848 13038073
138231849 13038073
138231853 13038073
138232034 13038073
138232041 13038073
138231741 13038075
138231742 13038077
138227909 13038080
138227913 13038080
138231630 13038081
138231744 13038082
138231631 13038083
138231745 13038084
138231857 13038087
138232043 13038087
138231520 13038088
138231746 13038089
138231858 13038090
138231516 13038091
138231517 13038091
138231521 13038091
138231634 13038092
138231859 13038093
138231747 13038094
138231635 13038095
138231523 13038097
138231748 13038099
138231524 13038101
138231749 13038104
138231390 13038105
138231411 13038105
138231525 13038106
138231406 13038110
138231412 13038110
138231415 13038110
138231423 13038110
138231429 13038110
138231637 13038112
138231413 13038113
138231300 13038116
138231414 13038120
138226181 13038122
138231301 13038124
138231527 13038128
138231302 13038129
138231528 13038131
138231416 13038132
138226183 13038133
138231303 13038134
138231309 13038134
138231319 13038134
138231529 13038136
138231368 13038137
138231388 13038137
138231408 13038137
138231417 13038137
138231427 13038137
138226185 13038138
138231305 13038139
138231313 13038139
138231321 13038139
138231329 13038139
138231335 13038139
138231339 13038139
138231346 13038139
138226026 13038145
138226041 13038145
138226055 13038145
138226074 13038145
138226080 13038145
138226160 13038145
138230082 13038145
138230083 13038145
138230086 13038145
138230088 13038145
138230090 13038145
138230092 13038145
138230093 13038145
138226187 13038147
138231307 13038150
138231308 13038150
138231720 13038151
138229620 13038156
138229622 13038156
138229623 13038156
138231722 13038159
138231610 13038162
138231835 13038164
138231723 13038165
138231611 13038167
138231836 13038170
138231724 13038172
138231612 13038173
138231837 13038175
138231613 13038177
138231838 13038178
138231614 13038181
138231839 13038184
138231483 13038189
138231501 13038189
138231726 13038194
138226382 13038218
138226541 13038218
138231727 13038222
138226496 13038225
138231615 13038228
138231503 13038232
138231728 13038235
138231616 13038237
138231504 13038239
138231729 13038240
138231617 13038242
138231618 13038243
138231619 13038246
138231506 13038248
138231508 13038250
138231509 13038250
138226032 13038252
138226050 13038252
138226063 13038252
138226076 13038252
138230140 13038252
138230141 13038252
138226029 13038257
138226053 13038257
138226068 13038257
138226091 13038257
138226104 13038257
138226219 13038257
138227195 13038257
138227210 13038257
138227230 13038257
138227344 13038257
138230052 13038257
138230053 13038257
138230134 13038257
138230135 13038257
138230142 13038257
138230143 13038257
138230516 13038257
138230517 13038257
138231554 13038257
138226608 13038259
138226691 13038259
138226696 13038259
138226701 13038259
138229081 13038259
138231701 13038260
138231702 13038261
138231703 13038264
138231704 13038265
138226450 13038268
138226452 13038268
138226454 13038268
138226456 13038268
138226458 13038268
138226464 13038268
138226466 13038268
138226472 13038268
138226474 13038268
138228701 13038268
138228702 13038268
138228809 13038268
138230252 13038268
138230254 13038268
138230255 13038268
138231706 13038270
138231707 13038273
138231708 13038274
138231709 13038276
138226890 13038280
138226891 13038280
138226894 13038280
138226898 13038280
138228843 13038280
138226772 13038288
138226783 13038288
138226795 13038288
138226892 13038288
138226911 13038288
138226980 13038288
138230378 13038288
138230379 13038288
138232079 13038288
138226893 13038290
138226781 13038291
138226895 13038292
138226782 13038295
138226784 13038295
138226897 13038295
138231901 13038296
138231903 13038297
138226899 13038298
138226901 13038298
138226902 13038298
138226593 13038301
138226595 13038301
138226597 13038301
138226670 13038301
138226673 13038301
138226676 13038301
138226681 13038301
138226756 13038301
138226962 13038301
138230266 13038301
138230267 13038301
138230330 13038301
138230331 13038301
138230352 13038301
138230354 13038301
138230355 13038301
138231518 13038303
138231522 13038303
138231526 13038303
138231907 13038303
138231908 13038305
138231641 13038307
138231909 13038307
138226088 13038315
138226092 13038315
138226095 13038315
138226099 13038315
138226101 13038315
138226102 13038315
138226190 13038315
138226192 13038315
138226344 13038315
138226350 13038315
138228698 13038315
138228699 13038315
138228794 13038315
138228799 13038315
138229210 13038315
138230098 13038315
138230099 13038315
138226233 13038323
138226332 13038323
138226363 13038323
138226380 13038323
138226406 13038323
138226445 13038323
138226509 13038323
138226513 13038323
138227420 13038323
138228824 13038323
138230170 13038323
138230172 13038323
138230174 13038323
138230175 13038323
138230188 13038323
138230189 13038323
138230250 13038323
138230251 13038323
138230258 13038323
138230259 13038323
138230606 13038323
138230607 13038323
138230642 13038323
138230644 13038323
138230645 13038323
138226122 13038325
138226371 13038325
138228801 13038325
138228806 13038325
138226907 13038329
138226982 13038329
138226986 13038335
138226874 13038339
138226540 13038341
138226542 13038343
138226769 13038344
138226155 13038345
138230094 13038345
138230095 13038345
138226326 13038349
138226327 13038349
138226328 13038349
138226335 13038349
138226337 13038349
138226503 13038349
138230196 13038349
138230197 13038349
138230198 13038349
138230199 13038349
138226961 13038351
138226963 13038352
138226965 13038353
138226969 13038354
138226632 13038360
138229214 13038360
138228590 13038364
138226520 13038366
138226746 13038368
138226748 13038372
138228595 13038374
138226638 13038376
138228596 13038380
138226526 13038382
138226413 13038384
138232177 13038384
138228598 13038385
138226528 13038387
138226529 13038389
138228049 13038390
138228151 13038390
138226835 13038393
138226949 13038394
138228571 13038396
138230388 13038399
138230389 13038399
138226504 13038401
138226616 13038403
138226619 13038403
138230340 13038403
138230342 13038403
138230343 13038403
138228465 13038405
138226508 13038406
138228880 13038429
138224864 13038430
138227086 13038434
138227088 13038434
138227156 13038434
138230470 13038434
138230471 13038434
138230472 13038434
138230473 13038434
138230567 13038434
138231743 13038434
138226925 13038436
138226818 13038445
138226820 13038445
138226821 13038445
138226927 13038445
138228840 13038445
138226815 13038447
138226928 13038450
138228330 13038453
138228332 13038456
138228447 13038458
138228338 13038461
138228339 13038461
138226904 13038465
138225612 13038467
138228977 13038467
138227687 13038469
138228866 13038469
138228642 13038471
138228647 13038473
138225454 13038476
138230982 13038476
138230983 13038476
138232179 13038476
138232221 13038476
138232220 13038476
138232220 13038619
138230760 13038480
138230761 13038480
138232089 13038481
138230656 13038483
138228732 13038489
138231531 13038489
138231904 13038489
138227280 13038497
138227293 13038497
138228857 13038497
138228879 13038497
138230546 13038497
138230547 13038497
138231012 13038497
138231014 13038497
138231016 13038497
138231017 13038497
138226106 13038504
138226360 13038504
138228825 13038504
138230210 13038504
138230212 13038504
138230213 13038504
138230216 13038504
138230217 13038504
138230222 13038504
138230223 13038504
138232170 13038510
138225497 13038513
138232062 13038516
138225499 13038520
138232065 13038522
138232066 13038524
138228821 13038526
138228827 13038529
138230303 13038531
138232150 13038533
138232151 13038535
138232152 13038539
138225588 13038542
138232153 13038549
138232154 13038552
138232155 13038554
138231844 13038556
138232042 13038556
138232156 13038558
138225479 13038559
138232157 13038563
138227501 13038569
138227523 13038569
138227545 13038569
138227573 13038569
138227673 13038569
138227866 13038569
138227876 13038569
138227890 13038569
138230708 13038569
138230709 13038569
138230720 13038569
138230721 13038569
138232158 13038572
138232159 13038574
138227027 13038582
138227029 13038582
138227031 13038582
138227032 13038582
138227168 13038582
138227222 13038582
138227359 13038582
138227433 13038582
138227434 13038582
138230438 13038582
138230439 13038582
138230496 13038582
138230498 13038582
138230499 13038582
138230510 13038582
138230511 13038582
138230610 13038582
138230612 13038582
138230613 13038582
138230616 13038582
138230617 13038582
138230618 13038582
138230619 13038582
138230718 13038582
138230719 13038582
138232130 13038584
138232131 13038586
138232132 13038588
138232133 13038592
138232134 13038601
138227506 13038606
138227527 13038606
138227563 13038606
138227575 13038606
138227883 13038606
138229235 13038606
138230702 13038606
138230703 13038606
138230740 13038606
138230741 13038606
138230810 13038606
138230812 13038606
138230814 13038606
138230815 13038606
138232135 13038610
138232136 13038611
138232137 13038614
138232138 13038616
138232139 13038618
138232110 13038620
138232111 13038623
138232112 13038625
138232113 13038626
138232114 13038628
138232115 13038629
138232116 13038630
138232117 13038632
138225960 13038634
138232118 13038637
138232119 13038640
138225965 13038643
138227191 13038646
138227192 13038646
138225524 13038648
138225940 13038652
138225942 13038654
138225830 13038663
138225834 13038663
138225838 13038663
138226111 13038663
138226113 13038663
138226114 13038663
138226117 13038663
138226118 13038663
138226120 13038663
138229986 13038663
138229988 13038663
138229989 13038663
138229994 13038663
138229996 13038663
138229998 13038663
138230000 13038663
138230001 13038663
138230114 13038663
138230116 13038663
138230117 13038663
138225831 13038668
138227390 13038671
138225948 13038678
138227395 13038682
138227396 13038682
138227401 13038682
138227404 13038682
138227616 13038682
138227628 13038682
138229035 13038682
138229186 13038682
138230500 13038682
138230501 13038682
138230602 13038682
138230604 13038682
138230605 13038682
138227397 13038683
138227063 13038689
138227087 13038689
138227153 13038689
138230474 13038689
138230475 13038689
138227176 13038691
138227178 13038694
138227179 13038694
138227272 13038699
138227284 13038699
138227306 13038699
138227322 13038699
138227353 13038699
138227370 13038699
138227371 13038699
138227373 13038699
138227376 13038699
138227385 13038699
138227842 13038699
138230802 13038699
138230803 13038699
138227372 13038701
138227374 13038705
138227375 13038705
138227377 13038706
138227379 13038707
138227793 13038708
138227681 13038710
138227683 13038711
138227685 13038712
138227461 13038721
138227462 13038721
138227464 13038721
138227475 13038721
138227483 13038721
138227500 13038721
138227505 13038721
138227515 13038721
138227519 13038721
138227520 13038721
138227525 13038721
138227533 13038721
138227579 13038721
138227585 13038721
138229234 13038721
138230646 13038721
138230648 13038721
138230649 13038721
138230660 13038721
138230662 13038721
138230663 13038721
138230732 13038721
138230733 13038721
138227689 13038725
138227463 13038726
138227465 13038726
138227308 13038731
138227310 13038731
138227311 13038731
138227312 13038731
138227314 13038731
138227320 13038731
138227321 13038731
138227323 13038731
138227351 13038731
138227558 13038731
138227559 13038731
138227835 13038731
138227853 13038731
138230600 13038731
138230601 13038731
138227467 13038734
138227468 13038734
138227469 13038734
138227480 13038734
138227482 13038734
138227492 13038734
138227708 13038734
138227710 13038734
138227711 13038734
138230650 13038734
138230651 13038734
138230658 13038734
138230659 13038734
138231190 13038735
138231191 13038737
138231192 13038740
138231193 13038744
138231194 13038747
138231195 13038751
138226045 13038760
138226059 13038760
138226093 13038760
138226126 13038760
138226166 13038760
138226176 13038760
138230078 13038760
138230079 13038760
138231196 13038760
138227885 13038762
138231197 13038765
138231198 13038766
138231199 13038767
138227662 13038770
138227888 13038773
138227664 13038776
138227667 13038778
138227669 13038780
138227269 13038782
138227282 13038782
138227301 13038782
138227315 13038782
138227333 13038782
138227337 13038782
138227339 13038782
138227387 13038782
138231391 13038785
138231392 13038786
138231393 13038786
138231280 13038787
138229181 13038788
138231281 13038790
138231394 13038793
138226243 13038808
138226249 13038808
138226263 13038808
138226333 13038808
138226348 13038808
138226374 13038808
138226419 13038808
138226525 13038808
138227392 13038808
138227622 13038808
138227624 13038808
138228859 13038808
138229182 13038808
138230214 13038808
138230215 13038808
138230256 13038808
138230257 13038808
138232074 13038808
138231282 13038810
138231379 13038813
138231395 13038813
138229070 13038817
138231170 13038820
138231283 13038822
138231396 13038826
138231171 13038831
138231284 13038832
138231397 13038833
138231172 13038835
138231285 13038836
138231398 13038838
138231173 13038839
138231286 13038844
138231399 13038845
138231174 13038847
138231287 13038850
138231288 13038851
138231289 13038851
138231176 13038852
138231177 13038854
138227007 13038855
138227640 13038856
138231178 13038857
138227867 13038861
138227868 13038861
138231179 13038864
138227642 13038866
138227755 13038869
138227644 13038873
138231590 13038876
138227646 13038879
138231592 13038882
138227648 13038885
138227649 13038885
138231593 13038887
138231594 13038891
138231595 13038892
138231596 13038894
138231371 13038896
138231484 13038898
138231485 13038898
138231496 13038898
138231906 13038898
138231372 13038903
138231598 13038908
138231260 13038909
138231373 13038912
138231261 13038913
138231487 13038915
138231262 13038916
138231375 13038919
138231488 13038920
138231150 13038922
138231263 13038923
138231376 13038924
138231151 13038926
138231264 13038929
138231377 13038931
138231152 13038932
138231265 13038936
138231378 13038938
138231153 13038939
138231266 13038941
138231154 13038943
138231267 13038944
138229055 13038945
138229056 13038945
138231155 13038946
138231268 13038947
138231156 13038948
138231269 13038952
138231157 13038955
138231790 13038957
138231158 13038960
138231791 13038962
138227621 13038965
138231159 13038967
138231792 13038973
138231680 13038975
138231793 13038977
138231795 13038977
138231681 13038979
138231682 13038980
138227625 13038981
138231570 13038982
138231683 13038984
138227400 13038986
138227405 13038986
138227408 13038986
138227448 13038986
138227596 13038986
138227618 13038986
138229147 13038986
138229149 13038986
138229150 13038986
138231797 13038988
138231572 13038991
138231685 13038995
138231573 13038997
138231578 13038997
138231686 13038998
138227629 13039000
138231461 13039002
138231687 13039003
138231688 13039005
138231576 13039007
138231689 13039013
138229251 13039014
138231577 13039015
138231463 13039017
138231464 13039017
138231465 13039017
138231466 13039017
138231467 13039017
138229140 13039022
138231240 13039025
138231579 13039029
138229254 13039036
138231241 13039040
138231354 13039044
138231242 13039049
138231355 13039052
138231130 13039054
138231243 13039055
138231356 13039056
138229031 13039058
138229032 13039058
138231131 13039061
138231244 13039062
138231357 13039063
138229145 13039064
138231132 13039065
138231245 13039068
138231133 13039069
138231246 13039071
138231359 13039072
138231134 13039073
138231247 13039074
138229148 13039076
138231135 13039077
138231248 13039079
138231881 13039080
138229036 13039082
138231136 13039084
138231249 13039086
138227825 13039088
138231137 13039090
138231770 13039093
138231138 13039094
138231771 13039095
138231884 13039097
138229039 13039099
138227827 13039100
138231139 13039103
138231772 13039104
138231885 13039105
138231660 13039108
138231773 13039109
138231886 13039110
138227829 13039111
138231661 13039114
138231774 13039116
138231662 13039120
138231775 13039122
138231550 13039123
138231663 13039127
138231776 13039130
138231889 13039133
138231551 13039135
138231664 13039137
138231777 13039139
138231552 13039141
138231665 13039145
138231778 13039150
138231553 13039155
138231666 13039160
138231779 13039162
138231667 13039166
138231555 13039170
138231668 13039173
138231443 13039174
138231556 13039176
138231669 13039177
138231444 13039179
138231557 13039181
138231445 13039183
138231558 13039185
138231220 13039186
138231559 13039187
138231221 13039188
138231334 13039190
138227910 13039191
138231222 13039193
138231223 13039194
138227912 13039196
138231224 13039199
138231337 13039202
138231225 13039206
138231338 13039211
138229239 13039212
138229872 13039213
138231226 13039216
138231227 13039217
138231860 13039218
138231228 13039220
138231229 13039224
138231750 13039228
138231751 13039231
138231752 13039234
138231640 13039237
138231910 13039237
138231753 13039241
138231754 13039241
138231866 13039242
138231867 13039242
138227809 13039246
138231755 13039248
138231530 13039250
138231643 13039255
138231756 13039259
138231644 13039260
138231757 13039262
138231869 13039265
138231532 13039266
138231645 13039267
138231533 13039268
138231646 13039269
138231758 13039270
138231421 13039271
138231534 13039272
138231647 13039274
138231759 13039275
138231535 13039277
138231310 13039278
138231536 13039280
138231648 13039281
138226191 13039283
138231424 13039285
138231428 13039285
138231537 13039287
138231649 13039288
138231312 13039290
138231425 13039291
138226193 13039292
138231200 13039293
138231426 13039295
138231538 13039298
138231201 13039299
138231539 13039300
138231202 13039302
138231203 13039304
138231316 13039307
138226197 13039311
138231204 13039313
138231317 13039316
138231205 13039317
138226199 13039318
138226086 13039319
138231206 13039320
138231318 13039321
138231207 13039322
138231208 13039323
138231842 13039325
138231730 13039327
138231843 13039330
138231731 13039332
138231732 13039334
138231733 13039335
138231621 13039336
138231734 13039339
138231622 13039340
138231735 13039345
138231623 13039348
138231511 13039351
138231624 13039363
138231736 13039368
138231512 13039372
138231625 13039375
138231737 13039377
138231400 13039378
138231513 13039380
138231514 13039380
138231738 13039382
138231401 13039384
138231626 13039385
138231739 13039388
138231515 13039391
138231627 13039392
138231402 13039395
138231403 13039395
138231404 13039395
138231628 13039396
138231519 13039398
138226177 13039399
138226179 13039402
138231710 13039403
138231711 13039404
138231712 13039405
138231600 13039407
138226482 13039408
138231714 13039410
138231603 13039413
138231715 13039414
138231716 13039415
138231604 13039416
138231717 13039417
138231605 13039418
138231718 13039419
138231606 13039420
138231719 13039423
138231607 13039426
138231608 13039429
138226377 13039430
138226378 13039430
138231609 13039431
138226379 13039433
138226794 13039434
138226049 13039437
138231914 13039440
138229816 13039441
138229818 13039441
138226992 13039443
138226995 13039443
138226996 13039443
138226998 13039443
138227001 13039443
138227005 13039443
138230404 13039443
138230406 13039443
138230408 13039443
138230410 13039443
138230412 13039443
138230413 13039443
138226881 13039447
138226994 13039450
138226022 13039459
138226024 13039459
138226039 13039459
138226052 13039459
138226067 13039459
138226103 13039459
138226107 13039459
138226121 13039459
138226152 13039459
138226172 13039459
138226178 13039459
138226204 13039459
138227187 13039459
138227200 13039459
138227220 13039459
138227235 13039459
138227348 13039459
138230096 13039459
138230097 13039459
138230124 13039459
138230125 13039459
138226882 13039461
138226023 13039464
138226776 13039468
138226884 13039468
138228098 13039469
138226774 13039470
138226888 13039471
138225144 13039474
138225144 58603299
138225144 58603301
138225145 13039474
138225145 58603299
138225145 58603301
138225237 13039474
138225237 58603299
138225237 58603301
138225545 13039474
138225545 58603299
138225545 58603301
138225580 13039474
138225580 58603299
138225580 58603301
138228618 13039474
138228618 58603299
138228618 58603301
138229185 13039474
138229185 58603299
138229185 58603301
138229196 13039474
138229196 58603299
138229196 58603301
138229782 13039474
138229782 58603299
138229782 58603301
138229783 13039474
138229783 58603299
138229783 58603301
138225008 13039476
138226284 13039478
138226294 13039478
138230262 13039478
138230263 13039478
138225013 13039480
138229522 13039480
138229523 13039480
138229886 13039482
138229887 13039482
138229888 13039482
138229889 13039482
138230144 13039482
138230146 13039482
138230148 13039482
138230149 13039482
138229350 13039483
138229352 13039483
138229353 13039483
138224922 13039484
138229438 13039484
138229439 13039484
138229444 13039484
138229446 13039484
138229447 13039484
138229448 13039484
138229449 13039484
138229450 13039484
138229452 13039484
138229454 13039484
138229455 13039484
138229456 13039484
138229457 13039484
138229458 13039484
138229459 13039484
138229838 13039484
138229839 13039484
138228663 13039487
138224796 13039488
138228115 13039494
138228115 51823662
138228115 51823667
138228119 13039494
138228119 51823662
138228119 51823667
138228121 13039494
138228121 51823662
138228121 51823667
138228125 13039494
138228125 51823662
138228125 51823667
138228126 13039494
138228126 51823662
138228126 51823667
138228274 13039494
138228274 51823662
138228274 51823667
138228277 13039494
138228277 51823662
138228277 51823667
138228279 13039494
138228279 51823662
138228279 51823667
138228342 13039494
138228342 51823662
138228342 51823667
138228344 13039494
138228344 51823662
138228344 51823667
138228383 13039494
138228383 51823662
138228383 51823667
138228439 13039494
138228439 51823662
138228439 51823667
138228478 13039494
138228478 51823662
138228478 51823667
138228594 13039494
138228594 51823662
138228594 51823667
138229138 13039494
138229138 51823662
138229138 51823667
138229139 13039494
138229139 51823662
138229139 51823667
138230868 13039494
138230868 51823662
138230868 51823667
138230870 13039494
138230870 51823662
138230870 51823667
138230872 13039494
138230872 51823662
138230872 51823667
138230873 13039494
138230873 51823662
138230873 51823667
138230876 13039494
138230876 51823662
138230876 51823667
138230878 13039494
138230878 51823662
138230878 51823667
138230879 13039494
138230879 51823662
138230879 51823667
138230902 13039494
138230902 51823662
138230902 51823667
138230903 13039494
138230903 51823662
138230903 51823667
138229716 13039500
138229717 13039500
138228926 13039502
138228927 13039503
138228933 13039503
138228934 13039503
138224794 13039504
138229344 13039504
138229345 13039504
138226278 13039506
138226291 13039506
138226300 13039506
138226565 13039506
138229252 13039506
138230190 13039506
138230191 13039506
138226560 13039508
138226561 13039508
138226576 13039508
138224800 13039509
138225721 13039511
138225727 13039511
138225734 13039511
138225928 13039511
138225935 13039511
138225986 13039511
138229228 13039511
138228046 13039529
138228062 13039529
138228073 13039529
138228086 13039529
138228107 13039529
138228160 13039529
138228306 13039529
138228340 13039529
138230880 13039529
138230882 13039529
138230883 13039529
138230896 13039529
138230897 13039529
138225445 13039530
138225558 13039530
138225097 13039532
138228608 13039532
138229598 13039532
138229599 13039532
138229610 13039532
138229612 13039532
138229613 13039532
138230956 13039532
138230957 13039532
138225014 13039534
138225015 13039534
138225016 13039534
138225019 13039534
138225020 13039534
138225025 13039534
138225604 13039534
138229540 13039534
138229541 13039534
138229542 13039534
138229544 13039534
138229545 13039534
138226119 13039547
138226133 13039547
138226184 13039547
138227205 13039547
138227218 13039547
138227219 13039547
138227247 13039547
138227357 13039547
138230100 13039547
138230102 13039547
138230104 13039547
138230105 13039547
138230126 13039547
138230128 13039547
138230129 13039547
138230502 13039547
138230504 13039547
138230505 13039547
138225128 13039550
138229638 13039550
138229639 13039550
138225188 13039554
138229162 13039554
138229227 13039554
138229694 13039554
138229695 13039554
138226027 13039566
138226028 13039566
138226030 13039566
138226033 13039566
138226037 13039566
138226038 13039566
138226225 13039566
138226229 13039566
138226495 13039566
138228692 13039566
138228693 13039566
138228812 13039566
138229844 13039566
138229846 13039566
138229847 13039566
138230050 13039566
138230051 13039566
138230150 13039566
138230152 13039566
138230153 13039566
138230154 13039566
138230155 13039566
138230248 13039566
138230249 13039566
138232071 13039566
138228949 13039570
138226828 13039585
138226829 13039585
138226832 13039585
138226834 13039585
138227094 13039585
138227095 13039585
138227098 13039585
138227099 13039585
138227101 13039585
138227104 13039585
138227105 13039585
138227175 13039585
138227180 13039585
138227295 13039585
138227297 13039585
138227298 13039585
138227300 13039585
138227305 13039585
138227542 13039585
138230586 13039585
138230587 13039585
138230588 13039585
138230589 13039585
138231018 13039585
138231020 13039585
138224958 13039591
138229488 13039591
138229489 13039591
138229490 13039591
138229492 13039591
138229493 13039591
138229494 13039591
138229496 13039591
138229497 13039591
138229498 13039591
138229499 13039591
138224983 13039594
138229152 13039594
138229510 13039594
138229512 13039594
138229514 13039594
138229515 13039594
138229516 13039594
138229517 13039594
138226750 13039598
138226764 13039607
138226866 13039607
138228833 13039607
138230386 13039607
138230387 13039607
138225222 13039608
138226871 13039608
138225204 13039611
138225209 13039611
138229164 13039611
138229720 13039611
138229721 13039611
138224589 13039613
138224799 13039613
138229330 13039613
138229331 13039613
138226544 13039618
138230240 13039618
138230241 13039618
138224933 13039619
138224960 13039619
138225042 13039619
138225089 13039619
138229506 13039619
138229507 13039619
138229532 13039619
138229533 13039619
138232069 13039620
138226280 13039623
138224911 13039624
138229682 13039625
138229683 13039625
138229684 13039625
138229686 13039625
138229687 13039625
138224826 13039643
138224592 13039644
138224598 13039644
138224936 13039645
138229462 13039645
138229464 13039645
138229465 13039645
138229466 13039645
138229467 13039645
138229468 13039645
138229469 13039645
138229470 13039645
138229471 13039645
138229472 13039645
138229473 13039645
138227259 13039653
138227262 13039653
138227273 13039653
138227326 13039653
138227329 13039653
138227833 13039653
138227856 13039653
138230532 13039653
138230533 13039653
138230540 13039653
138230541 13039653
138230568 13039653
138230570 13039653
138230572 13039653
138230574 13039653
138230576 13039653
138230577 13039653
138230584 13039653
138230585 13039653
138230590 13039653
138230591 13039653
138224896 13039655
138225386 13039655
138229430 13039655
138229431 13039655
138226269 13039657
138224930 13039658
138225044 13039660
138225076 13039660
138230954 13039661
138230955 13039661
138224586 13039663
138228580 13039663
138228581 13039663
138229316 13039663
138229317 13039663
138229318 13039663
138229319 13039663
138225116 13039665
138225118 13039665
138228654 13039665
138228655 13039665
138229630 13039665
138229631 13039665
138229632 13039665
138229633 13039665
138229634 13039665
138229635 13039665
138224549 13039671
138224684 13039671
138224853 13039671
138224860 13039671
138224862 13039671
138224863 13039671
138225249 13039671
138225331 13039671
138225341 13039671
138225478 13039671
138229290 13039671
138229292 13039671
138229293 13039671
138229294 13039671
138229295 13039671
138229296 13039671
138229298 13039671
138229299 13039671
138229362 13039671
138229404 13039671
138229405 13039671
138229406 13039671
138229407 13039671
138229750 13039671
138229751 13039671
138224842 13039674
138225296 13039674
138229746 13039674
138229748 13039674
138229749 13039674
138228666 13039676
138228669 13039678
138229038 13039680
138229041 13039680
138229043 13039680
138229044 13039680
138229546 13039681
138229547 13039681
138229576 13039681
138229577 13039681
138229596 13039681
138229597 13039681
138225806 13039683
138229960 13039683
138229962 13039683
138229963 13039683
138229964 13039683
138229965 13039683
138229966 13039683
138229967 13039683
138229968 13039683
138229969 13039683
138225789 13039686
138225796 13039686
138229946 13039686
138229947 13039686
138229948 13039686
138229950 13039686
138229951 13039686
138229954 13039686
138229955 13039686
138229956 13039686
138229957 13039686
138229958 13039686
138229959 13039686
138226812 13039692
138226827 13039692
138226836 13039692
138226839 13039692
138226934 13039692
138226957 13039692
138227749 13039692
138228847 13039692
138230750 13039692
138230752 13039692
138230753 13039692
138229324 13039694
138229325 13039694
138226268 13039695
138226567 13039695
138224798 13039697
138228582 13039697
138229020 13039697
138229426 13039698
138229428 13039698
138229429 13039698
138228058 13039710
138228079 13039710
138228102 13039710
138228333 13039710
138228334 13039710
138230840 13039710
138230842 13039710
138230844 13039710
138230845 13039710
138230856 13039710
138230857 13039710
138230866 13039710
138230867 13039710
138230888 13039710
138230889 13039710
138230892 13039710
138230893 13039710
138225728 13039712
138225729 13039712
138225737 13039712
138225926 13039712
138225933 13039712
138225723 13039715
138226283 13039717
138226550 13039717
138226305 13039719
138226308 13039719
138226310 13039719
138226312 13039719
138226313 13039719
138231082 13039720
138231083 13039720
138224908 13039722
138225379 13039722
138229085 13039722
138229128 13039722
138226282 13039723
138226285 13039723
138226290 13039723
138230180 13039723
138230181 13039723
138230182 13039723
138230183 13039723
138224538 13039732
138224553 13039732
138224596 13039732
138224621 13039732
138224637 13039732
138224658 13039732
138224673 13039732
138224678 13039732
138224705 13039732
138224712 13039732
138224714 13039732
138224749 13039732
138224774 13039732
138226666 13039732
138229284 13039732
138229286 13039732
138229287 13039732
138229300 13039732
138229302 13039732
138229303 13039732
138229304 13039732
138229305 13039732
138229310 13039732
138229312 13039732
138229313 13039732
138224929 13039736
138224957 13039736
138224976 13039736
138225541 13039736
138226271 13039737
138226272 13039737
138226275 13039737
138226277 13039737
138226279 13039737
138230178 13039737
138230179 13039737
138225161 13039738
138225586 13039738
138225593 13039738
138229668 13039740
138229669 13039740
138229670 13039740
138229671 13039740
138225794 13039741
138225991 13039741
138229073 13039743
138229074 13039743
138229440 13039744
138229441 13039744
138229442 13039744
138229443 13039744
138229460 13039744
138229461 13039744
138231584 13039745
138224561 13039756
138224566 13039756
138224780 13039756
138224903 13039756
138224906 13039756
138224916 13039756
138224925 13039756
138224926 13039756
138225353 13039756
138225362 13039756
138225364 13039756
138225485 13039756
138225519 13039756
138228588 13039756
138228589 13039756
138229366 13039756
138229367 13039756
138229376 13039756
138229377 13039756
138229752 13039756
138229753 13039756
138229758 13039756
138229759 13039756
138229822 13039756
138229823 13039756
138224945 13039758
138224945 49108714
138227917 13039766
138227920 13039766
138227966 13039766
138228071 13039766
138228072 13039766
138228078 13039766
138228083 13039766
138228084 13039766
138228234 13039766
138228298 13039766
138228371 13039766
138228421 13039766
138230848 13039766
138230849 13039766
138230910 13039766
138230912 13039766
138230913 13039766
138230918 13039766
138230920 13039766
138230921 13039766
138230930 13039766
138230931 13039766
138231028 13039766
138231030 13039766
138231031 13039766
138225622 13039773
138226588 13039776
138229183 13039776
138227904 13039779
138227911 13039779
138227916 13039779
138227922 13039779
138227930 13039779
138227937 13039779
138227974 13039779
138228013 13039779
138230826 13039779
138230827 13039779
138230832 13039779
138230833 13039779
138230834 13039779
138230835 13039779
138225463 13039780
138225469 13039780
138224992 13039782
138224993 13039782
138229518 13039782
138229520 13039782
138229521 13039782
138229524 13039782
138229525 13039782
138228974 13039784
138231110 13039784
138231111 13039784
138229508 13039785
138229509 13039785
138228970 13039786
138229165 13039786
138229502 13039786
138229503 13039786
138229552 13039786
138229553 13039786
138229584 13039786
138229585 13039786
138229608 13039786
138229609 13039786
138231036 13039786
138231037 13039786
138231040 13039786
138231041 13039786
138224937 13039787
138224961 13039787
138224985 13039787
138225006 13039787
138225050 13039787
138225067 13039787
138225560 13039787
138225561 13039787
138225922 13039790
138225998 13039790
138226000 13039790
138226336 13039792
138226347 13039792
138226369 13039792
138226376 13039792
138226381 13039792
138226515 13039792
138226517 13039792
138226519 13039792
138226539 13039792
138226583 13039792
138227402 13039792
138227407 13039792
138229231 13039792
138230218 13039792
138230220 13039792
138230221 13039792
138230620 13039792
138230622 13039792
138230624 13039792
138230625 13039792
138230632 13039792
138230634 13039792
138230635 13039792
138230714 13039792
138230715 13039792
138227532 13039805
138227555 13039805
138227589 13039805
138227684 13039805
138227869 13039805
138227881 13039805
138230670 13039805
138230672 13039805
138230674 13039805
138230675 13039805
138230692 13039805
138230694 13039805
138230695 13039805
138226315 13039812
138226317 13039812
138224966 13039815
138229482 13039815
138229483 13039815
138230940 13039815
138230941 13039815
138224969 13039817
138224970 13039817
138224972 13039817
138225215 13039837
138225412 13039837
138225415 13039837
138225422 13039837
138225498 13039837
138226611 13039837
138226716 13039837
138226717 13039837
138226729 13039837
138226755 13039837
138226763 13039837
138226765 13039837
138226859 13039837
138226873 13039837
138229724 13039837
138229725 13039837
138229774 13039837
138229776 13039837
138229778 13039837
138229779 13039837
138230298 13039837
138230299 13039837
138230374 13039837
138230375 13039837
138232080 13039837
138225844 13039849
138225846 13039849
138225848 13039849
138225850 13039849
138225851 13039849
138226125 13039849
138226132 13039849
138226134 13039849
138228792 13039849
138230002 13039849
138230004 13039849
138230005 13039849
138230122 13039849
138230123 13039849
138230990 13039849
138230992 13039849
138230993 13039849
138225154 13039854
138225287 13039854
138229062 13039854
138225158 13039874
138225513 13039874
138225964 13039874
138226003 13039874
138228774 13039874
138229063 13039878
138229614 13039882
138229616 13039882
138229618 13039882
138229619 13039882
138229732 13039882
138229733 13039882
138225135 13039883
138229636 13039883
138229637 13039883
138224946 13039887
138224949 13039887
138225605 13039887
138229478 13039887
138229479 13039887
138229474 13039889
138229475 13039889
138229476 13039889
138229477 13039889
138225169 13039896
138225270 13039896
138229161 13039896
138225047 13039899
138228610 13039899
138228611 13039899
138229562 13039899
138229564 13039899
138229565 13039899
138229566 13039899
138229567 13039899
138229568 13039899
138229569 13039899
138228787 13039902
138230984 13039902
138230985 13039902
138224898 13039904
138229013 13039908
138228923 13039913
138228929 13039913
138225792 13039914
138225803 13039914
138225733 13039916
138225743 13039916
138225752 13039916
138225763 13039916
138225772 13039916
138224611 13039918
138224622 13039918
138224627 13039918
138224631 13039918
138224740 13039918
138224743 13039918
138224746 13039918
138224790 13039918
138229075 13039918
138229076 13039918
138229223 13039918
138226798 13039932
138226875 13039932
138226876 13039932
138226885 13039932
138226948 13039932
138226973 13039932
138228849 13039932
138229069 13039932
138226745 13039945
138229726 13039945
138229728 13039945
138229730 13039945
138229731 13039945
138232086 13039945
138231008 13039947
138231009 13039947
138225122 13039948
138225120 13039951
138232060 13039951
138228932 13039955
138228935 13039955
138228957 13039955
138228995 13039958
138224591 13039960
138224797 13039960
138229320 13039960
138229321 13039960
138229322 13039960
138229323 13039960
138229676 13039961
138229678 13039961
138229680 13039961
138229681 13039961
138224947 13039962
138228665 13039962
138228668 13039962
138228965 13039962
138229202 13039962
138229790 13039962
138229792 13039962
138229793 13039962
138230962 13039962
138230963 13039962
138224624 13039964
138224609 13039966
138225487 13039969
138225488 13039969
138229802 13039969
138229804 13039969
138229805 13039969
138225490 13039970
138229806 13039970
138229807 13039970
138229814 13039970
138225491 13039973
138229808 13039973
138229810 13039973
138229812 13039973
138229813 13039973
138228600 13039976
138228601 13039976
138229010 13039976
138226288 13039978
138226297 13039978
138225060 13039979
138225062 13039979
138225063 13039979
138225066 13039979
138229574 13039979
138229575 13039979
138229578 13039979
138229579 13039979
138231108 13039979
138231109 13039979
138224939 13039980
138224964 13039980
138224988 13039980
138225026 13039980
138229530 13039980
138229531 13039980
138229060 13039981
138229626 13039982
138229627 13039982
138225186 13039983
138224887 13039985
138224897 13039985
138224913 13039985
138229830 13039985
138229831 13039985
138225012 13039986
138226564 13039987
138228931 13039990
138226161 13040020
138226161 51823824
138226161 51823825
138226163 13040020
138226163 51823824
138226163 51823825
138226165 13040020
138226165 51823824
138226165 51823825
138226167 13040020
138226167 51823824
138226167 51823825
138226169 13040020
138226169 51823824
138226169 51823825
138226171 13040020
138226171 51823824
138226171 51823825
138226173 13040020
138226173 51823824
138226173 51823825
138226214 13040020
138226214 51823824
138226214 51823825
138226407 13040020
138226407 51823824
138226407 51823825
138226408 13040020
138226408 51823824
138226408 51823825
138226410 13040020
138226410 51823824
138226410 51823825
138226412 13040020
138226412 51823824
138226412 51823825
138226414 13040020
138226414 51823824
138226414 51823825
138226417 13040020
138226417 51823824
138226417 51823825
138226418 13040020
138226418 51823824
138226418 51823825
138226420 13040020
138226420 51823824
138226420 51823825
138226422 13040020
138226422 51823824
138226422 51823825
138226424 13040020
138226424 51823824
138226424 51823825
138226426 13040020
138226426 51823824
138226426 51823825
138226428 13040020
138226428 51823824
138226428 51823825
138226455 13040020
138226455 51823824
138226455 51823825
138226557 13040020
138226557 51823824
138226557 51823825
138229180 13040020
138229180 51823824
138229180 51823825
138230230 13040020
138230230 51823824
138230230 51823825
138230231 13040020
138230231 51823824
138230231 51823825
138224822 13040025
138224822 13040050
138224822 58603292
138228924 13040025
138228924 13040050
138228924 58603292
138228950 13040025
138228950 13040050
138228950 58603292
138229155 13040025
138229155 13040050
138229155 58603292
138225428 13040025
138225428 58603292
138225430 13040025
138225430 58603292
138225432 13040025
138225432 58603292
138225433 13040025
138225433 58603292
138225448 13040025
138225448 58603292
138225450 13040025
138225450 58603292
138225531 13040025
138225531 58603292
138225559 13040025
138225559 58603292
138225563 13040025
138225563 58603292
138225572 13040025
138225572 58603292
138228756 13040025
138228756 58603292
138226752 13040029
138226991 13040029
138224899 13040030
138224900 13040030
138225384 13040030
138229125 13040031
138229133 13040031
138229143 13040033
138229144 13040033
138228565 13040034
138228568 13040034
138232172 13040034
138226547 13040037
138230242 13040037
138230243 13040037
138232176 13040037
138226438 13040039
138226442 13040039
138226444 13040039
138226446 13040039
138226447 13040039
138226457 13040039
138226580 13040039
138232087 13040039
138224738 13040041
138224739 13040041
138224742 13040041
138224812 13040041
138228915 13040041
138228916 13040041
138228954 13040041
138229156 13040041
138224748 13040043
138224814 13040043
138228918 13040043
138231032 13040043
138231033 13040043
138226212 13040047
138230026 13040047
138230027 13040047
138225934 13040048
138225936 13040048
138225937 13040048
138226216 13040048
138226430 13040054
138226432 13040054
138226433 13040054
138226555 13040054
138230239 13040054
138232173 13040054
138232174 13040054
138224590 13040056
138229332 13040056
138229333 13040056
138225722 13040059
138229884 13040059
138229885 13040059
138225004 13040060
138225011 13040060
138229534 13040060
138229535 13040060
138229536 13040060
138229537 13040060
138229538 13040060
138229539 13040060
138224878 13040063
138224982 13040063
138225148 13040063
138225155 13040063
138225187 13040063
138225266 13040063
138225338 13040063
138225377 13040063
138225431 13040063
138225439 13040063
138225537 13040063
138225538 13040063
138225542 13040063
138225639 13040063
138229484 13040063
138229486 13040063
138229487 13040063
138229718 13040063
138229719 13040063
138229798 13040063
138229799 13040063
138230964 13040063
138230966 13040063
138230968 13040063
138230969 13040063
138225603 13040066
138224886 13040075
138225381 13040075
138229129 13040075
138229130 13040075
138226296 13040077
138226299 13040077
138226302 13040077
138226303 13040077
138230184 13040077
138230185 13040077
138230186 13040077
138230187 13040077
138232064 13040077
138229336 13040080
138229337 13040080
138225216 13040100
138225216 51824183
138225216 51824185
138225285 13040100
138225285 51824183
138225285 51824185
138226747 13040100
138226747 51824183
138226747 51824185
138226749 13040100
138226749 51824183
138226749 51824185
138226759 13040100
138226759 51824183
138226759 51824185
138226788 13040100
138226788 51824183
138226788 51824185
138226810 13040100
138226810 51824183
138226810 51824185
138226817 13040100
138226817 51824183
138226817 51824185
138226929 13040100
138226929 51824183
138226929 51824185
138226968 13040100
138226968 51824183
138226968 51824185
138227075 13040100
138227075 51824183
138227075 51824185
138227077 13040100
138227077 51824183
138227077 51824185
138227078 13040100
138227078 51824183
138227078 51824185
138229710 13040100
138229710 51824183
138229710 51824185
138229712 13040100
138229712 51824183
138229712 51824185
138229714 13040100
138229714 51824183
138229714 51824185
138229715 13040100
138229715 51824183
138229715 51824185
138229820 13040100
138229820 51824183
138229820 51824185
138229821 13040100
138229821 51824183
138229821 51824185
138230380 13040100
138230380 51824183
138230380 51824185
138230381 13040100
138230381 51824183
138230381 51824185
138230384 13040100
138230384 51824183
138230384 51824185
138230385 13040100
138230385 51824183
138230385 51824185
138230464 13040100
138230464 51824183
138230464 51824185
138230465 13040100
138230465 51824183
138230465 51824185
138225730 13040102
138225738 13040102
138224831 13040106
138224854 13040106
138224871 13040106
138224884 13040106
138225308 13040106
138225324 13040106
138225343 13040106
138225483 13040106
138229394 13040106
138229395 13040106
138229762 13040106
138229764 13040106
138229766 13040106
138229768 13040106
138229769 13040106
138228651 13040108
138229550 13040108
138229551 13040108
138229582 13040108
138229583 13040108
138229606 13040108
138229607 13040108
138229500 13040109
138229501 13040109
138225112 13040110
138225133 13040110
138225129 13040112
138225136 13040112
138225137 13040112
138225582 13040112
138225621 13040112
138228650 13040112
138229170 13040112
138229624 13040112
138229625 13040112
138229650 13040112
138229651 13040112
138229652 13040112
138229653 13040112
138229656 13040112
138229657 13040112
138231629 13040133
138230006 13040138
138230008 13040138
138230009 13040138
138230010 13040138
138230011 13040138
138230414 13040138
138230416 13040138
138230418 13040138
138230419 13040138
138230430 13040138
138230432 13040138
138230434 13040138
138230435 13040138
138230450 13040138
138230451 13040138
138227053 13040142
138227058 13040142
138227071 13040142
138227123 13040142
138230456 13040142
138230458 13040142
138230459 13040142
138230466 13040142
138230468 13040142
138230469 13040142
138230480 13040142
138230481 13040142
138230488 13040142
138230490 13040142
138230491 13040142
138230762 13040142
138230764 13040142
138230766 13040142
138230767 13040142
138230782 13040142
138230784 13040142
138230785 13040142
138225775 13040143
138225785 13040143
138225797 13040143
138225979 13040143
