8375807 107385129
8375807 109815101
8375807 116309675
8375807 116309679
8375807 116426182
8375807 147579266
8375807 147579273
8375807 16284034
8375807 78294684
8375808 107385129
8375808 109815101
8375808 116309675
8375808 116309679
8375808 116426182
8375808 147579266
8375808 147579273
8375808 16284034
8375808 78294684
8375809 107385129
8375809 109815101
8375809 116309675
8375809 116309679
8375809 116426182
8375809 147579266
8375809 147579273
8375809 16284034
8375809 78294684
8376233 107385129
8376233 109815101
8376233 116309675
8376233 116309679
8376233 116426182
8376233 147579266
8376233 147579273
8376233 16284034
8376233 78294684
8376235 107385129
8376235 109815101
8376235 116309675
8376235 116309679
8376235 116426182
8376235 147579266
8376235 147579273
8376235 16284034
8376235 78294684
8376237 107385129
8376237 109815101
8376237 116309675
8376237 116309679
8376237 116426182
8376237 147579266
8376237 147579273
8376237 16284034
8376237 78294684
8366045 109815077
8366045 109815104
8366045 16284968
8366161 109815077
8366161 109815104
8366161 16284968
8366224 109815077
8366224 109815104
8366224 16284968
8371614 109815077
8371614 109815104
8371614 16284968
8366254 109815078
8366254 109815090
8366254 109815099
8366254 16283555
8366365 109815078
8366365 109815090
8366365 109815099
8366365 16283555
8366369 109815078
8366369 109815090
8366369 109815099
8366369 16283555
8366554 109815078
8366554 109815090
8366554 109815099
8366554 16283555
8366558 109815078
8366558 109815090
8366558 109815099
8366558 16283555
8373397 109815078
8373397 109815090
8373397 109815099
8373397 16283555
8373398 109815078
8373398 109815090
8373398 109815099
8373398 16283555
8373406 109815078
8373406 109815090
8373406 109815099
8373406 16283555
8373407 109815078
8373407 109815090
8373407 109815099
8373407 16283555
8375202 109815078
8375202 109815090
8375202 109815099
8375202 16283555
8375206 109815081
8375206 16282905
8375207 109815081
8375207 16282905
8382513 109815081
8382513 16282905
8366167 109815084
8366167 109815088
8366167 16282089
8371626 109815084
8371626 109815088
8371626 16282089
8372115 109815084
8372115 109815088
8372115 16282089
8372116 109815084
8372116 109815088
8372116 16282089
8368559 109815085
8368559 16284549
8368571 109815085
8368571 16284549
8368576 109815085
8368576 16284549
8368642 109815085
8368642 16284549
8368645 109815085
8368645 16284549
8371854 109815085
8371854 16284549
8372209 109815085
8372209 16284549
8367482 109815089
8367482 109815097
8367482 16282693
8367489 109815089
8367489 109815097
8367489 16282693
8367514 109815089
8367514 109815097
8367514 16282693
8372671 109815089
8372671 109815097
8372671 16282693
8372672 109815089
8372672 109815097
8372672 16282693
8370698 109815091
8370698 109910243
8370698 109910252
8370698 16284026
8370702 109815091
8370702 109910243
8370702 109910252
8370702 16284026
8370711 109815091
8370711 109910243
8370711 109910252
8370711 16284026
8370714 109815091
8370714 109910243
8370714 109910252
8370714 16284026
8370774 109815091
8370774 109910243
8370774 109910252
8370774 16284026
8370781 109815091
8370781 109910243
8370781 109910252
8370781 16284026
8370794 109815091
8370794 109910243
8370794 109910252
8370794 16284026
8372037 109815091
8372037 109910243
8372037 109910252
8372037 16284026
8372043 109815091
8372043 109910243
8372043 109910252
8372043 16284026
8372088 109815091
8372088 109910243
8372088 109910252
8372088 16284026
8374647 109815091
8374647 109910243
8374647 109910252
8374647 16284026
8374949 109815091
8374949 109910243
8374949 109910252
8374949 16284026
8374294 109815092
8374294 16283996
8380098 109815093
8380098 116309677
8380098 116309683
8380098 116426217
8380098 147579265
8380098 147579274
8380098 16284036
8380098 78294675
8380098 78294677
8380098 78294679
8380101 109815093
8380101 116309677
8380101 116309683
8380101 116426217
8380101 147579265
8380101 147579274
8380101 16284036
8380101 78294675
8380101 78294677
8380101 78294679
8380102 109815093
8380102 116309677
8380102 116309683
8380102 116426217
8380102 147579265
8380102 147579274
8380102 16284036
8380102 78294675
8380102 78294677
8380102 78294679
8380106 109815093
8380106 116309677
8380106 116309683
8380106 116426217
8380106 147579265
8380106 147579274
8380106 16284036
8380106 78294675
8380106 78294677
8380106 78294679
8380109 109815093
8380109 116309677
8380109 116309683
8380109 116426217
8380109 147579265
8380109 147579274
8380109 16284036
8380109 78294675
8380109 78294677
8380109 78294679
8380228 109815093
8380228 116309677
8380228 116309683
8380228 116426217
8380228 147579265
8380228 147579274
8380228 16284036
8380228 78294675
8380228 78294677
8380228 78294679
8380229 109815093
8380229 116309677
8380229 116309683
8380229 116426217
8380229 147579265
8380229 147579274
8380229 16284036
8380229 78294675
8380229 78294677
8380229 78294679
8380230 109815093
8380230 116309677
8380230 116309683
8380230 116426217
8380230 147579265
8380230 147579274
8380230 16284036
8380230 78294675
8380230 78294677
8380230 78294679
8380232 109815093
8380232 116309677
8380232 116309683
8380232 116426217
8380232 147579265
8380232 147579274
8380232 16284036
8380232 78294675
8380232 78294677
8380232 78294679
8380239 109815093
8380239 116309677
8380239 116309683
8380239 116426217
8380239 147579265
8380239 147579274
8380239 16284036
8380239 78294675
8380239 78294677
8380239 78294679
8380240 109815093
8380240 116309677
8380240 116309683
8380240 116426217
8380240 147579265
8380240 147579274
8380240 16284036
8380240 78294675
8380240 78294677
8380240 78294679
8380253 109815093
8380253 116309677
8380253 116309683
8380253 116426217
8380253 147579265
8380253 147579274
8380253 16284036
8380253 78294675
8380253 78294677
8380253 78294679
8380254 109815093
8380254 116309677
8380254 116309683
8380254 116426217
8380254 147579265
8380254 147579274
8380254 16284036
8380254 78294675
8380254 78294677
8380254 78294679
8380267 109815093
8380267 116309677
8380267 116309683
8380267 116426217
8380267 147579265
8380267 147579274
8380267 16284036
8380267 78294675
8380267 78294677
8380267 78294679
8380272 109815093
8380272 116309677
8380272 116309683
8380272 116426217
8380272 147579265
8380272 147579274
8380272 16284036
8380272 78294675
8380272 78294677
8380272 78294679
8380273 109815093
8380273 116309677
8380273 116309683
8380273 116426217
8380273 147579265
8380273 147579274
8380273 16284036
8380273 78294675
8380273 78294677
8380273 78294679
8380279 109815093
8380279 116309677
8380279 116309683
8380279 116426217
8380279 147579265
8380279 147579274
8380279 16284036
8380279 78294675
8380279 78294677
8380279 78294679
8380284 109815093
8380284 116309677
8380284 116309683
8380284 116426217
8380284 147579265
8380284 147579274
8380284 16284036
8380284 78294675
8380284 78294677
8380284 78294679
8380286 109815093
8380286 116309677
8380286 116309683
8380286 116426217
8380286 147579265
8380286 147579274
8380286 16284036
8380286 78294675
8380286 78294677
8380286 78294679
8380289 109815093
8380289 116309677
8380289 116309683
8380289 116426217
8380289 147579265
8380289 147579274
8380289 16284036
8380289 78294675
8380289 78294677
8380289 78294679
8380290 109815093
8380290 116309677
8380290 116309683
8380290 116426217
8380290 147579265
8380290 147579274
8380290 16284036
8380290 78294675
8380290 78294677
8380290 78294679
8380291 109815093
8380291 116309677
8380291 116309683
8380291 116426217
8380291 147579265
8380291 147579274
8380291 16284036
8380291 78294675
8380291 78294677
8380291 78294679
8380292 109815093
8380292 116309677
8380292 116309683
8380292 116426217
8380292 147579265
8380292 147579274
8380292 16284036
8380292 78294675
8380292 78294677
8380292 78294679
8380589 109815093
8380589 116309677
8380589 116309683
8380589 116426217
8380589 147579265
8380589 147579274
8380589 16284036
8380589 78294675
8380589 78294677
8380589 78294679
8384125 109815093
8384125 116309677
8384125 116309683
8384125 116426217
8384125 147579265
8384125 147579274
8384125 16284036
8384125 78294675
8384125 78294677
8384125 78294679
8367988 109815094
8367988 16284404
8368201 109815094
8368201 16284404
8368268 109815094
8368268 16284404
8367501 109815095
8367501 109815102
8367501 16284831
8373381 109815098
8373381 16284507
8372715 109815100
8372715 16282778
8366071 109815103
8366071 16283988
8367463 109815107
8367463 16282422
8372317 109815107
8372317 16282422
8374425 109815107
8374425 16282422
8367772 109815109
8367772 16281792
8368898 109815109
8368898 16281792
8369015 109815109
8369015 16281792
8369303 109815109
8369303 16281792
8369314 109815109
8369314 16281792
8369507 109815109
8369507 16281792
8369518 109815109
8369518 16281792
8369880 109815109
8369880 16281792
8372491 109815109
8372491 16281792
8373464 109815109
8373464 16281792
8373465 109815109
8373465 16281792
8373565 109815109
8373565 16281792
8374588 109815109
8374588 16281792
8374876 109815109
8374876 16281792
8374943 109815109
8374943 16281792
8375788 109815109
8375788 16281792
8375789 109815109
8375789 16281792
8376646 109815109
8376646 16281792
8376647 109815109
8376647 16281792
8376802 109815109
8376802 16281792
8376803 109815109
8376803 16281792
8368764 109815110
8368764 16283085
8368767 109815110
8368767 16283085
8369264 109815110
8369264 16283085
8369266 109815110
8369266 16283085
8369846 109815110
8369846 16283085
8369849 109815110
8369849 16283085
8369853 109815110
8369853 16283085
8373507 109815110
8373507 16283085
8373508 109815110
8373508 16283085
8373510 109815110
8373510 16283085
8373600 109815110
8373600 16283085
8373601 109815110
8373601 16283085
8373675 109815110
8373675 16283085
8373681 109815110
8373681 16283085
8373682 109815110
8373682 16283085
8373763 109815110
8373763 16283085
8373810 109815110
8373810 16283085
8373812 109815110
8373812 16283085
8374192 109815110
8374192 16283085
8374197 109815110
8374197 16283085
8374198 109815110
8374198 16283085
8374511 109815110
8374511 16283085
8374512 109815110
8374512 16283085
8376456 109815110
8376456 16283085
8376457 109815110
8376457 16283085
8368552 109906882
8368552 16284797
8368556 109906882
8368556 16284797
8368560 109906882
8368560 16284797
8368616 109906882
8368616 16284797
8368632 109906882
8368632 16284797
8368707 109906882
8368707 16284797
8374099 109906882
8374099 16284797
8374100 109906882
8374100 16284797
8374523 109906882
8374523 16284797
8374819 109906882
8374819 16284797
8374952 109906882
8374952 16284797
8376624 109906882
8376624 16284797
8376625 109906882
8376625 16284797
8370350 116309693
8370350 116309695
8370350 16284538
8370350 169011231
8370350 169011318
8370350 182723848
8370354 116309693
8370354 116309695
8370354 16284538
8370354 169011231
8370354 169011318
8370354 182723848
8370414 116309693
8370414 116309695
8370414 16284538
8370414 169011231
8370414 169011318
8370414 182723848
8370687 116309693
8370687 116309695
8370687 16284538
8370687 169011231
8370687 169011318
8370687 182723848
8375918 116309693
8375918 116309695
8375918 16284538
8375918 169011231
8375918 169011318
8375918 182723848
8375919 116309693
8375919 116309695
8375919 16284538
8375919 169011231
8375919 169011318
8375919 182723848
8376057 116309693
8376057 116309695
8376057 16284538
8376057 169011231
8376057 169011318
8376057 182723848
8376058 116309693
8376058 116309695
8376058 16284538
8376058 169011231
8376058 169011318
8376058 182723848
8376059 116309693
8376059 116309695
8376059 16284538
8376059 169011231
8376059 169011318
8376059 182723848
8376825 116309693
8376825 116309695
8376825 16284538
8376825 169011231
8376825 169011318
8376825 182723848
8376826 116309693
8376826 116309695
8376826 16284538
8376826 169011231
8376826 169011318
8376826 182723848
8380701 116309693
8380701 116309695
8380701 16284538
8380701 169011231
8380701 169011318
8380701 182723848
8380702 116309693
8380702 116309695
8380702 16284538
8380702 169011231
8380702 169011318
8380702 182723848
8370529 116309701
8370529 116309703
8370529 118591279
8370529 16284303
8370529 182604831
8370529 182604843
8370529 182723775
8370529 48616757
8370529 52289504
8370529 52289535
8370529 89753918
8374885 116309701
8374885 116309703
8374885 118591279
8374885 16284303
8374885 182604831
8374885 182604843
8374885 182723775
8374885 48616757
8374885 52289504
8374885 52289535
8374885 89753918
8376224 116309701
8376224 116309703
8376224 118591279
8376224 16284303
8376224 182604831
8376224 182604843
8376224 182723775
8376224 48616757
8376224 52289504
8376224 52289535
8376224 89753918
8376225 116309701
8376225 116309703
8376225 118591279
8376225 16284303
8376225 182604831
8376225 182604843
8376225 182723775
8376225 48616757
8376225 52289504
8376225 52289535
8376225 89753918
8376267 116309701
8376267 116309703
8376267 118591279
8376267 16284303
8376267 182604831
8376267 182604843
8376267 182723775
8376267 48616757
8376267 52289504
8376267 52289535
8376267 89753918
8376269 116309701
8376269 116309703
8376269 118591279
8376269 16284303
8376269 182604831
8376269 182604843
8376269 182723775
8376269 48616757
8376269 52289504
8376269 52289535
8376269 89753918
8376270 116309701
8376270 116309703
8376270 118591279
8376270 16284303
8376270 182604831
8376270 182604843
8376270 182723775
8376270 48616757
8376270 52289504
8376270 52289535
8376270 89753918
8376271 116309701
8376271 116309703
8376271 118591279
8376271 16284303
8376271 182604831
8376271 182604843
8376271 182723775
8376271 48616757
8376271 52289504
8376271 52289535
8376271 89753918
8376329 116309701
8376329 116309703
8376329 118591279
8376329 16284303
8376329 182604831
8376329 182604843
8376329 182723775
8376329 48616757
8376329 52289504
8376329 52289535
8376329 89753918
8376330 116309701
8376330 116309703
8376330 118591279
8376330 16284303
8376330 182604831
8376330 182604843
8376330 182723775
8376330 48616757
8376330 52289504
8376330 52289535
8376330 89753918
8376331 116309701
8376331 116309703
8376331 118591279
8376331 16284303
8376331 182604831
8376331 182604843
8376331 182723775
8376331 48616757
8376331 52289504
8376331 52289535
8376331 89753918
8376839 116309701
8376839 116309703
8376839 118591279
8376839 16284303
8376839 182604831
8376839 182604843
8376839 182723775
8376839 48616757
8376839 52289504
8376839 52289535
8376839 89753918
8376840 116309701
8376840 116309703
8376840 118591279
8376840 16284303
8376840 182604831
8376840 182604843
8376840 182723775
8376840 48616757
8376840 52289504
8376840 52289535
8376840 89753918
8376841 116309701
8376841 116309703
8376841 118591279
8376841 16284303
8376841 182604831
8376841 182604843
8376841 182723775
8376841 48616757
8376841 52289504
8376841 52289535
8376841 89753918
8376849 116309701
8376849 116309703
8376849 118591279
8376849 16284303
8376849 182604831
8376849 182604843
8376849 182723775
8376849 48616757
8376849 52289504
8376849 52289535
8376849 89753918
8376851 116309701
8376851 116309703
8376851 118591279
8376851 16284303
8376851 182604831
8376851 182604843
8376851 182723775
8376851 48616757
8376851 52289504
8376851 52289535
8376851 89753918
8376852 116309701
8376852 116309703
8376852 118591279
8376852 16284303
8376852 182604831
8376852 182604843
8376852 182723775
8376852 48616757
8376852 52289504
8376852 52289535
8376852 89753918
8376853 116309701
8376853 116309703
8376853 118591279
8376853 16284303
8376853 182604831
8376853 182604843
8376853 182723775
8376853 48616757
8376853 52289504
8376853 52289535
8376853 89753918
8376854 116309701
8376854 116309703
8376854 118591279
8376854 16284303
8376854 182604831
8376854 182604843
8376854 182723775
8376854 48616757
8376854 52289504
8376854 52289535
8376854 89753918
8366288 133632199
8366288 16284130
8366379 133632199
8366379 16284130
8366566 133632199
8366566 16284130
8366614 133632199
8366614 16284130
8366749 133632199
8366749 16284130
8366920 133632199
8366920 16284130
8366943 133632199
8366943 16284130
8366947 133632199
8366947 16284130
8366969 133632199
8366969 16284130
8367068 133632199
8367068 16284130
8367069 133632199
8367069 16284130
8367071 133632199
8367071 16284130
8367073 133632199
8367073 16284130
8367083 133632199
8367083 16284130
8371309 133632199
8371309 16284130
8373373 133632199
8373373 16284130
8374738 133632199
8374738 16284130
8375204 133632199
8375204 16284130
8375205 133632199
8375205 16284130
8375456 133632199
8375456 16284130
8375457 133632199
8375457 16284130
8376174 133632199
8376174 16284130
8376176 133632199
8376176 16284130
8376177 133632199
8376177 16284130
8376720 133632199
8376720 16284130
8376721 133632199
8376721 16284130
8366399 133632351
8366399 16283981
8366543 133632351
8366543 16283981
8370909 133632351
8370909 16283981
8373410 133632351
8373410 16283981
8376400 133632351
8376400 16283981
8376401 133632351
8376401 16283981
8366781 133632387
8366781 16284263
8366781 89753575
8366781 89753580
8366783 133632387
8366783 16284263
8366783 89753575
8366783 89753580
8367049 133632387
8367049 16284263
8367049 89753575
8367049 89753580
8367450 133632387
8367450 16284263
8367450 89753575
8367450 89753580
8367721 133632387
8367721 16284263
8367721 89753575
8367721 89753580
8367791 133632387
8367791 16284263
8367791 89753575
8367791 89753580
8367793 133632387
8367793 16284263
8367793 89753575
8367793 89753580
8371353 133632387
8371353 16284263
8371353 89753575
8371353 89753580
8371354 133632387
8371354 16284263
8371354 89753575
8371354 89753580
8372145 133632387
8372145 16284263
8372145 89753575
8372145 89753580
8372968 133632387
8372968 16284263
8372968 89753575
8372968 89753580
8373236 133632387
8373236 16284263
8373236 89753575
8373236 89753580
8373830 133632387
8373830 16284263
8373830 89753575
8373830 89753580
8373831 133632387
8373831 16284263
8373831 89753575
8373831 89753580
8373959 133632387
8373959 16284263
8373959 89753575
8373959 89753580
8374382 133632387
8374382 16284263
8374382 89753575
8374382 89753580
8374768 133632387
8374768 16284263
8374768 89753575
8374768 89753580
8374807 133632387
8374807 16284263
8374807 89753575
8374807 89753580
8375284 133632387
8375284 16284263
8375284 89753575
8375284 89753580
8375356 133632387
8375356 16284263
8375356 89753575
8375356 89753580
8375357 133632387
8375357 16284263
8375357 89753575
8375357 89753580
8376544 133632387
8376544 16284263
8376544 89753575
8376544 89753580
8376568 133632387
8376568 16284263
8376568 89753575
8376568 89753580
8376569 133632387
8376569 16284263
8376569 89753575
8376569 89753580
8376582 133632387
8376582 16284263
8376582 89753575
8376582 89753580
8376583 133632387
8376583 16284263
8376583 89753575
8376583 89753580
8376585 133632387
8376585 16284263
8376585 89753575
8376585 89753580
8376586 133632387
8376586 16284263
8376586 89753575
8376586 89753580
8376587 133632387
8376587 16284263
8376587 89753575
8376587 89753580
8376608 133632387
8376608 16284263
8376608 89753575
8376608 89753580
8376609 133632387
8376609 16284263
8376609 89753575
8376609 89753580
8384270 133632387
8384270 16284263
8384270 89753575
8384270 89753580
8380244 147579271
8380244 16281632
8380247 147579271
8380247 16281632
8380252 147579271
8380252 16281632
8369569 162623288
8369569 162623291
8369569 16282164
8369572 162623288
8369572 162623291
8369572 16282164
8369681 162623288
8369681 162623291
8369681 16282164
8369702 162623288
8369702 162623291
8369702 16282164
8369718 162623288
8369718 162623291
8369718 16282164
8369790 162623288
8369790 162623291
8369790 16282164
8370122 162623288
8370122 162623291
8370122 16282164
8370306 162623288
8370306 162623291
8370306 16282164
8370312 162623288
8370312 162623291
8370312 16282164
8370316 162623288
8370316 162623291
8370316 16282164
8370322 162623288
8370322 162623291
8370322 16282164
8370442 162623288
8370442 162623291
8370442 16282164
8372732 162623288
8372732 162623291
8372732 16282164
8372733 162623288
8372733 162623291
8372733 16282164
8374906 162623288
8374906 162623291
8374906 16282164
8375798 162623288
8375798 162623291
8375798 16282164
8375811 162623288
8375811 162623291
8375811 16282164
8376028 162623288
8376028 162623291
8376028 16282164
8380119 162623288
8380119 162623291
8380119 16282164
8380120 162623288
8380120 162623291
8380120 16282164
8380180 162623288
8380180 162623291
8380180 16282164
8380181 162623288
8380181 162623291
8380181 16282164
8382545 162623288
8382545 162623291
8382545 16282164
8382546 162623288
8382546 162623291
8382546 16282164
8377079 162623289
8377079 162623290
8377079 16282174
8377079 164158036
8377082 162623289
8377082 162623290
8377082 16282174
8377082 164158036
8377085 162623289
8377085 162623290
8377085 16282174
8377085 164158036
8377335 162623289
8377335 162623290
8377335 16282174
8377335 164158036
8377338 162623289
8377338 162623290
8377338 16282174
8377338 164158036
8377339 162623289
8377339 162623290
8377339 16282174
8377339 164158036
8380103 162623289
8380103 162623290
8380103 16282174
8380103 164158036
8380104 162623289
8380104 162623290
8380104 16282174
8380104 164158036
8380111 162623289
8380111 162623290
8380111 16282174
8380111 164158036
8380114 162623289
8380114 162623290
8380114 16282174
8380114 164158036
8380124 162623289
8380124 162623290
8380124 16282174
8380124 164158036
8367924 16281281
8367887 16281283
8376292 16281286
8376293 16281286
8379759 16281288
8367168 16281289
8373111 16281289
8374614 16281290
8380713 16281291
8374990 16281294
8372233 16281296
8370642 16281297
8376148 16281297
8376149 16281297
8372681 16281298
8366139 16281299
8366140 16281299
8372107 16281299
8372109 16281299
8373382 16281299
8367490 16281300
8367030 16281301
8368981 16281308
8368983 16281308
8368984 16281308
8368986 16281308
8369123 16281308
8369171 16281308
8376806 16281308
8376807 16281308
8379877 16281308
8379878 16281308
8368875 16281311
8376308 16281315
8371844 16281320
8368570 16281322
8379748 16281323
8370220 16281325
8370220 182723594
8370220 182723595
8370230 16281325
8370230 182723594
8370230 182723595
8370383 16281325
8370383 182723594
8370383 182723595
8372027 16281325
8372027 182723594
8372027 182723595
8376038 16281325
8376038 182723594
8376038 182723595
8376039 16281325
8376039 182723594
8376039 182723595
8370218 16281326
8370218 16281406
8370218 169011154
8370219 16281326
8370219 16281406
8370219 169011154
8370590 16281326
8370590 16281406
8370590 169011154
8375054 16281326
8375054 16281406
8375054 169011154
8368555 16281327
8371804 16281328
8373543 16281329
8373546 16281330
8373549 16281331
8376448 16281335
8377000 16281335
8382534 16281335
8370200 16281338
8371013 16281338
8373619 16281340
8373390 16281341
8367050 16281343
8367238 16281343
8367239 16281343
8367332 16281343
8368288 16281343
8368290 16281343
8368292 16281343
8368294 16281343
8368296 16281343
8368298 16281343
8368300 16281343
8368302 16281343
8368304 16281343
8368310 16281343
8368317 16281343
8368395 16281343
8374747 16281343
8374806 16281343
8375358 16281343
8375359 16281343
8375366 16281343
8375367 16281343
8375606 16281343
8375607 16281343
8375609 16281343
8376172 16281343
8376173 16281343
8382480 16281343
8382481 16281343
8382531 16281343
8374179 16281344
8369645 16281345
8369649 16281345
8369655 16281345
8372576 16281345
8372577 16281345
8372583 16281345
8374609 16281345
8375950 16281345
8375951 16281345
8375952 16281345
8375953 16281345
8377093 16281346
8380670 16281346
8368471 16281347
8380256 16281349
8380674 16281349
8380675 16281349
8380676 16281349
8372903 16281350
8372906 16281350
8380100 16281352
8374242 16281353
8374245 16281354
8380105 16281356
8380108 16281358
8369721 16281361
8369721 182605061
8369722 16281361
8369722 182605061
8372567 16281361
8372567 182605061
8372568 16281361
8372568 182605061
8372585 16281361
8372585 182605061
8372586 16281361
8372586 182605061
8375964 16281361
8375964 182605061
8377083 16281361
8377083 182605061
8377084 16281361
8377084 182605061
8373466 16281362
8369726 16281364
8369726 182605090
8369729 16281364
8369729 182605090
8369730 16281364
8369730 182605090
8369731 16281364
8369731 182605090
8369732 16281364
8369732 182605090
8374349 16281364
8374349 182605090
8375966 16281364
8375966 182605090
8375967 16281364
8375967 182605090
8373530 16281365
8366988 16281366
8373533 16281367
8373536 16281368
8374098 16281369
8369616 16281370
8369618 16281370
8369622 16281370
8369626 16281370
8369628 16281370
8369636 16281370
8369638 16281370
8369643 16281370
8373815 16281370
8375929 16281370
8375931 16281370
8375932 16281370
8375933 16281370
8375938 16281370
8375946 16281370
8375947 16281370
8375948 16281370
8375949 16281370
8376044 16281370
8376045 16281370
8376048 16281370
8376072 16281370
8376213 16281370
8376214 16281370
8376215 16281370
8376458 16281370
8376459 16281370
8379552 16281370
8379688 16281370
8379689 16281370
8380578 16281370
8380579 16281370
8370435 16281371
8370435 16281493
8370435 182605063
8370435 182605075
8370436 16281371
8370436 16281493
8370436 182605063
8370436 182605075
8370453 16281371
8370453 16281493
8370453 182605063
8370453 182605075
8370454 16281371
8370454 16281493
8370454 182605063
8370454 182605075
8371003 16281371
8371003 16281493
8371003 182605063
8371003 182605075
8374868 16281371
8374868 16281493
8374868 182605063
8374868 182605075
8375980 16281371
8375980 16281493
8375980 182605063
8375980 182605075
8382553 16281371
8382553 16281493
8382553 182605063
8382553 182605075
8373602 16281372
8373605 16281373
8373608 16281374
8373383 16281375
8373384 16281376
8367043 16281377
8373387 16281378
8367909 16281380
8376921 16281381
8376922 16281383
8376922 16281720
8380666 16281386
8369696 16281389
8369696 16302189
8369696 182723900
8369697 16281389
8369697 16302189
8369697 182723900
8369705 16281389
8369705 16302189
8369705 182723900
8369706 16281389
8369706 16302189
8369706 182723900
8369710 16281389
8369710 16302189
8369710 182723900
8369713 16281389
8369713 16302189
8369713 182723900
8372564 16281389
8372564 16302189
8372564 182723900
8372565 16281389
8372565 16302189
8372565 182723900
8372588 16281389
8372588 16302189
8372588 182723900
8372589 16281389
8372589 16302189
8372589 182723900
8374348 16281389
8374348 16302189
8374348 182723900
8375960 16281389
8375960 16302189
8375960 182723900
8375962 16281389
8375962 16302189
8375962 182723900
8375963 16281389
8375963 16302189
8375963 182723900
8377080 16281389
8377080 16302189
8377080 182723900
8377081 16281389
8377081 16302189
8377081 182723900
8369783 16281391
8369784 16281391
8369787 16281391
8369789 16281391
8369791 16281391
8370467 16281391
8370473 16281391
8370477 16281391
8370479 16281391
8371971 16281391
8374874 16281391
8374901 16281391
8374902 16281391
8375982 16281391
8375983 16281391
8376078 16281391
8376079 16281391
8376830 16281391
8380125 16281391
8380287 16281391
8380288 16281391
8368532 16281392
8368533 16281394
8373119 16281394
8374940 16281396
8374082 16281398
8374946 16281400
8374089 16281402
8368385 16281404
8370217 16281406
8370217 169011154
8380588 16281407
8373371 16281408
8367031 16281409
8373374 16281410
8382617 16281411
8373377 16281412
8367039 16281413
8380657 16281414
8378651 16281415
8378655 16281415
8378652 16281416
8378653 16281416
8370371 16281417
8370375 16281417
8370378 16281417
8370598 16281417
8376052 16281417
8376053 16281417
8376054 16281417
8376055 16281417
8382401 16281417
8378654 16281418
8378658 16281418
8378656 16281419
8378657 16281419
8373441 16281420
8373445 16281421
8373446 16281421
8373447 16281422
8384277 16281423
8384280 16281423
8384287 16281423
8384289 16281423
8384292 16281423
8384293 16281423
8368526 16281424
8373512 16281425
8374070 16281426
8374073 16281427
8374076 16281428
8370426 16281429
8370428 16281429
8372005 16281429
8373294 16281429
8373299 16281429
8373302 16281429
8373303 16281429
8373319 16281429
8373320 16281429
8376080 16281429
8376081 16281429
8368370 16281430
8368291 16281431
8368378 16281431
8371628 16281432
8373363 16281433
8367023 16281434
8375199 16281436
8375200 16281436
8375201 16281436
8373368 16281437
8380645 16281440
8376903 16281442
8373438 16281444
8369609 16281445
8370059 16281445
8375922 16281445
8382577 16281445
8373500 16281446
8370699 16281447
8373503 16281448
8373506 16281449
8374065 16281450
8373282 16281452
8380557 16281454
8380558 16281454
8380561 16281454
8368361 16281455
8368363 16281456
8377021 16281457
8377022 16281457
8377025 16281457
8382370 16281457
8382371 16281457
8372026 16281458
8374015 16281458
8376484 16281458
8380638 16281458
8380639 16281458
8374200 16281459
8376466 16281460
8376467 16281460
8382376 16281460
8382377 16281460
8373999 16281461
8374203 16281462
8373420 16281463
8374206 16281464
8373423 16281465
8374209 16281466
8367722 16281467
8374051 16281468
8370739 16281469
8370739 16284534
8370739 182723815
8370741 16281469
8370741 16284534
8370741 182723815
8370742 16281469
8370742 16284534
8370742 182723815
8372045 16281469
8372045 16284534
8372045 182723815
8374918 16281469
8374918 16284534
8374918 182723815
8370353 16281469
8370353 16284536
8370353 16284538
8370353 169011280
8370353 182723815
8370363 16281469
8370363 16284536
8370363 16284538
8370363 169011280
8370363 182723815
8370607 16281469
8370607 16284536
8370607 16284538
8370607 169011280
8370607 182723815
8370724 16281469
8370724 16284536
8370724 16284538
8370724 169011280
8370724 182723815
8370726 16281469
8370726 16284536
8370726 16284538
8370726 169011280
8370726 182723815
8370770 16281469
8370770 16284536
8370770 16284538
8370770 169011280
8370770 182723815
8370832 16281469
8370832 16284536
8370832 16284538
8370832 169011280
8370832 182723815
8372046 16281469
8372046 16284536
8372046 16284538
8372046 169011280
8372046 182723815
8372753 16281469
8372753 16284536
8372753 16284538
8372753 169011280
8372753 182723815
8374276 16281469
8374276 16284536
8374276 16284538
8374276 169011280
8374276 182723815
8374277 16281469
8374277 16284536
8374277 16284538
8374277 169011280
8374277 182723815
8374927 16281469
8374927 16284536
8374927 16284538
8374927 169011280
8374927 182723815
8374931 16281469
8374931 16284536
8374931 16284538
8374931 169011280
8374931 182723815
8376040 16281469
8376040 16284536
8376040 16284538
8376040 169011280
8376040 182723815
8376041 16281469
8376041 16284536
8376041 16284538
8376041 169011280
8376041 182723815
8376087 16281469
8376087 16284536
8376087 16284538
8376087 169011280
8376087 182723815
8376088 16281469
8376088 16284536
8376088 16284538
8376088 169011280
8376088 182723815
8376089 16281469
8376089 16284536
8376089 16284538
8376089 169011280
8376089 182723815
8370757 16281469
8370757 182723815
8372492 16281470
8374696 16281471
8380556 16281472
8380559 16281473
8373340 16281474
8377374 16281475
8373346 16281476
8373986 16281477
8373989 16281479
8373413 16281480
8373416 16281480
8373417 16281480
8369107 16281481
8369111 16281481
8369117 16281481
8369119 16281481
8369120 16281481
8373157 16281481
8373169 16281481
8374002 16281481
8374372 16281481
8374837 16281481
8375778 16281481
8375779 16281481
8376690 16281481
8376691 16281481
8369451 16281482
8366077 16281483
8376738 16281485
8376739 16281485
8370381 16281490
8370382 16281490
8370384 16281490
8370388 16281490
8370395 16281490
8370678 16281490
8370773 16281490
8370775 16281490
8371494 16281490
8372021 16281490
8372039 16281490
8372044 16281490
8372795 16281490
8373305 16281490
8373306 16281490
8374052 16281490
8374053 16281490
8374573 16281490
8374863 16281490
8375956 16281490
8375957 16281490
8376326 16281490
8376327 16281490
8376356 16281490
8376357 16281490
8376675 16281490
8376676 16281490
8376677 16281490
8380233 16281490
8380238 16281490
8380241 16281490
8380242 16281490
8369680 16281493
8369684 16281493
8369686 16281493
8369687 16281493
8369691 16281493
8369694 16281493
8372558 16281493
8372591 16281493
8372592 16281493
8374347 16281493
8375958 16281493
8375959 16281493
8376320 16281493
8377077 16281493
8377078 16281493
8368342 16281495
8368343 16281495
8368347 16281496
8374116 16281497
8374119 16281498
8369658 16281502
8370413 16281502
8370418 16281502
8370422 16281502
8370423 16281502
8370563 16281502
8370651 16281502
8371525 16281502
8371970 16281502
8372023 16281502
8372555 16281502
8372594 16281502
8372595 16281502
8373316 16281502
8373317 16281502
8374020 16281502
8374021 16281502
8374865 16281502
8374932 16281502
8376061 16281502
8376062 16281502
8376063 16281502
8376107 16281502
8376222 16281502
8376223 16281502
8376318 16281502
8376319 16281502
8376324 16281502
8376325 16281502
8380219 16281502
8380220 16281502
8382566 16281502
8366219 16281504
8373402 16281505
8373405 16281506
8373408 16281507
8373187 16281508
8374101 16281509
8374106 16281510
8373327 16281511
8373960 16281512
8380606 16281513
8373963 16281514
8371366 16281515
8373966 16281516
8374810 16281517
8384240 16281518
8384241 16281520
8370658 16281521
8370659 16281521
8374028 16281521
8374029 16281521
8376496 16281522
8376497 16281522
8375146 16281523
8375147 16281523
8376565 16281524
8376566 16281524
8366682 16281526
8373870 16281527
8373873 16281528
8370494 16281529
8375130 16281530
8370498 16281531
8375132 16281532
8380293 16281533
8380296 16281533
8368095 16281534
8373861 16281534
8373942 16281535
8371346 16281536
8370636 16281537
8369452 16281540
8374575 16281540
8373795 16281541
8373798 16281542
8375052 16281543
8369194 16281544
8373223 16281545
8373841 16281547
8376472 16281547
8376473 16281547
8369263 16281548
8380282 16281549
8380283 16281550
8380285 16281551
8373930 16281552
8373933 16281554
8374718 16281557
8373936 16281558
8373939 16281559
8370557 16281561
8373077 16281562
8368009 16281563
8374498 16281563
8366593 16281564
8376390 16281565
8376391 16281565
8376396 16281567
8376397 16281567
8376398 16281568
8376399 16281568
8373782 16281570
8373816 16281571
8376460 16281571
8376461 16281571
8376462 16281572
8376463 16281572
8368869 16281574
8373910 16281574
8373856 16281576
8373858 16281576
8373857 16281577
8375111 16281580
8380270 16281582
8380271 16281582
8368936 16281583
8372502 16281584
8367291 16281585
8373920 16281586
8373921 16281586
8373924 16281587
8373063 16281588
8377094 16281589
8377097 16281591
8374488 16281592
8366588 16281593
8366589 16281593
8376384 16281594
8376385 16281594
8376387 16281595
8376388 16281595
8376389 16281595
8373770 16281596
8373773 16281598
8373776 16281599
8367434 16281600
8367436 16281601
8376452 16281602
8376453 16281602
8376454 16281603
8376455 16281603
8380199 16281604
8371246 16281605
8373844 16281607
8378199 16281608
8380236 16281610
8380259 16281610
8380262 16281610
8380677 16281610
8380266 16281612
8370531 16281613
8371952 16281614
8373692 16281615
8373693 16281615
8373694 16281616
8373695 16281617
8373761 16281618
8373764 16281619
8373767 16281620
8376440 16281621
8376441 16281621
8376444 16281622
8376445 16281622
8368271 16281625
8368271 182605081
8368280 16281625
8368280 182605081
8369760 16281625
8369760 182605081
8369770 16281625
8369770 182605081
8370439 16281625
8370439 182605081
8370443 16281625
8370443 182605081
8370449 16281625
8370449 182605081
8370450 16281625
8370450 182605081
8370456 16281625
8370456 182605081
8370458 16281625
8370458 182605081
8370459 16281625
8370459 182605081
8374592 16281625
8374592 182605081
8375968 16281625
8375968 182605081
8375969 16281625
8375969 182605081
8375972 16281625
8375972 182605081
8375973 16281625
8375973 182605081
8375976 16281625
8375976 182605081
8375977 16281625
8375977 182605081
8375978 16281625
8375978 182605081
8375979 16281625
8375979 182605081
8376068 16281625
8376068 182605081
8376069 16281625
8376069 182605081
8376296 16281625
8376296 182605081
8376666 16281625
8376666 182605081
8376667 16281625
8376667 182605081
8376828 16281625
8376828 182605081
8379574 16281625
8379574 182605081
8379576 16281625
8379576 182605081
8379577 16281625
8379577 182605081
8380377 16281625
8380377 182605081
8380378 16281625
8380378 182605081
8382561 16281625
8382561 182605081
8373832 16281626
8373835 16281627
8372191 16281628
8372192 16281628
8372195 16281629
8380250 16281630
8380251 16281630
8380258 16281633
8373041 16281634
8373044 16281635
8373907 16281636
8373680 16281637
8366561 16281638
8375804 16281640
8375805 16281640
8366567 16281641
8373112 16281642
8369087 16281643
8368765 16281644
8368766 16281644
8374530 16281645
8373752 16281646
8373755 16281647
8375010 16281648
8373758 16281649
8380177 16281650
8368719 16281651
8368721 16281651
8368785 16281651
8374515 16281651
8374829 16281651
8375653 16281651
8375654 16281651
8375655 16281651
8376508 16281651
8380427 16281651
8380429 16281651
8380430 16281651
8373820 16281652
8380235 16281653
8380248 16281653
8380249 16281653
8369862 16281654
8370514 16281655
8374455 16281656
8373677 16281657
8376350 16281658
8376351 16281658
8372785 16281659
8372788 16281659
8376352 16281659
8376353 16281659
8380099 16281660
8367400 16281661
8373743 16281662
8373749 16281663
8375003 16281664
8371781 16281665
8375009 16281666
8376424 16281667
8376425 16281667
8373811 16281668
8380231 16281669
8373595 16281670
8369852 16281671
8373599 16281672
8371925 16281673
8373731 16281674
8373734 16281675
8373737 16281676
8373801 16281677
8373802 16281678
8369847 16281679
8378931 16281680
8378937 16281681
8373726 16281682
8372949 16281683
8380210 16281684
8373572 16281685
8380217 16281686
8373575 16281687
8373578 16281688
8373644 16281689
8369042 16281690
8376894 16281691
8377100 16281692
8372868 16281693
8376899 16281694
8367082 16281695
8373712 16281696
8373717 16281697
8373493 16281698
8373494 16281698
8380200 16281699
8373561 16281700
8377016 16281702
8377019 16281702
8377020 16281702
8378847 16281703
8378849 16281703
8378848 16281704
8374190 16281705
8366986 16281706
8367048 16281706
8368696 16281706
8368700 16281706
8368702 16281706
8368704 16281706
8368706 16281706
8368708 16281706
8368712 16281706
8375370 16281706
8375371 16281706
8375648 16281706
8375650 16281706
8376799 16281706
8376801 16281706
8378486 16281706
8378487 16281706
8378680 16281706
8378681 16281706
8384427 16281706
8374195 16281707
8374196 16281707
8367070 16281708
8374199 16281709
8380691 16281710
8373706 16281711
8373480 16281712
8373484 16281713
8373551 16281715
8373552 16281715
8373553 16281716
8373558 16281717
8373621 16281718
8373622 16281719
8372841 16281720
8374187 16281721
8378901 16281722
8378902 16281722
8380685 16281724
8380686 16281725
8380687 16281726
8376949 16281727
8374253 16281728
8376412 16281729
8376413 16281729
8379747 16281732
8379749 16281732
8379750 16281732
8377003 16281734
8377006 16281734
8377004 16281735
8382609 16281736
8371543 16281737
8366715 16281739
8366715 16281743
8366888 16281739
8366888 16281743
8375280 16281739
8375280 16281743
8375281 16281739
8375281 16281743
8366877 16281743
8366886 16281743
8366909 16281743
8371693 16281743
8371695 16281743
8373917 16281743
8372386 16281744
8377591 16281745
8376370 16281746
8376371 16281746
8373866 16281747
8373995 16281748
8373403 16281751
8376402 16281751
8376403 16281751
8367949 16281755
8373725 16281755
8374779 16281755
8373632 16281758
8372175 16281759
8372176 16281759
8372177 16281759
8368820 16281763
8374404 16281764
8366753 16281765
8367074 16281765
8368145 16281766
8371823 16281766
8373577 16281766
8374466 16281766
8376760 16281766
8376761 16281766
8368139 16281777
8372351 16281777
8372355 16281777
8372356 16281777
8374186 16281777
8376506 16281777
8376507 16281777
8369495 16281792
8369495 16281799
8370474 16281792
8370474 16281799
8371926 16281792
8371926 16281799
8372396 16281792
8372396 16281799
8374877 16281792
8374877 16281799
8376000 16281792
8376000 16281799
8376146 16281792
8376146 16281799
8376147 16281792
8376147 16281799
8376812 16281792
8376812 16281799
8376813 16281792
8376813 16281799
8369535 16281792
8369535 16281903
8372390 16281802
8372391 16281802
8373932 16281803
8382515 16281803
8376536 16281804
8376537 16281804
8373199 16281806
8367191 16281807
8374742 16281807
8370238 16281808
8373228 16281808
8373230 16281808
8368974 16281809
8371872 16281809
8376966 16281810
8372951 16281813
8372952 16281813
8372507 16281819
8373871 16281819
8373872 16281819
8374812 16281820
8373876 16281821
8376142 16281821
8376143 16281821
8370275 16281826
8376046 16281826
8376047 16281826
8369475 16281831
8374849 16281831
8376975 16281833
8372429 16281835
8372431 16281835
8376382 16281835
8376383 16281835
8373224 16281837
8373215 16281840
8373219 16281840
8373216 16281841
8373439 16281846
8373689 16281852
8373690 16281852
8376303 16281852
8371167 16281854
8371180 16281854
8374842 16281854
8376989 16281855
8376991 16281855
8375115 16281856
8367198 16281857
8367363 16281857
8372907 16281857
8372908 16281857
8369372 16281863
8369758 16281863
8371886 16281863
8371887 16281863
8374891 16281863
8376662 16281863
8380388 16281863
8380389 16281863
8373531 16281868
8366698 16281877
8375364 16281877
8375365 16281877
8372333 16281879
8373126 16281880
8373143 16281881
8373146 16281881
8372557 16281883
8372560 16281883
8372563 16281883
8372566 16281883
8372569 16281883
8372575 16281883
8376322 16281883
8376323 16281883
8373329 16281884
8372578 16281885
8372581 16281885
8372584 16281885
8372587 16281885
8372590 16281885
8372593 16281885
8372596 16281885
8372608 16281885
8372611 16281885
8374878 16281885
8370248 16281889
8370253 16281889
8370638 16281889
8374049 16281889
8374102 16281889
8374103 16281889
8376346 16281889
8380668 16281889
8380669 16281889
8373913 16281891
8371232 16281892
8376622 16281899
8376623 16281899
8375772 16281902
8375773 16281902
8372643 16281904
8372646 16281904
8374541 16281904
8368873 16281905
8372315 16281908
8376375 16281908
8376376 16281908
8376377 16281908
8376594 16281908
8376595 16281908
8378933 16281908
8378934 16281908
8378935 16281911
8376655 16281915
8376656 16281915
8376657 16281915
8374650 16281916
8371612 16281919
8384437 16281919
8370184 16281921
8372975 16281922
8373064 16281924
8367981 16281929
8368476 16281929
8375616 16281929
8375617 16281929
8366951 16281935
8367805 16281935
8368024 16281935
8376538 16281936
8378193 16281937
8368797 16281940
8372102 16281940
8373906 16281940
8368804 16281941
8368977 16281941
8371240 16281941
8371435 16281941
8368798 16281945
8366265 16281947
8371737 16281950
8366555 16281951
8382756 16281952
8368070 16281953
8366906 16281954
8373853 16281956
8373854 16281956
8373163 16281957
8373171 16281957
8374543 16281957
8371355 16281958
8371553 16281959
8373185 16281960
8368964 16281961
8368969 16281961
8372642 16281961
8384063 16281962
8372214 16281963
8372318 16281964
8374615 16281965
8371163 16281966
8373147 16281967
8373148 16281968
8370175 16281969
8370185 16281969
8373269 16281969
8377001 16281972
8372016 16281973
8366319 16281974
8372259 16281975
8367159 16281976
8374478 16281979
8367821 16281981
8373170 16281982
8373173 16281982
8374417 16281988
8374443 16281988
8374526 16281990
8366248 16281991
8374953 16281991
8377002 16281992
8373310 16281993
8366073 16281994
8375376 16281995
8375377 16281996
8378689 16281998
8377044 16281999
8377588 16282000
8368941 16282001
8368942 16282001
8369162 16282001
8371538 16282003
8372976 16282003
8370236 16282004
8371534 16282004
8367072 16282005
8367129 16282005
8371229 16282007
8371234 16282007
8372114 16282007
8372117 16282007
8367179 16282009
8367188 16282009
8367282 16282009
8366218 16282012
8375182 16282012
8374809 16282023
8374008 16282031
8374240 16282031
8374241 16282031
8375705 16282031
8372802 16282032
8376668 16282032
8376973 16282032
8376974 16282032
8376974 16282034
8370292 16282033
8368679 16282037
8372384 16282037
8372385 16282037
8377040 16282038
8373334 16282045
8366318 16282053
8374325 16282053
8374337 16282053
8374331 16282056
8375386 16282056
8375387 16282056
8368919 16282065
8368921 16282065
8369184 16282065
8369232 16282065
8369235 16282065
8369236 16282065
8371462 16282065
8373547 16282065
8373548 16282065
8375856 16282065
8375857 16282065
8376626 16282065
8376627 16282065
8376648 16282065
8376649 16282065
8366778 16282067
8371684 16282067
8371700 16282067
8368612 16282080
8368727 16282080
8368728 16282080
8370103 16282080
8370278 16282080
8371864 16282080
8374886 16282080
8372776 16282082
8372981 16282083
8372982 16282083
8371275 16282084
8373903 16282084
8371414 16282086
8374484 16282086
8384407 16282086
8367881 16282087
8382518 16282088
8367076 16282091
8367077 16282091
8382601 16282092
8380689 16282094
8368583 16282095
8366575 16282096
8376294 16282098
8376295 16282098
8370644 16282100
8376834 16282102
8379613 16282102
8380518 16282102
8371676 16282103
8373653 16282105
8367293 16282106
8368799 16282107
8368806 16282107
8368808 16282107
8370379 16282108
8370402 16282108
8372761 16282108
8374570 16282108
8374613 16282108
8369531 16282114
8369419 16282116
8369688 16282116
8369707 16282116
8369723 16282116
8369989 16282116
8373033 16282116
8373037 16282116
8373038 16282116
8373220 16282116
8373221 16282116
8374571 16282116
8374574 16282116
8380662 16282117
8380663 16282117
8374610 16282118
8371740 16282120
8374319 16282121
8368961 16282123
8369258 16282123
8374134 16282124
8372615 16282125
8376344 16282125
8376345 16282125
8373458 16282127
8373459 16282127
8373468 16282127
8372138 16282128
8367932 16282129
8368709 16282130
8375620 16282130
8375621 16282130
8384045 16282131
8367502 16282132
8372523 16282133
8374552 16282134
8370214 16282135
8368379 16282136
8367185 16282137
8367308 16282138
8367156 16282139
8367158 16282139
8371735 16282139
8371741 16282139
8374096 16282139
8374405 16282139
8382487 16282139
8382488 16282139
8369650 16282141
8369677 16282141
8369698 16282141
8369714 16282141
8372580 16282141
8370145 16282142
8370114 16282146
8370290 16282146
8373197 16282146
8373528 16282146
8373540 16282146
8373541 16282146
8373545 16282146
8374576 16282146
8374626 16282146
8367515 16282147
8374985 16282148
8374986 16282148
8375045 16282149
8374652 16282150
8367488 16282152
8367507 16282152
8372680 16282152
8367325 16282153
8374677 16282154
8367007 16282155
8369250 16282158
8370167 16282159
8374177 16282160
8374178 16282160
8370796 16282161
8377041 16282161
8372808 16282162
8371518 16282176
8373892 16282178
8373902 16282178
8368876 16282181
8366346 16282182
8373359 16282184
8373362 16282184
8373646 16282186
8373648 16282186
8373054 16282187
8368789 16282190
8376380 16282191
8376381 16282191
8373780 16282195
8373781 16282195
8380295 16282196
8376140 16282199
8376141 16282199
8372632 16282200
8374258 16282201
8370182 16282202
8370186 16282202
8376983 16282206
8376984 16282206
8372295 16282208
8374056 16282209
8374057 16282211
8373911 16282213
8371393 16282217
8373166 16282219
8367991 16282233
8368186 16282233
8370953 16282233
8376764 16282233
8376765 16282233
8370643 16282237
8372454 16282238
8372970 16282252
8382568 16282258
8374047 16282261
8374048 16282261
8378506 16282264
8376478 16282270
8376479 16282270
8376560 16282283
8376561 16282283
8377590 16282283
8382521 16282283
8376552 16282300
8376553 16282300
8377593 16282300
8377597 16282300
8377598 16282300
8370738 16282301
8372033 16282301
8374915 16282301
8366903 16282311
8372881 16282311
8372882 16282311
8372883 16282312
8367163 16282315
8367177 16282316
8368825 16282320
8376990 16282321
8367266 16282322
8367150 16282323
8367153 16282323
8371026 16282323
8372542 16282325
8374895 16282330
8370112 16282332
8373521 16282339
8370595 16282347
8372198 16282356
8372363 16282361
8372440 16282367
8370582 16282368
8370585 16282368
8373625 16282368
8374637 16282368
8370574 16282369
8367212 16282373
8376494 16282374
8377095 16282374
8377098 16282374
8377099 16282374
8369214 16282384
8373868 16282384
8374536 16282384
8369348 16282394
8371493 16282398
8372040 16282404
8366713 16282415
8370627 16282417
8374643 16282417
8370509 16282418
8370509 16283582
8372015 16282418
8372015 16283582
8372933 16282423
8371929 16282435
8373132 16282440
8376962 16282440
8374496 16282447
8376981 16282450
8382335 16282450
8374808 16282453
8373472 16282455
8373672 16282456
8370790 16282459
8370793 16282459
8370799 16282459
8373662 16282459
8373663 16282459
8374104 16282459
8374105 16282459
8375073 16282459
8375074 16282459
8371292 16282460
8372543 16282461
8372544 16282461
8373127 16282463
8373127 16284177
8374823 16282463
8374823 16284177
8374824 16282463
8374824 16284177
8370223 16282467
8373630 16282467
8373631 16282467
8369383 16282472
8369384 16282472
8372309 16282473
8370525 16282475
8373134 16282478
8373135 16282478
8373136 16282478
8373137 16282479
8372389 16282483
8370710 16282487
8374649 16282487
8376094 16282487
8376095 16282487
8366343 16282493
8367401 16282493
8367412 16282493
8367661 16282493
8370229 16282496
8370174 16282499
8372286 16282502
8367685 16282503
8373560 16282513
8374850 16282513
8373296 16282519
8373314 16282519
8373315 16282519
8371495 16282523
8371497 16282523
8375071 16282531
8376996 16282531
8367180 16282533
8372901 16282533
8374411 16282533
8373885 16282537
8373627 16282539
8372307 16282547
8373509 16282555
8366669 16282569
8366836 16282569
8372817 16282569
8373048 16282572
8367276 16282575
8367277 16282575
8367183 16282581
8367263 16282581
8373485 16282584
8374616 16282587
8376474 16282591
8379852 16282591
8379853 16282591
8376150 16282592
8372255 16282594
8373826 16282595
8373277 16282597
8373338 16282608
8373339 16282608
8375622 16282608
8375623 16282608
8367857 16282613
8371770 16282613
8371165 16282616
8374605 16282616
8376630 16282616
8376631 16282616
8372774 16282619
8372775 16282619
8367969 16282625
8375002 16282629
8368905 16282631
8369211 16282631
8374553 16282631
8367802 16282633
8370154 16282640
8370161 16282640
8370164 16282640
8370169 16282640
8371508 16282640
8373272 16282640
8373273 16282640
8374913 16282640
8376152 16282640
8380592 16282640
8380593 16282640
8382559 16282640
8372432 16282646
8374246 16282646
8377037 16282649
8377038 16282649
8377039 16282649
8376436 16282652
8376437 16282652
8373700 16282663
8379906 16282668
8376505 16282672
8374634 16282675
8370688 16282680
8372030 16282680
8376236 16282680
8384435 16282682
8369533 16282682
8369533 16284029
8369559 16282682
8369559 16284029
8373568 16282682
8373568 16284029
8373819 16282682
8373819 16284029
8374852 16282682
8374852 16284029
8376426 16282682
8376426 16284029
8376427 16282682
8376427 16284029
8384434 16282682
8384434 16284029
8373260 16282685
8368822 16282687
8384264 16282688
8373495 16282698
8373496 16282698
8373191 16282700
8370798 16282705
8371593 16282707
8368602 16282712
8367402 16282742
8371641 16282742
8375443 16282742
8375444 16282742
8375445 16282742
8376166 16282742
8376167 16282742
8368991 16282748
8369118 16282748
8374001 16282748
8374836 16282748
8370170 16282751
8379434 16282755
8368259 16282761
8373232 16282761
8370179 16282767
8370179 163974723
8370656 16282767
8370656 163974723
8371984 16282767
8371984 163974723
8382499 16282767
8382499 163974723
8382500 16282767
8382500 163974723
8374697 16282770
8374085 16282772
8375057 16282773
8372261 16282779
8372616 16282780
8367170 16282783
8367172 16282783
8369317 16282789
8367510 16282790
8384265 16282791
8372708 16282793
8367309 16282794
8372804 16282796
8372805 16282799
8376972 16282800
8366686 16282821
8366823 16282821
8366851 16282821
8373442 16282821
8374306 16282821
8374723 16282821
8374951 16282821
8382608 16282912
8374146 16282923
8376986 16282923
8376987 16282923
8382570 16282923
8376946 16282925
8372505 16282929
8374205 16282934
8375120 16282934
8377328 16282934
8372645 16282936
8367054 16282947
8370915 16282947
8374693 16282952
8371734 16282957
8372146 16282958
8367234 16282959
8367327 16282961
8371412 16282967
8370569 16282969
8379892 16282971
8370571 16282973
8371988 16282976
8374636 16282976
8370560 16282978
8371502 16282981
8376200 16282991
8376201 16282991
8382993 16282995
8366287 16283007
8373981 16283014
8376480 16283014
8376481 16283014
8374675 16283017
8383041 16283019
8375113 16283026
8375612 16283031
8375613 16283031
8373497 16283032
8372265 16283033
8372368 16283036
8372372 16283036
8374664 16283038
8367203 16283040
8367199 16283043
8367296 16283043
8367299 16283043
8367302 16283043
8366334 16283044
8366769 16283046
8373750 16283108
8373073 16283116
8373074 16283116
8373261 16283120
8382562 16283120
8373263 16283121
8373264 16283121
8374938 16283122
8374773 16283143
8374774 16283143
8368944 16283149
8369154 16283149
8374840 16283149
8372957 16283153
8369225 16283157
8367278 16283159
8367812 16283173
8367816 16283173
8372147 16283173
8374452 16283173
8375480 16283173
8375481 16283173
8373258 16283175
8373259 16283175
8367691 16283178
8375790 16283182
8375791 16283182
8382555 16283186
8373786 16283188
8374480 16283204
8376758 16283204
8376759 16283204
8372196 16283250
8372197 16283250
8375166 16283251
8373267 16283252
8373475 16283253
8370181 16283257
8376960 16283260
8366064 16283270
8366150 16283270
8371230 16283270
8372118 16283270
8370216 16283271
8382538 16283282
8371706 16283300
8371761 16283300
8367823 16283300
8367823 16284818
8367849 16283300
8367849 16284818
8368053 16283300
8368053 16284818
8368087 16283300
8368087 16284818
8368369 16283300
8368369 16284818
8371769 16283300
8371769 16284818
8372157 16283300
8372157 16284818
8372947 16283300
8372947 16284818
8376754 16283300
8376754 16284818
8376755 16283300
8376755 16284818
8373702 16283304
8370193 16283307
8367173 16283310
8376287 16283314
8376288 16283314
8376289 16283314
8380433 16283322
8367010 16283325
8367011 16283329
8371382 16283333
8366332 16283356
8366491 16283356
8366515 16283356
8371649 16283356
8370376 16283369
8375998 16283369
8375999 16283369
8376832 16283369
8376833 16283369
8367310 16283377
8376794 16283443
8376795 16283443
8366874 16283460
8374071 16283460
8374072 16283460
8374379 16283460
8380690 16283462
8366723 16283502
8366731 16283502
8366735 16283502
8366883 16283502
8366892 16283502
8367176 16283502
8367275 16283502
8367280 16283502
8373350 16283502
8373354 16283502
8374352 16283502
8374368 16283502
8374375 16283502
8374380 16283502
8374385 16283502
8375362 16283502
8375363 16283502
8376170 16283502
8376171 16283502
8376274 16283502
8376275 16283502
8382516 16283502
8369159 16283562
8370960 16283562
8374841 16283562
8372011 16283564
8370452 16283576
8370452 16283582
8371611 16283576
8371611 16283582
8374632 16283576
8374632 16283582
8377067 16283576
8377067 16283582
8382368 16283582
8382369 16283582
8372781 16283582
8372781 16283593
8372782 16283582
8372782 16283593
8374611 16283582
8374611 16283593
8374904 16283582
8374904 16283593
8374912 16283582
8374912 16283593
8370287 16283596
8366792 16283601
8367142 16283601
8373234 16283601
8373235 16283601
8371691 16283604
8370142 16283621
8370427 16283621
8371514 16283621
8373293 16283621
8373308 16283621
8373309 16283621
8373322 16283621
8374945 16283621
8376003 16283621
8376007 16283621
8374657 16283636
8382514 16283636
8373274 16283637
8371674 16283655
8376714 16283655
8376715 16283655
8367689 16283658
8367516 16283662
8372673 16283662
8372678 16283662
8373862 16283670
8376634 16283670
8376635 16283670
8373519 16283687
8376420 16283687
8376421 16283687
8367326 16283688
8374355 16283699
8374477 16283699
8373051 16283704
8373852 16283705
8370127 16283710
8382527 16283716
8374741 16283725
8384271 16283725
8384257 16283731
8372448 16283735
8373222 16283737
8373222 182604798
8373050 16283743
8375860 16283743
8375861 16283743
8376372 16283743
8376373 16283743
8372139 16283749
8382519 16283749
8371814 16283762
8375546 16283762
8375547 16283762
8377007 16283770
8377008 16283770
8373060 16283772
8373061 16283772
8367683 16283773
8367472 16283777
8367478 16283777
8367480 16283777
8367528 16283777
8372136 16283780
8366547 16283785
8373092 16283787
8382532 16283794
8372377 16283796
8367698 16283798
8372676 16283798
8372706 16283805
8372712 16283805
8384364 16283805
8384412 16283805
8375506 16283822
8375507 16283822
8370153 16283826
8370159 16283826
8373772 16283838
8373777 16283838
8373778 16283838
8380631 16283842
8380632 16283842
8380633 16283842
8380636 16283842
8382367 16283842
8371436 16283846
8371285 16283847
8373673 16283849
8371404 16283856
8371835 16283856
8373071 16283858
8373072 16283858
8367435 16283861
8377070 16283861
8370559 16283867
8370559 169011155
8374930 16283867
8374930 169011155
8366478 16283892
8371665 16283892
8372871 16283892
8376546 16283892
8376547 16283892
8366520 16283907
8366617 16283907
8366618 16283907
8378122 16283910
8376118 16283914
8376119 16283914
8380500 16283916
8371908 16283930
8375794 16283930
8375795 16283930
8366166 16283939
8374305 16283939
8375168 16283939
8373145 16283940
8373566 16283998
8366063 16284000
8366204 16284000
8371598 16284000
8372112 16284000
8372113 16284000
8374298 16284000
8372545 16284002
8380646 16284003
8380647 16284003
8373639 16284007
8374916 16284007
8384256 16284011
8378801 16284014
8378802 16284014
8373884 16284015
8367471 16284017
8367479 16284017
8367483 16284017
8367688 16284017
8372679 16284017
8375013 16284017
8367321 16284018
8374612 16284019
8372277 16284021
8372280 16284021
8367292 16284022
8370625 16284037
8370635 16284037
8374662 16284037
8372801 16284039
8372797 16284040
8372375 16284053
8374521 16284053
8374522 16284053
8382547 16284056
8372122 16284057
8371878 16284063
8367734 16284068
8366699 16284085
8366857 16284085
8374384 16284085
8375328 16284085
8375329 16284085
8366700 16284087
8373212 16284089
8366931 16284102
8366933 16284102
8376722 16284102
8376723 16284102
8371554 16284106
8368909 16284108
8369207 16284108
8371459 16284108
8366255 16284116
8373385 16284116
8374069 16284116
8374316 16284116
8374327 16284116
8384347 16284116
8373360 16284135
8380650 16284137
8380651 16284137
8377326 16284138
8382720 16284140
8376941 16284141
8372208 16284143
8376992 16284146
8376993 16284146
8376994 16284146
8366660 16284148
8372018 16284150
8371271 16284153
8371452 16284153
8374679 16284153
8376418 16284159
8382541 16284159
8371739 16284164
8373118 16284165
8373799 16284166
8373800 16284166
8372661 16284167
8373365 16284169
8367012 16284170
8373711 16284171
8376442 16284171
8376443 16284171
8369259 16284172
8372497 16284175
8373188 16284176
8374941 16284177
8367620 16284193
8367768 16284193
8367950 16284193
8368180 16284193
8368197 16284193
8368205 16284193
8368264 16284193
8373053 16284193
8373189 16284193
8373190 16284193
8373456 16284193
8374469 16284193
8374470 16284193
8374471 16284193
8374495 16284193
8374528 16284193
8374786 16284193
8374789 16284193
8374816 16284193
8375625 16284193
8375627 16284193
8376620 16284193
8376621 16284193
8376742 16284193
8376743 16284193
8376762 16284193
8376763 16284193
8376766 16284193
8376792 16284193
8376793 16284193
8379044 16284193
8379045 16284193
8373650 16284199
8376097 16284201
8380648 16284201
8376098 16284202
8373231 16284206
8368232 16284218
8368270 16284218
8373081 16284218
8374790 16284218
8375042 16284218
8376198 16284218
8376199 16284218
8373640 16284222
8373642 16284224
8373643 16284224
8373645 16284225
8372271 16284228
8374473 16284228
8382322 16284229
8372880 16284231
8368952 16284234
8379907 16284234
8373983 16284236
8367473 16284237
8373196 16284237
8374660 16284237
8367523 16284245
8367774 16284245
8368812 16284272
8368813 16284272
8368817 16284272
8368818 16284272
8368850 16284272
8368871 16284272
8368970 16284272
8368978 16284272
8371168 16284272
8373883 16284272
8374669 16284272
8374831 16284272
8380720 16284272
8373473 16284277
8373474 16284277
8376366 16284277
8376367 16284277
8382522 16284277
8367028 16284281
8372137 16284283
8372928 16284284
8372929 16284284
8372930 16284284
8372931 16284284
8372925 16284285
8372932 16284285
8369138 16284286
8373953 16284288
8373954 16284288
8373946 16284290
8376159 16284295
8376942 16284297
8380201 16284300
8380204 16284300
8380211 16284300
8380212 16284300
8380216 16284300
8380218 16284300
8380221 16284300
8380243 16284300
8380245 16284300
8380246 16284300
8380255 16284300
8380257 16284300
8380260 16284300
8380261 16284300
8380263 16284300
8380264 16284300
8380688 16284300
8382352 16284300
8382495 16284300
8382496 16284300
8375067 16284306
8376995 16284306
8370177 16284307
8367323 16284308
8367424 16284310
8373891 16284311
8373793 16284315
8382557 16284315
8380577 16284317
8374651 16284318
8372620 16284321
8368099 16284327
8376756 16284327
8376757 16284327
8371594 16284328
8373483 16284332
8369190 16284336
8374250 16284337
8368553 16284339
8367423 16284351
8367738 16284351
8367739 16284351
8371352 16284351
8371358 16284351
8373962 16284351
8373965 16284351
8374446 16284351
8378560 16284351
8368595 16284355
8372617 16284355
8372815 16284356
8371526 16284359
8373311 16284359
8371491 16284360
8371889 16284363
8370160 16284364
8374909 16284367
8377296 16284368
8367175 16284371
8376364 16284373
8376365 16284373
8375035 16284374
8375032 16284375
8376976 16284375
8373881 16284376
8374107 16284376
8376500 16284376
8376501 16284376
8382563 16284380
8378302 16284381
8374247 16284407
8374694 16284407
8369364 16284410
8372435 16284410
8372436 16284410
8367491 16284416
8371363 16284416
8372178 16284420
8370380 16284423
8370404 16284423
8366760 16284424
8368360 16284429
8371768 16284429
8375485 16284429
8375486 16284429
8375593 16284429
8382530 16284429
8373539 16284430
8371536 16284432
8373290 16284432
8373291 16284432
8371510 16284434
8366755 16284436
8366759 16284436
8376866 16284438
8382596 16284439
8370575 16284440
8374642 16284440
8367917 16284452
8371834 16284452
8374482 16284452
8376438 16284452
8376439 16284452
8375468 16284453
8368092 16284455
8372203 16284455
8374317 16284455
8372366 16284459
8373186 16284461
8373992 16284464
8380692 16284465
8367165 16284466
8372847 16284467
8373658 16284468
8371310 16284469
8373130 16284471
8373131 16284471
8373085 16284472
8373086 16284472
8379122 16284474
8374046 16284475
8370158 16284476
8373526 16284479
8373527 16284479
8369639 16284484
8376948 16284485
8373656 16284487
8373847 16284488
8382549 16284490
8366880 16284494
8370303 16284495
8370438 16284495
8374599 16284495
8367803 16284496
8368321 16284496
8368332 16284496
8368056 16284505
8368335 16284505
8371765 16284505
8374770 16284505
8378697 16284506
8374412 16284515
8372142 16284517
8374527 16284520
8373542 16284521
8367494 16284522
8372452 16284524
8372650 16284526
8380390 16284528
8378235 16284529
8367979 16284530
8374748 16284532
8367267 16284554
8368743 16284554
8370150 16284557
8370162 16284557
8370168 16284557
8374944 16284557
8376228 16284557
8376229 16284557
8370225 16284562
8373325 16284562
8374947 16284562
8374948 16284562
8370180 16284572
8370194 16284572
8370198 16284572
8370204 16284572
8370421 16284572
8370680 16284572
8371527 16284572
8372020 16284572
8372793 16284572
8372794 16284572
8373265 16284572
8373266 16284572
8373279 16284572
8373281 16284572
8373326 16284572
8374620 16284572
8370244 16284588
8370245 16284588
8370250 16284588
8370254 16284588
8370255 16284588
8370708 16284588
8370709 16284588
8370713 16284588
8370743 16284588
8370764 16284588
8370805 16284588
8370806 16284588
8371991 16284588
8373667 16284588
8374917 16284588
8370149 16284592
8370165 16284592
8371505 16284592
8372361 16284609
8372361 16284782
8373733 16284609
8373733 16284782
8374487 16284609
8374487 16284782
8374782 16284609
8374782 16284782
8368235 16284611
8368235 16284782
8373888 16284614
8374350 16284619
8374370 16284629
8366569 16284631
8373057 16284634
8373201 16284637
8373655 16284641
8374059 16284641
8374060 16284641
8374062 16284641
8382588 16284641
8370592 16284642
8380721 16284643
8380718 16284644
8371383 16284647
8371774 16284647
8376196 16284647
8376197 16284647
8379938 16284648
8368083 16284655
8375464 16284655
8370205 16284657
8371522 16284657
8373271 16284657
8374896 16284657
8367189 16284659
8367294 16284659
8372904 16284659
8372905 16284659
8384439 16284661
8374058 16284663
8370566 16284664
8367148 16284667
8373103 16284667
8373104 16284667
8380454 16284668
8366136 16284669
8366137 16284669
8371273 16284671
8371443 16284671
8371445 16284671
8373887 16284671
8374118 16284671
8374311 16284671
8373080 16284673
8375060 16284674
8375061 16284674
8369914 16284676
8372550 16284676
8376530 16284680
8376531 16284680
8370629 16284682
8376869 16284683
8376870 16284683
8378182 16284684
8376502 16284685
8376503 16284685
8372508 16284689
8374142 16284693
8374143 16284693
8367861 16284694
8373336 16284694
8372206 16284695
8374398 16284696
8373211 16284697
8373229 16284698
8367906 16284711
8367913 16284711
8368132 16284711
8372338 16284711
8374460 16284711
8374463 16284711
8372341 16284715
8374775 16284715
8372339 16284718
8372408 16284721
8372409 16284721
8369619 16284725
8374202 16284725
8374259 16284725
8374260 16284725
8369300 16284729
8369845 16284729
8369848 16284729
8375784 16284729
8375785 16284729
8370712 16284733
8370772 16284733
8374914 16284733
8380671 16284733
8367283 16284736
8374939 16284736
8367318 16284742
8367320 16284742
8367324 16284742
8367328 16284742
8367330 16284742
8384303 16284742
8384304 16284742
8376433 16284746
8376434 16284746
8376435 16284746
8373046 16284748
8372285 16284751
8376602 16284751
8376979 16284752
8376980 16284752
8382334 16284752
8371881 16284759
8371671 16284767
8374724 16284767
8368949 16284771
8368954 16284771
8369090 16284771
8374561 16284771
8368950 16284773
8367492 16284775
8367498 16284775
8374025 16284776
8374026 16284776
8371587 16284778
8371588 16284778
8376492 16284779
8376493 16284781
8368010 16284782
8374853 16284801
8367832 16284814
8367848 16284814
8368346 16284814
8371802 16284814
8371808 16284814
8373843 16284814
8373851 16284814
8375078 16284822
8375767 16284823
8372961 16284824
8367055 16284826
8374109 16284828
8367487 16284829
8367284 16284834
8372899 16284834
8374410 16284834
8366697 16284837
8367016 16284837
8370172 16284840
8373864 16284841
8380652 16284843
8380653 16284843
8380654 16284843
8372629 16284844
8380510 16284845
8369464 16284851
8373747 16284851
8374468 16284851
8375782 16284851
8375783 16284851
8369215 16284852
8372180 16284853
8373321 16284854
8373324 16284854
8366144 16284860
8366247 16284860
8366256 16284860
8374299 16284860
8374309 16284860
8374318 16284860
8374137 16284863
8375282 16284866
8375283 16284866
8370237 16284867
8370222 16284869
8370387 16284869
8369280 16284870
8382509 16284871
8373453 16284872
8376694 16284872
8376695 16284872
8369657 16284874
8375000 16284876
8380711 16284876
8376963 16284877
8367300 16284878
8373039 16284881
8373042 16284881
8376542 16284888
8368945 16284892
8376554 16284896
8376555 16284896
8376944 16284896
8374148 16284897
8373268 16284898
8373928 16284902
8373929 16284902
8376410 16284903
8377254 16284903
8371242 16284905
8376411 16284907
8371489 16284908
8373957 16284911
8377043 16284912
8373664 16284914
8376600 16284922
8376601 16284922
8377055 16284922
8379055 16284929
8366658 16284940
8366817 16284940
8371291 16284940
8371690 16284940
8372810 16284940
8374700 16284940
8376558 16284940
8376559 16284940
8375273 16284949
8375274 16284949
8375275 16284949
8375276 16284949
8375277 16284949
8373343 16284951
8370201 16284952
8369363 16284954
8380587 16284955
8368805 16284957
8375008 16284958
8366734 16284963
8366057 16284964
8366062 16284964
8366138 16284964
8366168 16284964
8366169 16284964
8376430 16284965
8376431 16284965
8374550 16284966
8366277 16284967
8371659 16284967
8376964 16284970
8375611 16284971
8374004 16284972
8374005 16284972
8371803 16284980
8376194 16284980
8376195 16284980
8373436 16284981
8374144 16284982
8377977 16284983
8377978 16284983
8372457 16284984
8375288 16284986
8375289 16284986
