32628831 102759377
32628831 102759398
32628831 16078733
32628831 16369768
32628883 102759377
32628883 102759398
32628883 16078733
32628883 16369768
32628884 102759377
32628884 102759398
32628884 16078733
32628884 16369768
32628885 102759377
32628885 102759398
32628885 16078733
32628885 16369768
32628886 102759377
32628886 102759398
32628886 16078733
32628886 16369768
32628887 102759377
32628887 102759398
32628887 16078733
32628887 16369768
32628888 102759377
32628888 102759398
32628888 16078733
32628888 16369768
32628889 102759377
32628889 102759398
32628889 16078733
32628889 16369768
32628890 102759377
32628890 102759398
32628890 16078733
32628890 16369768
32628891 102759377
32628891 102759398
32628891 16078733
32628891 16369768
32628892 102759377
32628892 102759398
32628892 16078733
32628892 16369768
32628893 102759377
32628893 102759398
32628893 16078733
32628893 16369768
32628894 102759377
32628894 102759398
32628894 16078733
32628894 16369768
32628896 102759377
32628896 102759398
32628896 16078733
32628896 16369768
32628897 102759377
32628897 102759398
32628897 16078733
32628897 16369768
32634906 102759377
32634906 102759398
32634906 16078733
32634906 16369768
32634907 102759377
32634907 102759398
32634907 16078733
32634907 16369768
32634908 102759377
32634908 102759398
32634908 16078733
32634908 16369768
32634909 102759377
32634909 102759398
32634909 16078733
32634909 16369768
32628870 16078662
32628870 16369627
32634912 16078662
32634912 16369627
32634913 16078662
32634913 16369627
32634914 16078662
32634914 16369627
32634915 16078662
32634915 16369627
32628835 16078813
32634911 16078813
32628836 16078813
32628836 16369796
32628900 16078813
32628900 16369796
32628965 16078813
32628965 16369796
32634910 16078813
32634910 16369796
32645484 16078813
32645484 16369796
32645485 16078813
32645485 16369796
32624611 16311585
32624612 16311585
32624613 16311585
32624614 16311585
32606640 16311585
32606640 16371247
32606640 16371968
32606654 16311585
32606654 16371247
32606654 16371968
32606655 16311585
32606655 16371247
32606655 16371968
32606664 16311585
32606664 16371247
32606664 16371968
32611218 16311585
32611218 16371247
32611218 16371968
32606665 16312070
32606665 16371968
32611217 16312328
32606681 16312328
32606681 16372289
32606682 16312328
32606682 16372289
32606683 16312328
32606683 16372289
32606684 16312328
32606684 16372289
32606685 16312328
32606685 16372289
32606686 16312328
32606686 16372289
32606687 16312328
32606687 16372289
32606688 16312328
32606688 16372289
32606689 16312328
32606689 16372289
32606692 16312328
32606692 16372289
32606702 16312328
32606702 16372289
32606716 16312328
32606716 16372289
32606722 16312328
32606722 16372289
32611216 16312328
32611216 16372289
32629483 102759371
32629483 102759384
32629483 102759412
32629483 16373984
32634379 102759371
32634379 102759384
32634379 102759412
32634379 16373984
32634755 102759371
32634755 102759384
32634755 102759412
32634755 16373984
32634951 102759371
32634951 102759384
32634951 102759412
32634951 16373984
32631929 109890659
32631929 110573698
32631929 16372586
32632249 109890659
32632249 110573698
32632249 16372586
32632299 109890659
32632299 110573698
32632299 16372586
32632308 109890659
32632308 110573698
32632308 16372586
32632387 109890659
32632387 110573698
32632387 16372586
32633960 109890659
32633960 110573698
32633960 16372586
32635244 109890659
32635244 110573698
32635244 16372586
32635245 109890659
32635245 110573698
32635245 16372586
32635252 109890659
32635252 110573698
32635252 16372586
32635253 109890659
32635253 110573698
32635253 16372586
32635256 109890659
32635256 110573698
32635256 16372586
32635257 109890659
32635257 110573698
32635257 16372586
32635268 109890659
32635268 110573698
32635268 16372586
32635269 109890659
32635269 110573698
32635269 16372586
32635276 109890659
32635276 110573698
32635276 16372586
32635277 109890659
32635277 110573698
32635277 16372586
32635442 109890659
32635442 110573698
32635442 16372586
32635443 109890659
32635443 110573698
32635443 16372586
32629408 110573623
32629408 16373103
32634947 110573625
32634947 110573672
32634947 134117306
32634947 134117307
32634947 16371329
32634947 16374496
32636364 110573625
32636364 110573672
32636364 134117306
32636364 134117307
32636364 16374493
32636364 16374496
32636365 110573625
32636365 110573672
32636365 134117306
32636365 134117307
32636365 16374493
32636365 16374496
32636374 110573625
32636374 110573672
32636374 134117306
32636374 134117307
32636374 16374493
32636374 16374496
32636150 110573625
32636150 110573672
32636150 134117306
32636150 134117307
32636150 16374496
32629043 110573628
32629043 16373636
32629501 110573629
32629501 110573646
32629501 110573709
32629501 115224643
32629501 115224677
32629501 137982694
32629501 16369697
32629623 110573629
32629623 110573646
32629623 110573709
32629623 115224643
32629623 115224677
32629623 137982694
32629623 16369697
32629733 110573629
32629733 110573646
32629733 110573709
32629733 115224643
32629733 115224677
32629733 137982694
32629733 16369697
32629772 110573629
32629772 110573646
32629772 110573709
32629772 115224643
32629772 115224677
32629772 137982694
32629772 16369697
32629947 110573629
32629947 110573646
32629947 110573709
32629947 115224643
32629947 115224677
32629947 137982694
32629947 16369697
32629951 110573629
32629951 110573646
32629951 110573709
32629951 115224643
32629951 115224677
32629951 137982694
32629951 16369697
32629953 110573629
32629953 110573646
32629953 110573709
32629953 115224643
32629953 115224677
32629953 137982694
32629953 16369697
32633365 110573629
32633365 110573646
32633365 110573709
32633365 115224643
32633365 115224677
32633365 137982694
32633365 16369697
32634106 110573629
32634106 110573646
32634106 110573709
32634106 115224643
32634106 115224677
32634106 137982694
32634106 16369697
32634206 110573629
32634206 110573646
32634206 110573709
32634206 115224643
32634206 115224677
32634206 137982694
32634206 16369697
32634207 110573629
32634207 110573646
32634207 110573709
32634207 115224643
32634207 115224677
32634207 137982694
32634207 16369697
32634234 110573629
32634234 110573646
32634234 110573709
32634234 115224643
32634234 115224677
32634234 137982694
32634234 16369697
32634235 110573629
32634235 110573646
32634235 110573709
32634235 115224643
32634235 115224677
32634235 137982694
32634235 16369697
32634486 110573629
32634486 110573646
32634486 110573709
32634486 115224643
32634486 115224677
32634486 137982694
32634486 16369697
32634487 110573629
32634487 110573646
32634487 110573709
32634487 115224643
32634487 115224677
32634487 137982694
32634487 16369697
32634760 110573629
32634760 110573646
32634760 110573709
32634760 115224643
32634760 115224677
32634760 137982694
32634760 16369697
32636740 110573629
32636740 110573646
32636740 110573709
32636740 115224643
32636740 115224677
32636740 137982694
32636740 16369697
32636741 110573629
32636741 110573646
32636741 110573709
32636741 115224643
32636741 115224677
32636741 137982694
32636741 16369697
32636746 110573629
32636746 110573646
32636746 110573709
32636746 115224643
32636746 115224677
32636746 137982694
32636746 16369697
32636747 110573629
32636747 110573646
32636747 110573709
32636747 115224643
32636747 115224677
32636747 137982694
32636747 16369697
32637348 110573629
32637348 110573646
32637348 110573709
32637348 115224643
32637348 115224677
32637348 137982694
32637348 16369697
32637349 110573629
32637349 110573646
32637349 110573709
32637349 115224643
32637349 115224677
32637349 137982694
32637349 16369697
32637352 110573629
32637352 110573646
32637352 110573709
32637352 115224643
32637352 115224677
32637352 137982694
32637352 16369697
32637354 110573629
32637354 110573646
32637354 110573709
32637354 115224643
32637354 115224677
32637354 137982694
32637354 16369697
32637356 110573629
32637356 110573646
32637356 110573709
32637356 115224643
32637356 115224677
32637356 137982694
32637356 16369697
32637357 110573629
32637357 110573646
32637357 110573709
32637357 115224643
32637357 115224677
32637357 137982694
32637357 16369697
32637542 110573629
32637542 110573646
32637542 110573709
32637542 115224643
32637542 115224677
32637542 137982694
32637542 16369697
32637543 110573629
32637543 110573646
32637543 110573709
32637543 115224643
32637543 115224677
32637543 137982694
32637543 16369697
32632157 110573631
32632157 110573691
32632157 16373910
32632159 110573631
32632159 110573691
32632159 16373910
32637970 110573631
32637970 110573691
32637970 16373910
32631718 110573632
32631718 110573645
32631718 110573702
32631718 110573723
32631718 110573739
32631718 115224650
32631718 16374704
32631718 174932807
32631723 110573632
32631723 110573645
32631723 110573702
32631723 110573723
32631723 110573739
32631723 115224650
32631723 16374704
32631723 174932807
32631738 110573632
32631738 110573645
32631738 110573702
32631738 110573723
32631738 110573739
32631738 115224650
32631738 16374704
32631738 174932807
32631742 110573632
32631742 110573645
32631742 110573702
32631742 110573723
32631742 110573739
32631742 115224650
32631742 16374704
32631742 174932807
32632373 110573632
32632373 110573645
32632373 110573702
32632373 110573723
32632373 110573739
32632373 115224650
32632373 16374704
32632373 174932807
32632489 110573632
32632489 110573645
32632489 110573702
32632489 110573723
32632489 110573739
32632489 115224650
32632489 16374704
32632489 174932807
32632661 110573632
32632661 110573645
32632661 110573702
32632661 110573723
32632661 110573739
32632661 115224650
32632661 16374704
32632661 174932807
32632662 110573632
32632662 110573645
32632662 110573702
32632662 110573723
32632662 110573739
32632662 115224650
32632662 16374704
32632662 174932807
32632669 110573632
32632669 110573645
32632669 110573702
32632669 110573723
32632669 110573739
32632669 115224650
32632669 16374704
32632669 174932807
32632785 110573632
32632785 110573645
32632785 110573702
32632785 110573723
32632785 110573739
32632785 115224650
32632785 16374704
32632785 174932807
32633020 110573632
32633020 110573645
32633020 110573702
32633020 110573723
32633020 110573739
32633020 115224650
32633020 16374704
32633020 174932807
32633031 110573632
32633031 110573645
32633031 110573702
32633031 110573723
32633031 110573739
32633031 115224650
32633031 16374704
32633031 174932807
32633035 110573632
32633035 110573645
32633035 110573702
32633035 110573723
32633035 110573739
32633035 115224650
32633035 16374704
32633035 174932807
32633964 110573632
32633964 110573645
32633964 110573702
32633964 110573723
32633964 110573739
32633964 115224650
32633964 16374704
32633964 174932807
32633967 110573632
32633967 110573645
32633967 110573702
32633967 110573723
32633967 110573739
32633967 115224650
32633967 16374704
32633967 174932807
32634032 110573632
32634032 110573645
32634032 110573702
32634032 110573723
32634032 110573739
32634032 115224650
32634032 16374704
32634032 174932807
32634035 110573632
32634035 110573645
32634035 110573702
32634035 110573723
32634035 110573739
32634035 115224650
32634035 16374704
32634035 174932807
32634038 110573632
32634038 110573645
32634038 110573702
32634038 110573723
32634038 110573739
32634038 115224650
32634038 16374704
32634038 174932807
32634041 110573632
32634041 110573645
32634041 110573702
32634041 110573723
32634041 110573739
32634041 115224650
32634041 16374704
32634041 174932807
32634084 110573632
32634084 110573645
32634084 110573702
32634084 110573723
32634084 110573739
32634084 115224650
32634084 16374704
32634084 174932807
32634416 110573632
32634416 110573645
32634416 110573702
32634416 110573723
32634416 110573739
32634416 115224650
32634416 16374704
32634416 174932807
32634419 110573632
32634419 110573645
32634419 110573702
32634419 110573723
32634419 110573739
32634419 115224650
32634419 16374704
32634419 174932807
32634422 110573632
32634422 110573645
32634422 110573702
32634422 110573723
32634422 110573739
32634422 115224650
32634422 16374704
32634422 174932807
32634945 110573632
32634945 110573645
32634945 110573702
32634945 110573723
32634945 110573739
32634945 115224650
32634945 16374704
32634945 174932807
32635444 110573632
32635444 110573645
32635444 110573702
32635444 110573723
32635444 110573739
32635444 115224650
32635444 16374704
32635444 174932807
32635445 110573632
32635445 110573645
32635445 110573702
32635445 110573723
32635445 110573739
32635445 115224650
32635445 16374704
32635445 174932807
32635474 110573632
32635474 110573645
32635474 110573702
32635474 110573723
32635474 110573739
32635474 115224650
32635474 16374704
32635474 174932807
32635475 110573632
32635475 110573645
32635475 110573702
32635475 110573723
32635475 110573739
32635475 115224650
32635475 16374704
32635475 174932807
32630829 110573634
32630829 16372122
32631355 110573634
32631355 16372122
32628841 110573635
32628841 16374668
32628842 110573635
32628842 16374668
32630192 110573637
32630192 16372533
32630197 110573637
32630197 16372533
32637496 110573638
32637496 110573665
32637496 16372182
32631792 110573647
32631792 16373695
32631797 110573647
32631797 16373695
32631798 110573647
32631798 16373695
32631908 110573647
32631908 16373695
32632045 110573647
32632045 16373695
32632269 110573647
32632269 16373695
32632295 110573647
32632295 16373695
32633968 110573647
32633968 16373695
32635472 110573647
32635472 16373695
32635473 110573647
32635473 16373695
32632653 110573653
32632653 16371492
32632664 110573653
32632664 16371492
32633083 110573653
32633083 16371492
32634049 110573653
32634049 16371492
32634593 110573653
32634593 16371492
32631499 110573660
32631499 16369736
32631568 110573660
32631568 16369736
32631589 110573660
32631589 16369736
32631607 110573660
32631607 16369736
32631630 110573660
32631630 16369736
32631641 110573660
32631641 16369736
32631651 110573660
32631651 16369736
32631873 110573660
32631873 16369736
32632160 110573660
32632160 16369736
32632164 110573660
32632164 16369736
32632406 110573660
32632406 16369736
32632479 110573660
32632479 16369736
32634665 110573660
32634665 16369736
32634666 110573660
32634666 16369736
32634751 110573660
32634751 16369736
32634094 110573662
32634094 16372376
32628999 110573664
32628999 16371284
32629248 110573664
32629248 16371284
32629369 110573664
32629369 16371284
32629444 110573664
32629444 16371284
32629446 110573664
32629446 16371284
32636670 110573664
32636670 16371284
32636671 110573664
32636671 16371284
32628977 114973382
32628977 114973401
32628977 132685028
32628977 16373385
32628987 114973382
32628987 114973401
32628987 132685028
32628987 16373385
32629006 114973382
32629006 114973401
32629006 132685028
32629006 16373385
32629022 114973382
32629022 114973401
32629022 132685028
32629022 16373385
32629086 114973382
32629086 114973401
32629086 132685028
32629086 16373385
32629330 114973382
32629330 114973401
32629330 132685028
32629330 16373385
32629334 114973382
32629334 114973401
32629334 132685028
32629334 16373385
32636954 114973382
32636954 114973401
32636954 132685028
32636954 16373385
32629619 132685026
32629619 16373962
32636524 132685026
32636524 16373962
32636525 132685026
32636525 16373962
32636526 132685026
32636526 16373962
32636527 132685026
32636527 16373962
32631621 132685053
32631621 16374101
32631645 132685053
32631645 16374101
32631982 132685053
32631982 16374101
32632392 132685053
32632392 16374101
32632396 132685053
32632396 16374101
32632405 132685053
32632405 16374101
32632458 132685053
32632458 16374101
32638178 16369613
32639531 16369613
32631644 16369615
32632398 16369615
32638980 16369617
32631614 16369618
32628901 16369627
32629634 16369645
32630012 16369645
32636510 16369645
32648913 16369645
32634975 16369651
32635175 16369651
32635648 16369651
32635649 16369651
32629030 16369653
32629562 16369659
32629787 16369659
32633444 16369700
32630191 16369710
32633655 16369710
32633527 16369721
32634752 16369738
32634471 16369741
32636914 16369741
32636916 16369741
32648896 16369741
32648897 16369741
32631686 16369771
32631704 16369771
32631706 16369771
32629803 16369777
32629937 16369777
32632627 16369779
32633376 16369781
32632167 16369783
32628840 16369787
32633330 16369790
32633331 16369790
32631640 16369798
32631647 16369798
32631656 16369798
32634250 16369799
32634251 16369799
32631731 16369801
32634253 16369802
32634254 16369802
32633931 16369804
32633934 16369805
32633937 16369807
32629331 16369809
32630460 16369810
32629335 16369813
32632294 16369815
32628988 16369817
32629084 16369817
32629272 16369817
32629336 16369817
32629337 16369820
32633209 16369820
32632296 16369821
32629339 16369824
32629970 16369827
32629971 16369827
32635107 16369828
32639043 16369828
32629979 16369829
32629401 16369830
32629402 16369830
32629403 16369830
32629405 16369830
32632360 16369833
32629404 16369834
32629406 16369836
32632366 16369838
32632466 16369838
32630532 16369840
32629409 16369843
32632368 16369845
32630535 16369847
32630536 16369850
32637254 16369850
32645465 16369850
32645980 16369850
32633785 16369852
32632741 16369855
32632949 16369855
32632951 16369855
32632952 16369855
32633789 16369855
32629012 16369857
32629183 16369857
32629348 16369857
32629352 16369857
32629354 16369857
32631016 16369862
32635912 16369862
32635913 16369862
32631018 16369864
32632433 16369865
32632521 16369865
32633765 16369865
32629445 16369868
32633219 16369868
32634175 16369870
32630609 16369871
32634178 16369872
32634179 16369874
32629257 16369877
32636674 16369877
32636676 16369877
32636677 16369877
32637718 16369878
32636440 16369881
32636441 16369881
32634247 16369884
32634552 16369884
32633922 16369886
32629207 16369894
32629240 16369894
32636442 16369894
32636449 16369894
32636466 16369894
32636467 16369894
32633060 16369896
32633061 16369896
32634248 16369899
32629898 16369900
32633925 16369903
32633064 16369906
32633065 16369906
32633928 16369911
32632285 16369912
32632286 16369912
32630455 16369913
32630458 16369914
32637541 16369916
32637544 16369916
32639127 16369916
32639128 16369916
32634318 16369918
32632350 16369919
32632352 16369920
32631942 16369923
32632353 16369923
32631785 16369926
32632354 16369926
32632356 16369928
32630523 16369929
32632358 16369931
32630525 16369932
32630527 16369932
32630526 16369934
32633775 16369935
32630802 16369936
32631007 16369936
32632429 16369937
32629214 16369942
32629216 16369942
32629222 16369942
32629224 16369942
32629231 16369942
32629233 16369942
32629235 16369942
32629237 16369942
32629239 16369942
32629241 16369942
32629360 16369942
32633573 16369942
32636416 16369942
32636418 16369942
32636419 16369942
32636420 16369942
32636422 16369942
32636423 16369942
32636424 16369942
32636425 16369942
32636460 16369942
32636461 16369942
32636462 16369942
32636463 16369942
32636646 16369942
32636648 16369942
32636649 16369942
32639044 16369944
32637351 16369947
32639045 16369947
32634236 16369950
32633912 16369952
32633050 16369953
32633052 16369955
32633915 16369959
32636405 16369963
32636438 16369963
32633918 16369966
32632271 16369971
32632272 16369971
32632273 16369974
32632670 16369974
32631793 16369978
32632274 16369978
32632275 16369983
32632277 16369985
32631493 16369988
32632279 16369989
32629950 16369991
32634299 16369992
32634302 16369992
32634307 16369994
32637094 16369994
32637095 16369994
32628992 16370001
32629096 16370001
32632342 16370005
32634082 16370006
32634083 16370006
32631564 16370009
32634596 16370009
32632348 16370010
32634086 16370012
32633833 16370013
32633834 16370016
32633836 16370020
32632190 16370023
32632192 16370023
32632188 16370024
32632189 16370024
32632191 16370024
32632193 16370025
32632198 16370026
32631692 16370028
32631700 16370028
32634221 16370029
32634226 16370032
32634227 16370032
32631708 16370034
32632441 16370034
32633905 16370035
32633044 16370038
32633046 16370040
32632261 16370045
32632262 16370045
32635646 16370047
32635647 16370047
32632265 16370048
32632266 16370048
32631481 16370049
32631483 16370050
32632268 16370052
32631485 16370054
32636018 16370054
32636019 16370054
32633684 16370055
32629940 16370056
32629944 16370057
32637540 16370058
32629948 16370059
32637545 16370060
32634070 16370062
32634071 16370062
32631553 16370063
32632337 16370064
32636268 16370066
32636270 16370066
32636271 16370066
32631556 16370067
32630508 16370068
32634076 16370070
32634077 16370070
32633754 16370073
32629023 16370078
32629150 16370078
32629261 16370078
32632973 16370083
32633759 16370086
32632977 16370089
32632400 16370090
32632462 16370090
32634140 16370092
32634143 16370095
32631617 16370097
32631624 16370097
32634146 16370100
32633824 16370101
32633827 16370102
32633829 16370103
32632182 16370104
32632183 16370104
32632185 16370106
32629861 16370109
32629997 16370109
32629072 16370111
32634215 16370111
32632251 16370114
32633965 16370114
32633966 16370114
32632257 16370116
32632258 16370116
32631475 16370118
32633670 16370121
32629930 16370122
32629932 16370123
32632893 16370125
32632894 16370125
32629935 16370126
32629936 16370126
32632895 16370127
32633994 16370127
32632897 16370130
32632321 16370132
32632322 16370132
32631540 16370134
32631559 16370134
32634595 16370134
32634804 16370134
32631541 16370135
32635708 16370138
32632327 16370141
32634064 16370142
32634065 16370142
32632965 16370144
32632967 16370146
32630276 16370147
32630408 16370147
32630278 16370148
32634131 16370150
32634134 16370151
32634137 16370153
32632001 16370157
32632007 16370157
32632010 16370157
32632082 16370157
32632177 16370157
32635966 16370157
32635968 16370157
32635969 16370157
32636188 16370157
32636190 16370157
32636192 16370157
32636194 16370157
32636195 16370157
32636196 16370157
32636198 16370157
32636199 16370157
32636230 16370157
32636231 16370157
32636232 16370157
32636234 16370157
32636235 16370157
32631393 16370158
32632178 16370160
32631395 16370162
32631397 16370163
32633440 16370163
32634200 16370166
32631399 16370167
32634203 16370169
32634208 16370170
32633021 16370171
32635620 16370174
32635622 16370174
32630985 16370175
32631166 16370175
32632243 16370177
32632244 16370177
32630261 16370178
32630410 16370178
32632246 16370180
32632880 16370184
32632881 16370184
32629922 16370185
32629926 16370186
32632888 16370188
32632889 16370190
32630195 16370191
32632310 16370193
32632312 16370193
32632313 16370193
32632315 16370195
32634051 16370196
32632317 16370197
32633286 16370200
32634053 16370200
32634054 16370200
32632319 16370201
32633015 16370202
32634055 16370202
32633731 16370203
32633732 16370204
32631537 16370206
32631538 16370208
32631868 16370208
32634496 16370209
32636254 16370209
32636255 16370209
32629015 16370212
32629130 16370212
32633340 16370212
32631770 16370217
32633737 16370217
32632089 16370220
32632091 16370220
32635970 16370220
32635971 16370220
32633739 16370223
32632956 16370224
32632095 16370226
32632097 16370226
32632098 16370226
32634122 16370227
32634125 16370229
32634128 16370230
32632163 16370232
32634761 16370233
32631380 16370234
32632165 16370236
32631382 16370240
32631384 16370240
32636160 16370240
32636163 16370240
32631388 16370244
32636164 16370244
32636167 16370244
32630973 16370247
32633011 16370249
32633013 16370251
32633284 16370251
32632230 16370255
32632232 16370259
32632234 16370261
32633018 16370262
32631450 16370265
32632236 16370268
32631452 16370270
32631453 16370273
32631454 16370273
32631612 16370276
32632238 16370276
32634573 16370276
32632239 16370277
32633652 16370279
32635392 16370281
32635393 16370281
32635394 16370281
32635395 16370281
32635396 16370286
32635397 16370286
32632877 16370289
32632300 16370290
32632302 16370292
32632385 16370292
32634027 16370294
32634042 16370294
32634045 16370296
32631528 16370297
32633727 16370299
32632080 16370300
32629123 16370301
32633430 16370301
32632084 16370305
32645469 16370305
32630251 16370307
32632086 16370309
32634112 16370311
32634544 16370311
32634114 16370312
32630893 16370315
32633532 16370315
32633533 16370315
32634119 16370316
32630898 16370317
32632151 16370318
32631367 16370322
32631369 16370322
32631370 16370322
32631412 16370322
32632155 16370323
32631374 16370324
32636090 16370325
32631376 16370327
32631378 16370329
32629819 16370332
32629820 16370332
32629830 16370332
32629831 16370332
32629866 16370332
32629873 16370332
32633620 16370332
32636544 16370332
32636545 16370332
32636548 16370332
32636550 16370332
32636552 16370332
32636554 16370332
32636556 16370332
32636558 16370332
32636559 16370332
32636718 16370332
32636720 16370332
32636721 16370332
32636734 16370332
32636735 16370332
32632794 16370334
32632220 16370337
32629759 16370344
32629761 16370344
32629767 16370344
32630013 16370344
32631988 16370344
32631990 16370344
32631996 16370344
32632226 16370344
32636036 16370344
32636038 16370344
32636040 16370344
32636041 16370344
32636042 16370344
32636044 16370344
32636045 16370344
32636206 16370344
32636208 16370344
32636210 16370344
32636212 16370344
32636214 16370344
32636215 16370344
32636240 16370344
32636242 16370344
32636243 16370344
32636492 16370344
32636493 16370344
32636514 16370344
32636515 16370344
32629900 16370348
32629902 16370349
32629907 16370351
32635388 16370353
32635389 16370353
32629909 16370354
32634036 16370358
32634037 16370358
32632071 16370362
32632073 16370365
32629117 16370368
32636624 16370368
32632076 16370370
32632909 16370372
32632939 16370372
32631292 16370374
32631293 16370374
32632078 16370375
32631295 16370377
32630248 16370380
32630663 16370380
32633411 16370380
32633492 16370382
32633493 16370382
32633494 16370384
32633495 16370384
32633496 16370385
32630881 16370386
32634105 16370388
32628970 16370390
32628972 16370393
32637350 16370394
32628973 16370396
32628978 16370397
32632142 16370398
32632143 16370398
32631360 16370400
32631363 16370401
32632148 16370403
32632149 16370403
32636942 16370406
32636944 16370406
32636945 16370406
32630165 16370408
32630319 16370408
32630950 16370409
32630090 16370410
32630955 16370411
32631285 16370411
32630092 16370413
32632210 16370416
32632213 16370419
32630098 16370421
32632214 16370422
32631431 16370423
32632851 16370424
32634023 16370425
32631504 16370429
32631509 16370431
32633704 16370434
32632923 16370436
32629004 16370439
32629104 16370439
32631280 16370442
32631281 16370442
32631282 16370448
32630234 16370449
32632068 16370451
32631284 16370452
32629798 16370457
32629804 16370457
32629811 16370457
32629813 16370457
32629817 16370457
32636864 16370457
32636865 16370457
32637026 16370457
32637027 16370457
32637036 16370457
32637037 16370457
32637038 16370457
32637039 16370457
32637046 16370457
32637048 16370457
32637050 16370457
32637051 16370457
32637190 16370457
32637192 16370457
32637193 16370457
32637194 16370457
32637196 16370457
32637198 16370457
32637200 16370457
32637201 16370457
32637299 16370457
32637300 16370457
32637301 16370457
32631289 16370459
32629654 16370462
32629742 16370462
32630874 16370463
32635510 16370467
32637344 16370469
32637345 16370469
32635512 16370471
32635515 16370471
32637346 16370474
32637347 16370474
32630878 16370476
32628969 16370477
32632133 16370479
32631350 16370481
32632136 16370482
32631352 16370483
32636930 16370486
32636932 16370486
32636933 16370486
32631357 16370488
32636074 16370489
32636075 16370489
32635290 16370492
32635292 16370492
32630081 16370495
32630082 16370495
32630086 16370497
32630949 16370498
32630088 16370499
32632203 16370500
32631210 16370501
32634803 16370501
32631424 16370503
32633531 16370503
32631425 16370505
32631429 16370508
32636146 16370511
32636147 16370511
32634582 16370513
32634588 16370517
32630159 16370520
32634010 16370522
32638046 16370526
32635430 16370530
32635432 16370530
32635434 16370530
32635435 16370530
32632911 16370532
32632913 16370534
32632915 16370536
32632917 16370540
32632919 16370541
32631273 16370542
32632059 16370543
32632561 16370547
32632692 16370547
32628955 16370548
32635504 16370549
32635507 16370549
32638750 16370551
32630841 16370552
32630844 16370552
32631340 16370552
32631343 16370553
32631344 16370553
32631347 16370554
32630931 16370556
32635288 16370558
32635289 16370558
32630075 16370559
32630927 16370563
32631418 16370563
32631190 16370566
32634578 16370568
32629650 16370571
32629651 16370574
32633229 16370574
32633356 16370576
32633396 16370576
32629653 16370577
32633398 16370580
32633399 16370581
32634009 16370584
32630788 16370586
32633252 16370586
32632724 16370588
32632904 16370588
32632038 16370596
32632040 16370596
32632043 16370596
32632284 16370596
32632816 16370596
32632818 16370596
32632824 16370596
32632828 16370596
32632830 16370596
32632871 16370596
32633281 16370596
32635264 16370596
32635265 16370596
32635286 16370596
32635298 16370596
32635299 16370596
32635308 16370596
32635309 16370596
32635479 16370596
32635480 16370596
32635481 16370596
32635656 16370596
32635658 16370596
32635659 16370596
32635664 16370596
32635666 16370596
32635667 16370596
32645993 16370596
32630210 16370598
32632907 16370601
32631149 16370602
32631265 16370602
32635194 16370602
32630855 16370605
32632113 16370607
32632114 16370607
32632115 16370607
32631329 16370610
32631330 16370610
32631331 16370610
32631332 16370610
32632116 16370611
32631333 16370612
32632118 16370615
32631336 16370620
32631338 16370623
32638749 16370624
32631339 16370626
32634490 16370628
32630065 16370630
32631401 16370632
32631403 16370635
32633607 16370639
32635344 16370643
32635346 16370643
32635347 16370643
32634563 16370644
32631181 16370646
32632829 16370649
32631183 16370650
32633380 16370651
32633381 16370652
32631187 16370655
32633382 16370656
32630139 16370659
32633384 16370661
32632018 16370669
32632024 16370669
32632026 16370669
32632030 16370669
32632032 16370669
32632034 16370669
32632035 16370669
32632419 16370669
32632506 16370669
32632508 16370669
32632510 16370669
32633764 16370669
32635234 16370669
32635235 16370669
32635372 16370669
32635373 16370669
32635376 16370669
32635377 16370669
32635544 16370669
32635546 16370669
32635548 16370669
32635550 16370669
32635551 16370669
32631252 16370672
32631256 16370673
32631042 16370676
32633456 16370676
32633457 16370678
32632673 16370680
32632805 16370680
32633458 16370681
32630839 16370684
32630840 16370684
32630843 16370688
32630843 174932812
32630848 16370688
32630848 174932812
32630846 16370692
32631034 16370692
32631054 16370692
32634691 16370697
32634692 16370697
32634703 16370697
32634704 16370697
32635766 16370697
32635767 16370697
32632106 16370700
32632107 16370700
32633520 16370701
32631326 16370710
32631327 16370710
32631328 16370710
32630910 16370712
32630051 16370713
32630914 16370715
32634485 16370717
32630055 16370718
32634488 16370720
32631491 16370722
32631837 16370722
32631969 16370722
32630695 16370724
32630697 16370726
32630699 16370727
32632626 16370728
32632819 16370728
32636754 16370730
32636756 16370730
32636758 16370730
32636759 16370730
32631177 16370731
32633374 16370733
32633377 16370734
32633378 16370736
32632598 16370738
32631245 16370739
32633441 16370740
32631248 16370741
32635187 16370742
32630837 16370743
32631056 16370743
32632602 16370744
32632730 16370744
32633515 16370745
32633516 16370745
32633517 16370746
32633518 16370747
32633519 16370747
32637086 16370748
32637087 16370748
32635893 16370750
32630681 16370752
32634546 16370754
32633360 16370756
32634548 16370757
32630117 16370761
32630118 16370763
32631169 16370767
32633429 16370767
32632582 16370770
32629625 16370771
32629628 16370772
32631232 16370774
32633432 16370776
32633434 16370778
32633435 16370779
32633436 16370780
32633439 16370782
32632656 16370784
32630825 16370785
32631301 16370787
32631304 16370788
32631306 16370790
32631308 16370791
32634460 16370793
32631791 16370796
32631940 16370796
32630032 16370799
32630033 16370799
32634463 16370803
32634466 16370805
32630037 16370806
32629541 16370807
32630100 16370808
32630102 16370810
32631152 16370811
32633353 16370812
32633357 16370813
32633358 16370815
32631796 16370816
32633992 16370819
32631220 16370820
32629267 16370825
32629269 16370825
32629281 16370825
32629313 16370825
32629319 16370825
32629781 16370825
32629783 16370825
32629784 16370825
32629793 16370825
32633299 16370825
32636800 16370825
32636802 16370825
32636804 16370825
32636805 16370825
32636972 16370825
32636973 16370825
32637004 16370825
32637005 16370825
32637006 16370825
32637007 16370825
32637064 16370825
32637065 16370825
32637066 16370825
32637068 16370825
32637069 16370825
32637090 16370825
32637092 16370825
32637093 16370825
32631222 16370827
32633999 16370828
32631224 16370830
32629393 16370832
32629394 16370832
32631226 16370835
32629396 16370837
32633424 16370839
32631228 16370840
32629398 16370841
32629399 16370842
32648834 16370845
32633427 16370846
32632647 16370850
32630818 16370854
32629462 16370856
32629463 16370856
32630591 16370858
32629465 16370859
32630541 16370861
32630592 16370861
32630593 16370863
32636014 16370866
32636016 16370866
32636017 16370866
32629469 16370867
32634450 16370868
32632061 16370869
32635226 16370869
32635227 16370869
32635236 16370869
32635237 16370869
32634453 16370870
32632370 16370872
32632493 16370872
32635306 16370873
32635307 16370873
32633341 16370874
32633343 16370876
32633262 16370878
32635942 16370878
32635944 16370878
32635945 16370878
32633345 16370880
32629604 16370884
32633348 16370885
32633349 16370887
32633980 16370889
32634991 16370889
32629381 16370891
32629382 16370891
32629385 16370892
32629386 16370892
32631216 16370901
32631218 16370902
32633418 16370903
32633419 16370905
32629454 16370906
32630583 16370907
32629459 16370908
32630587 16370910
32630589 16370911
32634441 16370912
32634444 16370913
32630014 16370914
32630015 16370914
32634447 16370917
32630017 16370919
32630019 16370922
32634517 16370923
32633334 16370926
32635932 16370927
32633335 16370930
32636470 16370930
32636472 16370930
32636473 16370930
32633336 16370932
32635934 16370933
32634288 16370937
32634290 16370937
32630722 16370938
32630724 16370938
32631776 16370940
32633971 16370940
32631779 16370946
32629370 16370947
32631202 16370948
32629372 16370950
32633400 16370951
32629374 16370952
32629378 16370955
32631209 16370956
32633407 16370957
32629441 16370959
32629448 16370960
32629449 16370960
32635216 16370961
32635217 16370961
32630001 16370962
32634438 16370963
32631693 16370965
32631695 16370965
32630648 16370966
32630649 16370966
32634500 16370968
32634507 16370970
32634508 16370971
32634509 16370971
32632541 16370972
32631761 16370975
32631765 16370978
32634289 16370980
32629361 16370984
32629363 16370984
32629364 16370984
32629367 16370987
32629368 16370987
32639165 16370991
32632618 16370995
32629432 16370998
32630563 16371000
32632377 16371002
32632464 16371002
32630631 16371003
32633889 16371005
32632532 16371008
32634271 16371009
32630705 16371010
32630706 16371011
32630708 16371012
32634277 16371013
32633092 16371016
32633093 16371016
32633094 16371016
32633956 16371018
32633957 16371018
32629349 16371020
32629351 16371020
32629353 16371020
32630482 16371022
32630483 16371022
32629356 16371024
32629358 16371024
32630485 16371026
32630486 16371027
32632604 16371032
32632606 16371033
32632607 16371035
32629999 16371038
32630551 16371040
32629429 16371042
32630557 16371043
32634413 16371044
32637664 16371045
32635832 16371048
32635833 16371048
32634190 16371051
32634193 16371056
32634196 16371058
32631676 16371060
32636382 16371064
32636383 16371064
32636392 16371064
32630629 16371066
32636394 16371069
32636399 16371069
32634199 16371073
32635902 16371074
32635903 16371074
32632528 16371081
32631749 16371084
32629342 16371085
32629343 16371085
32629345 16371087
32629985 16371088
32629987 16371090
32629988 16371090
32629989 16371091
32629411 16371092
32632374 16371094
32632442 16371096
32630611 16371097
32634180 16371099
32631664 16371102
32634184 16371104
32634187 16371106
32631658 16371107
32633447 16371107
32636308 16371109
32636310 16371109
32636311 16371109
32631476 16371120
32631478 16371120
32631487 16371123
32632278 16371125
32632280 16371125
32635302 16371125
32635303 16371125
32638199 16371128
32633333 16371130
32634186 16371136
32634191 16371136
32634192 16371136
32629908 16371149
32629912 16371149
32634252 16371151
32635416 16371153
32635417 16371153
32631757 16371157
32630886 16371193
32630894 16371193
32630895 16371193
32630897 16371193
32630908 16371193
32630909 16371193
32630912 16371193
32630915 16371193
32630924 16371193
32631086 16371193
32631247 16371193
32631322 16371193
32631420 16371193
32633469 16371193
32633722 16371193
32634319 16371193
32634320 16371193
32634373 16371193
32634795 16371193
32635698 16371193
32635699 16371193
32635704 16371193
32635707 16371193
32635898 16371198
32635108 16371200
32632393 16371202
32635580 16371202
32635581 16371202
32630929 16371213
32630930 16371213
32630935 16371213
32630936 16371213
32630937 16371213
32630938 16371213
32631303 16371213
32631305 16371213
32633832 16371213
32635342 16371215
32635343 16371215
32628981 16371216
32629088 16371216
32629295 16371216
32628848 16371247
32628848 16371968
32628853 16371247
32628853 16371968
32628942 16371247
32628942 16371968
32634758 16371247
32634758 16371968
32640084 16371254
32630657 16371257
32632886 16371258
32638346 16371258
32636277 16371259
32636673 16371261
32630794 16371287
32632533 16371290
32635011 16371290
32634351 16371291
32638751 16371292
32636913 16371293
32631714 16371294
32636080 16371296
32638771 16371302
32636926 16371305
32632041 16371307
32635258 16371307
32635259 16371307
32635266 16371307
32635267 16371307
32636276 16371311
32632560 16371318
32632703 16371318
32637777 16371321
32632371 16371324
32630857 16371326
32630858 16371326
32630859 16371326
32639748 16371335
32638859 16371337
32634296 16371339
32631747 16371356
32631782 16371356
32631784 16371356
32631790 16371356
32632347 16371356
32632349 16371356
32632351 16371356
32632363 16371356
32632365 16371356
32633545 16371356
32633546 16371356
32633610 16371356
32633760 16371356
32635414 16371356
32635415 16371356
32631787 16371359
32632027 16371359
32634357 16371360
32629524 16371417
32629528 16371417
32629529 16371417
32629533 16371417
32629799 16371417
32629897 16371417
32629899 16371417
32629906 16371417
32629921 16371417
32629925 16371417
32633225 16371417
32634173 16371417
32634174 16371417
32634439 16371417
32634547 16371417
32633375 16371429
32630940 16371436
32631084 16371436
32628845 16371440
32631635 16371446
32631726 16371446
32631727 16371446
32631891 16371446
32635602 16371446
32635604 16371446
32635605 16371446
32632788 16371460
32632812 16371460
32633058 16371460
32634067 16371460
32634072 16371460
32634078 16371460
32634079 16371460
32634166 16371464
32634172 16371464
32645981 16371466
32629045 16371472
32629221 16371472
32636410 16371472
32636426 16371472
32636428 16371472
32636429 16371472
32630899 16371475
32634973 16371475
32632446 16371477
32631720 16371494
32633442 16371497
32631573 16371498
32630247 16371528
32630252 16371528
32630397 16371528
32630707 16371528
32633277 16371528
32633907 16371528
32633908 16371528
32634467 16371528
32634468 16371528
32634558 16371528
32634776 16371528
32634950 16371528
32636588 16371528
32636589 16371528
32648890 16371528
32648891 16371528
32630896 16371538
32638996 16371539
32632650 16371541
32632651 16371541
32634329 16371543
32629652 16371550
32636542 16371550
32636543 16371550
32636546 16371550
32636547 16371550
32645969 16371550
32630444 16371557
32632708 16371577
32632721 16371577
32632964 16371577
32632966 16371577
32633099 16371577
32633792 16371577
32635000 16371580
32638083 16371591
32638208 16371591
32632861 16371593
32637886 16371595
32631535 16371596
32631566 16371596
32638289 16371600
32631494 16371609
32632130 16371609
32632132 16371609
32634815 16371609
32636002 16371609
32634331 16371613
32633387 16371619
32633394 16371619
32634341 16371619
32636910 16371619
32629554 16371667
32629558 16371667
32629560 16371667
32629564 16371667
32629571 16371667
32629770 16371667
32629801 16371667
32629916 16371667
32629933 16371667
32629958 16371667
32634292 16371667
32634295 16371667
32634303 16371667
32634304 16371667
32634445 16371667
32634446 16371667
32636874 16371667
32636875 16371667
32637020 16371667
32637021 16371667
32631627 16371674
32629795 16371679
32634535 16371679
32632362 16371681
32629605 16371689
32629616 16371689
32629998 16371689
32630000 16371689
32639764 16371691
32631717 16371693
32632401 16371693
32631632 16371697
32633450 16371700
32637971 16371703
32629057 16371707
32633571 16371707
32646090 16371711
32631310 16371716
32631312 16371716
32631325 16371716
32635524 16371716
32635526 16371716
32635528 16371716
32635529 16371716
32632974 16371727
32633100 16371727
32631672 16371800
32632480 16371800
32632927 16371800
32635840 16371800
32635841 16371800
32631449 16371831
32631451 16371831
32631465 16371831
32631989 16371831
32632180 16371831
32632184 16371831
32630633 16371835
32635994 16371840
32635995 16371840
32646197 16371847
32634228 16371853
32630215 16371855
32633886 16371855
32633887 16371855
32631460 16371869
32633761 16371873
32634454 16371876
32630079 16371883
32630085 16371883
32630087 16371883
32633646 16371883
32634551 16371883
32630853 16371888
32630856 16371888
32631572 16371890
32631577 16371890
32631586 16371890
32631594 16371890
32631598 16371890
32632628 16371916
32632637 16371916
32632640 16371916
32632644 16371916
32633038 16371916
32633075 16371916
32633079 16371916
32634017 16371916
32634018 16371916
32630819 16371952
32630821 16371952
32630827 16371952
32631353 16371952
32634403 16371956
32631562 16371961
32631571 16371961
32636370 16371965
32636371 16371965
32634004 16371970
32634005 16371970
32638047 16371974
32631585 16371978
32631864 16371978
32632416 16371978
32633770 16371978
32635571 16371982
32635573 16371982
32635574 16371982
32635575 16371982
32646002 16371985
32631730 16372010
32631735 16372010
32630271 16372038
32633685 16372038
32633692 16372038
32634176 16372042
32631026 16372062
32631221 16372062
32631225 16372062
32633830 16372062
32629008 16372070
32629435 16372070
32638202 16372073
32634473 16372074
32634474 16372074
32635974 16372075
32635975 16372075
32630382 16372097
32633926 16372097
32633927 16372097
32630224 16372100
32634420 16372107
32634964 16372107
32631440 16372117
32631652 16372126
32629523 16372200
32630141 16372238
32630307 16372238
32630480 16372238
32633650 16372238
32634144 16372238
32634145 16372238
32634985 16372245
32630177 16372350
32630177 16373508
32630201 16372350
32630201 16373508
32630341 16372350
32630341 16373508
32630519 16372350
32630519 16373508
32630553 16372350
32630553 16373508
32630586 16372350
32630586 16373508
32630730 16372350
32630730 16373508
32633656 16372350
32633656 16373508
32634127 16372350
32634127 16373508
32634129 16372350
32634129 16373508
32634130 16372350
32634130 16373508
32634162 16372350
32634162 16373508
32634170 16372350
32634170 16373508
32634171 16372350
32634171 16373508
32637108 16372350
32637108 16373508
32637109 16372350
32637109 16373508
32637576 16372350
32637576 16373508
32637577 16372350
32637577 16373508
32631588 16372379
32631597 16372379
32631625 16372379
32633451 16372379
32630163 16372391
32632586 16372416
32632592 16372416
32632613 16372416
32632983 16372416
32632987 16372416
32632990 16372416
32632617 16372451
32632643 16372451
32632761 16372451
32632777 16372451
32632817 16372451
32633012 16372451
32633990 16372451
32633991 16372451
32635672 16372451
32635673 16372451
32633488 16372453
32633598 16372453
32632848 16372456
32630153 16372480
32634773 16372480
32637374 16372480
32637375 16372480
32630582 16372487
32637239 16372487
32637378 16372505
32629587 16372510
32634104 16372510
32634554 16372510
32631526 16372541
32631526 52305906
32631650 16372541
32631650 52305906
32631659 16372541
32631659 52305906
32635568 16372541
32635568 52305906
32629583 16372550
32634764 16372550
32637876 16372552
32631515 16372562
32633608 16372562
32633976 16372562
32635834 16372562
32635835 16372562
32645967 16372571
32634987 16372589
32632753 16372592
32632866 16372592
32634566 16372593
32634089 16372596
32629538 16372612
32629884 16372612
32648910 16372612
32631527 16372617
32632431 16372617
32632432 16372617
32634579 16372617
32635730 16372617
32635731 16372617
32631258 16372638
32633709 16372638
32631998 16372646
32632081 16372646
32633728 16372646
32635952 16372646
32635953 16372646
32645997 16372646
32635366 16372656
32631361 16372663
32634559 16372666
32629977 16372678
32629978 16372678
32636540 16372678
32630279 16372683
32630711 16372686
32634520 16372687
32634521 16372687
32633133 16372689
32630746 16372693
32632632 16372700
32633096 16372700
32634590 16372700
32629000 16372711
32629280 16372711
32629373 16372711
32633217 16372711
32633564 16372711
32633586 16372711
32636820 16372711
32636821 16372711
32633777 16372719
32635746 16372723
32635747 16372723
32632077 16372730
32635976 16372730
32635977 16372730
32633388 16372732
32631661 16372733
32632397 16372733
32632581 16372744
32632594 16372744
32631697 16372751
32634347 16372752
32632332 16372758
32632334 16372758
32632335 16372758
32635386 16372758
32635387 16372758
32630651 16372760
32631578 16372762
32629591 16372796
32629595 16372796
32629611 16372796
32629617 16372796
32629709 16372796
32629818 16372796
32629967 16372796
32629969 16372796
32633603 16372796
32634483 16372796
32634484 16372796
32636852 16372796
32636854 16372796
32636856 16372796
32636858 16372796
32636859 16372796
32637040 16372796
32637042 16372796
32637044 16372796
32637045 16372796
32648888 16372812
32648889 16372812
32632424 16372813
32646042 16372816
32633861 16372817
32645985 16372822
32634349 16372823
32634350 16372823
32631737 16372827
32646043 16372829
32629333 16372830
32629647 16372898
32629739 16372898
32629740 16372898
32630078 16372898
32630091 16372898
32630285 16372898
32630653 16372898
32632543 16372898
32632572 16372898
32632690 16372898
32632882 16372898
32634492 16372898
32636246 16372898
32636247 16372898
32636248 16372898
32636249 16372898
32636568 16372898
32636569 16372898
32636578 16372898
32636580 16372898
32636581 16372898
32636738 16372898
32636739 16372898
32632564 16372912
32636296 16372912
32636297 16372912
32634997 16372919
32629992 16372922
32630284 16372930
32630944 16372948
32630946 16372948
32630961 16372948
32631104 16372948
32631120 16372948
32631251 16372948
32635334 16372948
32635335 16372948
32629941 16372953
32630256 16372954
32630211 16372961
32630601 16372961
32630693 16372961
32630205 16372963
32634381 16372966
32630203 16373029
32630208 16373029
32630358 16373029
32633679 16373029
32633680 16373029
32633913 16373029
32633914 16373029
32634565 16373029
32630198 16373036
32630628 16373036
32637204 16373040
32637205 16373040
32630991 16373059
32631176 16373059
32629547 16373073
32635056 16373073
32633445 16373077
32631524 16373153
32632612 16373153
32632745 16373153
32632912 16373153
32632924 16373153
32632935 16373153
32633160 16373153
32634000 16373153
32634505 16373153
32634506 16373153
32635862 16373153
32635863 16373153
32635872 16373153
32635873 16373153
32632072 16373167
32636185 16373167
32648914 16373167
32629723 16373189
32631702 16373195
32631703 16373195
32631705 16373197
32631275 16373202
32638357 16373235
32638358 16373237
32631712 16373238
32631721 16373238
32633855 16373242
32629559 16373249
32629942 16373249
32634753 16373262
32638015 16373262
32638016 16373262
32639449 16373262
32631629 16373267
32631642 16373267
32631649 16373267
32631654 16373267
32631675 16373267
32631681 16373267
32633448 16373267
32633449 16373267
32633461 16373267
32635566 16373267
32635567 16373267
32634310 16373285
32634388 16373285
32634389 16373285
32634311 16373287
32638677 16373295
32630595 16373296
32630732 16373296
32633920 16373314
32633921 16373314
32630816 16373402
32631001 16373402
32631133 16373402
32631362 16373402
32633043 16373426
32634124 16373439
32637416 16373439
32639077 16373444
32632961 16373454
32632959 16373456
32632756 16373469
32632910 16373469
32634007 16373469
32631587 16373471
32631623 16373471
32635956 16373480
32635957 16373480
32646000 16373488
32638688 16373491
32631660 16373493
32631984 16373493
32632460 16373493
32637874 16373493
32639382 16373493
32634260 16373494
32634390 16373496
32638345 16373498
32630213 16373508
32630214 16373508
32630539 16373508
32630540 16373508
32630594 16373508
32633239 16373508
32636918 16373508
32636919 16373508
32631583 16373515
32632409 16373515
32635560 16373515
32635561 16373515
32634259 16373521
32634261 16373522
32630144 16373526
32645974 16373531
32633820 16373532
32629791 16373538
32629929 16373538
32637008 16373538
32637009 16373538
32633647 16373543
32638970 16373545
32636766 16373547
32636768 16373547
32636769 16373547
32633909 16373549
32634256 16373550
32634257 16373550
32638753 16373553
32639763 16373553
32638752 16373555
32634771 16373559
32630250 16373575
32634564 16373575
32630254 16373584
32633395 16373586
32645976 16373586
32631682 16373588
32637883 16373588
32631657 16373589
32631662 16373589
32633826 16373593
32631671 16373595
32630520 16373596
32630521 16373596
32632557 16373620
32632558 16373620
32632565 16373620
32632570 16373620
32632710 16373620
32632715 16373620
32632957 16373620
32632960 16373620
32632976 16373620
32633791 16373620
32633904 16373620
32634465 16373620
32634583 16373620
32634589 16373620
32636288 16373620
32636289 16373620
32634239 16373626
32634374 16373627
32631725 16373628
32633859 16373628
32629952 16373632
32630966 16373639
32633724 16373639
32634323 16373639
32634796 16373639
32638344 16373642
32632407 16373643
32632408 16373643
32630933 16373653
32630962 16373653
32631255 16373653
32634528 16373656
32631268 16373665
32628866 16373673
32634267 16373676
32634321 16373677
32645995 16373680
32638286 16373683
32630143 16373713
32630493 16373713
32630531 16373713
32633243 16373713
32633666 16373713
32633672 16373713
32637450 16373713
32637455 16373713
32630186 16373723
32630193 16373723
32633669 16373723
32637258 16373725
32633910 16373737
32633911 16373737
32630178 16373739
32629499 16373740
32633371 16373741
32636564 16373749
32636566 16373749
32636567 16373749
32631993 16373755
32630969 16373758
32630975 16373758
32631128 16373758
32631272 16373758
32632344 16373759
32633459 16373763
32632364 16373766
32635564 16373768
32635565 16373768
32637872 16373771
32632588 16373783
32632946 16373783
32633790 16373783
32636060 16373783
32636061 16373783
32636066 16373783
32636068 16373783
32636069 16373783
32630871 16373796
32630877 16373796
32630879 16373796
32637964 16373796
32630834 16373828
32633707 16373828
32633717 16373828
32633720 16373828
32635896 16373828
32635897 16373828
32631631 16373833
32631637 16373833
32631655 16373833
32631665 16373833
32630890 16373835
32631156 16373843
32631274 16373843
32634237 16373850
32634238 16373850
32634241 16373850
32634262 16373850
32634355 16373853
32634356 16373853
32631707 16373857
32631715 16373857
32631719 16373857
32631724 16373857
32632402 16373857
32632329 16373858
32632333 16373858
32632017 16373868
32632330 16373868
32634807 16373868
32635370 16373868
32635371 16373868
32635554 16373868
32635556 16373868
32635557 16373868
32632658 16373872
32632103 16373877
32632105 16373877
32632109 16373877
32632110 16373877
32638338 16373880
32638339 16373880
32631722 16373884
32631739 16373884
32631746 16373884
32632367 16373884
32632369 16373884
32635368 16373884
32635369 16373884
32635374 16373884
32635375 16373884
32631783 16373900
32631946 16373900
32632355 16373900
32635390 16373900
32635391 16373900
32631962 16373905
32631964 16373905
32632037 16373905
32632283 16373905
32633757 16373905
32635294 16373905
32635295 16373905
32631760 16373919
32631762 16373919
32631763 16373919
32631769 16373919
32631771 16373919
32631910 16373919
32631931 16373919
32635438 16373919
32635440 16373919
32635441 16373919
32631469 16373932
32631486 16373932
32632219 16373932
32632221 16373932
32633730 16373932
32636028 16373932
32636029 16373932
32632678 16373939
32633780 16373939
32634475 16373940
32634116 16373966
32633857 16373970
32634332 16373970
32637989 16373970
32646187 16373972
32632595 16374061
32632605 16374061
32632608 16374061
32632630 16374061
32632734 16374061
32632743 16374061
32632766 16374061
32632769 16374061
32632890 16374061
32632896 16374061
32632914 16374061
32632916 16374061
32632918 16374061
32632931 16374061
32633140 16374061
32633776 16374061
32633794 16374061
32634012 16374061
32634013 16374061
32634585 16374061
32648917 16374065
32629962 16374067
32632411 16374069
32637873 16374069
32633514 16374074
32646037 16374076
32634285 16374078
32634286 16374078
32634287 16374079
32629565 16374081
32638560 16374083
32636611 16374085
32634132 16374095
32634133 16374095
32630246 16374099
32630704 16374099
32637776 16374100
32629633 16374109
32633612 16374109
32632585 16374115
32634946 16374115
32631561 16374116
32631575 16374116
32631584 16374116
32634314 16374116
32634989 16374116
32629509 16374117
32631709 16374118
32631710 16374118
32648912 16374120
32631685 16374127
32631689 16374127
32631694 16374127
32631701 16374127
32633609 16374127
32631756 16374144
32635450 16374144
32635451 16374144
32634510 16374149
32634432 16374151
32633530 16374157
32635067 16374173
32648908 16374184
32637631 16374185
32637632 16374186
32629112 16374200
32630147 16374204
32630524 16374204
32635072 16374204
32639088 16374204
32639117 16374206
32629206 16374208
32629232 16374208
32630212 16374275
32630240 16374275
32630608 16374275
32630610 16374275
32630630 16374275
32630635 16374275
32630710 16374275
32632526 16374275
32633688 16374275
32633916 16374275
32633917 16374275
32633923 16374275
32633924 16374275
32633935 16374275
32634775 16374275
32636794 16374275
32636795 16374275
32634264 16374283
32633868 16374284
32633871 16374284
32638142 16374286
32638143 16374286
32639138 16374293
32639144 16374293
32639202 16374293
32639870 16374293
32645475 16374293
32645478 16374293
32645480 16374293
32645481 16374293
32633554 16374302
32637877 16374306
32632556 16374308
32633869 16374308
32630980 16374311
32631186 16374311
32633716 16374311
32633850 16374312
32633851 16374312
32646059 16374315
32634597 16374317
32630510 16374318
32632121 16374319
32632122 16374319
32629644 16374321
32634181 16374323
32631673 16374326
32634317 16374327
32631503 16374332
32631505 16374332
32631508 16374332
32631850 16374332
32633983 16374332
32633984 16374332
32631569 16374333
32632925 16374335
32632905 16374338
32632906 16374338
32635866 16374338
32635868 16374338
32635870 16374338
32635871 16374338
32631455 16374340
32638133 16374346
32634361 16374347
32634405 16374347
32630034 16374350
32636484 16374350
32636485 16374350
32630035 16374353
32635059 16374356
32633536 16374357
32632546 16374364
32633147 16374364
32632403 16374366
32630803 16374392
32631215 16374392
32631217 16374392
32634792 16374392
32636132 16374392
32636133 16374392
32629060 16374398
32630907 16374407
32631595 16374410
32632559 16374417
32632687 16374417
32645990 16374421
32637263 16374423
32629821 16374428
32631459 16374448
32631511 16374448
32631557 16374448
32631565 16374448
32631582 16374448
32632067 16374448
32632144 16374448
32633528 16374448
32633529 16374448
32633640 16374448
32633750 16374448
32633848 16374448
32633849 16374448
32633853 16374448
32633854 16374448
32634358 16374448
32634359 16374448
32634364 16374448
32634739 16374448
32634740 16374448
32635748 16374448
32635749 16374448
32635988 16374448
32635989 16374448
32636186 16374448
32636187 16374448
32636204 16374448
32636205 16374448
32631740 16374454
32631732 16374456
32631733 16374456
32632372 16374456
32630960 16374459
32646034 16374464
32633002 16374476
32633660 16374478
32634369 16374480
32635990 16374480
32635991 16374480
32635992 16374480
32635993 16374480
32637997 16374482
32639438 16374482
32640083 16374482
32640332 16374482
32631711 16374483
32631716 16374483
32634249 16374484
32632975 16374485
32645996 16374488
32635300 16374491
32635301 16374491
32633828 16374497
32633736 16374498
32631354 16374499
32630820 16374500
32632324 16374503
32631606 16374504
32631615 16374504
32633809 16374504
32630003 16374506
32636490 16374506
32636491 16374506
32629744 16374509
32630093 16374509
32634489 16374509
32634491 16374509
32634204 16374513
32634205 16374513
32636140 16374514
32636143 16374514
32633470 16374515
32629585 16374518
32633601 16374518
32629631 16374520
32633695 16374524
32635682 16374529
32635683 16374529
32635894 16374529
32635895 16374529
32630209 16374547
32630237 16374547
32630351 16374547
32630363 16374547
32630690 16374547
32630692 16374547
32630694 16374547
32630698 16374547
32637126 16374547
32637127 16374547
32637965 16374549
32628860 16374551
32628954 16374551
32636608 16374556
32636609 16374556
32636796 16374556
32638689 16374557
32628976 16374561
32629079 16374561
32630166 16374567
32630580 16374567
32633654 16374567
32630847 16374573
32630876 16374573
32631351 16374573
32635929 16374573
32634952 16374576
32629338 16374577
32628983 16374585
32629270 16374585
32648870 16374591
32634522 16374592
32635530 16374593
32635532 16374593
32635533 16374593
32637884 16374595
32632158 16374601
32637972 16374601
32632672 16374619
32633051 16374619
32633778 16374619
32634961 16374619
32635171 16374619
32635318 16374619
32635319 16374619
32628997 16374633
32629395 16374633
32629400 16374633
32629458 16374633
32629506 16374633
32629513 16374633
32629797 16374633
32629927 16374633
32633227 16374633
32637184 16374633
32637185 16374633
32631581 16374636
32631781 16374639
32632025 16374639
32634338 16374641
32648909 16374641
32632677 16374645
32636256 16374647
32632876 16374649
32632100 16374652
32629013 16374654
32629020 16374654
32629119 16374654
32629346 16374654
32629357 16374654
32633805 16374654
32631602 16374670
32630919 16374675
32630928 16374675
32630956 16374675
32631109 16374675
32631290 16374675
32631294 16374675
32631314 16374675
32631416 16374675
32634315 16374675
32634117 16374681
32634118 16374681
32629638 16374709
32629756 16374709
32629530 16374713
32636414 16374716
32635012 16374718
32638343 16374718
