92290364 13409444
92290364 13532797
92290364 169588120
92290364 189238929
92290088 13411315
92290088 13533522
92290089 13411315
92290089 13533522
92290090 13411315
92290090 13533522
92290306 13411315
92290306 13533522
92290048 13411931
92290048 13533686
92297824 13411931
92297824 13533686
92297825 13411931
92297825 13533686
92290109 13412056
92290109 13533731
92296560 13412056
92296560 13533731
92296561 13412056
92296561 13533731
92290387 13413150
92290387 13534058
190088587 102514340
190088587 13408322
190098509 102519024
190098509 102519027
190098509 13412130
190100617 102519024
190100617 102519027
190100617 13412130
190091353 102519030
190091353 13412894
190091357 102519030
190091357 13412894
190091370 102519030
190091370 13412894
190091374 102519030
190091374 13412894
190091377 102519030
190091377 13412894
190091865 102519030
190091865 13412894
190091868 102519030
190091868 13412894
190091875 102519030
190091875 13412894
190091880 102519030
190091880 13412894
190091895 102519030
190091895 13412894
190092201 102519030
190092201 13412894
190098468 102519030
190098468 13412894
190100616 102519030
190100616 13412894
190088566 102519084
190088566 133266825
190088566 13412828
190097803 102519084
190097803 133266825
190097803 13412828
190101311 102519084
190101311 133266825
190101311 13412828
190101312 102519084
190101312 133266825
190101312 13412828
190101314 102519084
190101314 133266825
190101314 13412828
190092492 129236194
190092492 13412717
190092556 129236194
190092556 13412717
190092559 129236194
190092559 13412717
190092851 132687404
190092851 132687405
190092851 13410059
190092851 163902064
190092851 163902065
190092851 164519122
190092851 169565948
190092851 169565949
190092853 132687404
190092853 132687405
190092853 13410059
190092853 163902064
190092853 163902065
190092853 164519122
190092853 169565948
190092853 169565949
190092856 132687404
190092856 132687405
190092856 13410059
190092856 163902064
190092856 163902065
190092856 164519122
190092856 169565948
190092856 169565949
190092869 132687404
190092869 132687405
190092869 13410059
190092869 163902064
190092869 163902065
190092869 164519122
190092869 169565948
190092869 169565949
190092882 132687404
190092882 132687405
190092882 13410059
190092882 163902064
190092882 163902065
190092882 164519122
190092882 169565948
190092882 169565949
190092989 132687404
190092989 132687405
190092989 13410059
190092989 163902064
190092989 163902065
190092989 164519122
190092989 169565948
190092989 169565949
190093003 132687404
190093003 132687405
190093003 13410059
190093003 163902064
190093003 163902065
190093003 164519122
190093003 169565948
190093003 169565949
190093013 132687404
190093013 132687405
190093013 13410059
190093013 163902064
190093013 163902065
190093013 164519122
190093013 169565948
190093013 169565949
190093138 132687404
190093138 132687405
190093138 13410059
190093138 163902064
190093138 163902065
190093138 164519122
190093138 169565948
190093138 169565949
190093300 132687404
190093300 132687405
190093300 13410059
190093300 163902064
190093300 163902065
190093300 164519122
190093300 169565948
190093300 169565949
190093324 132687404
190093324 132687405
190093324 13410059
190093324 163902064
190093324 163902065
190093324 164519122
190093324 169565948
190093324 169565949
190093551 132687404
190093551 132687405
190093551 13410059
190093551 163902064
190093551 163902065
190093551 164519122
190093551 169565948
190093551 169565949
190093785 132687404
190093785 132687405
190093785 13410059
190093785 163902064
190093785 163902065
190093785 164519122
190093785 169565948
190093785 169565949
190093791 132687404
190093791 132687405
190093791 13410059
190093791 163902064
190093791 163902065
190093791 164519122
190093791 169565948
190093791 169565949
190093822 132687404
190093822 132687405
190093822 13410059
190093822 163902064
190093822 163902065
190093822 164519122
190093822 169565948
190093822 169565949
190093826 132687404
190093826 132687405
190093826 13410059
190093826 163902064
190093826 163902065
190093826 164519122
190093826 169565948
190093826 169565949
190094000 132687404
190094000 132687405
190094000 13410059
190094000 163902064
190094000 163902065
190094000 164519122
190094000 169565948
190094000 169565949
190094107 132687404
190094107 132687405
190094107 13410059
190094107 163902064
190094107 163902065
190094107 164519122
190094107 169565948
190094107 169565949
190094400 132687404
190094400 132687405
190094400 13410059
190094400 163902064
190094400 163902065
190094400 164519122
190094400 169565948
190094400 169565949
190098560 132687404
190098560 132687405
190098560 13410059
190098560 163902064
190098560 163902065
190098560 164519122
190098560 169565948
190098560 169565949
190098595 132687404
190098595 132687405
190098595 13410059
190098595 163902064
190098595 163902065
190098595 164519122
190098595 169565948
190098595 169565949
190100951 132687404
190100951 132687405
190100951 13410059
190100951 163902064
190100951 163902065
190100951 164519122
190100951 169565948
190100951 169565949
190100952 132687404
190100952 132687405
190100952 13410059
190100952 163902064
190100952 163902065
190100952 164519122
190100952 169565948
190100952 169565949
190101021 132687404
190101021 132687405
190101021 13410059
190101021 163902064
190101021 163902065
190101021 164519122
190101021 169565948
190101021 169565949
190101023 132687404
190101023 132687405
190101023 13410059
190101023 163902064
190101023 163902065
190101023 164519122
190101023 169565948
190101023 169565949
190091808 132687422
190091808 13412077
190097422 132687422
190097422 13412077
190091257 132687423
190091257 133266816
190091257 13411141
190091260 132687423
190091260 133266816
190091260 13411141
190091295 132687423
190091295 133266816
190091295 13411141
190091299 132687423
190091299 133266816
190091299 13411141
190091303 132687423
190091303 133266816
190091303 13411141
190091324 132687423
190091324 133266816
190091324 13411141
190091827 132687423
190091827 133266816
190091827 13411141
190091900 132687423
190091900 133266816
190091900 13411141
190097214 132687423
190097214 133266816
190097214 13411141
190097319 132687423
190097319 133266816
190097319 13411141
190097321 132687423
190097321 133266816
190097321 13411141
190097325 132687423
190097325 133266816
190097325 13411141
190098993 132687423
190098993 133266816
190098993 13411141
190100592 132687423
190100592 133266816
190100592 13411141
190101253 132687423
190101253 133266816
190101253 13411141
190101254 132687423
190101254 133266816
190101254 13411141
190089415 132687424
190089415 13412658
190089425 132687424
190089425 13412658
190089429 132687424
190089429 13412658
190089587 132687424
190089587 13412658
190089710 132687424
190089710 13412658
190089987 132687424
190089987 13412658
190090620 132687424
190090620 13412658
190090621 132687424
190090621 13412658
190090636 132687424
190090636 13412658
190096501 132687424
190096501 13412658
190096827 132687424
190096827 13412658
190097103 132687424
190097103 13412658
190097106 132687424
190097106 13412658
190097133 132687424
190097133 13412658
190097141 132687424
190097141 13412658
190098304 132687424
190098304 13412658
190098305 132687424
190098305 13412658
190098427 132687424
190098427 13412658
190101263 132687424
190101263 13412658
190101264 132687424
190101264 13412916
190091589 132687427
190091589 13410478
190091592 132687427
190091592 13410478
190091596 132687427
190091596 13410478
190093638 132687428
190093638 13411012
190094037 132687428
190094037 13411012
190094386 132687428
190094386 13411012
190097643 132687428
190097643 13411012
190099259 132687428
190099259 13411012
190099263 132687428
190099263 13411012
190099266 132687428
190099266 13411012
190100333 132687428
190100333 13411012
190100472 132687428
190100472 13411012
190101045 132687428
190101045 13411012
190101046 132687428
190101046 13411012
190090719 132687432
190090719 13412118
190090724 132687432
190090724 13412118
190090729 132687432
190090729 13412118
190090734 132687432
190090734 13412118
190090735 132687432
190090735 13412118
190090738 132687432
190090738 13412118
190090745 132687432
190090745 13412118
190090749 132687432
190090749 13412118
190090750 132687432
190090750 13412118
190090755 132687432
190090755 13412118
190090770 132687432
190090770 13412118
190090921 132687432
190090921 13412118
190091010 132687432
190091010 13412118
190091014 132687432
190091014 13412118
190091020 132687432
190091020 13412118
190091032 132687432
190091032 13412118
190091036 132687432
190091036 13412118
190098435 132687432
190098435 13412118
190098451 132687432
190098451 13412118
190100194 132687432
190100194 13412118
190100195 132687432
190100195 13412118
190100418 132687432
190100418 13412118
190101247 132687432
190101247 13412118
190101248 132687432
190101248 13412118
190101249 132687432
190101249 13412118
190091347 132687433
190091347 132687434
190091347 13413294
190099161 132687433
190099161 132687434
190099161 13413294
190099162 132687433
190099162 132687434
190099162 13413294
190088556 132687440
190088556 132687441
190088556 13409880
190088774 132687440
190088774 132687441
190088774 13409880
190088788 132687440
190088788 132687441
190088788 13409880
190088792 132687440
190088792 132687441
190088792 13409880
190088802 132687440
190088802 132687441
190088802 13409880
190088805 132687440
190088805 132687441
190088805 13409880
190088811 132687440
190088811 132687441
190088811 13409880
190088815 132687440
190088815 132687441
190088815 13409880
190088822 132687440
190088822 132687441
190088822 13409880
190089049 132687440
190089049 132687441
190089049 13409880
190089340 132687440
190089340 132687441
190089340 13409880
190089796 132687440
190089796 132687441
190089796 13409880
190095960 132687440
190095960 132687441
190095960 13409880
190095995 132687440
190095995 132687441
190095995 13409880
190096223 132687440
190096223 132687441
190096223 13409880
190097148 132687440
190097148 132687441
190097148 13409880
190097362 132687440
190097362 132687441
190097362 13409880
190098156 132687440
190098156 132687441
190098156 13409880
190098772 132687440
190098772 132687441
190098772 13409880
190098776 132687440
190098776 132687441
190098776 13409880
190099532 132687440
190099532 132687441
190099532 13409880
190099533 132687440
190099533 132687441
190099533 13409880
190099535 132687440
190099535 132687441
190099535 13409880
190100514 132687440
190100514 132687441
190100514 13409880
190100678 132687440
190100678 132687441
190100678 13409880
190089363 132687442
190089363 132687443
190089363 13409919
190089368 132687442
190089368 132687443
190089368 13409919
190089371 132687442
190089371 132687443
190089371 13409919
190089372 132687442
190089372 132687443
190089372 13409919
190089374 132687442
190089374 132687443
190089374 13409919
190089379 132687442
190089379 132687443
190089379 13409919
190089395 132687442
190089395 132687443
190089395 13409919
190089584 132687442
190089584 132687443
190089584 13409919
190089601 132687442
190089601 132687443
190089601 13409919
190089610 132687442
190089610 132687443
190089610 13409919
190089627 132687442
190089627 132687443
190089627 13409919
190089639 132687442
190089639 132687443
190089639 13409919
190089698 132687442
190089698 132687443
190089698 13409919
190089764 132687442
190089764 132687443
190089764 13409919
190089778 132687442
190089778 132687443
190089778 13409919
190089781 132687442
190089781 132687443
190089781 13409919
190089921 132687442
190089921 132687443
190089921 13409919
190089922 132687442
190089922 132687443
190089922 13409919
190098242 132687442
190098242 132687443
190098242 13409919
190098269 132687442
190098269 132687443
190098269 13409919
190098932 132687442
190098932 132687443
190098932 13409919
190098933 132687442
190098933 132687443
190098933 13409919
190100187 132687442
190100187 132687443
190100187 13409919
190100188 132687442
190100188 132687443
190100188 13409919
190099057 132687444
190099057 132687445
190099057 13411673
190099967 132687444
190099967 132687445
190099967 13411673
190099968 132687444
190099968 132687445
190099968 13411673
190101041 132687444
190101041 132687445
190101041 13411673
190101042 132687444
190101042 132687445
190101042 13411673
190088621 132911787
190088621 13412871
190088793 132911787
190088793 13412871
190088796 132911787
190088796 13412871
190088807 132911787
190088807 13412871
190088899 132911787
190088899 13412871
190088941 132911787
190088941 13412871
190088945 132911787
190088945 13412871
190089014 132911787
190089014 13412871
190089059 132911787
190089059 13412871
190089060 132911787
190089060 13412871
190097108 132911787
190097108 13412871
190097174 132911787
190097174 13412871
190097177 132911787
190097177 13412871
190097346 132911787
190097346 13412871
190097348 132911787
190097348 13412871
190098146 132911787
190098146 13412871
190098190 132911787
190098190 13412871
190098192 132911787
190098192 13412871
190098197 132911787
190098197 13412871
190098198 132911787
190098198 13412871
190100540 132911787
190100540 13412871
190100548 132911787
190100548 13412871
190101313 132911787
190101313 13412871
190092475 132911790
190092475 13406346
190092476 132911790
190092476 13406346
190092493 132911790
190092493 13406346
190092601 132911790
190092601 13406346
190092726 132911790
190092726 13406346
190100535 132911790
190100535 13406346
190088666 132911791
190088666 13412986
190088780 132911791
190088780 13412986
190088943 132911791
190088943 13412986
190089008 132911791
190089008 13412986
190089045 132911791
190089045 13412986
190098120 132911791
190098120 13412986
190100387 132911791
190100387 13412986
190100554 132911791
190100554 13412986
190101566 133266824
190101566 13412877
190101944 133266824
190101944 13412877
190088571 133266854
190088571 13409820
190088640 133266854
190088640 13409820
190088569 133266871
190088569 13406908
190101309 133266871
190101309 13406908
190101310 133266871
190101310 13406908
190099229 13406272
190099230 13406272
190097254 13406273
190099789 13406274
190094538 13406277
190095384 13406277
190097494 13406279
190097486 13406282
190097502 13406282
190097506 13406282
190097510 13406282
190097514 13406282
190094509 13406284
190094540 13406284
190094900 13406284
190095199 13406284
190100735 13406284
190097522 13406287
190101653 13406289
190091537 13406291
190091575 13406291
190091346 13406295
190091912 13406295
190091914 13406295
190092442 13406300
190092443 13406300
190098540 13406300
190091660 13406303
190099155 13406303
190099156 13406303
190095684 13406309
190099917 13406309
190099919 13406309
190099920 13406309
190100423 13406327
190099693 13406328
190094199 13406331
190092445 13406341
190092629 13406341
190092637 13406341
190096617 13406341
190099566 13406349
190100420 13406350
190090204 13406352
190101173 13406352
190090549 13406381
190097455 13406381
190098344 13406381
190098355 13406381
190098421 13406381
190099766 13406381
190099768 13406381
190099769 13406381
190100412 13406381
190092505 13406402
190092596 13406402
190095840 13406402
190095903 13406402
190098022 13406402
190098549 13406402
190099226 13406402
190099235 13406402
190099236 13406402
190100432 13406402
190101131 13406402
190101132 13406402
190094525 13406409
190094528 13406409
190094529 13406409
190094530 13406409
190094533 13406409
190099673 13406409
190099674 13406409
190094524 13406425
190095772 13406425
190095774 13406425
190096740 13406425
190091395 13406430
190091379 13406435
190092165 13406435
190098100 13406435
190098101 13406435
190100886 13406438
190096019 13406453
190100111 13406456
190100112 13406456
190093060 13406461
190093063 13406461
190093069 13406461
190093074 13406461
190093077 13406461
190093085 13406461
190089469 13406469
190089525 13406469
190089529 13406469
190089680 13406469
190098247 13406469
190088561 13406520
190099557 13406523
190099558 13406523
190090189 13406539
190090189 163902113
190090198 13406539
190090198 163902113
190090199 13406539
190090199 163902113
190090202 13406539
190090202 163902113
190090446 13406539
190090446 163902113
190090557 13406539
190090557 163902113
190101552 13406625
190101552 163902112
190098268 13406630
190089160 13406636
190089195 13406636
190089212 13406636
190089214 13406636
190089227 13406636
190089300 13406636
190094671 13406639
190094736 13406644
190095457 13406644
190095462 13406644
190095467 13406644
190089418 13406649
190089599 13406649
190089608 13406649
190092840 13406651
190090243 13406659
190090440 13406659
190092767 13406659
190092768 13406659
190092779 13406659
190098613 13406659
190090244 13406663
190093326 13406663
190097194 13406665
190089020 13406667
190088801 13406675
190088908 13406675
190088965 13406675
190088971 13406675
190089017 13406675
190089021 13406675
190098164 13406675
190098189 13406675
190093892 13406681
190098634 13406681
190094677 13406685
190095365 13406685
190097196 13406687
190089022 13406690
190099312 13406692
190094678 13406700
190094700 13406700
190094820 13406700
190094842 13406700
190094852 13406700
190095330 13406700
190095426 13406700
190092830 13406702
190092846 13406702
190093895 13406708
190091775 13406717
190101169 13406717
190101170 13406717
190088808 13406724
190089025 13406724
190094100 13406727
190089027 13406730
190093898 13406735
190098640 13406735
190094102 13406737
190094079 13406741
190096702 13406741
190096704 13406741
190094104 13406743
190094106 13406745
190094108 13406746
190099950 13406748
190098904 13406749
190099953 13406750
190099956 13406751
190090219 13406777
190090310 13406777
190099341 13406777
190098046 13406781
190098047 13406781
190099959 13406783
190094743 13406787
190101416 13406787
190094811 13406797
190095071 13406797
190095528 13406797
190095569 13406797
190095575 13406797
190098722 13406797
190098725 13406797
190089460 13406801
190089463 13406801
190089669 13406801
190089672 13406801
190090233 13406818
190090313 13406818
190099343 13406818
190092911 13406823
190093236 13406823
190093238 13406823
190092913 13406839
190098596 13406839
190092914 13406844
190091544 13406846
190092051 13406846
190094749 13406849
190090319 13406857
190092751 13406857
190091277 13406862
190092575 13406869
190092577 13406869
190092579 13406869
190092581 13406869
190092583 13406869
190092584 13406869
190092668 13406869
190092691 13406869
190092701 13406869
190089957 13406874
190090047 13406874
190090095 13406874
190099542 13406874
190099543 13406874
190089963 13406878
190089969 13406878
190090098 13406878
190098312 13406878
190090099 13406882
190090100 13406882
190097331 13406886
190094815 13406889
190094816 13406895
190092122 13406900
190098998 13406900
190098999 13406900
190093170 13406903
190093172 13406903
190093173 13406903
190091340 13406910
190100530 13406913
190090785 13406916
190096559 13406916
190101315 13406917
190101318 13406917
190100938 13406921
190101316 13406921
190095889 13406926
190095910 13406926
190098758 13406926
190094591 13406930
190094622 13406930
190094632 13406930
190095728 13406930
190094592 13406936
190094599 13406936
190094603 13406936
190094605 13406936
190094919 13406936
190095310 13406936
190089798 13406940
190089800 13406940
190089801 13406940
190094594 13406942
190094608 13406942
190095232 13406942
190092761 13406948
190093182 13406948
190100404 13406948
190090431 13406952
190092762 13406952
190093066 13406952
190094596 13406958
190094614 13406958
190094629 13406958
190094640 13406958
190094652 13406958
190095658 13406958
190101950 13406962
190099231 13406964
190092765 13406968
190092769 13406971
190093010 13406971
190099237 13406974
190094446 13406977
190099239 13406977
190092406 13406982
190092413 13406982
190092423 13406982
190092433 13406982
190096625 13406982
190096627 13406982
190093242 13406986
190096670 13406986
190093573 13406992
190093588 13406992
190093856 13406992
190094028 13406992
190094029 13406996
190094031 13406996
190094033 13406996
190094035 13406996
190094036 13406996
190095552 13406996
190095554 13406996
190095556 13406996
190095557 13406996
190093244 13406999
190099872 13407004
190099879 13407004
190099880 13407004
190093246 13407009
190093247 13407009
190093249 13407013
190094660 13407022
190094661 13407022
190094947 13407022
190100764 13407022
190094662 13407026
190089416 13407037
190089589 13407037
190089770 13407037
190094664 13407043
190094667 13407043
190094674 13407043
190094687 13407043
190094706 13407043
190092831 13407045
190092832 13407050
190098558 13407050
190093613 13407052
190093880 13407052
190093885 13407052
190092833 13407053
190097187 13407055
190092837 13407060
190094110 13407060
190092839 13407062
190096644 13407062
190092907 13407064
190093314 13407064
190093315 13407064
190096656 13407064
190089434 13407068
190089648 13407068
190089651 13407068
190098956 13407068
190098959 13407068
190098960 13407068
190093216 13407071
190093317 13407071
190100954 13407071
190092896 13407075
190092899 13407075
190093218 13407075
190093318 13407075
190096660 13407075
190093319 13407077
190098035 13407080
190099947 13407082
190094733 13407085
190096940 13407085
190092901 13407087
190096654 13407087
190092902 13407094
190092908 13407094
190096662 13407094
190092903 13407103
190092904 13407103
190093030 13407103
190098562 13407103
190098601 13407103
190096470 13407105
190097255 13407107
190092906 13407109
190093591 13407119
190093864 13407119
190093868 13407119
190093955 13407119
190093958 13407119
190093988 13407119
190091261 13407123
190091262 13407125
190094568 13407127
190094642 13407127
190095270 13407127
190095291 13407127
190092787 13407132
190092789 13407132
190092790 13407132
190093097 13407132
190093102 13407132
190093260 13407132
190100452 13407135
190100454 13407135
190100461 13407135
190098678 13407138
190089438 13407141
190089717 13407141
190089718 13407141
190089720 13407141
190098300 13407141
190095297 13407145
190095718 13407145
190095726 13407145
190089966 13407157
190089970 13407157
190089972 13407157
190089973 13407157
190089978 13407157
190089982 13407157
190089990 13407157
190090079 13407157
190090082 13407157
190090085 13407157
190089722 13407158
190100459 13407163
190089443 13407170
190089444 13407170
190089723 13407170
190098248 13407170
190098293 13407170
190089428 13407178
190089430 13407178
190089442 13407178
190089445 13407178
190089724 13407178
190098246 13407178
190100557 13407178
190089725 13407181
190094801 13407187
190094806 13407187
190095066 13407187
190095068 13407187
190095751 13407187
190097320 13407190
190094799 13407192
190094803 13407192
190094804 13407192
190094805 13407194
190095587 13407194
190097324 13407197
190097327 13407198
190097329 13407201
190092115 13407203
190091302 13407206
190091924 13407206
190092116 13407206
190099793 13407210
190101307 13407211
190101308 13407212
190101565 13407212
190100523 13407214
190099796 13407215
190097963 13407219
190094582 13407224
190100763 13407224
190097966 13407229
190094584 13407232
190100762 13407232
190094586 13407238
190094600 13407238
190094609 13407238
190094625 13407238
190094637 13407238
190094647 13407238
190094665 13407238
190094675 13407238
190094689 13407238
190094696 13407238
190094928 13407238
190095312 13407238
190090777 13407240
190090786 13407240
190090993 13407240
190099222 13407240
190091783 13407243
190091970 13407243
190095857 13407246
190095858 13407246
190095890 13407246
190095892 13407246
190099224 13407246
190101085 13407251
190101086 13407251
190090792 13407263
190091788 13407263
190091795 13407263
190090793 13407271
190091794 13407271
190090794 13407277
190090796 13407277
190090915 13407277
190091400 13407282
190090795 13407286
190090914 13407286
190091798 13407286
190091401 13407291
190099861 13407294
190099864 13407294
190099865 13407294
190093235 13407296
190096619 13407298
190090797 13407301
190091811 13407301
190088790 13407306
190094648 13407308
190094650 13407308
190094651 13407308
190094654 13407308
190095304 13407308
190095376 13407308
190088791 13407311
190090223 13407315
190090867 13407315
190094656 13407318
190092823 13407319
190092826 13407319
190090228 13407325
190093603 13407338
190093874 13407338
190093882 13407338
190094282 13407338
190094285 13407338
190098669 13407338
190094574 13407342
190094659 13407342
190095282 13407342
190092827 13407345
190092829 13407345
190093600 13407351
190093876 13407351
190093969 13407351
190093984 13407351
190097469 13407355
190100865 13407355
190101157 13407355
190101158 13407355
190099938 13407358
190094726 13407361
190096726 13407361
190088867 13407364
190098662 13407367
190101225 13407374
190101226 13407374
190091255 13407378
190091259 13407381
190094693 13407385
190095287 13407385
190095319 13407385
190095343 13407385
190089711 13407390
190089712 13407390
190092674 13407395
190088781 13407397
190088932 13407397
190097118 13407397
190088779 13407402
190088934 13407402
190089719 13407406
190092100 13407408
190092101 13407411
190095560 13407419
190095562 13407419
190095564 13407419
190095566 13407419
190095570 13407419
190095572 13407419
190095574 13407419
190095576 13407419
190095578 13407419
190095580 13407419
190095585 13407419
190095586 13407419
190098730 13407419
190100670 13407419
190092105 13407421
190099780 13407424
190099783 13407426
190094561 13407434
190094567 13407434
190094676 13407434
190095013 13407434
190095020 13407434
190095272 13407434
190095293 13407434
190095630 13407434
190098737 13407434
190100517 13407436
190094575 13407438
190094576 13407440
190094935 13407440
190094579 13407443
190095678 13407443
190093618 13407446
190093797 13407446
190090780 13407456
190090790 13407456
190090900 13407456
190090902 13407456
190091025 13407456
190090782 13407460
190090989 13407460
190093191 13407475
190093203 13407475
190093205 13407475
190093206 13407475
190093209 13407475
190093211 13407475
190093215 13407475
190093217 13407475
190093219 13407475
190093221 13407475
190093222 13407475
190094050 13407475
190094052 13407475
190094054 13407475
190094056 13407475
190094058 13407475
190094060 13407475
190094062 13407475
190094064 13407475
190094065 13407475
190094082 13407475
190098608 13407475
190099889 13407475
190100640 13407475
190101948 13407475
190092890 13407480
190092999 13407480
190093223 13407480
190093225 13407480
190089393 13407492
190089560 13407492
190089692 13407492
190089792 13407492
190099035 13407492
190099036 13407492
190091710 13407500
190092189 13407500
190096607 13407500
190093224 13407502
190100297 13407506
190090787 13407510
190090997 13407510
190099852 13407513
190099855 13407513
190099856 13407513
190093226 13407516
190090788 13407518
190093228 13407519
190098807 13407520
190097161 13407523
190092810 13407525
190092816 13407525
190093121 13407525
190093265 13407525
190088784 13407526
190094644 13407531
190094645 13407531
190094663 13407531
190094915 13407531
190095867 13407531
190095869 13407531
190098759 13407531
190092811 13407533
190095429 13407535
190100768 13407535
190092813 13407536
190094627 13407538
190094638 13407538
190094649 13407538
190094670 13407538
190094679 13407538
190094688 13407538
190094691 13407538
190094705 13407538
190094717 13407538
190094926 13407538
190090218 13407540
190092817 13407541
190092799 13407543
190098580 13407543
190092807 13407544
190092819 13407544
190098588 13407545
190089378 13407547
190089558 13407547
190089631 13407547
190089694 13407547
190089789 13407547
190099921 13407548
190099924 13407549
190099929 13407551
190100433 13407552
190094560 13407553
190095274 13407553
190094490 13407554
190095708 13407554
190090779 13407556
190090927 13407556
190091023 13407556
190089935 13407562
190089940 13407562
190089949 13407562
190089951 13407562
190090062 13407562
190090064 13407562
190090066 13407562
190096520 13407562
190094498 13407576
190094631 13407576
190094668 13407576
190094669 13407576
190094672 13407576
190095217 13407576
190095229 13407576
190095248 13407576
190095255 13407576
190095332 13407576
190095367 13407576
190097138 13407576
190100657 13407576
190101452 13407576
190089928 13407581
190089931 13407581
190089950 13407581
190090068 13407581
190097305 13407583
190097306 13407583
190089439 13407600
190089946 13407600
190089947 13407600
190089953 13407600
190090097 13407600
190096522 13407600
190096524 13407600
190098314 13407600
190098325 13407600
190097307 13407611
190098723 13407614
190095591 13407616
190095592 13407616
190096151 13407616
190098724 13407616
190094562 13407620
190094573 13407620
190094921 13407620
190095727 13407620
190095859 13407620
190089465 13407622
190089489 13407622
190094566 13407625
190091950 13407627
190094569 13407628
190092738 13407631
190090781 13407633
190091082 13407633
190091096 13407633
190090775 13407636
190090789 13407636
190090991 13407636
190094633 13407640
190095862 13407640
190095865 13407640
190092801 13407642
190094634 13407650
190094635 13407650
190094636 13407650
190094639 13407650
190094641 13407650
190094646 13407650
190094666 13407650
190094684 13407650
190094695 13407650
190094701 13407650
190094917 13407650
190095306 13407650
190095657 13407650
190095664 13407650
190088776 13407653
190092803 13407655
190092805 13407655
190100854 13407659
190101130 13407659
190089924 13407677
190089925 13407677
190090057 13407677
190097159 13407677
190097383 13407677
190097384 13407677
190097386 13407677
190097388 13407677
190101281 13407677
190093574 13407689
190093858 13407689
190094071 13407689
190094484 13407694
190095191 13407694
190099912 13407697
190088806 13407701
190097797 13407701
190098195 13407701
190099915 13407704
190092585 13407709
190099918 13407710
190094702 13407711
190094707 13407711
190092900 13407726
190093202 13407726
190093606 13407726
190093619 13407726
190093621 13407726
190094091 13407726
190096063 13407726
190096186 13407726
190096664 13407726
190096786 13407726
190098633 13407726
190098786 13407726
190100989 13407726
190100990 13407726
190094697 13407730
190094704 13407730
190094708 13407732
190097227 13407733
190093640 13407739
190093648 13407739
190093650 13407739
190098641 13407739
190091823 13407743
190092016 13407743
190098644 13407746
190100422 13407749
190099694 13407751
190094481 13407753
190094487 13407753
190099618 13407753
190089449 13407758
190089985 13407758
190089989 13407758
190090051 13407758
190092181 13407770
190095738 13407770
190095740 13407770
190095744 13407770
190095745 13407770
190095747 13407770
190097866 13407770
190097927 13407770
190089988 13407777
190089994 13407777
190090053 13407777
190090111 13407777
190090616 13407777
190091000 13407777
190092824 13407781
190092847 13407781
190093129 13407781
190093131 13407781
190090694 13407782
190099760 13407784
190091301 13407786
190091305 13407786
190099762 13407789
190099763 13407789
190091304 13407792
190099764 13407794
190089476 13407796
190094551 13407799
190099767 13407801
190094555 13407805
190094976 13407805
190092639 13407809
190092723 13407809
190098550 13407809
190093570 13407813
190101051 13407813
190101701 13407813
190101702 13407813
190100271 13407815
190100274 13407818
190090764 13407820
190089540 13407821
190090765 13407824
190090983 13407824
190099831 13407829
190099832 13407829
190090767 13407831
190090769 13407833
190099835 13407837
190094620 13407838
190094981 13407838
190088763 13407839
190099838 13407841
190094626 13407843
190094628 13407843
190094630 13407843
190095308 13407843
190095673 13407843
190088768 13407847
190097149 13407850
190092030 13407879
190092044 13407879
190092046 13407879
190092048 13407879
190092050 13407879
190092052 13407879
190092054 13407879
190092058 13407879
190092075 13407879
190092077 13407879
190092079 13407879
190092080 13407879
190092370 13407879
190096339 13407879
190096341 13407879
190096367 13407879
190096589 13407879
190096599 13407879
190096988 13407879
190098523 13407879
190098996 13407879
190100428 13407879
190100604 13407879
190101233 13407879
190101234 13407879
190100341 13407882
190094606 13407886
190094610 13407886
190094611 13407886
190101129 13407886
190092067 13407894
190092570 13407894
190092572 13407894
190100620 13407894
190099903 13407897
190092466 13407903
190092574 13407903
190091790 13407906
190099906 13407908
190097210 13407910
190097279 13407910
190091791 13407914
190099907 13407921
190089411 13407925
190089414 13407925
190089419 13407925
190089618 13407925
190098254 13407925
190091793 13407928
190091799 13407928
190091804 13407928
190097213 13407934
190093649 13407936
190093913 13407936
190091375 13407939
190091536 13407939
190092006 13407939
190089392 13407941
190089394 13407941
190089603 13407941
190098243 13407941
190094478 13407945
190094876 13407945
190093699 13407946
190095846 13407947
190095895 13407947
190095896 13407948
190095898 13407948
190095899 13407948
190100193 13407952
190100196 13407954
190089462 13407956
190099757 13407962
190094541 13407970
190094543 13407970
190088684 13407973
190090114 13407975
190094546 13407982
190101448 13407982
190101449 13407982
190101450 13407982
190088687 13407987
190091934 13407989
190096288 13407991
190095966 13407994
190096002 13407994
190095967 13407997
190096001 13407997
190090752 13407998
190090979 13407998
190090753 13408002
190090756 13408004
190090981 13408004
190100267 13408006
190099825 13408009
190099826 13408009
190101681 13408013
190101684 13408021
190094613 13408023
190094615 13408023
190094616 13408023
190093617 13408027
190093620 13408027
190093795 13408027
190093834 13408027
190100332 13408028
190092409 13408030
190092415 13408030
190092421 13408030
190092424 13408030
190092564 13408030
190092567 13408030
190092566 13408032
190092568 13408034
190092569 13408034
190094781 13408037
190100969 13408037
190100970 13408037
190091785 13408038
190093891 13408043
190093900 13408043
190093903 13408043
190093914 13408043
190095617 13408045
190100973 13408045
190100974 13408045
190091787 13408056
190094790 13408060
190094794 13408060
190100977 13408060
190100978 13408060
190092870 13408068
190092878 13408068
190093044 13408068
190093210 13408068
190100983 13408068
190100984 13408068
190099676 13408071
190100406 13408074
190089389 13408077
190089767 13408077
190095847 13408083
190095848 13408083
190095881 13408083
190096766 13408083
190090674 13408085
190099742 13408086
190094604 13408088
190095314 13408088
190088672 13408089
190088673 13408089
190089768 13408090
190090104 13408090
190090105 13408090
190093750 13408092
190093752 13408094
190093754 13408097
190093483 13408100
190093758 13408100
190090743 13408104
190090747 13408107
190090975 13408107
190099812 13408109
190092482 13408111
190092528 13408111
190092486 13408116
190092526 13408116
190094602 13408118
190101676 13408123
190097125 13408128
190097126 13408128
190097128 13408134
190097295 13408134
190100898 13408137
190100318 13408140
190100320 13408140
190098546 13408143
190100323 13408145
190093008 13408150
190097762 13408150
190097763 13408150
190100326 13408153
190088810 13408157
190091768 13408162
190091770 13408162
190091776 13408166
190091777 13408171
190092893 13408175
190093035 13408175
190100956 13408175
190094990 13408183
190094997 13408183
190095237 13408183
190095243 13408183
190095278 13408183
190095323 13408183
190095361 13408183
190096193 13408185
190090234 13408189
190090437 13408189
190098395 13408189
190092796 13408190
190093100 13408190
190093259 13408190
190089441 13408191
190089513 13408191
190099734 13408193
190088661 13408195
190100544 13408195
190094522 13408196
190094523 13408199
190101480 13408208
190101596 13408208
190088668 13408210
190088669 13408210
190091051 13408211
190095943 13408213
190098770 13408213
190092155 13408215
190098465 13408215
190095947 13408217
190090736 13408219
190090737 13408219
190090741 13408219
190090742 13408219
190090969 13408219
190099802 13408220
190101660 13408223
190097109 13408224
190097110 13408224
190097111 13408224
190097112 13408226
190092479 13408228
190101666 13408232
190097115 13408234
190097116 13408234
190091699 13408236
190099580 13408238
190095150 13408241
190099583 13408244
190099584 13408244
190100312 13408247
190093637 13408250
190095154 13408250
190099585 13408252
190099588 13408255
190100319 13408256
190092462 13408271
190092467 13408271
190092473 13408271
190092543 13408271
190092576 13408271
190092604 13408271
190098545 13408271
190093592 13408291
190095609 13408291
190093595 13408295
190091763 13408296
190093596 13408303
190093597 13408303
190093598 13408303
190093599 13408303
190094095 13408303
190094097 13408303
190094099 13408303
190094103 13408303
190091764 13408305
190100092 13408308
190100093 13408308
190098602 13408310
190098604 13408310
190100097 13408311
190100098 13408311
190089361 13408312
190099653 13408314
190099656 13408314
190094753 13408316
190099657 13408316
190092964 13408319
190098609 13408319
190092612 13408321
190092614 13408323
190096119 13408324
190096182 13408324
190092616 13408325
190091831 13408327
190092618 13408328
190096188 13408330
190094125 13408332
190100159 13408332
190100160 13408332
190094683 13408334
190094690 13408334
190094692 13408334
190095868 13408334
190089431 13408335
190099725 13408337
190094511 13408346
190092398 13408347
190101586 13408353
190088656 13408356
190093730 13408360
190094112 13408360
190094519 13408368
190093499 13408375
190093734 13408375
190093481 13408380
190093736 13408380
190091045 13408382
190090722 13408386
190091047 13408390
190094288 13408395
190094291 13408395
190090726 13408396
190100238 13408398
190101650 13408403
190093608 13408404
190094296 13408404
190092464 13408405
190088722 13408407
190101659 13408408
190100300 13408409
190099575 13408410
190100306 13408412
190093582 13408413
190094057 13408413
190092416 13408414
190092422 13408414
190092427 13408414
190092431 13408414
190092534 13408414
190091286 13408415
190091287 13408415
190092408 13408415
190092410 13408415
190092418 13408415
190092535 13408415
190091752 13408417
190091755 13408417
190092086 13408417
190092400 13408422
190092539 13408422
190100080 13408424
190089351 13408426
190089355 13408428
190099646 13408440
190099647 13408440
190101559 13408440
190094434 13408443
190095219 13408445
190097264 13408445
190097451 13408445
190094438 13408449
190091822 13408451
190089992 13408455
190096076 13408458
190096176 13408458
190095852 13408459
190095854 13408459
190089981 13408465
190089983 13408465
190089991 13408465
190089995 13408465
190090113 13408465
190090615 13408465
190098316 13408465
190095855 13408467
190090640 13408469
190099711 13408470
190089421 13408472
190090647 13408473
190099712 13408475
190099713 13408477
190089424 13408479
190094502 13408481
190099719 13408482
190094503 13408484
190088645 13408487
190088646 13408487
190094505 13408489
190088647 13408492
190088648 13408492
190095922 13408494
190091031 13408497
190095060 13408501
190091034 13408503
190091035 13408503
190095927 13408504
190091037 13408507
190091039 13408509
190091677 13408512
190089842 13408515
190089843 13408515
190099562 13408515
190099565 13408518
190096062 13408521
190096093 13408521
190096095 13408521
190091741 13408525
190091743 13408525
190091756 13408525
190092078 13408525
190092088 13408525
190091744 13408529
190091748 13408529
190091754 13408529
190091757 13408529
190091767 13408529
190091769 13408529
190091778 13408529
190091779 13408529
190095773 13408533
190091745 13408535
190091746 13408537
190096058 13408543
190096079 13408543
190096099 13408543
190096153 13408543
190098791 13408543
190095775 13408545
190100071 13408548
190100077 13408550
190092784 13408555
190092785 13408555
190092786 13408555
190093006 13408555
190094597 13408568
190094658 13408568
190094673 13408568
190094703 13408568
190095203 13408568
190095227 13408568
190095250 13408568
190095258 13408568
190095336 13408568
190095340 13408568
190095359 13408568
190095369 13408568
190097441 13408568
190100654 13408568
190100659 13408568
190101490 13408575
190101491 13408579
190094420 13408585
190101493 13408587
190088562 13408589
190101494 13408592
190101496 13408595
190101497 13408595
190094426 13408599
190096064 13408603
190096087 13408603
190096160 13408603
190096161 13408605
190093642 13408611
190093644 13408611
190093643 13408613
190094429 13408617
190089976 13408621
190089980 13408621
190091803 13408626
190091812 13408626
190089984 13408627
190091815 13408629
190095844 13408631
190089986 13408632
190091818 13408633
190097582 13408635
190097610 13408635
190101560 13408638
190101561 13408638
190101562 13408640
190101563 13408640
190089417 13408643
190101568 13408646
190088637 13408649
190088638 13408651
190091021 13408653
190100210 13408655
190100213 13408657
190095918 13408661
190091027 13408662
190100216 13408664
190101536 13408665
190101632 13408665
190101633 13408665
190088701 13408666
190094278 13408668
190101636 13408671
190091664 13408672
190100853 13408678
190095695 13408685
190100858 13408690
190101464 13408690
190089261 13408694
190089262 13408694
190090487 13408700
190090488 13408700
190090489 13408700
190099552 13408704
190089176 13408715
190089259 13408715
190089264 13408715
190089265 13408715
190098506 13408718
190094761 13408725
190095124 13408725
190095127 13408725
190095558 13408725
190093563 13408728
190093568 13408730
190093569 13408737
190101481 13408739
190099626 13408743
190101482 13408746
190094411 13408749
190101485 13408752
190101183 13408756
190101486 13408756
190101487 13408763
190094417 13408767
190088558 13408769
190091801 13408777
190091802 13408777
190098350 13408786
190096155 13408788
190096178 13408788
190098783 13408788
190098797 13408788
190089968 13408790
190089974 13408790
190089975 13408790
190089979 13408790
190093639 13408792
190091807 13408795
190096159 13408797
190097570 13408798
190089977 13408800
190089400 13408808
190089407 13408808
190089410 13408808
190089412 13408808
190089508 13408808
190089616 13408808
190097578 13408811
190097373 13408815
190100901 13408815
190101282 13408815
190101550 13408815
190089406 13408820
190089773 13408820
190096797 13408825
190101553 13408835
190101554 13408835
190089408 13408836
190101556 13408838
190101557 13408838
190101558 13408838
190093601 13408841
190093607 13408841
190093610 13408841
190093704 13408841
190094093 13408841
190100778 13408842
190100779 13408843
190095902 13408845
190091012 13408852
190091013 13408852
190091017 13408852
190095904 13408855
190099473 13408857
190099474 13408857
190091016 13408861
190091018 13408861
190091019 13408861
190093533 13408866
190095045 13408866
190092425 13408873
190092430 13408873
190092432 13408873
190092434 13408873
190092435 13408873
190100207 13408875
190092436 13408877
190095680 13408880
190092438 13408883
190095682 13408885
190095683 13408885
190093489 13408887
190095686 13408889
190095687 13408889
190090470 13408892
190091646 13408903
190091648 13408903
190091653 13408903
190091658 13408903
190090235 13408910
190090425 13408910
190090471 13408910
190090472 13408912
190090474 13408917
190090476 13408921
190090477 13408921
190090478 13408924
190099544 13408929
190099549 13408932
190091722 13408937
190097492 13408939
190100919 13408943
190100057 13408945
190097496 13408947
190099612 13408949
190101471 13408950
190099616 13408952
190101473 13408954
190101474 13408954
190099617 13408957
190101475 13408959
190100697 13408970
190089962 13408979
190098320 13408979
190093626 13408981
190093627 13408982
190094085 13408982
190089964 13408990
190098326 13408990
190099391 13408993
190089965 13408997
190089967 13408997
190098343 13409001
190098345 13409004
190099394 13409006
190094180 13409007
190094182 13409009
190097566 13409011
190094184 13409013
190089473 13409019
190089474 13409019
190101257 13409019
190101540 13409019
190098982 13409021
190098983 13409021
190101544 13409023
190101542 13409027
190101543 13409027
190101548 13409027
190101549 13409027
190100765 13409029
190095395 13409033
190100766 13409033
190096215 13409034
190089170 13409036
190089233 13409036
190098215 13409036
190099460 13409041
190099461 13409041
190091002 13409042
190099462 13409044
190089173 13409048
190098416 13409053
190089175 13409055
190097632 13409057
190091006 13409058
190098417 13409060
190099467 13409062
190099468 13409062
190091008 13409064
190090967 13409065
190091009 13409065
190101603 13409067
190101610 13409067
190101600 13409081
190101602 13409081
190101611 13409081
190092428 13409084
190095671 13409088
190095672 13409088
190092419 13409095
190092429 13409095
190100831 13409099
190101617 13409101
190091645 13409102
190100833 13409103
190091647 13409112
190092204 13409112
190092850 13409120
190100834 13409120
190101354 13409120
190090459 13409123
190090460 13409123
190091649 13409124
190095677 13409126
190095679 13409127
190090464 13409129
190099531 13409130
190090467 13409131
190089246 13409132
190089249 13409132
190098231 13409132
190101396 13409134
190101397 13409135
190093543 13409137
190094115 13409137
190096066 13409139
190096069 13409139
190096072 13409139
190096180 13409139
190091716 13409140
190097322 13409145
190100039 13409145
190100040 13409145
190097477 13409146
190097479 13409146
190097480 13409146
190100043 13409147
190099600 13409150
190100047 13409151
190101460 13409152
190101461 13409154
190101462 13409155
190100680 13409156
190101465 13409158
190101466 13409160
190101468 13409161
190089952 13409164
190089933 13409167
190089954 13409167
190099511 13409168
190100110 13409168
190089093 13409169
190097551 13409170
190089096 13409171
190094171 13409172
190094172 13409172
190094175 13409173
190094176 13409173
190101530 13409176
190092344 13409177
190094178 13409179
190101535 13409180
190089689 13409190
190090190 13409190
190098339 13409190
190098976 13409190
190098977 13409190
190095594 13409195
190101538 13409199
190095596 13409202
190095598 13409205
190096205 13409206
190096206 13409206
190089162 13409211
190099452 13409214
190099453 13409214
190089164 13409221
190097622 13409224
190097624 13409227
190094242 13409229
190092411 13409230
190092417 13409230
190097628 13409234
190092414 13409237
190101601 13409243
190093462 13409246
190094680 13409250
190095660 13409250
190095661 13409250
190100820 13409253
190090441 13409258
190090443 13409258
190090444 13409258
190090447 13409258
190090448 13409258
190090450 13409258
190096534 13409258
190098113 13409258
190100718 13409258
190100829 13409259
190090454 13409260
190099517 13409263
190099520 13409263
190090456 13409267
190092191 13409268
190101380 13409270
190101385 13409272
190101386 13409273
190101387 13409275
190094552 13409282
190094554 13409282
190094557 13409282
190094558 13409282
190094559 13409282
190094937 13409282
190095732 13409282
190095733 13409282
190100761 13409282
190094090 13409285
190094092 13409289
190094094 13409291
190094096 13409295
190101447 13409300
190101451 13409300
190094098 13409304
190097442 13409312
190097450 13409312
190097452 13409312
190100777 13409312
190101121 13409312
190101122 13409312
190101441 13409312
190101446 13409312
190101454 13409312
190101455 13409316
190098894 13409319
190099277 13409319
190094783 13409324
190094786 13409324
190095115 13409324
190095567 13409324
190098719 13409324
190100671 13409324
190100832 13409324
190093602 13409326
190089942 13409327
190089945 13409329
190099505 13409330
190100101 13409330
190089084 13409332
190094159 13409334
190094160 13409334
190099508 13409336
190100107 13409336
190094163 13409339
190094164 13409339
190101520 13409341
190101521 13409342
190094167 13409343
190094168 13409343
190101527 13409344
190101528 13409345
190101529 13409348
190091559 13409349
190095588 13409351
190095589 13409352
190099444 13409354
190099445 13409354
190092758 13409356
190092764 13409356
190092978 13409356
190093277 13409356
190098673 13409363
190099447 13409363
190091283 13409369
190091284 13409369
190091291 13409369
190092401 13409369
190092403 13409369
190092405 13409369
190092420 13409369
190092426 13409369
190092538 13409369
190092404 13409372
190091620 13409380
190092068 13409380
190089790 13409383
190089791 13409383
190089793 13409385
190095652 13409387
190100813 13409390
190089795 13409392
190095655 13409393
190095656 13409393
190101370 13409395
190099501 13409397
190099514 13409397
190101373 13409400
190101374 13409401
190101375 13409403
190101376 13409406
190101377 13409407
190101378 13409408
190095721 13409411
190095723 13409411
190099293 13409413
190094081 13409415
190099297 13409418
190094083 13409420
190094084 13409420
190094086 13409421
190094088 13409422
190089923 13409426
190089932 13409426
190092889 13409427
190092891 13409427
190089929 13409428
190089936 13409428
190089939 13409428
190094152 13409431
190094154 13409435
190094156 13409438
190101510 13409440
190101514 13409440
190091548 13409442
190094789 13409444
190094789 189238929
190094791 13409444
190094791 189238929
190094793 13409446
190094798 13409446
190094800 13409446
190094802 13409446
190096734 13409446
190100737 13409449
190100738 13409450
190094795 13409453
190094797 13409457
190092792 13409462
190092969 13409462
190098585 13409462
190099437 13409463
190093436 13409465
190093442 13409465
190095639 13409467
190095640 13409467
190091613 13409470
190092140 13409470
190095642 13409474
190089784 13409476
190095645 13409478
190095647 13409479
190095649 13409479
190095648 13409480
190100808 13409482
190097385 13409486
190097387 13409488
190097389 13409489
190101369 13409490
190096037 13409492
190090500 13409493
190095716 13409494
190094070 13409497
190090503 13409498
190090504 13409498
190094073 13409501
190094074 13409501
190090507 13409502
190090508 13409502
190097458 13409503
190094076 13409504
190101432 13409506
190101433 13409507
190098875 13409509
190101438 13409511
190101439 13409512
190100656 13409513
190097520 13409514
190094141 13409515
190094142 13409515
190097524 13409516
190094145 13409518
190094146 13409518
190097528 13409519
190101501 13409521
190094148 13409522
190101502 13409524
190099989 13409526
190099990 13409526
190101015 13409526
190101016 13409526
190101505 13409529
190101506 13409531
190090236 13409545
190090236 163902131
190090469 13409545
190090469 163902131
190090475 13409545
190090475 163902131
190092841 13409545
190092841 163902131
190092871 13409545
190092871 163902131
190092877 13409545
190092877 163902131
190096540 13409545
190096540 163902131
190098555 13409545
190098555 163902131
190099332 13409545
190099332 163902131
190099390 13409545
190099390 163902131
190099392 13409545
190099392 163902131
190099393 13409545
190099393 163902131
190100722 13409545
190100722 163902131
190101508 13409546
190101509 13409546
190094785 13409547
190095603 13409547
190094787 13409548
190092090 13409549
190092091 13409549
190099421 13409550
190099422 13409550
190092093 13409551
190092095 13409552
190092096 13409552
190099427 13409554
190099428 13409554
190092097 13409555
190092099 13409556
190093435 13409557
190089775 13409559
190089776 13409559
190095636 13409560
190097371 13409562
190097375 13409563
190097377 13409564
190092139 13409565
190096597 13409565
190098794 13409566
190100575 13409567
190093507 13409569
190095707 13409570
190100004 13409571
190100008 13409572
190093280 13409573
190093282 13409574
190094069 13409575
190095611 13409575
190101425 13409576
190101426 13409577
190101427 13409579
190101428 13409580
190094773 13409581
190095487 13409581
190092872 13409583
190093250 13409583
190089051 13409584
190089918 13409585
190097516 13409586
190093410 13409587
190094138 13409587
190099982 13409591
190099984 13409591
190098070 13409595
190098073 13409595
190098076 13409595
190098079 13409595
190099974 13409597
190099977 13409597
190099978 13409597
190099983 13409597
190097290 13409599
190094772 13409600
190099410 13409601
190094778 13409606
190095474 13409606
190097299 13409607
190099415 13409608
190099416 13409608
190092087 13409609
190092089 13409611
190094206 13409612
190100493 13409613
190089761 13409614
190095621 13409615
190100499 13409616
190089765 13409618
190095626 13409619
190097361 13409620
190097363 13409620
190095628 13409621
190092150 13409623
190092154 13409624
190092156 13409625
190101345 13409628
190100562 13409630
190100564 13409632
190090191 13409634
190090196 13409636
190090197 13409638
190099264 13409639
190089839 13409640
190092855 13409642
190096650 13409642
190092222 13409646
190092224 13409646
190093270 13409647
190097439 13409648
190093273 13409650
190093274 13409650
190093278 13409651
190101417 13409653
190092770 13409654
190093279 13409654
190099330 13409655
190097500 13409656
190099334 13409657
190089046 13409659
190094117 13409663
190094119 13409663
190094121 13409663
190094122 13409663
190097504 13409665
190101195 13409669
190101197 13409669
190101492 13409669
190097508 13409670
190101198 13409672
190094760 13409674
190097285 13409675
190099407 13409677
190091294 13409678
190090971 13409680
190100484 13409683
190100485 13409685
190100487 13409686
190095610 13409688
190093418 13409689
190089755 13409690
190089756 13409690
190089757 13409691
190097350 13409694
190089759 13409696
190095619 13409698
190097356 13409699
190101330 13409703
190097359 13409705
190098766 13409710
190098771 13409710
190092146 13409711
190101333 13409712
190101338 13409712
190094686 13409714
190095390 13409714
190092148 13409716
190096000 13409719
190098779 13409721
190097995 13409722
190100556 13409724
190096003 13409726
190090182 13409727
190090184 13409728
190097421 13409730
190097423 13409733
190097425 13409734
190093261 13409737
190101401 13409738
190093264 13409740
190093267 13409742
190093268 13409742
190101407 13409745
190101408 13409745
190101409 13409745
190100626 13409747
190101184 13409749
190093334 13409752
190093335 13409752
190099965 13409753
190099966 13409754
190094752 13409755
190099969 13409757
190091285 13409758
190101258 13409759
190095600 13409760
190095604 13409761
190095606 13409762
190095607 13409763
190095608 13409763
190097344 13409764
190101321 13409765
190101322 13409765
190092135 13409766
190091352 13409767
190101327 13409773
190097984 13409775
190093251 13409778
190093255 13409780
190093256 13409780
190097541 13409783
190094251 13409784
190097199 13409785
190100055 13409788
190100273 13409788
190100520 13409788
190100424 13409789
190100425 13409791
190097526 13409794
190094694 13409813
190094964 13409813
190095372 13409813
190095401 13409813
190095404 13409813
190095408 13409813
190099658 13409816
190100344 13409887
190093452 13409889
190094011 13409889
190094015 13409889
190093449 13409890
190090662 13409892
190101531 13409894
190093495 13409896
190099877 13409897
190099878 13409897
190101612 13409898
190101613 13409898
190101261 13409922
190099935 13409927
190097938 13409930
190091421 13409933
190101423 13409934
190093511 13409935
190093479 13409937
190100338 13409939
190094408 13409950
190098626 13409950
190091366 13409951
190092166 13409951
190091388 13409953
190097634 13409955
190090656 13409956
190099883 13409957
190097641 13409958
190090628 13409960
190101329 13409962
190095719 13409964
190095741 13409964
190099055 13409965
190099041 13409969
190097154 13409971
190088829 13409974
190097296 13409974
190088995 13409976
190097353 13409976
190092402 13409984
190092407 13409984
190092412 13409984
190092437 13409984
190092613 13409984
190092615 13409984
190092617 13409984
190092620 13409984
190096609 13409984
190096633 13409984
190091390 13409990
190091397 13409990
190091410 13409990
190091422 13409990
190091435 13409990
190091446 13409990
190099146 13409990
190091485 13409992
190091505 13409992
190091517 13409992
190091534 13409992
190091564 13409992
190091568 13409992
190091606 13409992
190090744 13409995
190090973 13409995
190091038 13409995
190091077 13409995
190100553 13409996
190101283 13409999
190097530 13410001
190089163 13410016
190097487 13410020
190094476 13410021
190094489 13410021
190095709 13410021
190095710 13410021
190101672 13410023
190094133 13410025
190097512 13410026
190090708 13410029
190101331 13410087
190101332 13410087
190101337 13410087
190101341 13410087
190101342 13410087
190101398 13410087
190101399 13410087
190101400 13410087
190101412 13410087
190101413 13410087
190101414 13410087
190101418 13410087
190101419 13410087
190101420 13410087
190101421 13410087
190101422 13410087
190101429 13410087
190101430 13410087
190101431 13410087
190101434 13410087
190101590 13410087
190101591 13410087
190101619 13410087
190101707 13410087
190101708 13410087
190101336 13410092
190101340 13410092
190101344 13410092
190101346 13410092
190101347 13410092
190101348 13410092
190101349 13410092
190092843 13410099
190092845 13410099
190092848 13410099
190092854 13410099
190092857 13410099
190092961 13410099
190093253 13410099
190093321 13410099
190093322 13410099
190096646 13410099
190096648 13410099
190096652 13410099
190098579 13410099
190100458 13410099
190100947 13410099
190100948 13410099
190092873 13410099
190092873 13410102
190100941 13410099
190100941 13410102
190100942 13410099
190100942 13410102
190099247 13410105
190099248 13410105
190099249 13410108
190099253 13410112
190099254 13410112
190099255 13410113
190099273 13410114
190100041 13410116
190100888 13410117
190101533 13410117
190101172 13410118
190101174 13410120
190090201 13410121
190098111 13410121
190098117 13410122
190090156 13410123
190091329 13410125
190091363 13410125
190091386 13410125
190098006 13410125
190098007 13410125
190098010 13410125
190101634 13410125
190090206 13410131
190090637 13410134
190090950 13410134
190091057 13410134
190098333 13410140
190098333 68082099
190098334 13410142
190100526 13410145
190099881 13410146
190092797 13410149
190093275 13410149
190093541 13410151
190093542 13410151
190094256 13410167
190097235 13410167
190097241 13410167
190097242 13410167
190097260 13410167
190097397 13410167
190097401 13410167
190098476 13410167
190098696 13410167
190099827 13410167
190101109 13410167
190101110 13410167
190100463 13410169
190100465 13410169
190093430 13410173
190093744 13410173
190099495 13410173
190094234 13410175
190094235 13410175
190091644 13410182
190091650 13410182
190091654 13410182
190091657 13410182
190091665 13410182
190098507 13410182
190090216 13410187
190096542 13410187
190091405 13410190
190091529 13410192
190091588 13410192
190091364 13410194
190092171 13410194
190092172 13410194
190091003 13410196
190099702 13410197
190094556 13410201
190094583 13410201
190094624 13410201
190094643 13410201
190094655 13410201
190094711 13410201
190094713 13410201
190094725 13410201
190095378 13410201
190095393 13410201
190095662 13410201
190098714 13410201
190099683 13410201
190099572 13410204
190099573 13410205
190099661 13410206
190093945 13410217
190093947 13410217
190093948 13410217
190093959 13410217
190093961 13410217
190093962 13410217
190093965 13410217
190093966 13410217
190094051 13410217
190098578 13410221
190098683 13410221
190089015 13410236
190089016 13410236
190089018 13410236
190089019 13410236
190089026 13410236
190089028 13410236
190089695 13410236
190089697 13410236
190089699 13410236
190089700 13410236
190089704 13410236
190089706 13410236
190089708 13410236
190089709 13410236
190089714 13410236
190090094 13410236
190096295 13410236
190098191 13410236
190098298 13410236
190098828 13410236
190099652 13410236
190101271 13410236
190101272 13410236
190101301 13410236
190101302 13410236
190093178 13410253
190093991 13410253
190093993 13410253
190093997 13410253
190093998 13410253
190093999 13410253
190094002 13410253
190094004 13410253
190094008 13410253
190094010 13410253
190094013 13410253
190094014 13410253
190094021 13410253
190094023 13410253
190094024 13410253
190096680 13410253
190097698 13410253
190097739 13410253
190098617 13410253
190098676 13410253
190098677 13410253
190098682 13410253
190100150 13410253
190100151 13410253
190100705 13410253
190089432 13410257
190089433 13410257
190089721 13410257
190094016 13410260
190101620 13410260
190101623 13410260
190088998 13410262
190089001 13410262
190089002 13410262
190092573 13410266
190092586 13410266
190092588 13410266
190092590 13410266
190092592 13410266
190092594 13410266
190092598 13410266
190092703 13410266
190098536 13410266
190093950 13410272
190093952 13410272
190093954 13410272
190093956 13410272
190093957 13410272
190093968 13410272
190093970 13410272
190093972 13410272
190093973 13410272
190094049 13410272
190094283 13410272
190096696 13410272
190093925 13410285
190093926 13410285
190093928 13410285
190093932 13410285
190093934 13410285
190093936 13410285
190093943 13410285
190094398 13410285
190095533 13410285
190095543 13410285
190095545 13410285
190095547 13410285
190095549 13410285
190095550 13410285
190095615 13410285
190096748 13410285
190097946 13410285
190099274 13410285
190099275 13410285
190099985 13410285
190099986 13410285
190100645 13410285
190100669 13410285
190101704 13410285
190101705 13410285
190101273 13410288
190101274 13410288
190091738 13410291
190088773 13410312
190088938 13410312
190089052 13410312
190095958 13410312
190095973 13410312
190095986 13410312
190098155 13410312
190098775 13410312
190099529 13410312
190100393 13410312
190100547 13410312
190094480 13410317
190097992 13410319
190097287 13410321
190091520 13410326
190092197 13410326
190093493 13410330
190101159 13410333
190101160 13410333
190093233 13410342
190099570 13410344
190101442 13410346
190091708 13410350
190089172 13410356
190089238 13410356
190100555 13410356
190091402 13410360
190091402 51372007
190092053 13410360
190092053 51372007
190100609 13410360
190100609 51372007
190093231 13410364
190090730 13410372
190090919 13410372
190100819 13410374
190100287 13410380
190101648 13410380
190099794 13410385
190099795 13410385
190089095 13410388
190092861 13410394
190091403 13410396
190091406 13410396
190097236 13410398
190091333 13410400
190099537 13410401
190097636 13410402
190093502 13410405
190099214 13410405
190100806 13410405
190097915 13410411
190099638 13410414
190099639 13410414
190090739 13410417
190100884 13410424
190091671 13410428
190091442 13410432
190091456 13410432
190091471 13410432
190097332 13410436
190098990 13410436
190098995 13410436
190097179 13410439
190090634 13410443
190100417 13410443
190091418 13410452
190091418 51372008
190091418 51372013
190091612 13410452
190091612 51372008
190091612 51372013
190092028 13410452
190092028 51372008
190092028 51372013
190092119 13410452
190092119 51372008
190092119 51372013
190097183 13410452
190097183 51372008
190097183 51372013
190097218 13410452
190097218 51372008
190097218 51372013
190098515 13410452
190098515 51372008
190098515 51372013
190099217 13410455
190088690 13410456
190094817 13410476
190095158 13410476
190095593 13410476
190095595 13410476
190095787 13410476
190092867 13410481
190099893 13410481
190099902 13410481
190099905 13410481
190099908 13410481
190099909 13410481
190099257 13410483
190091290 13410487
190098014 13410490
190091372 13410493
190091336 13410494
190099772 13410495
190099778 13410495
190090195 13410498
190090381 13410498
190100823 13410501
190092474 13410522
190092483 13410522
190092673 13410522
190100632 13410522
190092057 13410532
190092108 13410532
190092112 13410532
190101251 13410532
190101252 13410532
190101135 13410543
190101136 13410543
190101624 13410546
190101625 13410546
190101649 13410548
190100469 13410552
190091368 13410555
190099281 13410561
190093441 13410564
190099559 13410566
190089832 13410567
190089750 13410571
190089751 13410571
190091781 13410577
190091990 13410577
190094231 13410579
190094233 13410579
190093545 13410587
190093498 13410592
190093504 13410595
190094187 13410595
190097365 13410600
190100515 13410600
190097347 13410606
190091360 13410609
190092252 13410609
190101647 13410612
190100394 13410638
190091114 13410644
190091060 13410647
190091061 13410647
190101534 13410647
190094755 13410651
190094770 13410651
190095137 13410651
190096750 13410651
190099723 13410651
190099724 13410651
190099726 13410651
190099727 13410651
190101083 13410651
190101084 13410651
190093446 13410652
190093742 13410652
190097716 13410652
190098685 13410652
190100466 13410652
190099433 13410654
190099435 13410654
190099436 13410654
190099805 13410655
190094181 13410657
190101732 13410657
190100842 13410658
190088560 13410660
190092024 13410664
190092045 13410666
190097983 13410666
190097990 13410666
190097991 13410666
190099215 13410668
190099218 13410670
190101677 13410675
190091445 13410677
190100650 13410682
190099190 13410684
190099522 13410684
190097333 13410686
190091447 13410688
190100608 13410688
190091448 13410690
190101679 13410693
190091441 13410694
190091443 13410694
190091449 13410694
190091396 13410697
190091892 13410697
190092014 13410697
190097188 13410697
190097618 13410697
190097619 13410697
190097621 13410697
190097623 13410697
190097625 13410697
190097631 13410697
190097961 13410697
190099150 13410697
190099151 13410697
190099547 13410697
190099548 13410697
190099551 13410697
190100613 13410697
190101193 13410697
190101194 13410697
190101199 13410697
190101200 13410697
190091339 13410699
190094721 13410706
190094722 13410706
190096942 13410706
190098033 13410706
190099720 13410706
190100770 13410706
190101093 13410706
190101095 13410706
190101096 13410706
190098624 13410711
190093407 13410714
190098700 13410714
190098629 13410717
190095853 13410719
190091056 13410722
190091389 13410723
190097640 13410727
190097801 13410729
190098165 13410729
190099163 13410733
190095184 13410737
190098498 13410740
190094459 13410749
190094544 13410749
190094564 13410749
190095010 13410749
190095295 13410749
190095714 13410749
190097272 13410749
190097428 13410749
190097432 13410749
190091331 13410753
190091350 13410756
190091432 13410757
190091434 13410757
190101440 13410759
190093523 13410761
190093529 13410761
190093536 13410761
190097555 13410763
190091572 13410766
190091591 13410766
190096057 13410771
190100339 13410771
190100340 13410771
190093587 13410774
190094535 13410776
190095197 13410776
190094508 13410780
190094510 13410780
190094514 13410783
190094515 13410785
190092130 13410788
190092133 13410788
190101223 13410788
190101224 13410788
190101675 13410791
190091508 13410796
190092247 13410796
190100741 13410801
190097489 13410807
190101546 13410812
190101547 13410812
190101276 13410813
190089161 13410865
190089165 13410865
190089174 13410865
190089267 13410865
190089268 13410865
190089270 13410865
190089271 13410865
190100335 13410872
190091614 13410877
190091617 13410877
190098849 13410877
190099781 13410877
190099716 13410881
190099900 13410883
190092864 13410885
190090958 13410887
190092491 13410892
190091412 13410893
190094512 13410895
190099619 13410897
190090714 13410900
190089130 13410917
190089911 13410917
190089941 13410917
190089948 13410917
190090072 13410917
190098005 13410920
190098008 13410920
190100534 13410920
190099898 13410923
190099899 13410923
190097534 13410927
190100050 13410930
190098463 13410937
190090641 13410939
190101669 13410940
190093460 13410941
190094300 13410941
190098679 13410941
190098891 13410941
190099261 13410942
190095843 13410943
190095845 13410943
190095882 13410943
190098531 13410943
190090720 13410945
190091078 13410947
190100415 13410947
190099670 13410952
190099668 13410956
190099669 13410956
190095263 13410972
190095266 13410972
190095667 13410972
190100072 13410972
190100073 13410972
190100301 13410972
190100302 13410972
190094758 13410979
190095094 13410979
190099622 13410979
190095096 13410985
190099621 13410985
190091877 13410987
190099664 13410988
190100475 13410992
190091736 13410994
190099225 13410997
190100857 13410999
190091318 13411003
190091319 13411003
190101231 13411006
190095860 13411007
190095914 13411007
190094507 13411008
190100075 13411008
190100079 13411008
190097434 13411009
190097436 13411009
190097437 13411009
190092240 13411016
190100221 13411016
190092102 13411017
190092256 13411017
190100391 13411018
190089343 13411019
190089344 13411019
190099756 13411019
190100698 13411019
190099698 13411020
190089104 13411021
190099630 13411021
190099633 13411021
190099636 13411021
190099640 13411021
190099641 13411021
190092794 13411022
190092800 13411022
190092802 13411022
190093287 13411022
190093288 13411022
190097225 13411022
190097639 13411022
190100147 13411022
190100785 13411022
190100474 13411024
190092049 13411025
190100845 13411026
190101435 13411026
190090657 13411027
190090658 13411027
190090661 13411027
190089482 13411029
190089582 13411029
190089591 13411029
190089703 13411029
190099745 13411029
190101265 13411029
190101266 13411029
190094532 13411033
190099270 13411038
190091576 13411042
190091580 13411042
190091582 13411042
190091586 13411042
190093055 13411045
190100460 13411045
190092984 13411047
190093135 13411047
190091528 13411051
190098876 13411053
190097433 13411054
190099258 13411054
190094227 13411058
190093532 13411060
190091637 13411064
190091643 13411064
190092203 13411064
190092205 13411064
190101179 13411064
190101181 13411064
190101182 13411064
190091638 13411069
190092136 13411069
190092480 13411071
190092520 13411071
190094483 13411073
190099994 13411074
190093510 13411077
190101539 13411078
190098661 13411080
190091321 13411081
190091323 13411081
190092220 13411083
190093567 13411088
190094041 13411088
190094390 13411088
190098630 13411088
190091558 13411090
190091598 13411090
190099221 13411091
190099648 13411092
190098015 13411093
190097107 13411095
190099521 13411096
190101203 13411099
190101204 13411099
190099722 13411102
190093586 13411104
190094262 13411107
190094263 13411107
190092059 13411110
190094542 13411116
190094593 13411116
190096744 13411116
190099302 13411118
190099307 13411121
190092248 13411124
190101608 13411126
190091488 13411130
190091494 13411130
190091496 13411130
190097484 13411133
190093470 13411135
190095919 13411137
190095992 13411137
190097974 13411138
190099137 13411138
190101241 13411138
190101242 13411138
190095668 13411144
190090731 13411145
190090878 13411145
190090963 13411145
190100510 13411146
190090798 13411149
190099747 13411150
190091086 13411154
190091099 13411154
190099841 13411156
190101673 13411159
190091759 13411162
190092188 13411166
190091574 13411167
190093552 13411181
190093290 13411186
190097244 13411186
190097756 13411186
190100139 13411192
190100140 13411192
190099696 13411194
190101153 13411194
190101154 13411194
190101155 13411194
190101156 13411194
190101470 13411197
190091462 13411202
190091464 13411202
190091466 13411202
190091467 13411202
190091468 13411202
190097288 13411210
190099807 13411210
190100953 13411211
190099746 13411213
190090665 13411215
190089359 13411218
190089696 13411218
190089783 13411221
190098271 13411221
190091569 13411223
190091570 13411223
190091565 13411228
190101175 13411234
190101177 13411234
190101178 13411234
190101682 13411238
190101683 13411245
190101484 13411247
190101489 13411248
190093530 13411250
190100204 13411251
190098734 13411254
190095700 13411255
190091988 13411262
190090668 13411264
190097978 13411266
190100870 13411267
190091706 13411268
190099534 13411271
190100528 13411273
190100955 13411275
190092228 13411277
190095749 13411279
190094151 13411281
190099945 13411282
190099948 13411282
190099951 13411282
190099952 13411282
190101053 13411282
190101054 13411282
190098471 13411283
190097294 13411285
190099999 13411286
190097713 13411287
190097714 13411287
190091542 13411288
190091583 13411288
190088789 13411289
190091519 13411290
190091573 13411290
190092212 13411290
190096587 13411290
190093682 13411291
190093415 13411292
190099684 13411293
190099957 13411294
190099958 13411294
190101406 13411295
190093438 13411297
190094225 13411300
190094226 13411300
190095062 13411303
190095484 13411303
190095644 13411303
190091315 13411306
190092255 13411306
190089370 13411307
190091516 13411309
190092213 13411311
190092214 13411311
190096055 13411313
190096109 13411313
190090725 13411317
190096700 13411322
190095213 13411328
190095737 13411328
190100740 13411329
190099016 13411331
190091621 13411333
190100219 13411335
190091740 13411337
190092778 13411366
190093437 13411366
190093653 13411366
190093654 13411366
190094020 13411366
190099282 13411366
190099283 13411366
190099512 13411366
190099513 13411366
190099518 13411366
190099519 13411366
190100100 13411366
190100105 13411366
190100106 13411366
190100108 13411366
190100109 13411366
190100171 13411366
190100191 13411366
190100192 13411366
190100473 13411366
190099406 13411378
190090237 13411386
190101165 13411386
190101166 13411386
190099015 13411391
190094812 13411394
190095156 13411394
190095599 13411394
190094813 13411401
190095516 13411401
190094808 13411404
190094814 13411404
190095514 13411404
190094796 13411408
190094807 13411408
190095504 13411408
190095507 13411408
190095605 13411408
190094248 13411411
190094249 13411411
190101472 13411414
190091326 13411420
190091330 13411420
190091332 13411420
190091334 13411420
190091335 13411420
190091338 13411420
190091342 13411420
190092219 13411420
190100814 13411420
190100815 13411420
190099642 13411424
190092211 13411426
190091500 13411428
190091504 13411428
190091506 13411428
190092126 13411428
190091503 13411430
190100074 13411431
190099159 13411432
190099160 13411432
190091656 13411435
190097481 13411438
190099954 13411440
190093605 13411444
190100036 13411446
190093490 13411449
190101592 13411450
190091288 13411457
190091344 13411457
190091916 13411457
190091289 13411458
190090651 13411461
190090654 13411461
190099813 13411461
190089156 13411486
190089339 13411486
190089573 13411486
190099993 13411488
190097457 13411490
190093457 13411493
190093429 13411495
190093443 13411495
190093448 13411495
190093632 13411497
190100470 13411497
190099329 13411500
190101663 13411503
190091328 13411506
190097427 13411508
190094217 13411513
190099284 13411517
190101654 13411521
190091691 13411525
190091481 13411532
190091484 13411532
190091491 13411532
190091497 13411532
190092125 13411532
190098846 13411536
190089347 13411540
190101678 13411546
190091425 13411548
190091437 13411548
190091439 13411548
190090676 13411551
190090684 13411551
190100324 13411558
190100325 13411558
190090691 13411595
190090696 13411595
190090697 13411595
190090721 13411595
190090754 13411595
190091044 13411595
190091046 13411595
190091268 13411595
190092145 13411595
190092147 13411595
190098398 13411595
190099220 13411595
190101594 13411599
190092760 13411644
190093186 13411644
190101171 13411644
190093636 13411669
190093651 13411669
190093862 13411669
190093871 13411669
190094280 13411669
190096052 13411669
190096056 13411669
190096111 13411669
190096158 13411669
190098632 13411669
190099997 13411669
190090213 13411688
190090213 163902114
190099469 13411688
190099469 163902114
190099470 13411688
190099470 163902114
190100714 13411688
190100714 163902114
190100303 13411692
190094435 13411695
190095178 13411695
190097232 13411698
190099234 13411699
190094462 13411703
190094888 13411703
190094443 13411715
190097256 13411715
190097597 13411715
190098745 13411715
190098473 13411720
190091692 13411725
190091704 13411725
190100059 13411725
190097488 13411776
190097490 13411776
190097552 13411776
190097556 13411776
190097560 13411776
190097590 13411776
190099244 13411776
190099250 13411776
190099602 13411776
190099609 13411776
190099614 13411776
190100647 13411776
190093763 13411810
190101372 13411811
190090677 13411816
190094657 13411842
190094738 13411842
190095104 13411842
190099659 13411842
190099660 13411842
190099662 13411842
190099680 13411842
190100295 13411842
190100296 13411842
190100304 13411842
190100305 13411842
190100310 13411842
190100311 13411842
190100498 13411842
190100327 13411843
190100328 13411843
190099027 13411846
190101522 13411846
190101644 13411846
190093286 13411848
190094218 13411850
190094232 13411850
190094214 13411853
190094215 13411853
190100809 13411853
190096143 13411854
190092465 13411855
190096629 13411855
190092463 13411857
190091373 13411862
190091373 51372010
190091387 13411862
190091387 51372010
190091394 13411862
190091394 51372010
190091408 13411862
190091408 51372010
190091429 13411862
190091429 51372010
190091480 13411862
190091480 51372010
190091515 13411862
190091515 51372010
190091531 13411862
190091531 51372010
190091550 13411862
190091550 51372010
190091567 13411862
190091567 51372010
190097182 13411862
190097182 51372010
190097342 13411862
190097342 51372010
190097345 13411862
190097345 51372010
190100220 13411862
190100220 51372010
190101524 13411862
190101524 51372010
190101525 13411862
190101525 51372010
190099964 13411864
190099324 13411867
190099267 13411869
190097553 13411871
190099797 13411872
190099798 13411872
190096593 13411873
190101221 13411873
190101222 13411873
190094470 13411874
190091327 13411875
190090176 13411878
190090176 163902079
190099553 13411878
190099553 163902079
190099554 13411878
190099554 163902079
190100396 13411878
190100396 163902079
190099891 13411879
190099892 13411879
190091533 13411881
190091538 13411881
190091541 13411881
190091543 13411881
190092159 13411881
190092160 13411881
190099839 13411883
190099840 13411883
190098114 13411885
190091960 13411888
190097542 13411888
190097545 13411888
190099701 13411888
190100796 13411888
190100797 13411888
190101141 13411888
190101143 13411888
190101145 13411888
190101147 13411888
190101149 13411888
190101150 13411888
190099152 13411890
190099153 13411892
190099290 13411894
190100033 13411896
190094474 13411898
190100742 13411898
190094475 13411906
190099799 13411909
190092131 13411910
190092132 13411910
190100743 13411913
190089336 13411915
190099131 13411919
190099132 13411919
190101239 13411919
190101240 13411919
190098547 13411925
190094207 13411937
190091701 13411939
190092142 13411939
190090704 13411942
190101532 13411944
190090534 13411954
190090536 13411954
190090538 13411954
190090542 13411954
190090544 13411954
190090546 13411954
190090548 13411954
190090550 13411954
190090552 13411954
190090554 13411954
190090555 13411954
190091081 13411954
190091083 13411954
190091085 13411954
190091087 13411954
190091090 13411954
190096849 13411954
190098385 13411954
190098444 13411954
190090511 13411961
190090513 13411961
190090515 13411961
190090518 13411961
190090520 13411961
190090522 13411961
190090524 13411961
190090528 13411961
190090530 13411961
190090531 13411961
190090558 13411961
190090560 13411961
190090562 13411961
190090564 13411961
190090565 13411961
190091092 13411961
190091094 13411961
190091097 13411961
190091098 13411961
190091100 13411961
190091103 13411961
190096847 13411961
190098375 13411961
190098384 13411961
190098443 13411961
190089242 13411970
190089454 13411970
190089564 13411970
190089805 13411970
190101211 13411976
190101212 13411976
190101495 13411978
190091073 13411981
190095706 13411983
190093459 13411998
190093471 13411998
190099295 13411998
190099296 13411998
190101411 13412001
190101667 13412001
190097326 13412006
190097328 13412006
190100776 13412006
190098029 13412007
190093444 13412008
190099442 13412010
190099443 13412010
190091726 13412012
190092455 13412016
190090680 13412018
190091111 13412018
190091626 13412021
190091630 13412021
190091689 13412021
190100625 13412021
190091761 13412024
190097208 13412024
190091967 13412034
190091995 13412034
190092373 13412034
190092378 13412034
190100596 13412034
190100275 13412039
190101424 13412041
190090700 13412043
190097977 13412047
190092026 13412051
190094780 13412056
190095495 13412056
190096752 13412056
190101343 13412056
190091780 13412060
190091786 13412060
190091789 13412060
190091792 13412060
190091797 13412060
190100631 13412060
190091673 13412067
190091673 164519418
190091676 13412067
190091676 164519418
190091686 13412067
190091686 164519418
190091711 13412067
190091711 164519418
190091714 13412067
190091714 164519418
190091719 13412067
190091719 164519418
190091737 13412067
190091737 164519418
190097014 13412067
190097014 164519418
190097016 13412067
190097016 164519418
190101189 13412067
190101189 164519418
190101190 13412067
190101190 164519418
190091693 13412085
190097189 13412085
190100228 13412085
190100269 13412085
190100504 13412085
190100624 13412085
190100236 13412086
190100780 13412094
190091322 13412099
190092253 13412099
190092254 13412099
190091058 13412104
190091030 13412120
190090686 13412134
190090692 13412134
190090701 13412134
190091063 13412134
190098419 13412134
190099667 13412137
190092661 13412150
190100038 13412152
190099750 13412155
190089745 13412158
190089747 13412161
190094618 13412165
190095300 13412165
190092134 13412168
190097037 13412168
190091325 13412169
190092195 13412171
190101545 13412175
190101604 13412175
190093450 13412178
190093740 13412178
190088641 13412181
190088641 56630281
190088643 13412181
190088643 56630281
190088650 13412181
190088650 56630281
190088651 13412181
190088651 56630281
190097104 13412181
190097104 56630281
190097839 13412181
190097839 56630281
190097841 13412181
190097841 56630281
190097914 13412181
190097914 56630281
190097919 13412181
190097919 56630281
190100543 13412181
190100543 56630281
190099060 13412188
190099061 13412188
190089435 13412203
190089606 13412203
190089645 13412203
190098942 13412203
190098943 13412203
190098948 13412203
190099748 13412203
190099749 13412203
190089674 13412211
190089744 13412211
190089746 13412211
190097143 13412211
190098121 13412216
190091430 13412220
190093406 13412222
190094137 13412222
190096140 13412235
190098642 13412235
190091316 13412239
190091317 13412239
190091320 13412239
190091919 13412239
190100725 13412241
190091024 13412242
190092804 13412243
190092806 13412243
190092812 13412243
190092828 13412243
190092836 13412243
190092859 13412243
190092986 13412243
190092991 13412243
190093111 13412243
190100521 13412244
190089472 13412247
190089475 13412247
190089477 13412247
190089090 13412251
190089327 13412251
190097124 13412251
190097131 13412251
190090205 13412271
190090212 13412271
190090521 13412271
190090541 13412271
190090617 13412271
190090619 13412271
190090630 13412271
190090633 13412271
190090646 13412271
190090666 13412271
190090675 13412271
190090948 13412271
190096825 13412271
190097869 13412271
190097920 13412271
190098426 13412271
190098433 13412271
190100568 13412271
190100572 13412271
190100715 13412271
190092780 13412272
190092852 13412272
190089531 13412286
190089735 13412286
190098267 13412292
190100285 13412295
190091380 13412296
190092249 13412296
190091486 13412298
190091022 13412302
190095351 13412305
190099710 13412305
190094460 13412320
190094465 13412320
190094468 13412320
190094479 13412320
190094482 13412320
190094504 13412320
190095193 13412320
190095705 13412320
190096732 13412320
190097259 13412320
190097440 13412320
190101151 13412320
190101152 13412320
190094580 13412345
190094580 164519868
190094590 13412345
190094590 164519868
190094621 13412345
190094621 164519868
190094685 13412345
190094685 164519868
190095241 13412345
190095241 164519868
190095387 13412345
190095387 164519868
190095420 13412345
190095420 164519868
190095423 13412345
190095423 164519868
190095459 13412345
190095459 164519868
190096742 13412345
190096742 164519868
190098042 13412345
190098042 164519868
190098043 13412345
190098043 164519868
190098051 13412345
190098051 164519868
190098052 13412345
190098052 164519868
190100536 13412345
190100536 164519868
190101123 13412345
190101123 164519868
190101124 13412345
190101124 164519868
190101334 13412345
190101334 164519868
190099709 13412348
190090682 13412349
190099816 13412349
190090363 13412361
190098116 13412361
190096871 13412363
190091349 13412365
190091354 13412368
190091354 51372012
190091367 13412368
190091367 51372012
190091381 13412368
190091381 51372012
190091404 13412368
190091404 51372012
190092047 13412368
190092047 51372012
190097988 13412368
190097988 51372012
190097989 13412368
190097989 51372012
190093519 13412369
190093528 13412369
190092448 13412375
190097224 13412377
190101500 13412377
190099001 13412382
190099002 13412382
190101618 13412383
190098492 13412385
190089810 13412386
190089811 13412386
190094201 13412388
190094203 13412388
190094205 13412388
190095666 13412389
190091712 13412390
190098493 13412390
190099157 13412390
190097349 13412392
190097806 13412393
190099291 13412394
190101662 13412397
190100385 13412399
190099256 13412403
190095643 13412405
190093456 13412408
190094228 13412408
190100739 13412410
190091725 13412411
190099681 13412413
190099875 13412414
190099876 13412414
190101607 13412416
190098026 13412420
190100879 13412424
190100386 13412428
190090644 13412431
190090650 13412431
190094150 13412437
190097543 13412440
190097544 13412440
190093276 13412444
190089405 13412445
190089625 13412445
190101267 13412445
190100189 13412448
190101268 13412457
190097399 13412464
190097400 13412464
190101512 13412468
190101513 13412470
190090632 13412473
190089354 13412479
190095173 13412486
190095702 13412486
190101670 13412491
190100860 13412498
190091942 13412508
190091955 13412508
190101674 13412513
190091659 13412515
190091702 13412515
190091713 13412515
190091717 13412515
190091720 13412515
190090751 13412522
190090757 13412522
190090758 13412522
190090882 13412522
190098622 13412522
190094453 13412524
190091652 13412526
190091684 13412526
190092143 13412526
190100397 13412530
190092230 13412535
190092231 13412535
190098907 13412535
190098910 13412535
190098911 13412536
190093491 13412575
190093769 13412575
190093772 13412575
190094712 13412575
190100665 13412575
190091628 13412576
190090624 13412577
190098742 13412579
190094424 13412581
190100895 13412584
190100639 13412585
190099896 13412587
190099897 13412587
190094238 13412590
190094239 13412590
190099962 13412590
190100840 13412590
190100868 13412596
190092888 13412600
190093214 13412600
190091453 13412606
190091459 13412606
190091461 13412606
190091472 13412606
190091473 13412606
190091476 13412606
190091478 13412606
190091483 13412606
190091490 13412606
190096252 13412606
190096581 13412606
190100754 13412606
190100757 13412606
190099960 13412608
190099331 13412609
190089158 13412619
190098738 13412622
190090670 13412623
190100294 13412624
190089338 13412663
190089348 13412663
190089350 13412663
190089352 13412663
190089357 13412663
190089364 13412663
190099754 13412663
190100699 13412663
190088990 13412670
190101289 13412670
190101290 13412670
190101943 13412673
190097135 13412674
190100034 13412676
190100035 13412676
190101537 13412677
190100908 13412683
190091697 13412685
190090740 13412689
190098402 13412689
190097105 13412691
190093565 13412693
190093566 13412693
190101069 13412693
190101070 13412693
190101073 13412695
190101074 13412695
190100882 13412697
190089332 13412702
190091688 13412704
190092599 13412707
190092600 13412707
190100873 13412719
190094247 13412762
190096059 13412762
190096145 13412762
190096164 13412762
190099323 13412762
190100342 13412762
190100343 13412762
190091705 13412769
190098136 13412772
190100018 13412774
190100336 13412774
190101665 13412774
190090652 13412780
190090664 13412780
190090678 13412780
190089621 13412788
190089634 13412788
190089656 13412788
190100558 13412788
190092631 13412793
190100877 13412793
190101499 13412793
190100551 13412796
190097537 13412798
190100060 13412799
190099053 13412803
190099054 13412803
190090653 13412804
190090952 13412804
190090669 13412805
190098906 13412807
190101244 13412807
190093453 13412811
190093738 13412811
190100012 13412811
190100476 13412811
190101107 13412811
190101108 13412811
190091751 13412814
190100655 13412816
190093647 13412818
190095597 13412818
190101642 13412822
190099317 13412824
190100896 13412825
190097169 13412881
190098423 13412881
190100416 13412881
190088828 13412884
190088830 13412884
190088994 13412884
190089331 13412884
190089481 13412884
190090649 13412896
190090659 13412896
190090671 13412896
190090683 13412896
190100963 13412901
190100964 13412901
190094451 13412906
190096738 13412906
190091747 13412912
190091753 13412912
190091758 13412912
190091762 13412912
190091766 13412912
190092184 13412912
190091800 13412913
190101456 13412914
190101457 13412914
190101463 13412919
190091682 13412921
190088953 13412923
190098199 13412923
190099643 13412923
190099644 13412923
190089102 13412924
190100906 13412925
190101570 13412925
190099740 13412926
190099741 13412926
190099545 13412928
190099546 13412928
190101680 13412929
190091452 13412931
190091455 13412931
190091465 13412931
190091931 13412934
190090712 13412935
190098272 13412936
190098273 13412936
190091953 13412941
190091495 13412946
190091495 51372011
190092043 13412946
190092043 51372011
190092163 13412946
190092163 51372011
190094748 13412949
190094757 13412949
190095131 13412949
190100321 13412949
190100490 13412949
190100497 13412949
190101087 13412949
190101088 13412949
190095035 13412952
190100322 13412952
190100910 13412954
190098023 13412955
190088772 13412993
190095965 13412993
190096772 13412993
190098157 13412993
190092128 13412994
190092129 13412994
190094219 13412997
190094220 13412997
190094222 13412997
190094253 13413001
190093505 13413004
190101476 13413006
190097546 13413012
190097547 13413012
190093492 13413015
190093496 13413015
190093506 13413015
190093513 13413015
190093524 13413015
190089440 13413029
190099744 13413029
190099728 13413030
190091267 13413038
190091271 13413038
190091274 13413038
190091276 13413038
190091278 13413038
190091280 13413038
190091281 13413038
190098803 13413038
190101255 13413038
190101256 13413038
190101643 13413038
190092121 13413040
190092123 13413040
190092124 13413040
190101303 13413071
190101304 13413076
190100516 13413077
190101444 13413080
190101445 13413080
190101593 13413080
190101606 13413080
190098472 13413082
190099278 13413084
190101453 13413089
190091651 13413091
190091666 13413091
190099887 13413110
190092860 13413112
190093164 13413112
190100993 13413112
190100994 13413112
190089423 13413121
190089426 13413121
190089926 13413121
190089930 13413121
190089937 13413121
190096503 13413121
190096518 13413121
190091921 13413126
190091921 51372006
190092055 13413126
190092055 51372006
190097314 13413126
190097314 51372006
190097318 13413126
190097318 51372006
190099140 13413126
190099140 51372006
190097310 13413127
190094572 13413129
190097262 13413129
190094252 13413132
190091444 13413134
190091444 51372009
190092039 13413134
190092039 51372009
190099065 13413135
190092193 13413136
190101609 13413140
190099882 13413142
190097644 13413144
190094458 13413155
190101207 13413159
190101209 13413159
190101210 13413159
190092874 13413163
190093320 13413163
190092892 13413184
190092892 163902101
190092909 13413184
190092909 163902101
190092912 13413184
190092912 163902101
190092915 13413184
190092915 163902101
190093156 13413184
190093156 163902101
190093241 13413184
190093241 163902101
190093243 13413184
190093243 163902101
190093245 13413184
190093245 163902101
190093248 13413184
190093248 163902101
190096045 13413184
190096045 163902101
190096658 13413184
190096658 163902101
190096668 13413184
190096668 163902101
190098563 13413184
190098563 163902101
190100939 13413184
190100939 163902101
190100940 13413184
190100940 163902101
190100949 13413190
190100949 163902127
190100950 13413190
190100950 163902127
190092217 13413193
190092477 13413209
190099232 13413209
190100491 13413209
190092461 13413211
190092607 13413211
190092608 13413211
190097335 13413214
190097336 13413214
190100329 13413216
190093547 13413219
190093809 13413219
190100807 13413219
190094007 13413229
190093579 13413240
190094063 13413240
190101001 13413240
190101002 13413240
190090663 13413245
190090954 13413245
190093655 13413250
190094130 13413250
190094131 13413250
190094198 13413250
190094204 13413251
190091609 13413254
190092061 13413254
190099286 13413259
190094101 13413263
190089373 13413265
190091532 13413267
190091535 13413267
190091539 13413267
190091545 13413267
190098542 13413269
190099930 13413271
190097985 13413284
190101237 13413284
190101238 13413284
190092074 13413286
190091498 13413288
190091546 13413288
190091562 13413288
190096141 13413289
190089329 13413292
190101655 13413297
190092340 13413300
190099122 13413300
190099123 13413300
190089362 13413304
190089375 13413304
190091551 13413305
190091552 13413307
190091555 13413307
190091557 13413307
190091561 13413307
190094746 13413309
190095620 13413309
190099063 13413311
190093512 13413316
190094255 13413316
190093646 13413326
190096149 13413326
190090679 13413330
190091004 13413330
190093774 13413354
190093778 13413354
190093843 13413354
190094157 13413354
190094709 13413354
190095411 13413354
190098027 13413354
190098028 13413354
190099822 13413354
190099836 13413354
190099837 13413354
190099848 13413354
190099849 13413354
190099857 13413354
190099858 13413354
190100069 13413354
190100070 13413354
190090689 13413356
190090956 13413356
190090693 13413358
190090699 13413358
190091072 13413358
190091662 13413362
190101185 13413365
190101186 13413365
190091307 13413368
190091308 13413368
190090681 13413372
190090690 13413372
190091121 13413375
