165237556 17803753
165237556 17925091
165238000 17806498
165238000 17928766
165238228 17808157
165238228 17928983
165238240 17808157
165238240 17928983
165237997 17808321
165237997 17928334
165237999 17808321
165237999 17928334
165238124 17808321
165238124 17928334
165238126 17808321
165238126 17928334
165238159 17808321
165238159 17928334
165238179 17808321
165238179 17928334
165238181 17808321
165238181 17928334
165247829 17808321
165247829 17928334
165250450 17808321
165250450 17928334
165250451 17808321
165250451 17928334
165238329 17811037
165238329 17928736
165251617 17811037
165251617 17928736
165251618 17811037
165251618 17928736
165237945 17812373
165237945 17929363
165237947 17812373
165237947 17929363
165237951 17812373
165237951 17929363
165237954 17812373
165237954 17929363
165237955 17812373
165237955 17929363
165251621 17812373
165251621 17929363
165251622 17812373
165251622 17929363
165237250 17813450
165237252 17813450
165237252 17929340
165237253 17813450
165237253 17929340
165237254 17813450
165237254 17929340
165237263 17813450
165237263 17929340
165237272 17813450
165237272 17929340
165237274 17813450
165237274 17929340
165237278 17813450
165237278 17929340
165237287 17813450
165237287 17929340
165237650 17813944
165237863 17813944
165251619 17813944
165251620 17813944
165252513 17813944
165252511 17813949
165252511 17929250
165252512 17813949
165252512 17929250
165238002 17928766
165238003 17928766
165238004 17928766
165238006 17928766
165238180 17928766
165247825 17928766
165238218 17928983
165238239 17928983
165240517 146315576
165240517 17926409
165243106 146315576
165243106 17926409
165243110 146315576
165243110 17926409
165243114 146315576
165243114 17926409
165243115 146315576
165243115 17926409
165243483 146315576
165243483 17926409
165241112 165202089
165241112 17929396
165241460 165202089
165241460 17929396
165249005 165202089
165249005 17929396
165249051 165202089
165249051 17929396
165251194 165202089
165251194 17929396
165251210 165202089
165251210 17929396
165251213 165202089
165251213 17929396
165252210 165202089
165252210 17929396
165240675 165202091
165240675 17929389
165240746 165202091
165240746 17929389
165240789 165202091
165240789 17929389
165240791 165202091
165240791 17929389
165241008 165202091
165241008 17929389
165241114 165202091
165241114 17929389
165241184 165202091
165241184 17929389
165241231 165202091
165241231 17929389
165248437 165202091
165248437 17929389
165250133 165202091
165250133 17929389
165250428 165202091
165250428 17929389
165250429 165202091
165250429 17929389
165250432 165202091
165250432 17929389
165251651 165202091
165251651 17929389
165251652 165202091
165251652 17929389
165251655 165202091
165251655 17929389
165251766 165202091
165251766 17929389
165251767 165202091
165251767 17929389
165251774 165202091
165251774 17929389
165251780 165202091
165251780 17929389
165251789 165202091
165251789 17929389
165251792 165202091
165251792 17929389
165251794 165202091
165251794 17929389
165251795 165202091
165251795 17929389
165252195 165202091
165252195 17929389
165241428 165202093
165241428 17929392
165241430 165202093
165241430 17929392
165241432 165202093
165241432 17929392
165241436 165202093
165241436 17929392
165248333 165202093
165248333 17929392
165248334 165202093
165248334 17929392
165250264 165202093
165250264 17929392
165250265 165202093
165250265 17929392
165250267 165202093
165250267 17929392
165250268 165202093
165250268 17929392
165250271 165202093
165250271 17929392
165251704 165202093
165251704 17929392
165251705 165202093
165251705 17929392
165251731 165202093
165251731 17929392
165251732 165202093
165251732 17929392
165251734 165202093
165251734 17929392
165251737 165202093
165251737 17929392
165251740 165202093
165251740 17929392
165251743 165202093
165251743 17929392
165251746 165202093
165251746 17929392
165251749 165202093
165251749 17929392
165251750 165202093
165251750 17929392
165240786 165202095
165240786 165202097
165240786 165202100
165240786 165202101
165240786 17928403
165247280 165202095
165247280 165202097
165247280 165202100
165247280 165202101
165247280 17928403
165250135 165202095
165250135 165202097
165250135 165202100
165250135 165202101
165250135 17928403
165250136 165202095
165250136 165202097
165250136 165202100
165250136 165202101
165250136 17928403
165240777 165202096
165240777 165202099
165240777 17928404
165240779 165202096
165240779 165202099
165240779 17928404
165240957 165202096
165240957 165202099
165240957 17928404
165240961 165202096
165240961 165202099
165240961 17928404
165240963 165202096
165240963 165202099
165240963 17928404
165240965 165202096
165240965 165202099
165240965 17928404
165245729 165202096
165245729 165202099
165245729 17928404
165241106 165202102
165241106 165202108
165241106 17929495
165241107 165202102
165241107 165202108
165241107 17929495
165241108 165202102
165241108 165202108
165241108 17929495
165241110 165202102
165241110 165202108
165241110 17929495
165241199 165202102
165241199 165202108
165241199 17929495
165251169 165202102
165251169 165202108
165251169 17929495
165251170 165202102
165251170 165202108
165251170 17929495
165241469 165202104
165241469 17929507
165241471 165202104
165241471 17929507
165251229 165202104
165251229 17929507
165251230 165202104
165251230 17929507
165251252 165202104
165251252 17929507
165251261 165202104
165251261 17929507
165251263 165202104
165251263 17929507
165251265 165202104
165251265 17929507
165251268 165202104
165251268 17929507
165251269 165202104
165251269 17929507
165251271 165202104
165251271 17929507
165251272 165202104
165251272 17929507
165251274 165202104
165251274 17929507
165251760 165202104
165251760 17929507
165252192 165202104
165252192 17929507
165251267 165202110
165251267 17926824
165250679 165202112
165250679 17927210
165250680 165202112
165250680 17927210
165242131 17924798
165242119 17924799
165242128 17924799
165242059 17924800
165239750 17924801
165239752 17924802
165239784 17924802
165239802 17924802
165239798 17924803
165242333 17924804
165249587 17924805
165242323 17924807
165242326 17924807
165239363 17924808
165239017 17924810
165239142 17924810
165239275 17924810
165239361 17924810
165239885 17924811
165239894 17924811
165239901 17924811
165239912 17924811
165241565 17924811
165246336 17924813
165241036 17924814
165239871 17924815
165239879 17924816
165248807 17924816
165241568 17924817
165241592 17924817
165242118 17924817
165239965 17924818
165240747 17924820
165248978 17924820
165243961 17924823
165250371 17924824
165250372 17924824
165252220 17924824
165252228 17924824
165238596 17924826
165238663 17924826
165238791 17924826
165238794 17924826
165238961 17924826
165248689 17924826
165238368 17924829
165238382 17924829
165238483 17924829
165238485 17924829
165238487 17924829
165238489 17924829
165238494 17924829
165246391 17924829
165246501 17924829
165249488 17924829
165249490 17924829
165250405 17924829
165250406 17924829
165250408 17924829
165250409 17924829
165252465 17924829
165238577 17924830
165238580 17924830
165238585 17924830
165238587 17924830
165238616 17924830
165238847 17924830
165238933 17924830
165248709 17924830
165246752 17924831
165252470 17924831
165242030 17924832
165244879 17924833
165245086 17924833
165248231 17924835
165241454 17924836
165242238 17924837
165242239 17924837
165245886 17924839
165251745 17924840
165240671 17924841
165245888 17924842
165240673 17924845
165251748 17924846
165250470 17924848
165238263 17924850
165238271 17924850
165244849 17924853
165244920 17924853
165249346 17924853
165250473 17924854
165239059 17924855
165239222 17924855
165250476 17924856
165245946 17924857
165245948 17924857
165245950 17924857
165245952 17924857
165245953 17924857
165250479 17924860
165250481 17924860
165250482 17924860
165245934 17924861
165245951 17924861
165251811 17924863
165245955 17924864
165251814 17924865
165245957 17924867
165251817 17924868
165249410 17924870
165249411 17924876
165249419 17924876
165252290 17924876
165242010 17924883
165242012 17924883
165242014 17924883
165242025 17924883
165242028 17924883
165242137 17924883
165242944 17924883
165244624 17924883
165244626 17924883
165244628 17924883
165244630 17924883
165244635 17924883
165244637 17924883
165244638 17924883
165244676 17924883
165244698 17924883
165244711 17924883
165244737 17924883
165245054 17924883
165245055 17924883
165245166 17924883
165249330 17924883
165249336 17924883
165249651 17924883
165252413 17924883
165245846 17924884
165245849 17924884
165249412 17924884
165247299 17924885
165242083 17924887
165250540 17924888
165242745 17924890
165242775 17924890
165242788 17924890
165242931 17924890
165242947 17924890
165249416 17924894
165240694 17924896
165252375 17924896
165250543 17924897
165251592 17924899
165251595 17924899
165243423 17924902
165251599 17924904
165238980 17924906
165238463 17924909
165248637 17924909
165251022 17924909
165251023 17924909
165251025 17924912
165251026 17924912
165251027 17924913
165246582 17924914
165247369 17924916
165242989 17924917
165242991 17924917
165250610 17924917
165251660 17924918
165251661 17924918
165251662 17924920
165238811 17924922
165248704 17924922
165246589 17924923
165238414 17924928
165238973 17924931
165248705 17924931
165237630 17924933
165237846 17924933
165240590 17924939
165240619 17924939
165248894 17924939
165251665 17924940
165250617 17924941
165237632 17924943
165237693 17924943
165237633 17924948
165250619 17924952
165239821 17924954
165239822 17924954
165239823 17924954
165239825 17924954
165239830 17924954
165248793 17924954
165239828 17924955
165239831 17924955
165242790 17924956
165242928 17924956
165239832 17924958
165237638 17924960
165237917 17924960
165250453 17924960
165246016 17924963
165246040 17924963
165246074 17924963
165246212 17924963
165246214 17924963
165246216 17924963
165246251 17924963
165239834 17924966
165246017 17924967
165239836 17924968
165239753 17924969
165239796 17924969
165239835 17924969
165239837 17924969
165239838 17924970
165240021 17924972
165240050 17924972
165250392 17924976
165244915 17924977
165245103 17924977
165251577 17924977
165251580 17924977
165251581 17924977
165250395 17924981
165248483 17924982
165248484 17924982
165248485 17924982
165250944 17924982
165248486 17924984
165249744 17924984
165243158 17924987
165243160 17924987
165243162 17924987
165243271 17924987
165243332 17924987
165250398 17924988
165251730 17924989
165244059 17924991
165244099 17924991
165244218 17924991
165245872 17924994
165241443 17924996
165251733 17924998
165245874 17925000
165240576 17925001
165240658 17925001
165240660 17925001
165240662 17925001
165240664 17925001
165240666 17925001
165245876 17925003
165240661 17925004
165251736 17925005
165244683 17925008
165244684 17925008
165244690 17925008
165245878 17925011
165244691 17925012
165251739 17925013
165240665 17925014
165248911 17925014
165244694 17925015
165245301 17925018
165245426 17925018
165245302 17925020
165245315 17925020
165245428 17925020
165249375 17925020
165245303 17925021
165239041 17925022
165252291 17925023
165244697 17925026
165244699 17925026
165244700 17925026
165244701 17925026
165245305 17925027
165245307 17925027
165245332 17925027
165250711 17925027
165251886 17925027
165251887 17925027
165244677 17925028
165244678 17925028
165244702 17925028
165249334 17925028
165250461 17925029
165244686 17925030
165249335 17925030
165238261 17925031
165238262 17925031
165239046 17925033
165239314 17925033
165237444 17925036
165237452 17925036
165237569 17925036
165248551 17925036
165248552 17925036
165252331 17925036
165252332 17925036
165238264 17925038
165239049 17925040
165238265 17925041
165250467 17925043
165250468 17925043
165250469 17925044
165245940 17925045
165251802 17925047
165245943 17925049
165243163 17925053
165243347 17925053
165243508 17925053
165243689 17925053
165243718 17925053
165245932 17925054
165245945 17925054
165251805 17925055
165245938 17925056
165245947 17925056
165251806 17925057
165245949 17925059
165247282 17925061
165240735 17925063
165241070 17925063
165245343 17925067
165249401 17925067
165252277 17925067
165249403 17925068
165250530 17925069
165250533 17925070
165251582 17925071
165245834 17925074
165249409 17925074
165245183 17925075
165251584 17925075
165240194 17925078
165240196 17925078
165240203 17925078
165240329 17925078
165240333 17925078
165240363 17925078
165252369 17925078
165250536 17925081
165237548 17925083
165237549 17925083
165237550 17925083
165243410 17925085
165251587 17925087
165238338 17925089
165248629 17925089
165239751 17925092
165243196 17925096
165243198 17925096
165243199 17925096
165243200 17925096
165243201 17925096
165243379 17925096
165243416 17925096
165249174 17925096
165243185 17925097
165245199 17925097
165245226 17925097
165249170 17925097
165249175 17925097
165249180 17925097
165243419 17925098
165240801 17925099
165240986 17925099
165248961 17925099
165251015 17925100
165251016 17925100
165243155 17925103
165243165 17925103
165249185 17925103
165243487 17925109
165243492 17925109
165243494 17925109
165243542 17925109
165243544 17925109
165243546 17925109
165243620 17925109
165243670 17925109
165247352 17925109
165251017 17925111
165241848 17925118
165242141 17925118
165242145 17925118
165242147 17925118
165249101 17925118
165249117 17925118
165251564 17925118
165251565 17925118
165244839 17925119
165248086 17925119
165245789 17925120
165245790 17925120
165251055 17925120
165251056 17925120
165251650 17925122
165245792 17925123
165246578 17925124
165245794 17925127
165243197 17925129
165249201 17925129
165240580 17925130
165251656 17925131
165250609 17925132
165237625 17925138
165237626 17925138
165237680 17925138
165237685 17925138
165237756 17925138
165237782 17925138
165237790 17925138
165237830 17925138
165237895 17925138
165240586 17925139
165240622 17925139
165237628 17925141
165237677 17925141
165240587 17925142
165237629 17925143
165239824 17925145
165243515 17925149
165243901 17925149
165249251 17925149
165245533 17925154
165249252 17925154
165239826 17925157
165237318 17925160
165237329 17925160
165237518 17925160
165247420 17925160
165239827 17925163
165247419 17925164
165247421 17925164
165240011 17925171
165239829 17925173
165240012 17925176
165251691 17925176
165244040 17925180
165249299 17925180
165244041 17925183
165244119 17925183
165249290 17925183
165244042 17925184
165244044 17925184
165246642 17925185
165246644 17925185
165243175 17925188
165243257 17925188
165243260 17925188
165250387 17925191
165250388 17925191
165244045 17925193
165248477 17925195
165245860 17925197
165250389 17925203
165245862 17925207
165241431 17925211
165251721 17925214
165245864 17925218
165243166 17925229
165243167 17925229
165243266 17925229
165243268 17925229
165241433 17925239
165251724 17925246
165245866 17925248
165240583 17925250
165240602 17925250
165240609 17925250
165240650 17925250
165241435 17925251
165240584 17925253
165240585 17925253
165240623 17925253
165240649 17925253
165240651 17925253
165240652 17925255
165240653 17925255
165241437 17925256
165244468 17925260
165244680 17925260
165244716 17925260
165244718 17925260
165251727 17925262
165240654 17925263
165240655 17925264
165240657 17925264
165244689 17925265
165239034 17925266
165239174 17925266
165239286 17925266
165252286 17925267
165237275 17925269
165237276 17925269
165237279 17925269
165248544 17925269
165250457 17925270
165237332 17925274
165237333 17925274
165237469 17925274
165237472 17925274
165245930 17925275
165243150 17925279
165243159 17925279
165243334 17925279
165239672 17925281
165238892 17925282
165238897 17925283
165243972 17925284
165252350 17925286
165243974 17925287
165243975 17925287
165237991 17925290
165238078 17925290
165248610 17925290
165250522 17925292
165237994 17925294
165237995 17925294
165238040 17925294
165238045 17925294
165238117 17925294
165248612 17925294
165250523 17925296
165238094 17925298
165248615 17925298
165251574 17925299
165250527 17925301
165238141 17925309
165238142 17925309
165248617 17925309
165251576 17925310
165251579 17925311
165239741 17925313
165251000 17925314
165251003 17925316
165252247 17925316
165243213 17925323
165243218 17925323
165243219 17925323
165243372 17925323
165243523 17925323
165243524 17925323
165243653 17925323
165249173 17925323
165243124 17925325
165243498 17925325
165243561 17925325
165243563 17925325
165247340 17925325
165251005 17925328
165251006 17925329
165251007 17925329
165251008 17925331
165249178 17925333
165246560 17925334
165243180 17925340
165243207 17925340
165243105 17925342
165252422 17925342
165248396 17925344
165248397 17925344
165246564 17925346
165243182 17925351
165249203 17925351
165252424 17925353
165245779 17925354
165245780 17925354
165248398 17925355
165251640 17925356
165246566 17925357
165245784 17925358
165245786 17925358
165246569 17925359
165243187 17925360
165245787 17925362
165251648 17925363
165251649 17925363
165239811 17925364
165239813 17925365
165237618 17925367
165237619 17925373
165237765 17925373
165242774 17925377
165249242 17925378
165239818 17925379
165250370 17925381
165241988 17925389
165241990 17925389
165241992 17925389
165241994 17925389
165241995 17925389
165242035 17925389
165242171 17925389
165247891 17925389
165249086 17925389
165249087 17925389
165249731 17925389
165252214 17925389
165252419 17925389
165250373 17925392
165238172 17925393
165238173 17925393
165250376 17925394
165238175 17925396
165240007 17925398
165238176 17925399
165237657 17925404
165237962 17925404
165237980 17925404
165238028 17925404
165238177 17925404
165252348 17925404
165238178 17925406
165241419 17925410
165241420 17925410
165241421 17925410
165241422 17925410
165245852 17925411
165251712 17925413
165241423 17925415
165250258 17925417
165251713 17925417
165251714 17925417
165245854 17925418
165239593 17925419
165241425 17925420
165251715 17925421
165245856 17925423
165239595 17925424
165244662 17925426
165244664 17925426
165244667 17925426
165244670 17925426
165245858 17925427
165241429 17925429
165244672 17925430
165251718 17925432
165239571 17925439
165239573 17925439
165239598 17925439
165239599 17925443
165244674 17925449
165240648 17925450
165244442 17925452
165244679 17925452
165247199 17925453
165250442 17925456
165249316 17925457
165251492 17925459
165244431 17925461
165244441 17925461
165244474 17925461
165244617 17925461
165244636 17925461
165244685 17925461
165244687 17925461
165249318 17925461
165252263 17925461
165250445 17925465
165246702 17925467
165245920 17925471
165248538 17925472
165251498 17925474
165243144 17925476
165243323 17925476
165245922 17925478
165245924 17925479
165245926 17925480
165243329 17925482
165238880 17925484
165238883 17925484
165238885 17925484
165238719 17925491
165238881 17925491
165248687 17925491
165245928 17925492
165238882 17925494
165240713 17925496
165238635 17925499
165238884 17925499
165238886 17925499
165239669 17925500
165242660 17925502
165242913 17925502
165242957 17925502
165238887 17925504
165250510 17925505
165251560 17925506
165243968 17925507
165250513 17925508
165251563 17925509
165237966 17925512
165238143 17925512
165248604 17925512
165237528 17925513
165237530 17925513
165250517 17925515
165250518 17925515
165251566 17925517
165237532 17925519
165238317 17925521
165237335 17925523
165237459 17925523
165237533 17925523
165250519 17925525
165237534 17925527
165251569 17925528
165239737 17925530
165239738 17925533
165250290 17925535
165250293 17925537
165248383 17925538
165248384 17925538
165243170 17925540
165246554 17925541
165246556 17925541
165245771 17925542
165245772 17925542
165248389 17925543
165251458 17925547
165251630 17925547
165246558 17925548
165251633 17925549
165243178 17925550
165251635 17925552
165249230 17925555
165252190 17925557
165241979 17925559
165241981 17925559
165241982 17925559
165252193 17925562
165252194 17925563
165250361 17925565
165238162 17925569
165252147 17925569
165252196 17925571
165246620 17925573
165252197 17925575
165250364 17925578
165238164 17925581
165238156 17925584
165238157 17925584
165238158 17925584
165238165 17925584
165238167 17925584
165246622 17925586
165237338 17925589
165237380 17925589
165250367 17925591
165245841 17925592
165239578 17925593
165239580 17925593
165239581 17925593
165245624 17925599
165245625 17925599
165245628 17925599
165245732 17925599
165245844 17925599
165245997 17925599
165241415 17925601
165251706 17925603
165239586 17925605
165251911 17925605
165251912 17925605
165251709 17925606
165243799 17925611
165243880 17925611
165250129 17925611
165244665 17925614
165244666 17925614
165242833 17925616
165249127 17925616
165244669 17925617
165242628 17925621
165242836 17925621
165250430 17925622
165239015 17925624
165248728 17925624
165245325 17925626
165251480 17925626
165250433 17925627
165252267 17925629
165251484 17925631
165250436 17925632
165238238 17925635
165245910 17925638
165251487 17925641
165250439 17925642
165245912 17925646
165245914 17925648
165245916 17925650
165245918 17925652
165238872 17925654
165240703 17925655
165242648 17925664
165242649 17925664
165242900 17925664
165238875 17925666
165238877 17925669
165242905 17925671
165250497 17925678
165250500 17925678
165250502 17925678
165250503 17925678
165250501 17925679
165250504 17925681
165251555 17925682
165250507 17925683
165237523 17925684
165238309 17925685
165249150 17925686
165238627 17925695
165238628 17925695
165238629 17925695
165238940 17925695
165238941 17925695
165239450 17925695
165239451 17925695
165248686 17925695
165249152 17925696
165250279 17925698
165250280 17925698
165250281 17925700
165250282 17925706
165250283 17925706
165250284 17925708
165246540 17925710
165242110 17925712
165250287 17925713
165248377 17925714
165246545 17925718
165246547 17925718
165246549 17925718
165249494 17925718
165243164 17925719
165245764 17925721
165245766 17925722
165245767 17925724
165242754 17925725
165242993 17925725
165248223 17925727
165252181 17925727
165252183 17925728
165238150 17925730
165250354 17925732
165243490 17925743
165243664 17925743
165243748 17925743
165243758 17925743
165243759 17925743
165243804 17925743
165243830 17925743
165243862 17925743
165243885 17925743
165243887 17925743
165249228 17925743
165249239 17925743
165238154 17925745
165241638 17925747
165241978 17925747
165250356 17925749
165250357 17925749
165243768 17925751
165244014 17925751
165243230 17925752
165245188 17925752
165250358 17925753
165245730 17925758
165245830 17925758
165245831 17925763
165245833 17925766
165246618 17925768
165241404 17925770
165239510 17925773
165239574 17925773
165239576 17925773
165241406 17925776
165250991 17925778
165239575 17925779
165250992 17925781
165250993 17925781
165244651 17925782
165245839 17925783
165239577 17925784
165250994 17925785
165244653 17925786
165244656 17925786
165239579 17925787
165250997 17925788
165244655 17925790
165244659 17925792
165237535 17925798
165237537 17925798
165237538 17925798
165250420 17925798
165252329 17925798
165245820 17925801
165251152 17925801
165252254 17925801
165250421 17925802
165252255 17925804
165252256 17925805
165252257 17925807
165250424 17925808
165250427 17925810
165251476 17925811
165245900 17925813
165238217 17925814
165238229 17925814
165251479 17925817
165243131 17925820
165243135 17925820
165243137 17925820
165243138 17925820
165243300 17925820
165243304 17925820
165243306 17925820
165247331 17925820
165239640 17925823
165245904 17925824
165239643 17925827
165245906 17925828
165238859 17925830
165238860 17925830
165244454 17925832
165244720 17925832
165238862 17925833
165244722 17925835
165239649 17925839
165239715 17925839
165244724 17925842
165238866 17925845
165238868 17925847
165238632 17925850
165238869 17925850
165242033 17925851
165252325 17925854
165251540 17925856
165242036 17925858
165242037 17925858
165252328 17925859
165242039 17925860
165239712 17925864
165237519 17925866
165239714 17925868
165238930 17925870
165239717 17925872
165238935 17925874
165250272 17925877
165250275 17925878
165246532 17925881
165246687 17925881
165251688 17925881
165251689 17925881
165250276 17925883
165250277 17925883
165246275 17925884
165246444 17925884
165246533 17925884
165246534 17925884
165246537 17925884
165246657 17925884
165247318 17925886
165242102 17925887
165243151 17925888
165250278 17925889
165243153 17925890
165241140 17925892
165241320 17925892
165239454 17925897
165239490 17925897
165248711 17925897
165246538 17925899
165245754 17925900
165245968 17925900
165237297 17925902
165245757 17925903
165245508 17925906
165245510 17925906
165247956 17925906
165247095 17925907
165249210 17925909
165247096 17925910
165249551 17925910
165249211 17925913
165243148 17925916
165249212 17925916
165249213 17925918
165242746 17925919
165250301 17925922
165250304 17925922
165250307 17925922
165250339 17925922
165250340 17925922
165238140 17925923
165250341 17925924
165239933 17925927
165241957 17925927
165241964 17925927
165241965 17925927
165249650 17925927
165252172 17925927
165246600 17925931
165249219 17925934
165243765 17925938
165244003 17925938
165244005 17925938
165244007 17925938
165251394 17925940
165246603 17925942
165243220 17925943
165243377 17925943
165243221 17925944
165245190 17925944
165245191 17925944
165245194 17925944
165245198 17925944
165245201 17925944
165240141 17925945
165250348 17925945
165237362 17925946
165237365 17925946
165237434 17925946
165238148 17925947
165251397 17925948
165237363 17925955
165240404 17925955
165240445 17925955
165248833 17925955
165248834 17925955
165248835 17925955
165237364 17925960
165240214 17925960
165242605 17925960
165242857 17925960
165242865 17925960
165248836 17925960
165252421 17925960
165243224 17925964
165243475 17925964
165243225 17925967
165243223 17925969
165243226 17925969
165243227 17925969
165243228 17925969
165243229 17925970
165243474 17925970
165244642 17925972
165250985 17925974
165244644 17925976
165250988 17925978
165244646 17925980
165252243 17925982
165250410 17925985
165250413 17925987
165237319 17925988
165250414 17925988
165251463 17925990
165237977 17925992
165238216 17925992
165251466 17925995
165250418 17925996
165240218 17925998
165240392 17925998
165240394 17926002
165240396 17926002
165240397 17926002
165240401 17926002
165251469 17926004
165238849 17926008
165238850 17926008
165238851 17926009
165249062 17926017
165239636 17926021
165248780 17926021
165248781 17926021
165248786 17926021
165244709 17926024
165244712 17926024
165244713 17926024
165250191 17926026
165250192 17926026
165238854 17926028
165238855 17926030
165239449 17926030
165250193 17926031
165244715 17926033
165238856 17926034
165247235 17926036
165250194 17926037
165243931 17926039
165238599 17926043
165238688 17926043
165238857 17926043
165250195 17926044
165242020 17926045
165244717 17926048
165250197 17926049
165244719 17926051
165243073 17926052
165251530 17926053
165243751 17926054
165243938 17926054
165245270 17926059
165245272 17926059
165245363 17926059
165245410 17926059
165245411 17926059
165243076 17926061
165248808 17926061
165245273 17926064
165245275 17926064
165245276 17926064
165245367 17926064
165245412 17926064
165251536 17926066
165251539 17926068
165245277 17926071
165244493 17926072
165244494 17926073
165240190 17926075
165240197 17926075
165240467 17926075
165238919 17926077
165238921 17926077
165239707 17926078
165250260 17926079
165246269 17926081
165248345 17926081
165248348 17926081
165248351 17926081
165248354 17926081
165252307 17926081
165250263 17926083
165238928 17926085
165250266 17926087
165243142 17926096
165243145 17926096
165243172 17926096
165243418 17926096
165243438 17926096
165250269 17926099
165243143 17926103
165246527 17926107
165245745 17926115
165245746 17926115
165245747 17926115
165237289 17926117
165239056 17926117
165239217 17926117
165239484 17926118
165241464 17926120
165248990 17926120
165245748 17926122
165252160 17926124
165249202 17926126
165238130 17926127
165238131 17926127
165249205 17926128
165252165 17926130
165250332 17926133
165242739 17926135
165251914 17926137
165252166 17926137
165240150 17926140
165250313 17926140
165250319 17926140
165250322 17926140
165250328 17926140
165250330 17926140
165250331 17926140
165250333 17926140
165252180 17926140
165249207 17926144
165238133 17926145
165248423 17926146
165248424 17926146
165249208 17926149
165241959 17926150
165243211 17926151
165243212 17926151
165238137 17926152
165245810 17926153
165245812 17926155
165243206 17926157
165243215 17926157
165243216 17926157
165243384 17926157
165245193 17926157
165245814 17926159
165243217 17926160
165245816 17926163
165245819 17926165
165250974 17926167
165250977 17926168
165244498 17926172
165244543 17926172
165244587 17926172
165244599 17926172
165244692 17926172
165244693 17926172
165247385 17926172
165252232 17926172
165244639 17926174
165251328 17926174
165251328 17929490
165251329 17926174
165251329 17929490
165237996 17926176
165238043 17926176
165250401 17926178
165250402 17926181
165250403 17926181
165251452 17926182
165251455 17926182
165250404 17926183
165246379 17926184
165246441 17926184
165246529 17926184
165246531 17926184
165245192 17926186
165250407 17926188
165245596 17926189
165245195 17926190
165245598 17926191
165246774 17926192
165251459 17926192
165245197 17926193
165239620 17926194
165239628 17926196
165248270 17926197
165248271 17926197
165250181 17926199
165238845 17926201
165238846 17926201
165248273 17926203
165250184 17926205
165250187 17926207
165247229 17926210
165252304 17926211
165251524 17926212
165251527 17926213
165244482 17926214
165244615 17926214
165244629 17926214
165240358 17926215
165240455 17926215
165245206 17926220
165245264 17926220
165245269 17926220
165245528 17926220
165249374 17926220
165249379 17926220
165244485 17926223
165238911 17926225
165242655 17926228
165244489 17926230
165238913 17926231
165250251 17926232
165250254 17926233
165238651 17926234
165238918 17926234
165243130 17926235
165250257 17926236
165237964 17926239
165238058 17926239
165245265 17926248
165245271 17926248
165245361 17926248
165245405 17926248
165247930 17926248
165243520 17926253
165243522 17926253
165247932 17926253
165243139 17926256
165243432 17926256
165250889 17926258
165250892 17926258
165250895 17926258
165242722 17926260
165250898 17926262
165250901 17926262
165250902 17926262
165250320 17926266
165248409 17926268
165248410 17926268
165252154 17926271
165245450 17926274
165248411 17926274
165248412 17926274
165250323 17926275
165248415 17926277
165248418 17926278
165243202 17926279
165250329 17926282
165245801 17926284
165243205 17926285
165239536 17926288
165239544 17926288
165239545 17926288
165239546 17926291
165239617 17926291
165239547 17926293
165239618 17926293
165250963 17926295
165237982 17926298
165248199 17926300
165251340 17926305
165252229 17926305
165247210 17926306
165250172 17926308
165238837 17926310
165250175 17926311
165248265 17926312
165238839 17926313
165243914 17926314
165250147 17926314
165250148 17926314
165250178 17926317
165248269 17926318
165250856 17926318
165251511 17926321
165245205 17926325
165245250 17926325
165245251 17926327
165239392 17926328
165239393 17926328
165245208 17926332
165245229 17926332
165245254 17926332
165251517 17926336
165245255 17926338
165240405 17926340
165240443 17926340
165239932 17926344
165241954 17926344
165247857 17926344
165249066 17926344
165240205 17926348
165240207 17926348
165240447 17926348
165238900 17926350
165238901 17926350
165238904 17926350
165238902 17926352
165242647 17926353
165243041 17926353
165243042 17926353
165251290 17926354
165243697 17926356
165250242 17926359
165238905 17926360
165238591 17926361
165238906 17926361
165248210 17926361
165251293 17926363
165241867 17926367
165249297 17926367
165250245 17926368
165238908 17926369
165248335 17926370
165243120 17926373
165243281 17926373
165248336 17926374
165250248 17926376
165243122 17926380
165243136 17926380
165243295 17926380
165243302 17926380
165239459 17926383
165239460 17926383
165239461 17926386
165239462 17926388
165239463 17926388
165239089 17926392
165239465 17926392
165239466 17926392
165248767 17926392
165240511 17926397
165240519 17926397
165243107 17926397
165250883 17926398
165250884 17926398
165248972 17926399
165243517 17926400
165243634 17926400
165247926 17926400
165239469 17926401
165240515 17926402
165243109 17926402
165248975 17926404
165243760 17926406
165243762 17926410
165241630 17926411
165241923 17926411
165241930 17926411
165246283 17926413
165250311 17926415
165246285 17926417
165248401 17926419
165251362 17926421
165250314 17926424
165251366 17926426
165251367 17926428
165248408 17926430
165241078 17926432
165241079 17926432
165242492 17926436
165242494 17926437
165250952 17926440
165250955 17926441
165250956 17926441
165239539 17926444
165242499 17926448
165242501 17926448
165242508 17926448
165242510 17926448
165237973 17926450
165246353 17926452
165249489 17926452
165252213 17926454
165241143 17926456
165251435 17926459
165246990 17926461
165242517 17926463
165242558 17926463
165242560 17926463
165246992 17926465
165244394 17926466
165246993 17926470
165246998 17926470
165249532 17926470
165246994 17926472
165239605 17926473
165239607 17926475
165238823 17926478
165247201 17926479
165250160 17926480
165238825 17926481
165238826 17926481
165247203 17926482
165250163 17926483
165238827 17926484
165247205 17926486
165248254 17926487
165247206 17926489
165238829 17926491
165250166 17926492
165250169 17926494
165243043 17926495
165239379 17926497
165239380 17926497
165239381 17926498
165239382 17926498
165251504 17926500
165239384 17926501
165239387 17926506
165239388 17926506
165239438 17926510
165247846 17926510
165245249 17926512
165242437 17926515
165242531 17926515
165249102 17926515
165242315 17926520
165242397 17926520
165242471 17926520
165249099 17926520
165249104 17926520
165250230 17926522
165250233 17926523
165251283 17926527
165248326 17926530
165250237 17926534
165250238 17926534
165251286 17926535
165251287 17926535
165243111 17926537
165250239 17926539
165237255 17926541
165237257 17926544
165239455 17926545
165239456 17926545
165250872 17926546
165239457 17926547
165242972 17926551
165242974 17926551
165247914 17926551
165239095 17926556
165239098 17926556
165239458 17926556
165248745 17926556
165237622 17926562
165237773 17926562
165237775 17926562
165237777 17926562
165237787 17926562
165237822 17926562
165237842 17926562
165237887 17926562
165237890 17926562
165248580 17926562
165243752 17926564
165246271 17926566
165246686 17926566
165243754 17926568
165250302 17926569
165246276 17926570
165246667 17926570
165251351 17926571
165245492 17926572
165245089 17926573
165245090 17926573
165250305 17926574
165245494 17926575
165251354 17926576
165245092 17926577
165245496 17926578
165251356 17926579
165245498 17926580
165237323 17926581
165245096 17926583
165239520 17926584
165251359 17926586
165242480 17926587
165245098 17926588
165239522 17926591
165242481 17926595
165242477 17926601
165242478 17926601
165242482 17926601
165250933 17926604
165250938 17926604
165250940 17926604
165239525 17926606
165242484 17926608
165242486 17926610
165242488 17926610
165250943 17926611
165239528 17926613
165237660 17926617
165237960 17926617
165250949 17926618
165251421 17926619
165237969 17926620
165251429 17926621
165242512 17926625
165242513 17926625
165242514 17926625
165242553 17926625
165242554 17926625
165242555 17926627
165246986 17926629
165244346 17926632
165249024 17926632
165246988 17926633
165250152 17926635
165238818 17926637
165250157 17926638
165248248 17926641
165243034 17926644
165243036 17926644
165243035 17926646
165239371 17926648
165243038 17926652
165243039 17926652
165239374 17926654
165239375 17926654
165250793 17926655
165239377 17926656
165250795 17926658
165250796 17926658
165250799 17926659
165251270 17926661
165246196 17926663
165246197 17926663
165243679 17926664
165250224 17926666
165246198 17926667
165251273 17926668
165246199 17926670
165250227 17926671
165251276 17926672
165239440 17926674
165239442 17926676
165250860 17926677
165239444 17926678
165239446 17926680
165250863 17926681
165239448 17926685
165248738 17926685
165250866 17926687
165248097 17926689
165252125 17926690
165252129 17926691
165245485 17926693
165237310 17926698
165241054 17926699
165240199 17926702
165240202 17926702
165240204 17926702
165240206 17926702
165240262 17926702
165240271 17926702
165240273 17926702
165240362 17926702
165240395 17926702
165245488 17926703
165252464 17926703
165241058 17926704
165245087 17926706
165239513 17926708
165242472 17926710
165242473 17926710
165239514 17926714
165239515 17926714
165238730 17926716
165248216 17926716
165242474 17926717
165239517 17926719
165239519 17926719
165238617 17926722
165238625 17926722
165238734 17926722
165250936 17926725
165250939 17926725
165241694 17926727
165250937 17926728
165237952 17926729
165248165 17926731
165248169 17926732
165238915 17926733
165251409 17926733
165251410 17926733
165237959 17926734
165239290 17926735
165251411 17926737
165251417 17926737
165239291 17926740
165239293 17926741
165239295 17926742
165251418 17926743
165241129 17926744
165243518 17926754
165243525 17926754
165243527 17926754
165243592 17926754
165243606 17926754
165243608 17926754
165246978 17926755
165250140 17926757
165238804 17926759
165238806 17926761
165250143 17926763
165251192 17926764
165238808 17926767
165250146 17926770
165251195 17926772
165237682 17926784
165237759 17926784
165237776 17926784
165237779 17926784
165237781 17926784
165237783 17926784
165237784 17926784
165237788 17926784
165237899 17926784
165243017 17926784
165243019 17926784
165243021 17926784
165243024 17926784
165243025 17926784
165245081 17926784
165245083 17926784
165248587 17926784
165249151 17926784
165251197 17926786
165250149 17926787
165245621 17926789
165240830 17926791
165240832 17926791
165240834 17926791
165240987 17926791
165240988 17926791
165248913 17926791
165245202 17926792
165245220 17926792
165239362 17926793
165245626 17926795
165243028 17926798
165250780 17926799
165245627 17926803
165243029 17926804
165239366 17926806
165238582 17926809
165250783 17926810
165242604 17926812
165242610 17926812
165250786 17926813
165238586 17926816
165246180 17926818
165250633 17926818
165250634 17926818
165246047 17926819
165246181 17926819
165246242 17926819
165248303 17926820
165251262 17926821
165250216 17926822
165250219 17926826
165239431 17926828
165239433 17926831
165250849 17926832
165250850 17926832
165250851 17926834
165239436 17926836
165238654 17926837
165244513 17926839
165237658 17926841
165237870 17926841
165248080 17926841
165242249 17926843
165242251 17926843
165242399 17926843
165246252 17926844
165241040 17926845
165245471 17926847
165245474 17926849
165249398 17926849
165237301 17926850
165239414 17926854
165251336 17926854
165251337 17926854
165251338 17926856
165245076 17926857
165245078 17926858
165245079 17926860
165242462 17926865
165242464 17926865
165250921 17926868
165242467 17926870
165242468 17926870
165250927 17926873
165250928 17926873
165237946 17926877
165239280 17926880
165248791 17926882
165251408 17926883
165239287 17926884
165243586 17926885
165250131 17926886
165246969 17926887
165241755 17926891
165240970 17926892
165250134 17926894
165243521 17926900
165243526 17926900
165243589 17926900
165250137 17926902
165251186 17926903
165251189 17926904
165245210 17926907
165239353 17926909
165239354 17926909
165240400 17926913
165245616 17926916
165245618 17926916
165245995 17926916
165237758 17926922
165237760 17926922
165237762 17926922
165237764 17926922
165237766 17926922
165237767 17926922
165237774 17926922
165237780 17926922
165237820 17926922
165237828 17926922
165237883 17926922
165242950 17926922
165242952 17926922
165242954 17926922
165242956 17926922
165242958 17926922
165242960 17926922
165242962 17926922
165242964 17926922
165242965 17926922
165243040 17926922
165247812 17926922
165250612 17926922
165240402 17926927
165240403 17926927
165237791 17926928
165250777 17926930
165240408 17926931
165237794 17926933
165237796 17926936
165237799 17926936
165237800 17926936
165250200 17926937
165250203 17926940
165239996 17926943
165240123 17926943
165240170 17926943
165239997 17926945
165251254 17926947
165239998 17926953
165240115 17926953
165240398 17926953
165240399 17926953
165248814 17926953
165240180 17926956
165240176 17926962
165240177 17926962
165240182 17926962
165251259 17926963
165240185 17926964
165239423 17926966
165240189 17926968
165238641 17926972
165238643 17926972
165238644 17926972
165238647 17926972
165238649 17926972
165238894 17926972
165238895 17926972
165238896 17926972
165238898 17926972
165238903 17926972
165238917 17926972
165251890 17926975
165251891 17926975
165250842 17926976
165238642 17926981
165244501 17926987
165239084 17926991
165239426 17926991
165239428 17926991
165248766 17926991
165245517 17926994
165245518 17926994
165251892 17926994
165239429 17926997
165250845 17926999
165238645 17927001
165251895 17927004
165245066 17927005
165248072 17927005
165251898 17927006
165248075 17927007
165246243 17927009
165246244 17927012
165251320 17927013
165251321 17927013
165243729 17927014
165245463 17927015
165245061 17927017
165246249 17927018
165240200 17927021
165240247 17927021
165240250 17927021
165240253 17927021
165240264 17927021
165240268 17927021
165245063 17927023
165245064 17927023
165245469 17927024
165249397 17927024
165245069 17927026
165242453 17927028
165250912 17927029
165242456 17927031
165248141 17927032
165250915 17927033
165250918 17927035
165248147 17927036
165245130 17927037
165245134 17927038
165250691 17927039
165238491 17927040
165244349 17927041
165244350 17927041
165244351 17927041
165245136 17927042
165241109 17927044
165250694 17927045
165246950 17927047
165242520 17927049
165242521 17927049
165249569 17927051
165246952 17927052
165250697 17927053
165251171 17927055
165248213 17927057
165243000 17927059
165240964 17927060
165251176 17927061
165251177 17927061
165252591 17927063
165239343 17927064
165239344 17927064
165245203 17927066
165245204 17927066
165245252 17927066
165239346 17927068
165250762 17927069
165250765 17927071
165245209 17927073
165249369 17927073
165238566 17927074
165250768 17927075
165251240 17927076
165237789 17927077
165237826 17927077
165240171 17927080
165240173 17927080
165245388 17927082
165239411 17927087
165240178 17927089
165240179 17927089
165250832 17927091
165251881 17927093
165251882 17927093
165239417 17927095
165239419 17927096
165251885 17927098
165238637 17927102
165246230 17927105
165249456 17927105
165250839 17927107
165251888 17927108
165246232 17927112
165251889 17927114
165237858 17927116
165237859 17927116
165245453 17927118
165251314 17927119
165251315 17927119
165245459 17927120
165245058 17927122
165245059 17927122
165243491 17927124
165242444 17927126
165243493 17927127
165243495 17927127
165243555 17927127
165250903 17927128
165250904 17927128
165242448 17927129
165243496 17927137
165243501 17927137
165243503 17927137
165243572 17927137
165250905 17927138
165243497 17927141
165251088 17927143
165251090 17927143
165238706 17927144
165250908 17927145
165246301 17927148
165249470 17927148
165251093 17927149
165250909 17927150
165251096 17927152
165248138 17927153
165251097 17927155
165239256 17927169
165239258 17927169
165239260 17927169
165239262 17927169
165246910 17927169
165246912 17927169
165246914 17927169
165246916 17927169
165246918 17927169
165246920 17927169
165246924 17927169
165246926 17927169
165246928 17927169
165246929 17927169
165246968 17927169
165247190 17927169
165247192 17927169
165247193 17927169
165247238 17927169
165248425 17927169
165248426 17927169
165251095 17927169
165251626 17927169
165251627 17927169
165252297 17927169
165245318 17927183
165245523 17927183
165245526 17927183
165249378 17927183
165245121 17927188
165245122 17927188
165245524 17927204
165245525 17927204
165238380 17927213
165238480 17927213
165250681 17927216
165245124 17927225
165245527 17927232
165244337 17927234
165244339 17927234
165244340 17927234
165245126 17927236
165248773 17927238
165239268 17927241
165250684 17927242
165246940 17927243
165238484 17927245
165244343 17927246
165250685 17927249
165250686 17927249
165242511 17927251
165246942 17927252
165238486 17927253
165250687 17927255
165246944 17927256
165242515 17927257
165246946 17927258
165246948 17927259
165248202 17927262
165251161 17927264
165248203 17927266
165251164 17927267
165251165 17927267
165240956 17927268
165248208 17927269
165252580 17927270
165239333 17927271
165252583 17927275
165239337 17927277
165250753 17927279
165252586 17927280
165237770 17927282
165250756 17927284
165250759 17927287
165251231 17927288
165246058 17927293
165246159 17927293
165246163 17927293
165246167 17927293
165246225 17927293
165246227 17927293
165246229 17927293
165249458 17927293
165240160 17927298
165251235 17927300
165240162 17927301
165244190 17927303
165244191 17927305
165239400 17927307
165240164 17927309
165244192 17927311
165239061 17927313
165239069 17927313
165239401 17927313
165244193 17927315
165240168 17927317
165250820 17927318
165248910 17927320
165239406 17927322
165251870 17927323
165239062 17927327
165239072 17927327
165239220 17927327
165239407 17927327
165250823 17927328
165247000 17927330
165239408 17927332
165247001 17927333
165251873 17927345
165250826 17927346
165238626 17927349
165251876 17927351
165246220 17927352
165248918 17927353
165250829 17927354
165246222 17927356
165246224 17927357
165243505 17927361
165243706 17927361
165245440 17927364
165249395 17927364
165246226 17927365
165240714 17927372
165240715 17927372
165240878 17927372
165241011 17927372
165248974 17927372
165245442 17927373
165245443 17927373
165251302 17927374
165246228 17927376
165251305 17927378
165251306 17927378
165249474 17927381
165249479 17927381
165252466 17927381
165251309 17927383
165251082 17927384
165241659 17927385
165251089 17927386
165245512 17927387
165245110 17927388
165245514 17927389
165245515 17927389
165245113 17927390
165245115 17927392
165245117 17927394
165242500 17927397
165242502 17927397
165242504 17927397
165242506 17927397
165242507 17927397
165248764 17927398
165248765 17927399
165244334 17927401
165245119 17927402
165246934 17927404
165238479 17927405
165246938 17927407
165242509 17927408
165251148 17927410
165251151 17927410
165251154 17927410
165240945 17927411
165239319 17927414
165239320 17927414
165252571 17927416
165239322 17927417
165239323 17927417
165239324 17927417
165252574 17927419
165248830 17927421
165239325 17927423
165251790 17927425
165252577 17927426
165250744 17927428
165251793 17927436
165238544 17927439
165238593 17927439
165238697 17927439
165248655 17927439
165250745 17927440
165251796 17927443
165240213 17927446
165248837 17927446
165250748 17927447
165251799 17927448
165251222 17927449
165251225 17927450
165251228 17927452
165240156 17927454
165240158 17927457
165250811 17927458
165250812 17927461
165250813 17927461
165238612 17927463
165251861 17927467
165238613 17927469
165238618 17927469
165250814 17927471
165251864 17927473
165237832 17927474
165242963 17927474
165248575 17927474
165251867 17927476
165246213 17927479
165246215 17927480
165245431 17927481
165246217 17927484
165242995 17927486
165240220 17927488
165245438 17927491
165245439 17927491
165241009 17927492
165249468 17927497
165248684 17927498
165250596 17927499
165238396 17927502
165238399 17927505
165248648 17927505
165243476 17927507
165251068 17927508
165251070 17927508
165243478 17927510
165251073 17927512
165245500 17927514
165245502 17927516
165244898 17927517
165245504 17927519
165252494 17927521
165250662 17927524
165245509 17927525
165250667 17927527
165250668 17927528
165240931 17927529
165240932 17927529
165240933 17927529
165241717 17927531
165240935 17927534
165240936 17927534
165239310 17927537
165239308 17927540
165239311 17927540
165240077 17927541
165239317 17927542
165250733 17927544
165251782 17927547
165251783 17927547
165251784 17927548
165250736 17927549
165251787 17927550
165250739 17927551
165246056 17927555
165246134 17927555
165249447 17927555
165239953 17927556
165239954 17927556
165239090 17927557
165251212 17927558
165239091 17927559
165239956 17927560
165239093 17927562
165251216 17927563
165251217 17927565
165251219 17927565
165239096 17927566
165251218 17927568
165246770 17927569
165240147 17927572
165250802 17927573
165238606 17927575
165250808 17927576
165251858 17927578
165238609 17927581
165248715 17927581
165242983 17927582
165246207 17927583
165245423 17927585
165245424 17927586
165246209 17927588
165242988 17927589
165245427 17927592
165249455 17927595
165250582 17927596
165245429 17927597
165250587 17927599
165248676 17927601
165251921 17927602
165251924 17927602
165248102 17927604
165251061 17927605
165251926 17927606
165251927 17927606
165251928 17927606
165251064 17927607
165251065 17927608
165251066 17927608
165248106 17927609
165251929 17927612
165251067 17927613
165251069 17927614
165248741 17927617
165244310 17927618
165248742 17927621
165250654 17927622
165248743 17927623
165244229 17927626
165244315 17927626
165250657 17927629
165246766 17927630
165250658 17927630
165248748 17927633
165250659 17927636
165251770 17927637
165250723 17927638
165250724 17927641
165250727 17927642
165251776 17927644
165251200 17927645
165239943 17927646
165239944 17927647
165239081 17927649
165251203 17927651
165239085 17927656
165245347 17927659
165251207 17927660
165249377 17927665
165244162 17927672
165244165 17927672
165244168 17927672
165249283 17927672
165251840 17927674
165237807 17927675
165237810 17927675
165237812 17927679
165237814 17927680
165242970 17927682
165249440 17927687
165242975 17927689
165242976 17927689
165242978 17927691
165242979 17927692
165250572 17927693
165239074 17927695
165239157 17927695
165248664 17927696
165238374 17927704
165250575 17927706
165249449 17927707
165250577 17927710
165250578 17927710
165238378 17927711
165242248 17927714
165242404 17927714
165250579 17927716
165239792 17927720
165251913 17927722
165251051 17927724
165251916 17927726
165251054 17927728
165251918 17927729
165251058 17927731
165249511 17927732
165251690 17927734
165250644 17927736
165250645 17927736
165251692 17927737
165250649 17927739
165251698 17927741
165239869 17927742
165241470 17927744
165250712 17927746
165251761 17927748
165251762 17927749
165242257 17927751
165250715 17927753
165241475 17927756
165250718 17927757
165240695 17927758
165240699 17927760
165239854 17927764
165239939 17927764
165250498 17927766
165246756 17927767
165251832 17927770
165251833 17927772
165237801 17927773
165245976 17927780
165251836 17927784
165237804 17927786
165237805 17927787
165237808 17927789
165245406 17927792
165245407 17927792
165249434 17927795
165242968 17927796
165245408 17927797
165248653 17927800
165250564 17927802
165238365 17927804
165251901 17927806
165251042 17927807
165239786 17927809
165251045 17927810
165251048 17927811
165252461 17927814
165252463 17927817
165250630 17927818
165250635 17927819
165250636 17927819
165251684 17927821
165251687 17927821
165241397 17927832
165250639 17927833
165243519 17927835
165251112 17927837
165239859 17927838
165242240 17927839
165242243 17927841
165250700 17927842
165250701 17927845
165250702 17927845
165245890 17927847
165250703 17927848
165245892 17927850
165251751 17927851
165242247 17927852
165241463 17927854
165245894 17927856
165245896 17927859
165251755 17927861
165250706 17927864
165240681 17927866
165250707 17927869
165250708 17927869
165241467 17927877
165241468 17927877
165245898 17927879
165251758 17927881
165250709 17927882
165245322 17927884
165239064 17927891
165239066 17927891
165248735 17927891
165239067 17927893
165250483 17927896
165252600 17927897
165252601 17927899
165244033 17927902
165244069 17927902
165244145 17927902
165244149 17927902
165252604 17927903
165251820 17927905
165245963 17927906
165251823 17927908
165245965 17927909
165251826 17927910
165245967 17927911
165251829 17927912
165242091 17927914
165250551 17927917
165250554 17927919
165250557 17927920
165250558 17927922
165250559 17927925
165251039 17927926
165250620 17927928
165246594 17927931
165248710 17927932
165250621 17927933
165246596 17927935
165246597 17927935
165250624 17927936
165246598 17927937
165248714 17927938
165251674 17927941
165250627 17927944
165251675 17927945
165246021 17927946
165243504 17927947
165251100 17927948
165251102 17927951
165251103 17927951
165251104 17927952
165244039 17927956
165249277 17927956
165249278 17927956
165251109 17927958
165244062 17927959
165245880 17927960
165241450 17927961
165245882 17927963
165241452 17927965
165251742 17927966
165245884 17927967
165250824 17927968
165250827 17927968
165250830 17927968
165250833 17927968
165250837 17927968
165250838 17927968
165239352 17927969
165238320 17927971
165239044 17927974
165239047 17927974
165239050 17927974
165239053 17927974
165239151 17927974
165239210 17927974
165239395 17927974
165239404 17927974
165248751 17927974
165239060 17927976
165239399 17927976
165248191 17927976
165248192 17927976
165248736 17927976
165239418 17927978
165248200 17927978
165248201 17927978
165246536 17927980
165245544 17927982
165245756 17927982
165245759 17927983
165245541 17927984
165252479 17927988
165242095 17927991
165249768 17927991
165251700 17927991
165241974 17927992
165247896 17927992
165249764 17927992
165251703 17927992
165251519 17927994
165250766 17927996
165244810 17927998
165239648 17928001
165239654 17928001
165239722 17928001
165248784 17928003
165244462 17928005
165251402 17928006
165251403 17928006
165238614 17928008
165238621 17928008
165238709 17928008
165238891 17928008
165238598 17928016
165238690 17928016
165238934 17928016
165238622 17928020
165238610 17928026
165238623 17928026
165248712 17928026
165247090 17928028
165247191 17928028
165247221 17928028
165239888 17928030
165246221 17928031
165250646 17928031
165250647 17928031
165242740 17928037
165242785 17928037
165252236 17928037
165248673 17928039
165244424 17928041
165244444 17928041
165244455 17928041
165244467 17928041
165244729 17928041
165248250 17928041
165250597 17928044
165240581 17928045
165240611 17928045
165240582 17928055
165240589 17928055
165240591 17928055
165240592 17928055
165240625 17928055
165240628 17928055
165240647 17928055
165240683 17928055
165240687 17928055
165240698 17928055
165240821 17928055
165243113 17928055
165243116 17928055
165243119 17928055
165243121 17928055
165243279 17928055
165243290 17928055
165243488 17928055
165243531 17928055
165243622 17928055
165243625 17928055
165243678 17928055
165243698 17928055
165249223 17928055
165249229 17928055
165243127 17928061
165243129 17928061
165243132 17928061
165243133 17928061
165243134 17928061
165243186 17928061
165243308 17928061
165243310 17928061
165243320 17928061
165243325 17928061
165243409 17928061
165243427 17928061
165249214 17928061
165243128 17928062
165240682 17928064
165240893 17928064
165250676 17928064
165250677 17928064
165239960 17928066
165248084 17928067
165242741 17928069
165242742 17928069
165242810 17928069
165242918 17928069
165242924 17928069
165242808 17928071
165248083 17928074
165252273 17928074
165244845 17928076
165244846 17928076
165244908 17928076
165245112 17928076
165239389 17928077
165238392 17928085
165238424 17928085
165238441 17928085
165238466 17928085
165238497 17928085
165238526 17928085
165250948 17928087
165250950 17928087
165250326 17928089
165251809 17928091
165246123 17928092
165249444 17928093
165245763 17928094
165245765 17928094
165245768 17928095
165240903 17928097
165248725 17928098
165248727 17928098
165246023 17928099
165249445 17928099
165246750 17928100
165251423 17928100
165251427 17928100
165252309 17928100
165239010 17928102
165239273 17928102
165248118 17928102
165249129 17928103
165244832 17928105
165246281 17928107
165246291 17928107
165246293 17928107
165246418 17928107
165246523 17928107
165246568 17928107
165251233 17928109
165251238 17928109
165251239 17928109
165251241 17928109
165251757 17928109
165252191 17928109
165241629 17928112
165241632 17928112
165241620 17928113
165245545 17928115
165245547 17928117
165242469 17928118
165241354 17928121
165250394 17928121
165251717 17928121
165251720 17928121
165251723 17928121
165251726 17928121
165251728 17928121
165251729 17928121
165244728 17928123
165244732 17928123
165244733 17928123
165248296 17928123
165244727 17928125
165248299 17928126
165241593 17928128
165241564 17928128
165241564 17928130
165241564 41088724
165241587 17928128
165241587 17929253
165241611 17928128
165241611 17929254
165241611 41088723
165241639 17928128
165241639 17929254
165241639 41088723
165239895 17928133
165239895 81139659
165239902 17928133
165239902 81139659
165248799 17928133
165248799 81139659
165245557 17928136
165245561 17928136
165245589 17928136
165250966 17928136
165250969 17928138
165246331 17928140
165246339 17928140
165246304 17928141
165246318 17928141
165248359 17928142
165242738 17928146
165242747 17928146
165242784 17928146
165246010 17928149
165249464 17928149
165237797 17928150
165237654 17928151
165237806 17928151
165241680 17928152
165241060 17928153
165240693 17928155
165242711 17928158
165242711 41442792
165242719 17928158
165242719 41442792
165252428 17928158
165252428 41442792
165238783 17928159
165238841 17928159
165248178 17928159
165238842 17928160
165241691 17928161
165242071 17928161
165250743 17928162
165246741 17928163
165250117 17928163
165250118 17928163
165250728 17928164
165241044 17928165
165241045 17928165
165239162 17928167
165247226 17928167
165248179 17928167
165248180 17928167
165248183 17928167
165248759 17928167
165249571 17928167
165248176 17928169
165241465 17928170
165248991 17928170
165244439 17928171
165239018 17928173
165239027 17928173
165239043 17928173
165239267 17928173
165239390 17928173
165239394 17928173
165251075 17928173
165251485 17928173
165251486 17928173
165239860 17928175
165239919 17928175
165241596 17928176
165241614 17928176
165241635 17928176
165241654 17928176
165246309 17928178
165246355 17928178
165246396 17928178
165246513 17928178
165246614 17928178
165238548 17928180
165238772 17928180
165239641 17928194
165239645 17928194
165239646 17928194
165239711 17928194
165239716 17928194
165239739 17928194
165239740 17928194
165239742 17928194
165239744 17928194
165239745 17928194
165239746 17928194
165239747 17928194
165239758 17928194
165239816 17928194
165239817 17928194
165239833 17928194
165239839 17928194
165239849 17928194
165248797 17928194
165245549 17928196
165245550 17928196
165245552 17928196
165248339 17928196
165240719 17928199
165240730 17928199
165240733 17928199
165240736 17928199
165240741 17928199
165240817 17928199
165240871 17928199
165240907 17928199
165241033 17928199
165252387 17928199
165239007 17928201
165239360 17928201
165244868 17928202
165251855 17928204
165242980 17928205
165250601 17928205
165250602 17928205
165250447 17928207
165246716 17928209
165246873 17928209
165246985 17928209
165246987 17928209
165246989 17928209
165246991 17928209
165248145 17928209
165248160 17928209
165248851 17928209
165251091 17928209
165251092 17928209
165251099 17928210
165252306 17928210
165251098 17928212
165246282 17928214
165239897 17928216
165239903 17928216
165241594 17928216
165242127 17928216
165252170 17928216
165239891 17928217
165246344 17928219
165248358 17928219
165237989 17928220
165248085 17928220
165242451 17928223
165246295 17928225
165250471 17928227
165250474 17928227
165250475 17928227
165249443 17928229
165242076 17928232
165248239 17928232
165237268 17928235
165239005 17928235
165239008 17928235
165239012 17928235
165239205 17928235
165239351 17928235
165239356 17928235
165248113 17928235
165248114 17928235
165252155 17928235
165252156 17928235
165246406 17928236
165245295 17928240
165245296 17928240
165245299 17928240
165245461 17928240
165245606 17928240
165245608 17928240
165248406 17928240
165248417 17928240
165248419 17928240
165248420 17928240
165249418 17928240
165250975 17928240
165250976 17928240
165250983 17928240
165250987 17928240
165250989 17928240
165250990 17928240
165251631 17928240
165251632 17928240
165246143 17928242
165250652 17928242
165250653 17928242
165246031 17928244
165246067 17928244
165242986 17928247
165250613 17928247
165249519 17928250
165251628 17928250
165251629 17928250
165250565 17928252
165244166 17928261
165244170 17928261
165244172 17928261
165244176 17928261
165245687 17928261
165249292 17928261
165249293 17928261
165251477 17928261
165251478 17928261
165252258 17928261
165244862 17928266
165247053 17928266
165247056 17928266
165247060 17928266
165247126 17928266
165248096 17928266
165249357 17928266
165249546 17928266
165250534 17928266
165250535 17928266
165251834 17928266
165251835 17928266
165247195 17928270
165250552 17928270
165251672 17928270
165251676 17928270
165251677 17928270
165251936 17928270
165251937 17928270
165252477 17928270
165252478 17928270
165244941 17928274
165244944 17928274
165248494 17928274
165251634 17928275
165251638 17928276
165251639 17928276
165250772 17928277
165252144 17928277
165246335 17928278
165246586 17928278
165246340 17928279
165246588 17928279
165251440 17928279
165252296 17928279
165241585 17928280
165244838 17928281
165248369 17928283
165246763 17928284
165252596 17928286
165252597 17928286
165251653 17928289
165239000 17928291
165239003 17928291
165239165 17928291
165239167 17928291
165239281 17928291
165248758 17928291
165239994 17928293
165240125 17928293
165247290 17928293
165252575 17928295
165252576 17928295
165237331 17928296
165237475 17928296
165240186 17928299
165240187 17928299
165240188 17928299
165240308 17928299
165248832 17928299
165242982 17928300
165250603 17928300
165250604 17928300
165242761 17928302
165241122 17928304
165241338 17928304
165241411 17928305
165251678 17928308
165252212 17928309
165242730 17928312
165242733 17928314
165242748 17928314
165242971 17928314
165242977 17928314
165243510 17928321
165243512 17928321
165243514 17928321
165243769 17928321
165243771 17928321
165243905 17928321
165249253 17928321
165243513 17928323
165240212 17928326
165240243 17928326
165240369 17928326
165240277 17928329
165240280 17928329
165240337 17928329
165240255 17928331
165240347 17928331
165240349 17928331
165240407 17928331
165241595 17928336
165241598 17928336
165241599 17928336
165241602 17928336
165241603 17928336
165242063 17928336
165241707 17928337
165248305 17928337
165248233 17928339
165248806 17928339
165246349 17928341
165242070 17928342
165249758 17928344
165248376 17928346
165247231 17928348
165250541 17928348
165250542 17928348
165251390 17928351
165241672 17928356
165242223 17928356
165242226 17928356
165242227 17928356
165242228 17928356
165242280 17928356
165242347 17928356
165242350 17928356
165242366 17928356
165242373 17928356
165242389 17928356
165242491 17928356
165242493 17928356
165242804 17928356
165249096 17928356
165249121 17928356
165251696 17928356
165251697 17928356
165242121 17928358
165250608 17928360
165237992 17928361
165238163 17928361
165238170 17928361
165244806 17928363
165248076 17928363
165246045 17928364
165239863 17928367
165239925 17928367
165239978 17928367
165250618 17928369
165241666 17928370
165241666 41691116
165241674 17928370
165241674 41691116
165248062 17928370
165248062 41691116
165250174 17928370
165250174 41691116
165250876 17928370
165250876 41691116
165250877 17928370
165250877 41691116
165238592 17928372
165238700 17928372
165238951 17928372
165252355 17928372
165252269 17928373
165244427 17928375
165244437 17928375
165244448 17928375
165248255 17928375
165248298 17928375
165244384 17928376
165244385 17928376
165244396 17928376
165244400 17928376
165241634 17928379
165239951 17928380
165241039 17928382
165239541 17928384
165239549 17928384
165239584 17928384
165239585 17928384
165239531 17928386
165250524 17928390
165250526 17928390
165245574 17928393
165248490 17928393
165250972 17928393
165250973 17928393
165248251 17928394
165248891 17928397
165241741 17928405
165241932 17928405
165238381 17928406
165238490 17928406
165242757 17928407
165250859 17928409
165250861 17928409
165250862 17928409
165241683 17928410
165241684 17928410
165241685 17928410
165246333 17928412
165246341 17928412
165246343 17928412
165239905 17928413
165249766 17928414
165249767 17928414
165247089 17928415
165247225 17928415
165246754 17928418
165249514 17928418
165245104 17928419
165248078 17928421
165248579 17928421
165245722 17928424
165245724 17928424
165245791 17928424
165249417 17928424
165246983 17928426
165238924 17928431
165238926 17928431
165238927 17928431
165238929 17928431
165248651 17928431
165238984 17928433
165238990 17928433
165239014 17928433
165239294 17928433
165251360 17928433
165251361 17928433
165251363 17928433
165251364 17928433
165239104 17928434
165248236 17928436
165241677 17928440
165242085 17928440
165242086 17928440
165242087 17928440
165240720 17928444
165245311 17928450
165241658 17928452
165241660 17928452
165241572 17928453
165241591 17928453
165241604 17928453
165241609 17928453
165241724 17928454
165248261 17928454
165248953 17928456
165251158 17928458
165237741 17928460
165237811 17928460
165246932 17928461
165237614 17928470
165237617 17928470
165237668 17928470
165237728 17928470
165237879 17928470
165242636 17928470
165242638 17928470
165242646 17928470
165242650 17928470
165242652 17928470
165242661 17928470
165242712 17928470
165242902 17928470
165242907 17928470
165242915 17928470
165242951 17928470
165242955 17928470
165248574 17928470
165249131 17928470
165252342 17928470
165252343 17928470
165242723 17928479
165242737 17928479
165242776 17928479
165242778 17928479
165242780 17928479
165242933 17928479
165242987 17928479
165242994 17928479
165250615 17928479
165250616 17928479
165241123 17928481
165241127 17928481
165241137 17928481
165241218 17928481
165241331 17928481
165241340 17928481
165241506 17928481
165247881 17928481
165251284 17928481
165248092 17928483
165252132 17928483
165241145 17928484
165250399 17928484
165250400 17928484
165244830 17928486
165244840 17928486
165244869 17928486
165244900 17928486
165244903 17928486
165245046 17928486
165245091 17928486
165245123 17928486
165239543 17928487
165248774 17928489
165239651 17928492
165239693 17928492
165238634 17928498
165238638 17928498
165238639 17928498
165238646 17928498
165238650 17928498
165238786 17928498
165238899 17928498
165238920 17928498
165238922 17928498
165239637 17928498
165239638 17928498
165239647 17928498
165239650 17928498
165239708 17928498
165238681 17928502
165238936 17928502
165248206 17928502
165248207 17928502
165248634 17928502
165247071 17928504
165244309 17928505
165244228 17928507
165241746 17928509
165244794 17928510
165245060 17928510
165245560 17928523
165245560 41837382
165245560 41837383
165245562 17928523
165245562 41837382
165245562 41837383
165245563 17928523
165245563 41837382
165245563 41837383
165245564 17928523
165245564 41837382
165245564 41837383
165245566 17928523
165245566 41837382
165245566 41837383
165245568 17928523
165245568 41837382
165245568 41837383
165245603 17928523
165245603 41837382
165245603 41837383
165245632 17928523
165245632 41837382
165245632 41837383
165245667 17928523
165245667 41837382
165245667 41837383
165245672 17928523
165245672 41837382
165245672 41837383
165245684 17928523
165245684 41837382
165245684 41837383
165245707 17928523
165245707 41837382
165245707 41837383
165245795 17928523
165245795 41837382
165245795 41837383
165245986 17928523
165245986 41837382
165245986 41837383
165246024 17928523
165246024 41837382
165246024 41837383
165250631 17928523
165250631 41837382
165250631 41837383
165250632 17928523
165250632 41837382
165250632 41837383
165250970 17928523
165250970 41837382
165250970 41837383
165250971 17928523
165250971 41837382
165250971 41837383
165238998 17928534
165239013 17928534
165239022 17928534
165239025 17928534
165239028 17928534
165239037 17928534
165239039 17928534
165239040 17928534
165239178 17928534
165239186 17928534
165239302 17928534
165239331 17928534
165239335 17928534
165239365 17928534
165248194 17928534
165248730 17928534
165248761 17928534
165248768 17928534
165250562 17928534
165250563 17928534
165251085 17928534
165251086 17928534
165252162 17928534
165252163 17928534
165252164 17928534
165242762 17928538
165238595 17928546
165238604 17928546
165238605 17928546
165238788 17928546
165238912 17928546
165248680 17928546
165248681 17928546
165245383 17928567
165245397 17928567
165245708 17928567
165245725 17928567
165245728 17928567
165245762 17928567
165245770 17928567
165245775 17928567
165246002 17928567
165248421 17928567
165248422 17928567
165248465 17928567
165249911 17928567
165249912 17928567
165250941 17928567
165250942 17928567
165251951 17928567
165251957 17928567
165252029 17928567
165252030 17928567
165252102 17928567
165252108 17928567
165252109 17928567
165252278 17928567
165252326 17928567
165237273 17928572
165239270 17928572
165239277 17928572
165239342 17928572
165248115 17928572
165248116 17928572
165252158 17928572
165252161 17928572
165245712 17928574
165245714 17928574
165245716 17928574
165247663 17928574
165246182 17928577
165245294 17928578
165238294 17928580
165238322 17928580
165242255 17928582
165242455 17928582
165248360 17928583
165241069 17928584
165241073 17928584
165241076 17928584
165250980 17928585
165250982 17928585
165244473 17928589
165244476 17928589
165244477 17928589
165244478 17928589
165244634 17928589
165244688 17928589
165244695 17928589
165244696 17928589
165244708 17928589
165244714 17928589
165244383 17928590
165241696 17928592
165241631 17928595
165241661 17928595
165242261 17928598
165242433 17928598
165248750 17928602
165239145 17928606
165238630 17928612
165238630 34099325
165238724 17928612
165238724 34099325
165238870 17928612
165238870 34099325
165242272 17928614
165242443 17928614
165244382 17928614
165244723 17928614
165248678 17928616
165246312 17928617
165246507 17928617
165244802 17928618
165238991 17928621
165238994 17928621
165239183 17928621
165239255 17928621
165251352 17928621
165252153 17928621
165243317 17928622
165243413 17928622
165243336 17928626
165246287 17928630
165246299 17928630
165246425 17928630
165246471 17928630
165246477 17928630
165251868 17928630
165251869 17928630
165246279 17928632
165248976 17928635
165244433 17928637
165248253 17928637
165241570 17928639
165241575 17928639
165241580 17928639
165241583 17928639
165251307 17928641
165248071 17928643
165237702 17928646
165251392 17928650
165251395 17928650
165251396 17928650
165241601 17928652
165250880 17928655
165250886 17928655
165250893 17928655
165250894 17928655
165242069 17928657
165242073 17928657
165242077 17928657
165239911 17928659
165239969 17928659
165241551 17928659
165241559 17928659
165241567 17928659
165241589 17928659
165252442 17928663
165242984 17928665
165246974 17928667
165246323 17928669
165246580 17928669
165246581 17928669
165251445 17928669
165251446 17928669
165246585 17928670
165240707 17928672
165240710 17928672
165240725 17928672
165242691 17928673
165242692 17928673
165243007 17928673
165243008 17928673
165243011 17928673
165250965 17928674
165244445 17928675
165244447 17928675
165244449 17928675
165242666 17928676
165242675 17928676
165242684 17928676
165242693 17928676
165242698 17928676
165239358 17928677
165250607 17928678
165242764 17928679
165238153 17928681
165242133 17928682
165246297 17928683
165245189 17928684
165245196 17928684
165245200 17928684
165245207 17928684
165245224 17928684
165249372 17928684
165248308 17928685
165251642 17928687
165246856 17928688
165250660 17928688
165251859 17928688
165251860 17928688
165251489 17928690
165241146 17928692
165241284 17928692
165241315 17928692
165251288 17928692
165251289 17928692
165251824 17928692
165251825 17928692
165249000 17928693
165249040 17928693
165249055 17928693
165241652 17928695
165241886 17928695
165242058 17928695
165250156 17928695
165250158 17928695
165250159 17928695
165250164 17928695
165244049 17928707
165241126 17928710
165241242 17928710
165241247 17928710
165241273 17928710
165241308 17928710
165249045 17928710
165241125 17928712
165241208 17928712
165241243 17928712
165251201 17928712
165251204 17928712
165251205 17928712
165252209 17928712
165248241 17928714
165248258 17928716
165249105 17928719
165241590 17928721
165242771 17928722
165250546 17928723
165241699 17928724
165249340 17928725
165250622 17928725
165250623 17928725
165241636 17928727
165245077 17928729
165240192 17928732
165240257 17928732
165240321 17928732
165240406 17928732
165251596 17928733
165251597 17928733
165246342 17928738
165248361 17928738
165251280 17928741
165251282 17928741
165242130 17928742
165239898 17928745
165239904 17928745
165239975 17928745
165248237 17928745
165244976 17928749
165249760 17928751
165246315 17928754
165246316 17928754
165246328 17928754
165246329 17928754
165246330 17928754
165246487 17928754
165246583 17928754
165246587 17928754
165249472 17928754
165246051 17928756
165246053 17928756
165246149 17928756
165246153 17928756
165241738 17928757
165242013 17928757
165246704 17928759
165246937 17928759
165242668 17928760
165242674 17928760
165242683 17928760
165242690 17928760
165242706 17928760
165244397 17928761
165244833 17928763
165245049 17928763
165245097 17928763
165245099 17928763
165251572 17928763
165251573 17928763
165237990 17928768
165238001 17928768
165238081 17928768
165238097 17928768
165238151 17928768
165248609 17928768
165241664 17928769
165242129 17928769
165248242 17928769
165249092 17928769
165245309 17928770
165241057 17928771
165241077 17928772
165242750 17928773
165242756 17928773
165248375 17928774
165242124 17928776
165244951 17928777
165245133 17928777
165245135 17928777
165244859 17928778
165240738 17928779
165240748 17928779
165252200 17928779
165244387 17928781
165244390 17928781
165244393 17928781
165244398 17928781
165248276 17928782
165240003 17928785
165252578 17928785
165252579 17928785
165240096 17928793
165240155 17928793
165240157 17928793
165250362 17928793
165250363 17928793
165240000 17928799
165240001 17928799
165240047 17928799
165240106 17928799
165248812 17928799
165252366 17928799
165248496 17928801
165238583 17928803
165238584 17928803
165248677 17928803
165251439 17928804
165244329 17928807
165244515 17928807
165244602 17928807
165244759 17928807
165246372 17928807
165246447 17928807
165249300 17928807
165250487 17928807
165250488 17928807
165250508 17928807
165250511 17928807
165250512 17928807
165251685 17928807
165251686 17928807
165252262 17928807
165244814 17928809
165249404 17928810
165246025 17928811
165244389 17928812
165244725 17928812
165242700 17928813
165248221 17928813
165241597 17928815
165241616 17928815
165242067 17928815
165242068 17928815
165239966 17928816
165238779 17928818
165248706 17928821
165250292 17928821
165244506 17928824
165249322 17928824
165244507 17928826
165244643 17928826
165250605 17928827
165244425 17928828
165244428 17928828
165244430 17928828
165244736 17928828
165242943 17928829
165242985 17928829
165248069 17928829
165252237 17928829
165252426 17928831
165241977 17928833
165242153 17928833
165238116 17928856
165238118 17928856
165238120 17928856
165238122 17928856
165238123 17928856
165238125 17928856
165238152 17928856
165238205 17928856
165245032 17928856
165245034 17928856
165245036 17928856
165245038 17928856
165245039 17928856
165245041 17928856
165245043 17928856
165245045 17928856
165245047 17928856
165245070 17928856
165245082 17928856
165245088 17928856
165245160 17928856
165247821 17928856
165247823 17928856
165247947 17928856
165252146 17928856
165238127 17928859
165246647 17928860
165245587 17928861
165250722 17928863
165250637 17928864
165250638 17928864
165250640 17928864
165250641 17928864
165250492 17928868
165248695 17928871
165246314 17928874
165246403 17928874
165246489 17928874
165246509 17928874
165246617 17928874
165246619 17928874
165246621 17928874
165250486 17928876
165242064 17928877
165252423 17928879
165242701 17928880
165239862 17928882
165239921 17928882
165252168 17928882
165250549 17928883
165237815 17928891
165237817 17928891
165237819 17928891
165237821 17928891
165237823 17928891
165237825 17928891
165237827 17928891
165237829 17928891
165237831 17928891
165237833 17928891
165237885 17928891
165243046 17928891
165243049 17928891
165243050 17928891
165243053 17928891
165243054 17928891
165245084 17928891
165247916 17928891
165248589 17928891
165249153 17928891
165244331 17928894
165241034 17928896
165246371 17928898
165246565 17928898
165250515 17928898
165250520 17928898
165250521 17928898
165239982 17928899
165239983 17928899
165247855 17928899
165245128 17928900
165241402 17928904
165239591 17928908
165239592 17928908
165239657 17928910
165249355 17928912
165251838 17928913
165241627 17928914
165248214 17928916
165242663 17928917
165249100 17928918
165241818 17928921
165242241 17928921
165242304 17928921
165242575 17928921
165237545 17928922
165241052 17928925
165241056 17928925
165240691 17928926
165242447 17928928
165252222 17928928
165245120 17928930
165249344 17928930
165249348 17928930
165239743 17928942
165239749 17928942
165239788 17928942
165239810 17928942
165248746 17928942
165248792 17928942
165237256 17928952
165237294 17928952
165250573 17928952
165250574 17928952
165237258 17928958
165237261 17928958
165248737 17928958
165244558 17928965
165244609 17928965
165244623 17928965
165244660 17928965
165244661 17928965
165244663 17928965
165244668 17928965
165244671 17928965
165244673 17928965
165244721 17928965
165249320 17928965
165246749 17928966
165247003 17928966
165238336 17928967
165252148 17928967
165242104 17928969
165239882 17928970
165241569 17928970
165241642 17928970
165244231 17928975
165244232 17928975
165244256 17928975
165244273 17928975
165244281 17928975
165244333 17928975
165244360 17928975
165244376 17928975
165244652 17928975
165249310 17928975
165249312 17928975
165247967 17928977
165246052 17928978
165246090 17928978
165246139 17928978
165250625 17928978
165251874 17928978
165251875 17928978
165242414 17928979
165242659 17928979
165247912 17928979
165242411 17928980
165242465 17928980
165242252 17928981
165242402 17928981
165241624 17928985
165241626 17928985
165244381 17928986
165246032 17928990
165246179 17928990
165242256 17928993
165242266 17928993
165242425 17928993
165242427 17928993
165242445 17928993
165242544 17928993
165245422 17928996
165250906 17928996
165250907 17928996
165246625 17928998
165246734 17928999
165246867 17928999
165245288 17929000
165245290 17929000
165245773 17929001
165242681 17929002
165242682 17929002
165242685 17929002
165248220 17929002
165250923 17929003
165250924 17929003
165250929 17929003
165250930 17929003
165251105 17929004
165241645 17929005
165241970 17929007
165242001 17929007
165252201 17929007
165241725 17929010
165241785 17929010
165241786 17929010
165237965 17929011
165237968 17929011
165237970 17929011
165247817 17929011
165240958 17929012
165248370 17929012
165248371 17929012
165242767 17929013
165237963 17929015
165250443 17929015
165241665 17929016
165241055 17929018
165245670 17929019
165241059 17929021
165241605 17929022
165241610 17929022
165241619 17929022
165240692 17929024
165240701 17929024
165240732 17929024
165240742 17929024
165241051 17929024
165251450 17929025
165251451 17929025
165251453 17929026
165251454 17929026
165250570 17929028
165250571 17929028
165246977 17929030
165246825 17929032
165246709 17929033
165246721 17929033
165251865 17929033
165251866 17929033
165252602 17929033
165252603 17929033
165250760 17929034
165240962 17929035
165241763 17929037
165241991 17929037
165238982 17929039
165239134 17929039
165247240 17929041
165241113 17929043
165241136 17929052
165241142 17929052
165241222 17929052
165241264 17929052
165241270 17929052
165241277 17929052
165241312 17929052
165241317 17929052
165241344 17929052
165241370 17929052
165241373 17929052
165241379 17929052
165241396 17929052
165241405 17929052
165241489 17929052
165248995 17929052
165249001 17929052
165249041 17929052
165250396 17929052
165250397 17929052
165251753 17929052
165251754 17929052
165252206 17929052
165252207 17929052
165252441 17929052
165245274 17929057
165237321 17929060
165237326 17929060
165237328 17929060
165237369 17929060
165237374 17929060
165237466 17929060
165237477 17929060
165237520 17929060
165237522 17929060
165251856 17929062
165251857 17929062
165244825 17929064
165244893 17929064
165242459 17929068
165252227 17929068
165242766 17929069
165245239 17929070
165249179 17929070
165247073 17929071
165247075 17929071
165247207 17929071
165247208 17929071
165247234 17929071
165246958 17929072
165245297 17929073
165247080 17929074
165247085 17929074
165247091 17929074
165247219 17929074
165252594 17929074
165247209 17929075
165248167 17929075
165248168 17929075
165242844 17929076
165243070 17929076
165249163 17929076
165249446 17929077
165245317 17929083
165245381 17929083
165245319 17929086
165245320 17929086
165245321 17929086
165245375 17929086
165245393 17929086
165244502 17929093
165244503 17929093
165244645 17929093
165244783 17929093
165240198 17929099
165241744 17929102
165241855 17929102
165239532 17929103
165239596 17929103
165238456 17929109
165239512 17929109
165239516 17929109
165239518 17929109
165239521 17929109
165239526 17929109
165239529 17929109
165239559 17929109
165252151 17929109
165242221 17929111
165240087 17929114
165252178 17929114
165246018 17929116
165246027 17929118
165246071 17929118
165239024 17929120
165251641 17929120
165251708 17929122
165251710 17929122
165251711 17929122
165239128 17929128
165239261 17929128
165239318 17929128
165239321 17929128
165238324 17929132
165248546 17929132
165248628 17929132
165250426 17929132
165250411 17929135
165250412 17929135
165245071 17929136
165245072 17929136
165249356 17929138
165239900 17929140
165239906 17929140
165239968 17929140
165249723 17929140
165241566 17929142
165244481 17929150
165244483 17929150
165244495 17929150
165244496 17929150
165244537 17929150
165244551 17929150
165244579 17929150
165244611 17929150
165244625 17929150
165244654 17929150
165244658 17929150
165247941 17929150
165252452 17929150
165239890 17929154
165239974 17929154
165246014 17929156
165247069 17929158
165247076 17929158
165247082 17929158
165247132 17929158
165247143 17929158
165247189 17929158
165247200 17929158
165247204 17929158
165247228 17929158
165249548 17929158
165252598 17929158
165252599 17929158
165241721 17929161
165241985 17929161
165240718 17929162
165240721 17929162
165240740 17929162
165241041 17929162
165252587 17929162
165252588 17929162
165242090 17929164
165242093 17929164
165242094 17929165
165245293 17929166
165248282 17929167
165250675 17929169
165252271 17929169
165251853 17929170
165251904 17929171
165237839 17929172
165248129 17929174
165250731 17929174
165250732 17929174
165237983 17929175
165237985 17929175
165237986 17929175
165237987 17929175
165238237 17929175
165238249 17929175
165248607 17929175
165248608 17929175
165250531 17929175
165250532 17929175
165249337 17929177
165241613 17929178
165241615 17929178
165241617 17929178
165242065 17929178
165250462 17929179
165237981 17929182
165238061 17929182
165237975 17929184
165238063 17929184
165244792 17929184
165244804 17929184
165244808 17929184
165244813 17929184
165244971 17929184
165244981 17929184
165245075 17929184
165245031 17929186
165245035 17929187
165245609 17929196
165245610 17929196
165245676 17929196
165245679 17929196
165245797 17929196
165245798 17929196
165245799 17929196
165245800 17929196
165245803 17929196
165245811 17929196
165245813 17929196
165245815 17929196
165245817 17929196
165245832 17929196
165245993 17929196
165249415 17929196
165251107 17929196
165251108 17929196
165251111 17929196
165251159 17929196
165251160 17929196
165251166 17929196
165251167 17929196
165252287 17929196
165252289 17929196
165245335 17929198
165242624 17929204
165242627 17929204
165242629 17929204
165242831 17929204
165242881 17929204
165249157 17929204
165249161 17929204
165250589 17929204
165250599 17929204
165252425 17929204
165252427 17929204
165242606 17929205
165243072 17929205
165242801 17929206
165248262 17929207
165248263 17929207
165251496 17929207
165251502 17929207
165252217 17929207
165250840 17929209
165244837 17929211
165244995 17929211
165238192 17929215
165245129 17929215
165248098 17929215
165248621 17929216
165241633 17929217
165242060 17929217
165242026 17929219
165242027 17929219
165242772 17929220
165245281 17929222
165245433 17929222
165245445 17929222
165250981 17929223
165241703 17929224
165246037 17929225
165246065 17929225
165246219 17929225
165238678 17929227
165237655 17929229
165237659 17929229
165237715 17929229
165237961 17929229
165237979 17929229
165237988 17929229
165238005 17929229
165238026 17929229
165238049 17929229
165238072 17929229
165248613 17929229
165252134 17929229
165248731 17929230
165252167 17929230
165251934 17929231
165237461 17929233
165237526 17929233
165237529 17929233
165248566 17929233
165250422 17929233
165250423 17929233
165252330 17929233
165246393 17929235
165246492 17929235
165246376 17929236
165242122 17929237
165241682 17929238
165241693 17929238
165242075 17929238
165242673 17929240
165242677 17929240
165242678 17929240
165248196 17929241
165245580 17929242
165245586 17929242
165244434 17929243
165244436 17929243
165244438 17929243
165239883 17929244
165239957 17929244
165249770 17929245
165237641 17929249
165237644 17929249
165237795 17929249
165237798 17929249
165237802 17929249
165237915 17929249
165242727 17929249
165242729 17929249
165242731 17929249
165242732 17929249
165242812 17929249
165242816 17929249
165242949 17929249
165243016 17929249
165243032 17929249
165243037 17929249
165243044 17929249
165249136 17929249
165250434 17929249
165250437 17929249
165250438 17929249
165250440 17929249
165250441 17929249
165251398 17929249
165251399 17929249
165242687 17929251
165242713 17929251
165242938 17929251
165250594 17929251
165250595 17929251
165250167 17929252
165250170 17929252
165250171 17929252
165243756 17929257
165243764 17929257
165243809 17929257
165243882 17929257
165243891 17929257
165243953 17929257
165243976 17929257
165244001 17929257
165249255 17929257
165249265 17929257
165249402 17929257
165250144 17929257
165250145 17929257
165239881 17929260
165239893 17929260
165239899 17929260
165239907 17929260
165241588 17929260
165242126 17929260
165245718 17929261
165245720 17929261
165245721 17929261
165245796 17929261
165245044 17929263
165248087 17929263
165240705 17929264
165240706 17929265
165242998 17929267
165242999 17929267
165252234 17929267
165241628 17929269
165241643 17929269
165250869 17929269
165249345 17929270
165250115 17929271
165246015 17929273
165246042 17929273
165246048 17929273
165246078 17929273
165246118 17929273
165246208 17929273
165251310 17929273
165251311 17929273
165244046 17929274
165244129 17929274
165246009 17929274
165246113 17929274
165241739 17929281
165241743 17929281
165241745 17929281
165241747 17929281
165241748 17929281
165241762 17929281
165241853 17929281
165241871 17929281
165241914 17929281
165244036 17929281
165244105 17929281
165244189 17929281
165244293 17929281
165249060 17929281
165249311 17929281
165250390 17929281
165250391 17929281
165251490 17929281
165251658 17929281
165251663 17929281
165251664 17929281
165252215 17929281
165252399 17929281
165252400 17929281
165252444 17929281
165252363 17929285
165239309 17929288
165248189 17929288
165239590 17929291
165239594 17929291
165252402 17929292
165245555 17929293
165245559 17929293
165245577 17929293
165245591 17929293
165252285 17929293
165240708 17929295
165252584 17929295
165252585 17929295
165244457 17929296
165244458 17929296
165248256 17929296
165248277 17929296
165248302 17929296
165239880 17929297
165239886 17929297
165250721 17929298
165244386 17929299
165244807 17929302
165249342 17929302
165246176 17929303
165244800 17929304
165244973 17929304
165244799 17929305
165244028 17929312
165244144 17929312
165244146 17929312
165244148 17929312
165244150 17929312
165244152 17929312
165244154 17929312
165244156 17929312
165244157 17929312
165244159 17929312
165244178 17929312
165244186 17929312
165244187 17929312
165244203 17929312
165249281 17929312
165250385 17929312
165252447 17929312
165252449 17929312
165242082 17929314
165239138 17929317
165248198 17929317
165252123 17929317
165241663 17929318
165248428 17929321
165245755 17929322
165251387 17929324
165248244 17929325
165238372 17929326
165239160 17929329
165239485 17929329
165248708 17929329
165252354 17929329
165249759 17929330
165241074 17929332
165241075 17929332
165239021 17929333
165247098 17929335
165250656 17929335
165248149 17929336
165246745 17929337
165246909 17929337
165252308 17929337
165246727 17929339
165239523 17929341
165239530 17929341
165239551 17929341
165239535 17929342
165239540 17929342
165239619 17929342
165246708 17929343
165246710 17929343
165246947 17929343
165246949 17929343
165250666 17929343
165251862 17929343
165251863 17929343
165238389 17929344
165238393 17929344
165238395 17929344
165238398 17929344
165238447 17929344
165238502 17929344
165248642 17929344
165246465 17929345
165246469 17929345
165246481 17929345
165251465 17929345
165251467 17929345
165242734 17929346
165239892 17929347
165239896 17929347
165239963 17929347
165239967 17929347
165242225 17929349
165248230 17929350
165239959 17929352
165249158 17929354
165241764 17929356
165241905 17929356
165241907 17929356
165241909 17929356
165242009 17929356
165242031 17929356
165241714 17929357
165241820 17929357
165241879 17929357
165241884 17929357
165242038 17929357
165241128 17929358
165241336 17929358
165242697 17929359
165242704 17929359
165242707 17929359
165242709 17929359
165242715 17929359
165242718 17929359
165242936 17929359
165243002 17929359
165243004 17929359
165242716 17929360
165247806 17929367
165248578 17929367
165245232 17929369
165245235 17929369
165245554 17929371
165245974 17929371
165237521 17929373
165239861 17929374
165245715 17929375
165237259 17929381
165237260 17929381
165239080 17929381
165239086 17929381
165239154 17929381
165239409 17929381
165239416 17929381
165248739 17929381
165248740 17929381
165251001 17929382
165251002 17929382
165241813 17929394
165250285 17929394
165250286 17929394
165251812 17929394
165251822 17929394
165248327 17929395
165248446 17929395
165248447 17929395
165250273 17929395
165250274 17929395
165241116 17929397
165241117 17929397
165248309 17929397
165251224 17929397
165251226 17929397
165251227 17929397
165243780 17929399
165243925 17929399
165245537 17929399
165245539 17929399
165245546 17929399
165245657 17929399
165250914 17929399
165250916 17929399
165250953 17929399
165250954 17929399
165250996 17929399
165250998 17929399
165250999 17929399
165252284 17929399
165246305 17929401
165246579 17929401
165251474 17929401
165248489 17929403
165251471 17929405
165251473 17929405
165238387 17929408
165248638 17929408
165243506 17929413
165243511 17929413
165243516 17929413
165243582 17929413
165243636 17929413
165243643 17929413
165243645 17929413
165247928 17929413
165244450 17929414
165244451 17929414
165244452 17929414
165244453 17929414
165247939 17929414
165249442 17929416
165251168 17929418
165242669 17929420
165242670 17929420
165242671 17929420
165250968 17929421
165250561 17929422
165251020 17929424
165240731 17929426
165251019 17929427
165240724 17929428
165246327 17929429
165246517 17929429
165251443 17929429
165251444 17929429
165251470 17929429
165245583 17929430
165245585 17929430
165245726 17929430
165246347 17929431
165246348 17929431
165246350 17929431
165252226 17929433
165238550 17929441
165238565 17929441
165238684 17929441
165238824 17929441
165238828 17929441
165238937 17929441
165244486 17929441
165244488 17929441
165244492 17929441
165244497 17929441
165244500 17929441
165244504 17929441
165244532 17929441
165244548 17929441
165244596 17929441
165244597 17929441
165244605 17929441
165244619 17929441
165244781 17929441
165246895 17929441
165247389 17929441
165247838 17929441
165249331 17929441
165250670 17929441
165252451 17929441
165242273 17929443
165242735 17929444
165242973 17929444
165244575 17929444
165249160 17929444
165248311 17929446
165241736 17929448
165241902 17929448
165241993 17929448
165244847 17929449
165244823 17929450
165244828 17929450
165244835 17929450
165244844 17929450
165244851 17929450
165244853 17929450
165244912 17929450
165244935 17929450
165244979 17929450
165244984 17929450
165244987 17929450
165244990 17929450
165244998 17929450
165245040 17929450
165245114 17929450
165245116 17929450
165245125 17929450
165245181 17929450
165247945 17929450
165251586 17929450
165251588 17929450
165251589 17929450
165251593 17929450
165251594 17929450
165244871 17929451
165247298 17929453
165242851 17929455
165245836 17929458
165245840 17929458
165245843 17929458
165245845 17929458
165245847 17929458
165245848 17929458
165250183 17929458
165250186 17929458
165250188 17929458
165250189 17929458
165250199 17929458
165250214 17929458
165250223 17929458
165250226 17929458
165250232 17929458
165250235 17929458
165250241 17929458
165250244 17929458
165250247 17929458
165250250 17929458
165250253 17929458
165250255 17929458
165250256 17929458
165252318 17929458
165252320 17929458
165245635 17929459
165243123 17929462
165249167 17929462
165249181 17929462
165249186 17929462
165251922 17929462
165251923 17929462
165241647 17929463
165241648 17929463
165242724 17929464
165241050 17929465
165238088 17929467
165238113 17929467
165238132 17929467
165238149 17929467
165244831 17929467
165248952 17929468
165248954 17929468
165242680 17929470
165242689 17929470
165242705 17929470
165241625 17929471
165241651 17929471
165244401 17929472
165244726 17929472
165242098 17929474
165242096 17929475
165241668 17929476
165245094 17929477
165242676 17929478
165242694 17929478
165242703 17929478
165248284 17929479
165239357 17929480
165244406 17929481
165248280 17929481
165241623 17929482
165241640 17929482
165246736 17929484
165246915 17929484
165242233 17929485
165248117 17929487
165248120 17929487
165241637 17929493
165241641 17929493
165241656 17929493
165241972 17929493
165241999 17929493
165242157 17929493
165249078 17929493
165249761 17929493
165249762 17929493
165248328 17929496
165245548 17929497
165245571 17929497
165245973 17929497
165245911 17929501
165245913 17929501
165245915 17929501
165245917 17929501
165245921 17929501
165245923 17929501
165245925 17929501
165245927 17929501
165245929 17929501
165245931 17929501
165245933 17929501
165245935 17929501
165245937 17929501
165245939 17929501
165245941 17929501
165245956 17929501
165245958 17929501
165248385 17929501
165248386 17929501
165250690 17929501
165250692 17929501
165250695 17929501
165250696 17929501
165250698 17929501
165250699 17929501
165241810 17929503
165245384 17929506
165245466 17929506
165245472 17929506
165245476 17929506
165245489 17929506
165245491 17929506
165245493 17929506
165245495 17929506
165245497 17929506
165245499 17929506
165245501 17929506
165245505 17929506
165245507 17929506
165245511 17929506
165245513 17929506
165245516 17929506
165245519 17929506
165245617 17929506
165250704 17929506
165250705 17929506
165250714 17929506
165251883 17929506
165251884 17929506
165252281 17929506
165250821 17929508
165251220 17929509
165251221 17929509
165244395 17929510
165244403 17929510
165244413 17929510
165248292 17929510
165248293 17929511
165238556 17929512
165238805 17929512
165246883 17929512
165249535 17929512
165240159 17929515
165240163 17929515
165251535 17929515
165251537 17929515
165251538 17929515
165238985 17929516
165239254 17929516
165239045 17929518
165248749 17929518
165248752 17929518
165252365 17929518
165246292 17929519
165246294 17929519
165249469 17929519
165249508 17929519
