387334 13568548
387334 13628767
387335 13568548
387335 13628767
387336 13568548
387336 13628767
387332 13569781
387332 13624362
379660 13572594
379660 13626869
378490 13573848
378490 13628673
387331 13573850
387331 13628675
387463 13630605
387465 13630605
387467 13630605
387469 13630605
387471 13630605
387471 13642504
387473 13630605
387473 13642504
387475 13630605
387475 13642504
387477 13630605
387477 13642504
387479 13630605
387479 13642504
387481 13630605
387481 13642504
387483 13630605
387483 13642504
387485 13630605
387485 13642504
387487 13630605
387487 13642504
387489 13630605
387489 13642504
387491 13630605
387491 13642504
387492 13630605
387492 13642504
387276 13623540
387276 13641045
387340 13623541
387340 13641049
378196 13624941
378196 13641787
387339 13624941
387339 13641787
376104 13625943
376104 13642223
376115 13625943
376115 13642223
382487 13625943
382487 13642223
382488 13625943
382488 13642223
384268 13625943
384268 13642223
385092 13625943
385092 13642223
387261 13625943
387261 13642223
387347 13625943
387347 13642223
387348 13625943
387348 13642223
380566 13629104
380566 13643857
387277 13629104
387277 13643857
387286 13629104
387286 13643857
381200 13627285
381200 13664565
381206 13627285
381206 13664565
381744 13627285
381744 13664565
381756 13627285
381756 13664565
385778 13627399
385778 13665626
385779 13627399
385779 13665626
381044 13627729
381044 13669355
387318 13628955
387318 13668877
387319 13628955
387319 13668877
387320 13628955
387320 13668877
387322 13628955
387322 13668877
387324 13628955
387324 13668877
385798 13629683
380773 13629683
380773 13663386
380800 13629683
380800 13663386
385797 13629683
385797 13663386
387325 13629683
387325 13663386
387326 13629683
387326 13663386
387304 13630416
387310 13630416
387310 13665990
387311 13630416
387311 13665990
387312 13630416
387312 13665990
381041 13631074
381041 13666132
381542 13631074
381542 13666132
387308 13631074
387308 13666132
387323 13663386
378493 107175298
378493 107175308
378493 107367469
378493 13626732
379417 107175298
379417 107175308
379417 107367469
379417 13626732
383282 107175298
383282 107175308
383282 107367469
383282 13626732
378530 107175319
378530 13631560
383777 107175319
383777 13631560
383778 107175319
383778 13631560
377813 107367355
377813 13631445
377822 107367355
377822 13631445
377890 107367355
377890 13631445
377894 107367355
377894 13631445
377916 107367355
377916 13631445
377929 107367355
377929 13631445
378125 107367355
378125 13631445
378128 107367355
378128 13631445
378312 107367355
378312 13631445
380333 107367355
380333 13631445
380340 107367355
380340 13631445
380342 107367355
380342 13631445
380357 107367355
380357 13631445
380393 107367355
380393 13631445
380405 107367355
380405 13631445
380412 107367355
380412 13631445
380581 107367355
380581 13631445
380632 107367355
380632 13631445
380646 107367355
380646 13631445
380739 107367355
380739 13631445
383070 107367355
383070 13631445
383305 107367355
383305 13631445
383306 107367355
383306 13631445
383501 107367355
383501 13631445
385885 107367355
385885 13631445
386183 107367355
386183 13631445
386255 107367355
386255 13631445
386324 107367355
386324 13631445
386335 107367355
386335 13631445
386336 107367355
386336 13631445
386660 107367355
386660 13631445
387748 107367355
387748 13631445
387750 107367355
387750 13631445
387754 107367355
387754 13631445
387920 107367355
387920 13631445
387951 107367355
387951 13631445
378014 107367396
378014 13629015
378295 107367396
378295 13629015
378298 107367396
378298 13629015
378311 107367396
378311 13629015
378314 107367396
378314 13629015
378691 107367396
378691 13629015
379433 107367396
379433 13629015
383526 107367396
383526 13629015
386685 107367396
386685 13629015
386686 107367396
386686 13629015
377130 107367462
377130 107367478
377130 114996208
377130 114996210
377130 115037165
377130 115037166
377130 115037167
377130 115037170
377130 115037173
377130 115037177
377130 115037179
377130 115037186
377130 115037191
377130 115037196
377130 115037200
377130 115041046
377130 115042521
377130 115042529
377130 13629008
377130 52037570
377130 52037571
377130 52037766
377136 107367462
377136 107367478
377136 114996208
377136 114996210
377136 115037165
377136 115037166
377136 115037167
377136 115037170
377136 115037173
377136 115037177
377136 115037179
377136 115037186
377136 115037191
377136 115037196
377136 115037200
377136 115041046
377136 115042521
377136 115042529
377136 13629008
377136 52037570
377136 52037571
377136 52037766
377791 107367462
377791 107367478
377791 114996208
377791 114996210
377791 115037165
377791 115037166
377791 115037167
377791 115037170
377791 115037173
377791 115037177
377791 115037179
377791 115037186
377791 115037191
377791 115037196
377791 115037200
377791 115041046
377791 115042521
377791 115042529
377791 13629008
377791 52037570
377791 52037571
377791 52037766
377797 107367462
377797 107367478
377797 114996208
377797 114996210
377797 115037165
377797 115037166
377797 115037167
377797 115037170
377797 115037173
377797 115037177
377797 115037179
377797 115037186
377797 115037191
377797 115037196
377797 115037200
377797 115041046
377797 115042521
377797 115042529
377797 13629008
377797 52037570
377797 52037571
377797 52037766
377799 107367462
377799 107367478
377799 114996208
377799 114996210
377799 115037165
377799 115037166
377799 115037167
377799 115037170
377799 115037173
377799 115037177
377799 115037179
377799 115037186
377799 115037191
377799 115037196
377799 115037200
377799 115041046
377799 115042521
377799 115042529
377799 13629008
377799 52037570
377799 52037571
377799 52037766
377800 107367462
377800 107367478
377800 114996208
377800 114996210
377800 115037165
377800 115037166
377800 115037167
377800 115037170
377800 115037173
377800 115037177
377800 115037179
377800 115037186
377800 115037191
377800 115037196
377800 115037200
377800 115041046
377800 115042521
377800 115042529
377800 13629008
377800 52037570
377800 52037571
377800 52037766
377802 107367462
377802 107367478
377802 114996208
377802 114996210
377802 115037165
377802 115037166
377802 115037167
377802 115037170
377802 115037173
377802 115037177
377802 115037179
377802 115037186
377802 115037191
377802 115037196
377802 115037200
377802 115041046
377802 115042521
377802 115042529
377802 13629008
377802 52037570
377802 52037571
377802 52037766
377804 107367462
377804 107367478
377804 114996208
377804 114996210
377804 115037165
377804 115037166
377804 115037167
377804 115037170
377804 115037173
377804 115037177
377804 115037179
377804 115037186
377804 115037191
377804 115037196
377804 115037200
377804 115041046
377804 115042521
377804 115042529
377804 13629008
377804 52037570
377804 52037571
377804 52037766
377812 107367462
377812 107367478
377812 114996208
377812 114996210
377812 115037165
377812 115037166
377812 115037167
377812 115037170
377812 115037173
377812 115037177
377812 115037179
377812 115037186
377812 115037191
377812 115037196
377812 115037200
377812 115041046
377812 115042521
377812 115042529
377812 13629008
377812 52037570
377812 52037571
377812 52037766
378026 107367462
378026 107367478
378026 114996208
378026 114996210
378026 115037165
378026 115037166
378026 115037167
378026 115037170
378026 115037173
378026 115037177
378026 115037179
378026 115037186
378026 115037191
378026 115037196
378026 115037200
378026 115041046
378026 115042521
378026 115042529
378026 13629008
378026 52037570
378026 52037571
378026 52037766
378029 107367462
378029 107367478
378029 114996208
378029 114996210
378029 115037165
378029 115037166
378029 115037167
378029 115037170
378029 115037173
378029 115037177
378029 115037179
378029 115037186
378029 115037191
378029 115037196
378029 115037200
378029 115041046
378029 115042521
378029 115042529
378029 13629008
378029 52037570
378029 52037571
378029 52037766
378042 107367462
378042 107367478
378042 114996208
378042 114996210
378042 115037165
378042 115037166
378042 115037167
378042 115037170
378042 115037173
378042 115037177
378042 115037179
378042 115037186
378042 115037191
378042 115037196
378042 115037200
378042 115041046
378042 115042521
378042 115042529
378042 13629008
378042 52037570
378042 52037571
378042 52037766
378045 107367462
378045 107367478
378045 114996208
378045 114996210
378045 115037165
378045 115037166
378045 115037167
378045 115037170
378045 115037173
378045 115037177
378045 115037179
378045 115037186
378045 115037191
378045 115037196
378045 115037200
378045 115041046
378045 115042521
378045 115042529
378045 13629008
378045 52037570
378045 52037571
378045 52037766
378330 107367462
378330 107367478
378330 114996208
378330 114996210
378330 115037165
378330 115037166
378330 115037167
378330 115037170
378330 115037173
378330 115037177
378330 115037179
378330 115037186
378330 115037191
378330 115037196
378330 115037200
378330 115041046
378330 115042521
378330 115042529
378330 13629008
378330 52037570
378330 52037571
378330 52037766
379108 107367462
379108 107367478
379108 114996208
379108 114996210
379108 115037165
379108 115037166
379108 115037167
379108 115037170
379108 115037173
379108 115037177
379108 115037179
379108 115037186
379108 115037191
379108 115037196
379108 115037200
379108 115041046
379108 115042521
379108 115042529
379108 13629008
379108 52037570
379108 52037571
379108 52037766
382496 107367462
382496 107367478
382496 114996208
382496 114996210
382496 115037165
382496 115037166
382496 115037167
382496 115037170
382496 115037173
382496 115037177
382496 115037179
382496 115037186
382496 115037191
382496 115037196
382496 115037200
382496 115041046
382496 115042521
382496 115042529
382496 13629008
382496 52037570
382496 52037571
382496 52037766
382497 107367462
382497 107367478
382497 114996208
382497 114996210
382497 115037165
382497 115037166
382497 115037167
382497 115037170
382497 115037173
382497 115037177
382497 115037179
382497 115037186
382497 115037191
382497 115037196
382497 115037200
382497 115041046
382497 115042521
382497 115042529
382497 13629008
382497 52037570
382497 52037571
382497 52037766
382533 107367462
382533 107367478
382533 114996208
382533 114996210
382533 115037165
382533 115037166
382533 115037167
382533 115037170
382533 115037173
382533 115037177
382533 115037179
382533 115037186
382533 115037191
382533 115037196
382533 115037200
382533 115041046
382533 115042521
382533 115042529
382533 13629008
382533 52037570
382533 52037571
382533 52037766
382534 107367462
382534 107367478
382534 114996208
382534 114996210
382534 115037165
382534 115037166
382534 115037167
382534 115037170
382534 115037173
382534 115037177
382534 115037179
382534 115037186
382534 115037191
382534 115037196
382534 115037200
382534 115041046
382534 115042521
382534 115042529
382534 13629008
382534 52037570
382534 52037571
382534 52037766
382715 107367462
382715 107367478
382715 114996208
382715 114996210
382715 115037165
382715 115037166
382715 115037167
382715 115037170
382715 115037173
382715 115037177
382715 115037179
382715 115037186
382715 115037191
382715 115037196
382715 115037200
382715 115041046
382715 115042521
382715 115042529
382715 13629008
382715 52037570
382715 52037571
382715 52037766
383285 107367462
383285 107367478
383285 114996208
383285 114996210
383285 115037165
383285 115037166
383285 115037167
383285 115037170
383285 115037173
383285 115037177
383285 115037179
383285 115037186
383285 115037191
383285 115037196
383285 115037200
383285 115041046
383285 115042521
383285 115042529
383285 13629008
383285 52037570
383285 52037571
383285 52037766
383478 107367462
383478 107367478
383478 114996208
383478 114996210
383478 115037165
383478 115037166
383478 115037167
383478 115037170
383478 115037173
383478 115037177
383478 115037179
383478 115037186
383478 115037191
383478 115037196
383478 115037200
383478 115041046
383478 115042521
383478 115042529
383478 13629008
383478 52037570
383478 52037571
383478 52037766
386669 107367462
386669 107367478
386669 114996208
386669 114996210
386669 115037165
386669 115037166
386669 115037167
386669 115037170
386669 115037173
386669 115037177
386669 115037179
386669 115037186
386669 115037191
386669 115037196
386669 115037200
386669 115041046
386669 115042521
386669 115042529
386669 13629008
386669 52037570
386669 52037571
386669 52037766
386670 107367462
386670 107367478
386670 114996208
386670 114996210
386670 115037165
386670 115037166
386670 115037167
386670 115037170
386670 115037173
386670 115037177
386670 115037179
386670 115037186
386670 115037191
386670 115037196
386670 115037200
386670 115041046
386670 115042521
386670 115042529
386670 13629008
386670 52037570
386670 52037571
386670 52037766
386767 107367462
386767 107367478
386767 114996208
386767 114996210
386767 115037165
386767 115037166
386767 115037167
386767 115037170
386767 115037173
386767 115037177
386767 115037179
386767 115037186
386767 115037191
386767 115037196
386767 115037200
386767 115041046
386767 115042521
386767 115042529
386767 13629008
386767 52037570
386767 52037571
386767 52037766
386769 107367462
386769 107367478
386769 114996208
386769 114996210
386769 115037165
386769 115037166
386769 115037167
386769 115037170
386769 115037173
386769 115037177
386769 115037179
386769 115037186
386769 115037191
386769 115037196
386769 115037200
386769 115041046
386769 115042521
386769 115042529
386769 13629008
386769 52037570
386769 52037571
386769 52037766
386770 107367462
386770 107367478
386770 114996208
386770 114996210
386770 115037165
386770 115037166
386770 115037167
386770 115037170
386770 115037173
386770 115037177
386770 115037179
386770 115037186
386770 115037191
386770 115037196
386770 115037200
386770 115041046
386770 115042521
386770 115042529
386770 13629008
386770 52037570
386770 52037571
386770 52037766
386777 107367462
386777 107367478
386777 114996208
386777 114996210
386777 115037165
386777 115037166
386777 115037167
386777 115037170
386777 115037173
386777 115037177
386777 115037179
386777 115037186
386777 115037191
386777 115037196
386777 115037200
386777 115041046
386777 115042521
386777 115042529
386777 13629008
386777 52037570
386777 52037571
386777 52037766
386779 107367462
386779 107367478
386779 114996208
386779 114996210
386779 115037165
386779 115037166
386779 115037167
386779 115037170
386779 115037173
386779 115037177
386779 115037179
386779 115037186
386779 115037191
386779 115037196
386779 115037200
386779 115041046
386779 115042521
386779 115042529
386779 13629008
386779 52037570
386779 52037571
386779 52037766
386780 107367462
386780 107367478
386780 114996208
386780 114996210
386780 115037165
386780 115037166
386780 115037167
386780 115037170
386780 115037173
386780 115037177
386780 115037179
386780 115037186
386780 115037191
386780 115037196
386780 115037200
386780 115041046
386780 115042521
386780 115042529
386780 13629008
386780 52037570
386780 52037571
386780 52037766
386813 107367462
386813 107367478
386813 114996208
386813 114996210
386813 115037165
386813 115037166
386813 115037167
386813 115037170
386813 115037173
386813 115037177
386813 115037179
386813 115037186
386813 115037191
386813 115037196
386813 115037200
386813 115041046
386813 115042521
386813 115042529
386813 13629008
386813 52037570
386813 52037571
386813 52037766
386814 107367462
386814 107367478
386814 114996208
386814 114996210
386814 115037165
386814 115037166
386814 115037167
386814 115037170
386814 115037173
386814 115037177
386814 115037179
386814 115037186
386814 115037191
386814 115037196
386814 115037200
386814 115041046
386814 115042521
386814 115042529
386814 13629008
386814 52037570
386814 52037571
386814 52037766
387639 107367462
387639 107367478
387639 114996208
387639 114996210
387639 115037165
387639 115037166
387639 115037167
387639 115037170
387639 115037173
387639 115037177
387639 115037179
387639 115037186
387639 115037191
387639 115037196
387639 115037200
387639 115041046
387639 115042521
387639 115042529
387639 13629008
387639 52037570
387639 52037571
387639 52037766
387662 107367462
387662 107367478
387662 114996208
387662 114996210
387662 115037165
387662 115037166
387662 115037167
387662 115037170
387662 115037173
387662 115037177
387662 115037179
387662 115037186
387662 115037191
387662 115037196
387662 115037200
387662 115041046
387662 115042521
387662 115042529
387662 13629008
387662 52037570
387662 52037571
387662 52037766
387682 107367462
387682 107367478
387682 114996208
387682 114996210
387682 115037165
387682 115037166
387682 115037167
387682 115037170
387682 115037173
387682 115037177
387682 115037179
387682 115037186
387682 115037191
387682 115037196
387682 115037200
387682 115041046
387682 115042521
387682 115042529
387682 13629008
387682 52037570
387682 52037571
387682 52037766
387905 107367462
387905 107367478
387905 114996208
387905 114996210
387905 115037165
387905 115037166
387905 115037167
387905 115037170
387905 115037173
387905 115037177
387905 115037179
387905 115037186
387905 115037191
387905 115037196
387905 115037200
387905 115041046
387905 115042521
387905 115042529
387905 13629008
387905 52037570
387905 52037571
387905 52037766
377147 114996209
377147 13626887
377149 114996209
377149 13626887
377151 114996209
377151 13626887
377152 114996209
377152 13626887
377155 114996209
377155 13626887
377391 114996209
377391 13626887
377481 114996209
377481 13626887
377483 114996209
377483 13626887
377486 114996209
377486 13626887
377507 114996209
377507 13626887
382666 114996209
382666 13626887
382667 114996209
382667 13626887
382668 114996209
382668 13626887
383448 114996209
383448 13626887
383449 114996209
383449 13626887
387861 114996209
387861 13626887
378011 115037164
378011 13630517
378047 115037164
378047 13630517
383538 115037164
383538 13630517
384550 115037164
384550 13630517
384551 115037164
384551 13630517
379157 115037171
379157 13623539
379158 115037171
379158 13623539
379165 115037171
379165 13623539
386197 115037171
386197 13623539
386446 115037171
386446 13623539
386885 115037171
386885 13623539
386886 115037171
386886 13623539
387012 115037198
387012 13625293
387043 115037198
387043 13625293
387210 115037198
387210 13625293
382644 13623530
382645 13623530
381953 13623531
378830 13623536
379355 13623536
379188 13623538
377930 13623543
377933 13623543
378419 13623543
383507 13623543
377445 13623546
377896 13623549
386619 13623549
386620 13623549
386997 13623552
387400 13623554
381940 13623557
381941 13623557
379706 13623565
380055 13623565
385928 13623565
386210 13623565
386211 13623565
378777 13623567
386521 13623572
387879 13623572
380704 13623575
385824 13623592
387119 13623592
387571 13623592
387590 13623592
386845 13623597
378137 13623607
386976 13623607
387665 13623607
387666 13623607
386582 13623608
382764 13623610
379759 13623615
380125 13623615
378636 13623618
387059 13623618
377887 13623622
378095 13623622
379226 13623627
383558 13623627
387874 13623627
386983 13623629
384386 13623632
386985 13623634
386989 13623635
383036 13623638
376783 13623645
376784 13623645
376790 13623645
376804 13623645
376807 13623645
376809 13623645
376846 13623645
376848 13623645
376857 13623645
378322 13623645
378324 13623645
378328 13623645
378331 13623645
378332 13623645
378333 13623645
382272 13623645
382646 13623645
382647 13623645
383405 13623645
383406 13623645
383408 13623645
383412 13623645
383414 13623645
383537 13623645
384023 13623645
386169 13623645
387744 13623645
379378 13623646
383597 13623649
386198 13623649
383100 13623650
378273 13623651
387040 13623651
381911 13623653
384529 13623659
385961 13623659
387048 13623660
387049 13623661
381918 13623663
378826 13623668
387685 13623668
387110 13623672
387112 13623672
387113 13623672
376136 13623675
376140 13623675
376142 13623675
376144 13623675
383371 13623675
387115 13623676
387117 13623678
386970 13623679
386972 13623680
386973 13623681
380805 13623683
387759 13623683
386975 13623687
379369 13623688
387829 13623691
386185 13623696
381837 13623700
387030 13623702
387031 13623703
387033 13623708
387035 13623710
378161 13623719
386731 13623719
387039 13623719
387670 13623719
384290 13623723
384898 13623724
385478 13623724
384292 13623726
386352 13623727
386893 13623727
387100 13623729
386897 13623730
386898 13623732
387103 13623736
381687 13623739
379281 13623741
376762 13623743
379283 13623744
386961 13623746
386967 13623748
386968 13623752
383014 13623753
383018 13623756
379356 13623758
387813 13623760
379472 13623772
380074 13623772
380076 13623772
380078 13623772
380080 13623772
380082 13623772
380084 13623772
380086 13623772
380088 13623772
380090 13623772
380092 13623772
380100 13623772
380102 13623772
380104 13623772
380106 13623772
380807 13623772
380809 13623772
380811 13623772
380813 13623772
380815 13623772
380817 13623772
380819 13623772
380833 13623772
381481 13623772
381483 13623772
381485 13623772
381487 13623772
381491 13623772
381493 13623772
381498 13623772
383659 13623772
383920 13623772
384896 13623772
384897 13623772
385608 13623772
385609 13623772
379420 13623773
380186 13623775
379425 13623776
386398 13623778
387026 13623778
383729 13623780
384281 13623783
384287 13623784
377932 13623786
385533 13623788
376756 13623790
386950 13623794
386951 13623794
386952 13623794
382505 13623799
382521 13623799
382522 13623799
382525 13623799
382527 13623799
382528 13623799
383568 13623799
383581 13623799
382061 13623805
386569 13623805
386954 13623805
386955 13623805
387391 13623805
380329 13623806
386958 13623808
386586 13623809
386959 13623809
377145 13623810
383008 13623811
379346 13623812
385382 13623814
385387 13623816
385388 13623816
385389 13623817
379416 13623818
382718 13623820
387010 13623820
379418 13623821
387014 13623824
387019 13623828
376669 13623834
376670 13623834
379191 13623837
379193 13623838
385456 13623844
384273 13623846
386940 13623849
386941 13623849
386942 13623849
386945 13623851
377134 13623853
376157 13623862
376158 13623862
376160 13623862
376161 13623862
376163 13623862
376164 13623862
376805 13623862
376814 13623862
376819 13623862
376820 13623862
376825 13623862
376827 13623862
376829 13623862
376832 13623862
376834 13623862
376836 13623862
376842 13623862
376843 13623862
376844 13623862
376921 13623862
383407 13623862
383409 13623862
383410 13623862
383411 13623862
386155 13623862
385376 13623865
387573 13623868
379402 13623869
379404 13623871
379406 13623872
386797 13623873
379407 13623875
387002 13623876
387008 13623879
385442 13623882
376666 13623884
381659 13623890
386530 13623890
385511 13623894
380294 13623896
380296 13623896
380298 13623896
380300 13623896
380302 13623896
386930 13623898
376739 13623902
386931 13623909
382506 13623912
386938 13623914
386939 13623914
386943 13623914
387205 13623914
377441 13623918
377698 13623918
384976 13623921
384979 13623923
387561 13623925
376652 13623927
379173 13623929
377551 13623933
377553 13623933
377556 13623933
377557 13623933
377559 13623933
377561 13623933
377565 13623933
383474 13623933
383476 13623933
383481 13623933
386921 13623935
386527 13623947
386529 13623947
386926 13623947
386365 13623950
386927 13623950
381642 13623962
381650 13623962
386323 13623962
386531 13623962
386571 13623962
386572 13623962
386928 13623962
387392 13623962
387394 13623962
379481 13623974
380109 13623974
380115 13623974
380117 13623974
380119 13623974
380121 13623974
380123 13623974
380126 13623974
380127 13623974
380129 13623974
380131 13623974
380133 13623974
380135 13623974
380137 13623974
380141 13623974
380143 13623974
380182 13623974
381440 13623974
381442 13623974
381444 13623974
381446 13623974
381450 13623974
381452 13623974
381454 13623974
381456 13623974
381458 13623974
381462 13623974
381463 13623974
382310 13623974
382317 13623974
382368 13623974
382374 13623974
383722 13623974
385614 13623974
385615 13623974
387723 13623974
387552 13623977
387555 13623978
387558 13623980
380786 13623982
379160 13623986
376644 13623989
387625 13623990
384882 13623993
384884 13623993
384885 13623993
377039 13624000
386910 13624003
386514 13624006
386915 13624006
386916 13624009
378335 13624012
378337 13624012
378339 13624012
378347 13624012
378349 13624012
378350 13624012
378352 13624012
378355 13624012
378357 13624012
378359 13624012
378361 13624012
383533 13624012
386917 13624014
380063 13624015
386691 13624019
386128 13624022
382970 13624024
380205 13624026
386532 13624034
387393 13624034
376700 13624035
380849 13624040
376704 13624045
387398 13624048
376709 13624050
386901 13624054
386902 13624056
386904 13624060
386907 13624061
385768 13624063
386908 13624063
387202 13624065
387462 13624065
384943 13624067
385268 13624070
380058 13624072
386007 13624075
386111 13624075
387533 13624076
381251 13624080
381258 13624080
381260 13624080
381262 13624080
381263 13624080
381265 13624080
381406 13624080
381459 13624080
381544 13624080
383714 13624080
384791 13624082
385400 13624086
385401 13624088
380822 13624090
380824 13624090
380826 13624090
380828 13624090
380830 13624090
380832 13624090
380834 13624090
380835 13624090
383343 13624094
387383 13624094
387384 13624097
387386 13624101
380781 13624109
380783 13624109
380784 13624109
380821 13624109
381381 13624109
381387 13624109
381389 13624109
381391 13624109
381393 13624109
381394 13624109
387758 13624109
387809 13624109
385250 13624112
385251 13624112
387454 13624115
380044 13624121
387455 13624123
387457 13624127
387458 13624130
385891 13624140
386678 13624144
382881 13624147
382882 13624147
387524 13624152
380752 13624157
387961 13624157
380754 13624159
384783 13624162
384786 13624164
383431 13624174
377573 13624177
377575 13624177
377576 13624177
379779 13624180
382065 13624192
387375 13624192
387390 13624192
387449 13624193
380677 13624197
383685 13624197
386733 13624199
378741 13624206
379615 13624206
379631 13624206
379633 13624206
382302 13624206
385099 13624210
386803 13624215
386804 13624215
386805 13624216
386806 13624218
387086 13624218
386808 13624220
385163 13624222
384841 13624224
379768 13624226
379769 13624226
387363 13624229
386585 13624231
381379 13624233
376454 13624239
387432 13624242
387439 13624246
382863 13624248
382865 13624248
384762 13624253
381290 13624256
381294 13624259
381298 13624262
376860 13624265
376862 13624265
376869 13624265
383415 13624265
383416 13624265
377558 13624267
386570 13624270
383196 13624287
383197 13624287
382784 13624290
387420 13624293
387425 13624296
387429 13624299
382858 13624301
386711 13624304
386712 13624304
386716 13624307
379672 13624310
382060 13624322
382068 13624322
382139 13624322
383741 13624322
378320 13624324
381282 13624326
381288 13624332
385789 13624337
387417 13624341
382203 13624344
378245 13624347
384747 13624351
378313 13624354
378315 13624355
378318 13624357
381278 13624359
376990 13624365
382763 13624366
387401 13624368
387404 13624377
387405 13624381
385841 13624387
380145 13624406
380147 13624406
380149 13624406
380151 13624406
380152 13624406
381397 13624406
381405 13624406
381407 13624406
381409 13624406
381411 13624406
381413 13624406
381414 13624406
381963 13624406
381965 13624406
381967 13624406
381969 13624406
381973 13624406
381977 13624406
381979 13624406
381981 13624406
381983 13624406
381985 13624406
381987 13624406
381989 13624406
381991 13624406
381993 13624406
381995 13624406
381997 13624406
381999 13624406
382000 13624406
382879 13624406
382880 13624406
383996 13624406
383997 13624406
386266 13624406
387601 13624406
385843 13624412
384662 13624417
378238 13624420
384655 13624422
385043 13624428
386463 13624429
386464 13624429
381899 13624431
385758 13624433
376401 13624434
387098 13624436
384643 13624439
382815 13624443
386388 13624445
376250 13624448
382592 13624452
376256 13624461
384715 13624466
384716 13624466
377501 13624468
386528 13624470
385746 13624474
387084 13624476
387087 13624477
381949 13624482
381950 13624482
381957 13624485
386374 13624488
378744 13624491
386378 13624491
382586 13624495
376309 13624499
376311 13624499
376313 13624499
376315 13624499
376317 13624499
376319 13624499
382657 13624502
386511 13624506
386513 13624510
385734 13624513
383138 13624516
387071 13624518
382719 13624521
382720 13624521
387074 13624523
387075 13624525
385802 13624530
385808 13624534
376167 13624538
376168 13624538
376307 13624538
387144 13624539
385580 13624543
385583 13624548
387780 13624554
377412 13624561
385016 13624565
382006 13624568
387852 13624571
376305 13624572
385724 13624576
383129 13624579
387060 13624583
387061 13624583
387062 13624585
387063 13624585
387064 13624587
387065 13624590
387066 13624592
387069 13624594
381935 13624599
376147 13624603
376148 13624603
376149 13624603
376151 13624603
376152 13624603
387132 13624611
378754 13624615
386991 13624618
386992 13624618
384394 13624622
377408 13624625
382564 13624629
382567 13624629
382568 13624629
382566 13624632
386998 13624634
387203 13624637
387204 13624640
383042 13624642
379382 13624646
379383 13624646
383114 13624649
387911 13624651
387051 13624654
387053 13624658
378675 13624663
387056 13624666
387057 13624666
384538 13624669
387058 13624672
382708 13624674
387120 13624676
387121 13624676
387122 13624679
387127 13624681
387128 13624684
382551 13624688
386982 13624693
384224 13624703
379231 13624705
379743 13624711
382780 13624711
384893 13624711
384894 13624711
385476 13624711
385477 13624711
382771 13624718
382773 13624718
382774 13624718
382777 13624718
382734 13624732
386791 13624732
386792 13624732
387819 13624732
387830 13624732
376462 13624744
377741 13624744
380077 13624755
380112 13624755
387901 13624755
387036 13624759
386727 13624761
383141 13624767
378841 13624778
379081 13624778
379678 13624784
380153 13624784
380154 13624784
385927 13624784
382501 13624795
380410 13624814
380607 13624814
380626 13624814
381010 13624814
381014 13624814
381015 13624814
381034 13624814
381107 13624814
381425 13624814
383931 13624814
383932 13624814
385965 13624814
381053 13624825
381055 13624825
386593 13624827
386964 13624827
380183 13624829
380185 13624829
386594 13624830
381743 13624845
381778 13624845
381864 13624845
384674 13624850
385620 13624850
386039 13624850
377138 13624861
377490 13624861
377493 13624864
377450 13624871
377534 13624871
377535 13624871
378836 13624886
378900 13624886
386583 13624886
386584 13624886
385645 13624891
385646 13624891
386041 13624891
385344 13624897
377720 13624903
384318 13624903
384319 13624903
378709 13624907
387610 13624914
376663 13624934
387579 13624934
381737 13624988
382104 13624988
382108 13624988
382168 13624988
385246 13624988
385247 13624988
385280 13624988
385281 13624988
385769 13624988
385770 13624988
387953 13624988
380198 13624995
378607 13625016
379294 13625016
385901 13625016
387691 13625016
384839 13625023
384852 13625023
384843 13625027
384854 13625027
386064 13625027
387705 13625049
377013 13625069
377016 13625069
377235 13625069
377531 13625069
377532 13625069
377554 13625069
382282 13625069
383142 13625069
383143 13625069
378364 13625081
378677 13625081
386181 13625081
383776 13625088
384480 13625092
384481 13625092
384756 13625092
384760 13625092
384761 13625092
384222 13625100
384223 13625100
379235 13625106
382984 13625114
383759 13625114
381596 13625120
381605 13625120
381894 13625120
384082 13625120
376696 13625124
386505 13625142
386506 13625142
381314 13625144
378292 13625150
376714 13625156
377030 13625166
376432 13625187
376789 13625187
376884 13625187
376886 13625187
387580 13625187
378803 13625190
384477 13625190
382352 13625196
384083 13625196
385922 13625196
387841 13625196
386279 13625197
381658 13625201
381660 13625201
380391 13625205
386357 13625205
387752 13625205
380641 13625207
383902 13625207
384531 13625207
386234 13625207
386254 13625207
386350 13625207
376092 13625224
376094 13625224
376100 13625224
376107 13625224
376145 13625224
376159 13625224
376326 13625224
376328 13625224
376329 13625224
376331 13625224
376364 13625224
376489 13625224
382262 13625224
387567 13625224
387598 13625224
387824 13625224
387892 13625224
387894 13625224
382968 13625227
382969 13625229
378591 13625238
378599 13625238
379207 13625238
387397 13625238
379257 13625245
387044 13625249
381915 13625252
381867 13625254
378693 13625263
387418 13625266
380916 13625269
381455 13625269
387777 13625272
376393 13625283
383383 13625283
377792 13625295
377796 13625295
377099 13625320
383811 13625320
386050 13625320
387907 13625320
385857 13625331
386843 13625331
386844 13625331
378701 13625335
378511 13625339
378520 13625339
378529 13625339
378539 13625339
378552 13625339
382749 13625339
378507 13625342
379203 13625342
381502 13625346
386348 13625350
384148 13625356
387402 13625360
379143 13625362
380065 13625367
378329 13625375
382293 13625375
382294 13625375
380586 13625386
380938 13625386
383034 13625386
383037 13625386
383038 13625386
380940 13625400
383967 13625400
386538 13625400
387762 13625400
387766 13625400
377159 13625404
377037 13625410
382691 13625410
382692 13625410
387944 13625410
384407 13625412
376725 13625414
377044 13625417
377048 13625449
382560 13625449
383136 13625449
386859 13625449
386860 13625449
376443 13625475
376445 13625475
376446 13625475
376875 13625475
386292 13625475
385942 13625480
380546 13625485
386512 13625485
386912 13625485
378659 13625489
378663 13625489
378671 13625489
379726 13625496
379953 13625496
387724 13625496
381259 13625503
381323 13625503
381334 13625503
383694 13625503
385666 13625503
385667 13625503
385665 13625507
378629 13625510
378640 13625510
376376 13625519
387891 13625519
387374 13625526
387451 13625530
378513 13625533
378523 13625533
378532 13625533
384185 13625539
385314 13625539
386555 13625539
386556 13625539
385312 13625543
383572 13625553
379335 13625563
387846 13625563
387945 13625568
381333 13625571
385120 13625576
382767 13625580
378847 13625583
379145 13625583
379474 13625583
379705 13625590
379758 13625590
380087 13625590
383654 13625590
376186 13625647
376191 13625647
376192 13625647
376193 13625647
376210 13625647
376214 13625647
376219 13625647
376221 13625647
376262 13625647
376269 13625647
376296 13625647
376312 13625647
376984 13625647
376986 13625647
377004 13625647
377006 13625647
377007 13625647
377227 13625647
377405 13625647
377407 13625647
377603 13625647
382569 13625647
382570 13625647
385541 13625647
385865 13625647
386863 13625647
386864 13625647
386881 13625647
387501 13625647
387502 13625647
387619 13625647
387903 13625647
377480 13625656
377859 13625676
387677 13625676
378715 13625764
378720 13625764
378732 13625764
378785 13625764
378788 13625764
378905 13625764
378915 13625764
379052 13625764
379212 13625764
379214 13625764
379329 13625764
379437 13625764
383341 13625764
384485 13625764
384486 13625764
384503 13625764
384630 13625764
384748 13625764
384749 13625764
385741 13625764
385742 13625764
385909 13625764
385910 13625764
386329 13625764
386338 13625764
386627 13625764
386629 13625764
386630 13625764
386683 13625764
386684 13625764
386689 13625764
386690 13625764
386699 13625764
386700 13625764
387673 13625764
387708 13625764
376457 13625801
383387 13625801
383401 13625801
385839 13625801
385869 13625801
376347 13625836
376362 13625836
376363 13625836
376370 13625836
376377 13625836
376380 13625836
376396 13625836
376442 13625836
376486 13625836
376508 13625836
376556 13625836
376724 13625836
376726 13625836
376833 13625836
387589 13625836
387870 13625836
380978 13625844
381727 13625883
381763 13625883
381954 13625883
381956 13625883
384014 13625883
387838 13625883
387866 13625883
387868 13625883
387869 13625883
385925 13625892
380427 13625937
380436 13625937
380443 13625937
380444 13625937
380509 13625937
380619 13625937
385787 13625937
386235 13625937
387369 13625937
387740 13625937
387755 13625937
376388 13625955
376410 13625955
376580 13625955
376583 13625955
376609 13625955
384478 13625962
384479 13625962
387365 13625967
385952 13625973
377920 13625978
379321 13625983
387410 13625988
379091 13625993
387406 13625996
383605 13626003
377748 13626016
377997 13626016
378510 13626020
383600 13626020
378512 13626025
378515 13626025
378522 13626025
378655 13626029
378657 13626029
378589 13626042
386046 13626049
387399 13626054
383171 13626059
377817 13626075
377818 13626075
377826 13626075
377832 13626075
378035 13626075
378302 13626075
383363 13626075
383521 13626075
386189 13626075
387947 13626075
384299 13626084
377849 13626111
377861 13626111
377871 13626111
377874 13626111
377895 13626111
377906 13626111
378236 13626111
378237 13626111
382291 13626111
386327 13626111
377927 13626123
377937 13626123
378131 13626123
378406 13626123
384297 13626123
384298 13626123
384418 13626126
376661 13626128
376423 13626132
385837 13626132
383692 13626139
384128 13626142
376989 13626157
377003 13626157
385864 13626157
387854 13626157
387931 13626157
387937 13626157
386819 13626161
386820 13626161
378816 13626167
378820 13626167
387676 13626167
377784 13626169
377788 13626169
386340 13626169
377870 13626174
386974 13626177
387453 13626179
387896 13626186
381647 13626194
381670 13626194
381873 13626194
381910 13626194
387800 13626194
385887 13626197
381638 13626201
384116 13626201
385924 13626201
381703 13626231
381984 13626231
382332 13626231
384149 13626231
384150 13626231
386004 13626231
386485 13626231
386486 13626231
387757 13626231
387797 13626231
378622 13626235
378625 13626235
386761 13626235
386762 13626235
384288 13626237
384289 13626237
384291 13626237
387909 13626246
377406 13626250
384032 13626254
386272 13626254
386807 13626257
382177 13626263
378804 13626265
385889 13626265
384994 13626268
377398 13626303
377500 13626303
378454 13626303
378456 13626303
378460 13626303
378461 13626303
379295 13626303
385722 13626303
385723 13626303
386809 13626303
386810 13626303
380993 13626329
385642 13626329
385643 13626329
386001 13626329
386320 13626329
387782 13626329
387799 13626329
378645 13626337
383779 13626340
387938 13626344
377508 13626347
376405 13626355
387421 13626362
380047 13626366
379303 13626370
377111 13626377
377316 13626377
383819 13626377
383820 13626377
387828 13626383
379771 13626395
382933 13626395
382934 13626395
385939 13626395
386217 13626395
387725 13626395
380174 13626399
377052 13626437
377071 13626437
377087 13626437
377298 13626437
377440 13626437
377694 13626437
386178 13626437
387608 13626437
387377 13626442
378291 13626448
379332 13626458
382242 13626458
386999 13626458
387000 13626458
383048 13626463
384636 13626467
382859 13626469
377902 13626486
378090 13626486
383123 13626486
383124 13626486
381768 13626503
387607 13626503
387609 13626503
377858 13626546
377868 13626546
377882 13626546
378076 13626546
378092 13626546
378259 13626546
378356 13626546
383532 13626546
387664 13626546
387667 13626546
377833 13626555
386981 13626558
385845 13626570
377041 13626572
384827 13626578
386068 13626578
386331 13626578
377888 13626608
377909 13626608
378097 13626608
387921 13626608
386919 13626612
386920 13626612
376994 13626626
376995 13626626
376996 13626626
377224 13626626
383434 13626626
384265 13626626
384266 13626626
386640 13626634
386987 13626634
386639 13626636
381050 13626643
381218 13626643
381052 13626651
381213 13626651
381216 13626651
386355 13626654
377511 13626678
378494 13626678
378504 13626678
378978 13626678
379253 13626678
387709 13626678
381584 13626686
381586 13626686
381895 13626686
377931 13626720
377934 13626720
380904 13626720
380931 13626720
380942 13626720
380948 13626720
381101 13626720
381281 13626720
381474 13626720
383575 13626720
383970 13626720
383971 13626720
384146 13626720
384147 13626720
386321 13626720
386325 13626720
386515 13626720
386516 13626720
386519 13626720
386520 13626720
386535 13626720
386536 13626720
387761 13626720
387775 13626720
381934 13626741
387952 13626741
376187 13626749
376268 13626749
387372 13626756
378459 13626758
377059 13626772
386849 13626772
386850 13626772
379330 13626776
385552 13626786
386879 13626786
386880 13626786
377873 13626812
377878 13626812
377886 13626812
378103 13626812
383500 13626812
386613 13626812
386614 13626812
386617 13626812
386618 13626812
376420 13626853
376425 13626853
376428 13626853
376435 13626853
376440 13626853
376450 13626853
376613 13626853
376640 13626853
376642 13626853
376645 13626853
376782 13626853
377742 13626853
387577 13626853
387578 13626853
383144 13626861
386408 13626863
387068 13626863
387070 13626869
382838 13626873
380950 13626912
380962 13626912
380999 13626912
383015 13626912
383016 13626912
383937 13626912
383938 13626912
386256 13626912
386260 13626912
387954 13626912
380905 13626916
377798 13626924
387649 13626924
377851 13626952
387701 13626952
378823 13626962
381341 13626964
387382 13626967
382744 13626970
380209 13626975
387408 13626977
378527 13626980
380471 13627020
380657 13627020
381077 13627020
381241 13627020
383719 13627020
385967 13627020
387756 13627020
387772 13627020
378498 13627025
386896 13627028
380452 13627031
376372 13627048
376554 13627048
376898 13627048
385844 13627048
387550 13627052
387551 13627052
384197 13627062
379725 13627079
379765 13627079
379888 13627079
379955 13627079
380167 13627079
380169 13627079
380986 13627095
380992 13627095
381128 13627095
381193 13627095
381255 13627095
381562 13627095
386503 13627095
386504 13627095
387521 13627095
387522 13627095
382671 13627102
382672 13627102
382673 13627102
386029 13627112
380912 13627117
377119 13627126
377474 13627126
387534 13627126
387535 13627126
386937 13627129
378634 13627133
386194 13627133
378779 13627140
378230 13627145
384676 13627147
386366 13627147
379315 13627149
377901 13627153
387832 13627159
382289 13627177
386027 13627177
378615 13627181
377750 13627206
377761 13627206
377764 13627206
377767 13627206
378006 13627206
378154 13627206
378363 13627206
383253 13627206
383254 13627206
383491 13627206
384229 13627206
384230 13627206
387671 13627206
378204 13627212
378205 13627212
378208 13627212
382538 13627212
387426 13627217
378074 13627225
386616 13627225
386978 13627225
386615 13627229
384533 13627232
378837 13627277
379387 13627277
379389 13627277
379596 13627277
387712 13627277
387876 13627277
379778 13627296
379993 13627296
380018 13627296
380072 13627296
384966 13627296
384967 13627296
385930 13627296
385940 13627296
386326 13627296
387900 13627296
384970 13627300
378584 13627304
386220 13627314
382928 13627319
387414 13627322
383041 13627324
387958 13627326
379677 13627329
376352 13627338
387592 13627338
377900 13627375
378109 13627375
383121 13627375
383122 13627375
383498 13627375
383505 13627375
384232 13627375
384233 13627375
387657 13627375
376881 13627390
378762 13627396
378765 13627396
378770 13627396
384514 13627408
384517 13627408
385926 13627408
386475 13627412
386895 13627412
381196 13627436
381313 13627436
383113 13627436
385979 13627436
386471 13627436
387935 13627436
386476 13627440
381923 13627446
379718 13627452
384242 13627460
376763 13627466
376382 13627480
376743 13627480
376761 13627480
376803 13627480
376845 13627480
376972 13627480
387593 13627480
381081 13627493
382682 13627497
379302 13627524
379682 13627524
382499 13627524
382530 13627524
382550 13627524
382552 13627524
382553 13627524
384660 13627524
384661 13627524
386665 13627524
386666 13627524
387704 13627524
377076 13627547
377346 13627547
378256 13627558
382782 13627564
382783 13627564
384203 13627566
378621 13627569
377840 13627584
378334 13627584
378336 13627584
379044 13627595
382988 13627595
382990 13627595
387686 13627595
379320 13627598
382808 13627606
382812 13627606
384971 13627606
384972 13627606
386597 13627606
386598 13627606
386599 13627610
386600 13627610
377128 13627620
382284 13627620
383446 13627620
380910 13627647
381122 13627647
381299 13627647
381302 13627647
381305 13627647
381457 13627647
381547 13627647
386523 13627647
386524 13627647
387950 13627647
386839 13627674
386840 13627674
386841 13627674
386842 13627674
377040 13627679
384267 13627683
379754 13627717
379773 13627717
379774 13627717
379784 13627717
379789 13627717
379793 13627717
379855 13627717
379885 13627717
380011 13627717
380260 13627717
382309 13627717
383857 13627717
383858 13627717
384196 13627717
384201 13627717
384202 13627717
381188 13627729
381525 13627729
383737 13627733
386936 13627735
381629 13627744
382330 13627744
386547 13627744
386548 13627744
378210 13627759
378213 13627759
378214 13627759
379666 13627771
386719 13627771
386720 13627771
387946 13627771
380448 13627779
380787 13627779
380446 13627795
380447 13627795
380753 13627795
385014 13627795
387858 13627795
382794 13627800
387833 13627800
376391 13627809
382607 13627813
383594 13627821
381699 13627828
381922 13627828
379685 13627836
379935 13627836
387720 13627836
376103 13627845
376105 13627845
376327 13627845
382261 13627845
384545 13627847
385728 13627853
387403 13627856
381327 13627859
377820 13627863
377846 13627878
377848 13627878
377855 13627878
384239 13627878
384240 13627878
384241 13627878
377051 13627927
377058 13627927
377067 13627927
377084 13627927
377086 13627927
377093 13627927
377202 13627927
377273 13627927
377276 13627927
377348 13627927
377708 13627927
383780 13627927
384322 13627927
385375 13627927
385872 13627927
387611 13627927
387628 13627927
387629 13627927
387632 13627927
387942 13627927
386428 13627934
382738 13627937
383404 13627942
385958 13627946
379781 13627958
379786 13627958
379797 13627958
379874 13627958
380207 13627958
382936 13627958
382937 13627958
376992 13627981
377012 13627981
377233 13627981
377600 13627981
377608 13627981
387904 13627981
387926 13627981
385000 13627987
386359 13627997
381926 13628003
386005 13628003
386135 13628011
386141 13628011
386142 13628011
386487 13628011
386488 13628011
378503 13628015
381619 13628017
381639 13628023
384107 13628023
384108 13628023
384109 13628023
386043 13628023
376641 13628033
376787 13628033
386362 13628039
386925 13628039
387452 13628039
380525 13628043
386237 13628043
379684 13628087
379686 13628087
379689 13628087
379692 13628087
379698 13628087
379700 13628087
379709 13628087
379712 13628087
379714 13628087
379752 13628087
379764 13628087
379772 13628087
379930 13628087
379933 13628087
379938 13628087
380070 13628087
380103 13628087
380140 13628087
383851 13628087
383852 13628087
385936 13628087
385938 13628087
386277 13628087
386591 13628087
386592 13628087
387722 13628087
387882 13628087
377413 13628094
385888 13628097
387428 13628100
379697 13628122
379719 13628122
379733 13628122
379747 13628122
379978 13628122
379989 13628122
379998 13628122
380002 13628122
380163 13628122
380164 13628122
380187 13628122
380199 13628122
380204 13628122
380223 13628122
382791 13628122
382792 13628122
382805 13628122
382806 13628122
384205 13628122
384946 13628122
384949 13628122
384983 13628122
384984 13628122
384992 13628122
386595 13628122
386596 13628122
387530 13628122
387726 13628122
387881 13628122
387885 13628122
378674 13628129
384405 13628129
384409 13628134
386763 13628137
386765 13628137
386766 13628137
382612 13628144
387436 13628147
377122 13628150
377125 13628150
377337 13628183
377476 13628183
378543 13628189
383126 13628205
383127 13628205
383128 13628207
376185 13628211
376189 13628211
376251 13628211
376265 13628211
376266 13628211
380449 13628214
380649 13628214
380654 13628214
376348 13628221
382270 13628221
383499 13628227
376355 13628258
376365 13628258
376375 13628258
376570 13628258
376738 13628258
376811 13628258
376852 13628258
382268 13628258
385582 13628258
385876 13628258
387596 13628258
387932 13628258
384168 13628264
387807 13628264
381723 13628266
381884 13628266
379727 13628270
379749 13628270
379756 13628270
379949 13628270
379976 13628270
379983 13628270
379985 13628270
380220 13628270
386212 13628270
378723 13628274
379308 13628274
379309 13628274
378748 13628278
378752 13628278
378753 13628278
379325 13628278
379348 13628278
379635 13628278
378554 13628292
387692 13628292
377057 13628295
376430 13628302
376431 13628302
384829 13628303
386637 13628303
386638 13628303
378501 13628306
379785 13628320
379798 13628320
379802 13628320
379869 13628320
382824 13628320
382832 13628320
383866 13628320
385532 13628320
387728 13628320
387895 13628320
387927 13628320
386371 13628324
377766 13628331
385721 13628332
382610 13628334
387435 13628336
380573 13628339
386222 13628339
387737 13628339
383650 13628342
381029 13628347
381429 13628347
382319 13628347
381001 13628356
381293 13628356
381433 13628356
383082 13628356
386465 13628356
386467 13628356
386468 13628356
386500 13628356
386906 13628356
386499 13628359
385368 13628361
387396 13628362
378566 13628364
378571 13628364
378578 13628364
381675 13628371
381676 13628371
381914 13628371
382331 13628371
378506 13628374
382747 13628374
386418 13628376
387114 13628376
377120 13628404
377340 13628404
377650 13628404
377652 13628404
386821 13628404
386822 13628404
383768 13628410
385486 13628410
377762 13628412
379454 13628416
378223 13628421
378224 13628421
386679 13628421
386681 13628421
386682 13628421
387922 13628422
386905 13628424
376324 13628443
376325 13628443
376334 13628443
376483 13628443
376638 13628443
376962 13628443
387659 13628448
386984 13628451
380023 13628453
380184 13628453
380116 13628457
384961 13628457
387366 13628461
376108 13628467
376188 13628467
376235 13628467
376304 13628467
376306 13628467
387566 13628467
377148 13628480
387559 13628480
387560 13628480
385551 13628487
386865 13628487
386866 13628487
386868 13628487
387137 13628489
386867 13628492
387138 13628492
387139 13628492
379755 13628499
379673 13628503
379915 13628503
387447 13628506
387960 13628509
384302 13628511
384895 13628516
377836 13628535
377866 13628535
377869 13628535
377889 13628535
377985 13628535
386661 13628535
386662 13628535
377819 13628539
377827 13628539
378220 13628539
380967 13628541
381478 13628541
383076 13628543
377070 13628547
377288 13628547
386892 13628548
381921 13628551
381338 13628554
385084 13628555
379717 13628562
379722 13628562
379724 13628562
379941 13628562
379944 13628562
387515 13628562
387516 13628562
387034 13628565
387456 13628567
380974 13628570
377077 13628595
377088 13628595
377283 13628595
385365 13628595
387633 13628595
377924 13628607
378120 13628607
380314 13628607
380339 13628607
384300 13628607
387654 13628607
380321 13628614
380552 13628614
382313 13628614
383678 13628614
384307 13628621
385954 13628627
386633 13628632
386634 13628632
379740 13628654
379742 13628654
379744 13628654
379745 13628654
379972 13628654
380089 13628654
380124 13628654
386030 13628654
386216 13628654
386332 13628654
386649 13628654
386650 13628654
387730 13628654
387076 13628657
387077 13628658
387078 13628658
381968 13628665
386913 13628666
386948 13628681
378549 13628684
378560 13628684
387434 13628687
386673 13628692
386674 13628692
380604 13628699
386227 13628699
386565 13628702
386566 13628702
386953 13628702
380782 13628706
380855 13628706
386346 13628706
386891 13628706
377908 13628719
377911 13628719
377913 13628719
377915 13628719
377917 13628719
377974 13628719
378112 13628719
386621 13628719
386622 13628719
383664 13628722
384212 13628725
387411 13628729
376456 13628731
376697 13628731
380414 13628735
383700 13628744
377010 13628748
377607 13628748
387450 13628749
376461 13628761
376632 13628761
376703 13628761
376705 13628761
376706 13628761
376780 13628761
380172 13628763
383675 13628767
380195 13628774
380196 13628774
381036 13628778
383698 13628778
382935 13628780
382687 13628782
381706 13628809
381711 13628809
381712 13628809
381772 13628809
386271 13628809
380457 13628826
380491 13628826
380492 13628826
381031 13628826
381351 13628826
381359 13628826
381361 13628826
386459 13628826
387790 13628826
387924 13628826
387957 13628826
378700 13628828
378703 13628828
379284 13628828
378484 13628831
379230 13628831
378488 13628851
378517 13628851
378531 13628851
378590 13628851
378661 13628851
378685 13628851
378692 13628851
378702 13628851
378704 13628851
378976 13628851
378981 13628851
378988 13628851
378991 13628851
379258 13628851
379277 13628851
379278 13628851
384364 13628851
384365 13628851
384731 13628851
384732 13628851
384737 13628851
385908 13628851
384717 13628855
378758 13628861
382300 13628861
387706 13628861
387769 13628861
386383 13628864
387605 13628874
387606 13628874
376541 13628879
383378 13628879
379239 13628883
384720 13628883
384721 13628883
383643 13628888
378602 13628895
378771 13628900
378781 13628900
378791 13628900
378800 13628900
379136 13628900
384632 13628900
384633 13628900
386470 13628903
386894 13628903
386469 13628905
385009 13628908
385011 13628908
387419 13628912
386631 13628916
386632 13628916
379675 13628927
379679 13628927
385080 13628927
385082 13628927
387547 13628930
387623 13628930
381494 13628935
383922 13628935
383923 13628935
380455 13628948
380476 13628948
380794 13628948
380818 13628948
382315 13628948
385960 13628948
385962 13628948
385963 13628948
387760 13628948
379446 13628968
387690 13628968
387095 13629018
387096 13629018
387803 13629030
377844 13629044
377857 13629044
377867 13629044
383529 13629044
378032 13629057
378057 13629057
378184 13629057
381598 13629059
381609 13629059
381623 13629059
381631 13629059
381871 13629059
378541 13629069
378974 13629069
379260 13629069
380454 13629075
380763 13629075
380788 13629075
386011 13629093
387553 13629093
387554 13629093
387928 13629093
379669 13629098
387007 13629098
387037 13629098
387038 13629098
377786 13629099
378670 13629099
385036 13629099
385037 13629099
385992 13629111
381002 13629119
381482 13629119
383699 13629119
386497 13629119
386498 13629119
387851 13629119
379285 13629126
386713 13629126
386714 13629126
381747 13629128
377471 13629130
385165 13629132
386100 13629132
380349 13629149
380355 13629149
380364 13629149
380383 13629149
387733 13629149
387738 13629149
387742 13629149
387747 13629149
387955 13629149
381114 13629154
383023 13629154
383024 13629154
385322 13629156
378686 13629179
378694 13629179
378716 13629179
378920 13629179
378997 13629179
379005 13629179
382680 13629179
386703 13629179
386704 13629179
387681 13629179
387699 13629179
387703 13629179
379859 13629192
381588 13629192
385931 13629192
387042 13629194
376400 13629219
376411 13629219
376588 13629219
376767 13629219
376769 13629219
386022 13629219
386836 13629219
386838 13629219
387111 13629219
387917 13629219
386837 13629223
378705 13629231
384416 13629231
384417 13629231
379218 13629232
384404 13629232
378666 13629236
378910 13629236
386781 13629236
386783 13629236
386784 13629236
379018 13629250
379120 13629250
383577 13629250
386708 13629250
387029 13629250
387713 13629250
387845 13629250
387847 13629250
387872 13629250
386706 13629252
386707 13629253
387859 13629261
377489 13629262
377716 13629264
378001 13629271
387379 13629271
384118 13629276
384119 13629276
383433 13629282
380213 13629284
387409 13629287
376336 13629294
376494 13629294
376497 13629294
387597 13629294
377751 13629317
377754 13629317
377768 13629317
377770 13629317
377772 13629317
377992 13629317
378004 13629317
378152 13629317
383545 13629317
387669 13629317
381909 13629320
386899 13629322
382019 13629323
383838 13629326
383978 13629326
384509 13629326
381614 13629342
381667 13629342
381679 13629342
381689 13629342
381692 13629342
381809 13629342
381820 13629342
382333 13629342
386567 13629342
386568 13629342
386601 13629342
386909 13629342
387395 13629342
387732 13629342
387840 13629342
387949 13629342
385384 13629349
385385 13629349
387442 13629351
384454 13629354
378255 13629356
378258 13629356
376999 13629358
377574 13629358
383372 13629362
380930 13629375
381160 13629375
381176 13629375
381283 13629375
381287 13629375
381486 13629375
384142 13629375
386494 13629375
386517 13629375
386518 13629375
386903 13629375
386493 13629378
377103 13629388
377302 13629388
377641 13629388
382356 13629394
383662 13629394
378652 13629396
384406 13629399
386226 13629404
378733 13629407
376201 13629408
377451 13629408
387878 13629414
378284 13629416
379307 13629422
378825 13629425
378827 13629425
379078 13629425
379340 13629425
379644 13629425
379646 13629425
383012 13629425
383013 13629425
383607 13629425
385756 13629425
385757 13629425
386956 13629427
381824 13629430
383728 13629430
381826 13629440
382872 13629440
382874 13629440
382875 13629440
382877 13629440
382878 13629440
379761 13629449
379762 13629449
380258 13629449
380268 13629449
380287 13629449
382835 13629449
382855 13629449
386603 13629449
386604 13629449
386605 13629449
386606 13629449
386607 13629449
386609 13629449
386610 13629449
387888 13629449
387889 13629449
386453 13629452
376359 13629456
384753 13629459
384758 13629459
384759 13629459
386232 13629464
387367 13629464
378787 13629482
378790 13629482
379059 13629482
379316 13629482
379720 13629482
383582 13629482
383583 13629482
383610 13629482
386641 13629482
386642 13629482
380420 13629490
380629 13629490
383691 13629490
386229 13629490
380680 13629502
383883 13629502
385948 13629502
387241 13629502
379259 13629505
377755 13629513
377999 13629513
378194 13629513
378287 13629513
378288 13629513
377743 13629544
377746 13629544
377989 13629544
377994 13629544
378321 13629544
382707 13629544
387827 13629544
386790 13629549
387389 13629549
387448 13629552
382590 13629556
382591 13629556
387380 13629561
381701 13629569
381784 13629569
384250 13629571
376754 13629573
376252 13629577
380384 13629586
380614 13629586
380616 13629586
386491 13629586
386492 13629586
378612 13629588
379245 13629598
383603 13629604
376436 13629610
377123 13629610
377645 13629610
382656 13629610
384249 13629610
387538 13629610
387539 13629610
378603 13629613
378616 13629613
378483 13629618
383598 13629618
386192 13629618
381051 13629636
381065 13629636
381080 13629636
381345 13629636
381348 13629636
381384 13629636
383075 13629636
385969 13629636
386264 13629636
387771 13629636
385320 13629641
385321 13629641
381595 13629644
381597 13629644
381600 13629644
377161 13629648
377376 13629648
387910 13629654
384743 13629657
384855 13629658
386132 13629660
381325 13629666
387710 13629670
387423 13629673
386444 13629675
384476 13629677
379723 13629682
386647 13629682
386648 13629682
383681 13629692
386223 13629692
386225 13629692
377843 13629701
378055 13629701
378338 13629701
385886 13629701
377042 13629718
377066 13629718
377263 13629718
377426 13629718
383140 13629718
386851 13629718
387618 13629718
379365 13629725
379367 13629725
385873 13629725
386625 13629732
386626 13629734
383187 13629740
385949 13629746
377478 13629748
377724 13629748
387437 13629754
379808 13629771
379857 13629771
381908 13629771
385932 13629771
386559 13629771
386560 13629771
376773 13629789
382633 13629789
382634 13629789
382636 13629789
382638 13629789
382639 13629789
387588 13629789
385316 13629791
384221 13629793
387430 13629794
386330 13629797
387116 13629798
381661 13629834
381682 13629834
381694 13629834
381719 13629834
381745 13629834
381775 13629834
381998 13629834
382043 13629834
387786 13629834
376190 13629842
386883 13629842
386884 13629842
377078 13629853
377078 13629863
377294 13629853
377294 13629863
377519 13629853
377519 13629863
383463 13629853
383463 13629863
383816 13629853
383816 13629863
385381 13629853
385381 13629863
385870 13629853
385870 13629863
387644 13629853
387644 13629863
387645 13629853
387645 13629863
387908 13629853
387908 13629863
377258 13629863
377543 13629863
377544 13629863
377567 13629863
386857 13629863
386858 13629863
387635 13629863
387635 13631535
376184 13629883
376225 13629883
376246 13629883
376981 13629883
377028 13629883
377031 13629883
377241 13629883
382572 13629883
382573 13629883
383437 13629883
387630 13629883
387860 13629883
381526 13629890
381062 13629893
381340 13629893
381392 13629893
387791 13629898
381335 13629907
384840 13629911
384873 13629911
384874 13629911
384848 13629914
386697 13629917
384253 13629921
385832 13629921
376619 13629924
387574 13629924
384741 13629929
384742 13629929
378642 13629934
378647 13629934
385038 13629936
376828 13629941
382630 13629941
382631 13629941
382632 13629945
378166 13629955
378404 13629955
387658 13629955
377918 13629966
378254 13629966
385453 13629971
386381 13629975
386376 13629977
377831 13629989
386236 13629995
387956 13629998
377024 13630004
377026 13630004
383436 13630004
378458 13630006
378818 13630030
378833 13630030
378840 13630030
380892 13630030
380897 13630030
380936 13630030
380969 13630030
380973 13630030
380980 13630030
380991 13630030
381013 13630030
381025 13630030
381173 13630030
381445 13630030
381472 13630030
385977 13630030
386501 13630030
386502 13630030
380262 13630033
381528 13630037
386263 13630037
376441 13630047
376649 13630047
378122 13630074
378141 13630074
380498 13630074
380538 13630074
382229 13630074
383510 13630074
387660 13630074
377860 13630116
377862 13630116
377872 13630116
377876 13630116
377877 13630116
377893 13630116
378065 13630116
378211 13630116
383502 13630116
383504 13630116
378706 13630129
378717 13630129
378718 13630129
379280 13630129
384653 13630129
384654 13630129
384745 13630129
384746 13630129
386709 13630129
386710 13630129
378761 13630145
378764 13630145
379311 13630145
379314 13630145
379629 13630145
384392 13630145
384393 13630145
387599 13630145
378766 13630148
378776 13630148
378783 13630148
379134 13630148
384634 13630148
384635 13630148
380217 13630149
380358 13630151
380392 13630166
380421 13630166
380590 13630166
380612 13630166
386228 13630166
386233 13630166
387746 13630166
387753 13630166
385032 13630170
384751 13630172
386061 13630172
380914 13630194
380917 13630194
380922 13630194
380932 13630194
380947 13630194
380964 13630194
380976 13630194
381125 13630194
381171 13630194
381261 13630194
381559 13630194
382318 13630194
382914 13630194
382915 13630194
383239 13630194
385687 13630194
385688 13630194
386269 13630194
380317 13630212
380344 13630212
380345 13630212
380346 13630212
380359 13630212
380363 13630212
380493 13630212
380550 13630212
380583 13630212
384314 13630212
384315 13630212
385946 13630212
387741 13630212
377938 13630217
381203 13630228
381210 13630228
381332 13630228
381709 13630228
381715 13630228
381720 13630228
381721 13630228
381854 13630228
382334 13630228
382944 13630228
383732 13630228
386262 13630228
378722 13630241
378726 13630241
378735 13630241
378747 13630241
379035 13630241
379126 13630241
387672 13630241
387693 13630241
387770 13630241
387848 13630241
386971 13630242
386965 13630245
376752 13630247
381655 13630253
383000 13630257
383001 13630257
382999 13630259
378784 13630261
379449 13630263
382640 13630266
382802 13630269
384247 13630271
387433 13630274
379832 13630289
386209 13630289
381713 13630298
378750 13630329
379029 13630329
379640 13630329
382500 13630329
382518 13630329
383569 13630329
384463 13630329
385744 13630329
385745 13630329
387655 13630329
378769 13630342
378792 13630342
378813 13630342
379344 13630342
382301 13630342
385898 13630342
386623 13630342
386624 13630342
376406 13630375
376415 13630375
376416 13630375
376514 13630375
376519 13630375
376598 13630375
376823 13630375
383402 13630375
384246 13630375
384537 13630375
385398 13630375
385399 13630375
387575 13630375
387585 13630375
376660 13630381
376337 13630396
376358 13630396
376361 13630396
376864 13630396
383380 13630403
377081 13630405
378772 13630408
378763 13630410
387441 13630420
387354 13630422
377036 13630424
385507 13630427
380064 13630443
383848 13630443
383849 13630443
387820 13630443
378579 13630469
378707 13630469
378721 13630469
378958 13630469
378985 13630469
379008 13630469
379147 13630469
379287 13630469
379405 13630469
379681 13630469
379683 13630469
379741 13630469
379776 13630469
379920 13630469
379961 13630469
380175 13630469
382376 13630469
382544 13630469
384642 13630469
384968 13630469
384969 13630469
385611 13630469
385612 13630469
386218 13630469
386339 13630469
386541 13630469
386542 13630469
386643 13630469
386644 13630469
386645 13630469
386646 13630469
386667 13630469
386668 13630469
386718 13630469
387642 13630469
387680 13630469
386400 13630475
376699 13630481
378585 13630485
378595 13630485
378605 13630485
387407 13630487
379390 13630492
386589 13630497
386590 13630497
387412 13630502
384255 13630503
378565 13630505
382751 13630505
385743 13630527
384191 13630532
387413 13630534
378644 13630537
378648 13630537
386979 13630539
382737 13630542
376195 13630544
376249 13630544
376263 13630544
376310 13630544
386829 13630550
386830 13630550
387802 13630555
376200 13630556
376343 13630576
376371 13630576
376551 13630576
376755 13630576
376902 13630576
376903 13630576
376905 13630576
382584 13630576
382585 13630576
384262 13630576
385097 13630576
385098 13630576
387568 13630576
387569 13630576
387591 13630576
387595 13630576
387925 13630576
387939 13630583
385853 13630586
376390 13630593
385840 13630593
387836 13630596
376438 13630602
376685 13630602
383400 13630602
380966 13630611
380968 13630611
381180 13630611
381443 13630611
381480 13630611
376458 13630637
376459 13630637
377745 13630637
379186 13630637
384279 13630637
384282 13630637
386755 13630637
386756 13630637
387678 13630637
387696 13630637
376404 13630646
376408 13630646
376795 13630646
382641 13630646
382642 13630646
386834 13630655
387109 13630655
386833 13630658
387443 13630661
387006 13630662
378829 13630679
378834 13630679
379368 13630679
383573 13630679
383647 13630679
384620 13630679
384621 13630679
385605 13630679
385606 13630679
387643 13630679
381603 13630684
383576 13630684
384626 13630690
384627 13630690
384640 13630690
380059 13630694
380060 13630694
387004 13630694
384826 13630695
380674 13630698
380678 13630698
380679 13630698
380796 13630698
380803 13630698
380870 13630698
386253 13630698
386274 13630698
379148 13630707
381870 13630707
381876 13630707
381878 13630707
381939 13630707
381978 13630707
382046 13630707
382170 13630707
383593 13630707
383734 13630707
383740 13630707
384002 13630707
384003 13630707
384129 13630707
384130 13630707
384157 13630707
384158 13630707
384163 13630707
385248 13630707
385249 13630707
385259 13630707
385266 13630707
385269 13630707
385270 13630707
385282 13630707
385283 13630707
385771 13630707
385772 13630707
385814 13630707
385815 13630707
386026 13630707
387817 13630707
385522 13630714
385874 13630714
377589 13630719
386345 13630719
387631 13630719
386328 13630721
385319 13630730
377112 13630738
376395 13630749
376585 13630749
376808 13630749
376890 13630749
376891 13630749
383384 13630749
386873 13630753
386874 13630753
376102 13630759
386875 13630759
387143 13630759
387792 13630759
379429 13630763
384264 13630767
386421 13630770
383630 13630776
384744 13630776
386060 13630776
381060 13630778
376259 13630781
382902 13630790
382904 13630790
386152 13630790
386533 13630790
386534 13630790
387378 13630790
382012 13630794
380711 13630799
385953 13630799
383131 13630801
376196 13630832
376197 13630832
376238 13630832
376978 13630832
377020 13630832
377038 13630832
377260 13630832
377560 13630832
382264 13630832
385566 13630832
385868 13630832
386855 13630832
386856 13630832
381621 13630846
381622 13630846
381794 13630846
381801 13630846
383994 13630846
386561 13630846
386563 13630846
386564 13630846
382816 13630862
382818 13630862
382819 13630862
385155 13630862
385156 13630862
385161 13630862
387837 13630862
387898 13630862
377793 13630865
386413 13630868
386702 13630871
387027 13630871
387424 13630874
386701 13630877
387438 13630880
387351 13630883
377002 13630893
377009 13630893
379248 13630895
376651 13630896
384985 13630899
379272 13630902
381316 13630905
378348 13630916
386657 13630916
386658 13630916
387368 13630916
386994 13630923
386995 13630923
378544 13630927
378559 13630927
378569 13630927
378575 13630927
378581 13630927
378582 13630927
378594 13630927
377875 13630948
380170 13630950
379809 13630953
377816 13630954
376374 13630955
376563 13630955
376413 13630959
377116 13630959
387532 13630959
387918 13630959
387919 13630959
378630 13630960
386407 13630960
387054 13630960
387055 13630960
387362 13630960
376453 13630969
376695 13630969
376698 13630969
384270 13630969
384271 13630969
379805 13630972
380193 13630972
380197 13630972
381590 13630972
384190 13630972
384977 13630972
384978 13630972
387886 13630972
382554 13630977
383561 13630978
380417 13630989
380576 13630989
380579 13630989
387751 13630989
383279 13630994
383552 13630994
377771 13630997
378587 13630997
379428 13630997
378606 13631012
378624 13631012
378641 13631012
378646 13631012
378649 13631012
378681 13631012
378967 13631012
379106 13631012
383640 13631012
386687 13631012
376398 13631022
376831 13631022
383684 13631027
386990 13631031
378743 13631036
378745 13631036
378756 13631036
381300 13631038
387796 13631049
387415 13631053
376539 13631059
383377 13631059
380981 13631062
381441 13631062
386495 13631067
387518 13631067
387519 13631067
380661 13631082
380827 13631082
386240 13631082
380461 13631084
380463 13631087
377477 13631090
378260 13631091
384849 13631093
384850 13631093
384851 13631093
387459 13631095
387145 13631097
382704 13631100
386411 13631100
379730 13631127
380166 13631127
380259 13631127
380263 13631127
380264 13631127
380276 13631127
380280 13631127
380290 13631127
382056 13631127
382058 13631127
382894 13631127
382896 13631127
382897 13631127
386612 13631127
387781 13631127
387835 13631127
387887 13631127
386414 13631134
386798 13631134
387080 13631134
387081 13631134
377095 13631166
377101 13631166
377107 13631166
377121 13631166
377141 13631166
377143 13631166
377146 13631166
377505 13631166
378452 13631166
386823 13631166
386824 13631166
387641 13631166
387864 13631166
383796 13631170
385855 13631170
385245 13631173
380460 13631181
380766 13631181
380838 13631181
380841 13631181
376727 13631184
376384 13631209
376389 13631209
376566 13631209
376802 13631209
376841 13631209
376894 13631209
377082 13631209
382593 13631209
382595 13631209
382601 13631209
383392 13631209
383393 13631209
383394 13631209
383395 13631209
386853 13631209
386854 13631209
387594 13631209
387933 13631209
387940 13631209
382759 13631217
382761 13631217
382762 13631217
386746 13631217
387045 13631217
387046 13631217
384415 13631220
382927 13631227
384975 13631227
386369 13631227
383563 13631236
383580 13631236
387364 13631240
384782 13631249
384784 13631249
384785 13631249
385900 13631249
376707 13631255
376708 13631255
380071 13631259
387422 13631262
378505 13631275
378516 13631275
378941 13631275
378955 13631275
386801 13631275
386802 13631275
387688 13631275
382557 13631278
382558 13631278
376087 13631280
376141 13631285
376330 13631285
383370 13631285
383520 13631289
384231 13631293
387427 13631302
380341 13631310
380558 13631310
384306 13631310
377106 13631315
377307 13631315
377310 13631315
383828 13631315
387444 13631319
377898 13631330
387668 13631330
384368 13631334
384369 13631334
381599 13631337
381611 13631337
383578 13631343
387021 13631344
386206 13631346
386390 13631346
386392 13631346
387017 13631346
387018 13631346
378301 13631352
378303 13631352
386695 13631352
386671 13631359
386672 13631359
386677 13631359
387013 13631359
387361 13631359
387020 13631362
378253 13631367
387416 13631369
384181 13631371
384182 13631371
382675 13631395
386825 13631395
386827 13631395
386828 13631395
387563 13631395
387612 13631395
387636 13631395
387564 13631398
381942 13631399
387226 13631400
378217 13631403
385911 13631407
379782 13631412
380005 13631412
377033 13631423
376088 13631461
376106 13631461
376166 13631461
376244 13631461
377008 13631461
377021 13631461
377032 13631461
377102 13631461
377115 13631461
377124 13631461
377132 13631461
377156 13631461
377157 13631461
377163 13631461
377304 13631461
377313 13631461
377410 13631461
377523 13631461
377524 13631461
377526 13631461
377527 13631461
379152 13631461
379413 13631461
379414 13631461
385451 13631461
385452 13631461
386024 13631461
386341 13631461
387604 13631461
387613 13631461
387617 13631461
387622 13631461
387624 13631461
387626 13631461
387634 13631461
387934 13631461
379164 13631464
381106 13631467
380442 13631472
380634 13631472
380755 13631472
380806 13631472
381496 13631472
382445 13631479
382507 13631479
385505 13631479
385729 13631479
386721 13631479
386722 13631479
386723 13631479
386725 13631479
386726 13631479
376826 13631501
382622 13631501
386831 13631501
386832 13631501
387353 13631501
387586 13631501
382945 13631505
380902 13631513
386539 13631513
386540 13631513
377756 13631526
385879 13631526
377781 13631540
378400 13631540
378435 13631540
386747 13631540
386749 13631540
386751 13631540
386753 13631540
386754 13631540
386735 13631546
386737 13631546
386738 13631546
387050 13631546
387648 13631550
381023 13631556
381042 13631556
381209 13631556
379372 13631562
379373 13631562
379374 13631567
379588 13631567
384614 13631567
384615 13631567
381056 13631576
381063 13631576
381064 13631576
381223 13631576
381227 13631576
381238 13631576
381390 13631576
387778 13631584
381955 13631589
384462 13631600
385912 13631600
377473 13631603
384941 13631606
384942 13631606
376417 13631619
376870 13631619
383390 13631619
376418 13631625
381039 13631635
381412 13631635
381131 13631642
381252 13631642
381404 13631642
381410 13631642
386477 13631642
386478 13631642
376112 13631653
376124 13631653
386871 13631653
386872 13631653
377131 13631691
377164 13631691
378462 13631691
378496 13631691
378601 13631691
378698 13631691
379293 13631691
379296 13631691
379298 13631691
379570 13631691
382298 13631691
382299 13631691
383460 13631691
387638 13631691
378497 13631702
378538 13631706
378568 13631706
378576 13631706
386775 13631706
386776 13631706
378596 13631708
387440 13631709
382677 13631712
377659 13631715
378457 13631715
377658 13631722
387431 13631726
377079 13631733
377189 13631733
387929 13631733
387003 13631734
376675 13631735
376677 13631743
378767 13631745
378775 13631745
378780 13631745
386635 13631747
386636 13631747
387355 13631751
387360 13631753
386741 13631756
386742 13631756
379662 13631762
379663 13631762
379664 13631762
379908 13631762
380046 13631762
385933 13631762
382839 13631765
386032 13631765
384236 13631768
384237 13631768
383627 13631771
383629 13631771
379864 13631785
381663 13631785
381673 13631785
381875 13631785
381976 13631785
382329 13631785
385243 13631785
385318 13631785
385323 13631785
385324 13631785
386044 13631785
387843 13631785
387823 13631789
387445 13631791
377054 13631793
378535 13631796
378557 13631796
378572 13631796
378574 13631796
381594 13631799
381606 13631799
381869 13631799
382004 13631799
386544 13631799
386944 13631799
387793 13631799
386543 13631801
