143892 13617289
143892 13675190
199825 13643677
199825 13680825
199836 13643677
199836 13680825
4880444 13671261
4880444 13675292
4880583 13676764
4880583 13680831
4880584 13676764
4880584 13680831
4880587 13676764
4880587 13680831
4880579 13677213
4880580 13677213
4880582 13677213
4883634 13677213
4883635 13677213
4880585 13677213
4880585 13678564
4880586 13677213
4880586 13678564
4880940 13677213
4880940 13678564
4880014 13676347
4880014 13943512
4880109 13676347
4880109 13943512
4880133 13676347
4880133 13943512
4874583 13679739
4874394 13679739
4874394 13946958
4874466 13679739
4874466 13946958
4874748 13679739
4874748 13946958
4874582 13679739
4874582 13946961
4875357 102640675
4875357 13675334
4875370 102640675
4875370 13675334
4875372 102640675
4875372 13675334
4875374 102640675
4875374 13675334
4883948 102640675
4883948 13675334
4883949 102640675
4883949 13675334
4877841 102640681
4877841 13680630
4877866 102640681
4877866 13680630
4877867 102640681
4877867 13680630
4877872 102640681
4877872 13680630
4877873 102640681
4877873 13680630
4877874 102640681
4877874 13680630
4877878 102640681
4877878 13680630
4877882 102640681
4877882 13680630
4877884 102640681
4877884 13680630
4877886 102640681
4877886 13680630
4877888 102640681
4877888 13680630
4877890 102640681
4877890 13680630
4877892 102640681
4877892 13680630
4877894 102640681
4877894 13680630
4877896 102640681
4877896 13680630
4877898 102640681
4877898 13680630
4877900 102640681
4877900 13680630
4877902 102640681
4877902 13680630
4877904 102640681
4877904 13680630
4878397 102640681
4878397 13680630
4878474 102640681
4878474 13680630
4879643 102640681
4879643 13680630
4879645 102640681
4879645 13680630
4879646 102640681
4879646 13680630
4879647 102640681
4879647 13680630
4879658 102640681
4879658 13680630
4879706 102640681
4879706 13680630
4882860 102640681
4882860 13680630
4884290 102640681
4884290 13680630
4884906 102640681
4884906 13680630
4884907 102640681
4884907 13680630
4886338 102640681
4886338 13680630
4878622 106817390
4878622 106817887
4878622 13681196
4878623 106817390
4878623 106817887
4878623 13681196
4878629 106817390
4878629 106817887
4878629 13681196
4878632 106817390
4878632 106817887
4878632 13681196
4878640 106817390
4878640 106817887
4878640 13681196
4879537 106817390
4879537 106817887
4879537 13681196
4884329 106817390
4884329 106817887
4884329 13681196
4884333 106817390
4884333 106817887
4884333 13681196
4886109 106817390
4886109 106817887
4886109 13681196
4886110 106817390
4886110 106817887
4886110 13681196
4881390 106817396
4881390 106817518
4881390 13678068
4881405 106817396
4881405 106817518
4881405 13678068
4881679 106817396
4881679 106817518
4881679 13678068
4881686 106817396
4881686 106817518
4881686 13678068
4878651 106817413
4878651 106817525
4878651 13677504
4878693 106817413
4878693 106817525
4878693 13677504
4879290 106817413
4879290 106817525
4879290 13677504
4879316 106817413
4879316 106817525
4879316 13677504
4878630 106817416
4878630 106817465
4878630 13677914
4878643 106817416
4878643 106817465
4878643 13677914
4878891 106817416
4878891 106817465
4878891 13677914
4879533 106817416
4879533 106817465
4879533 13677914
4874703 106817429
4874703 106817844
4874703 13681207
4876478 106817429
4876478 106817844
4876478 13681207
4876565 106817429
4876565 106817844
4876565 13681207
4876595 106817429
4876595 106817844
4876595 13681207
4876774 106817429
4876774 106817844
4876774 13681207
4876919 106817429
4876919 106817844
4876919 13681207
4876943 106817429
4876943 106817844
4876943 13681207
4876958 106817429
4876958 106817844
4876958 13681207
4876970 106817429
4876970 106817844
4876970 13681207
4878004 106817429
4878004 106817844
4878004 13681207
4885825 106817429
4885825 106817844
4885825 13681207
4885826 106817429
4885826 106817844
4885826 13681207
4876492 106817432
4876492 106817437
4876492 106817445
4876492 106817453
4876492 106817459
4876492 106817482
4876492 106817493
4876492 106817502
4876492 106817523
4876492 106817540
4876492 106817563
4876492 106817594
4876492 106817623
4876492 106817636
4876492 106817643
4876492 106817644
4876492 106817699
4876492 106817704
4876492 106817705
4876492 106817725
4876492 106817752
4876492 106817753
4876492 106817785
4876492 106817809
4876492 106817837
4876492 106817854
4876492 106817856
4876492 106817881
4876492 106817911
4876492 13677907
4876492 31009658
4876496 106817432
4876496 106817437
4876496 106817445
4876496 106817453
4876496 106817459
4876496 106817482
4876496 106817493
4876496 106817502
4876496 106817523
4876496 106817540
4876496 106817563
4876496 106817594
4876496 106817623
4876496 106817636
4876496 106817643
4876496 106817644
4876496 106817699
4876496 106817704
4876496 106817705
4876496 106817725
4876496 106817752
4876496 106817753
4876496 106817785
4876496 106817809
4876496 106817837
4876496 106817854
4876496 106817856
4876496 106817881
4876496 106817911
4876496 13677907
4876496 31009658
4876507 106817432
4876507 106817437
4876507 106817445
4876507 106817453
4876507 106817459
4876507 106817482
4876507 106817493
4876507 106817502
4876507 106817523
4876507 106817540
4876507 106817563
4876507 106817594
4876507 106817623
4876507 106817636
4876507 106817643
4876507 106817644
4876507 106817699
4876507 106817704
4876507 106817705
4876507 106817725
4876507 106817752
4876507 106817753
4876507 106817785
4876507 106817809
4876507 106817837
4876507 106817854
4876507 106817856
4876507 106817881
4876507 106817911
4876507 13677907
4876507 31009658
4876699 106817432
4876699 106817437
4876699 106817445
4876699 106817453
4876699 106817459
4876699 106817482
4876699 106817493
4876699 106817502
4876699 106817523
4876699 106817540
4876699 106817563
4876699 106817594
4876699 106817623
4876699 106817636
4876699 106817643
4876699 106817644
4876699 106817699
4876699 106817704
4876699 106817705
4876699 106817725
4876699 106817752
4876699 106817753
4876699 106817785
4876699 106817809
4876699 106817837
4876699 106817854
4876699 106817856
4876699 106817881
4876699 106817911
4876699 13677907
4876699 31009658
4876768 106817432
4876768 106817437
4876768 106817445
4876768 106817453
4876768 106817459
4876768 106817482
4876768 106817493
4876768 106817502
4876768 106817523
4876768 106817540
4876768 106817563
4876768 106817594
4876768 106817623
4876768 106817636
4876768 106817643
4876768 106817644
4876768 106817699
4876768 106817704
4876768 106817705
4876768 106817725
4876768 106817752
4876768 106817753
4876768 106817785
4876768 106817809
4876768 106817837
4876768 106817854
4876768 106817856
4876768 106817881
4876768 106817911
4876768 13677907
4876768 31009658
4877526 106817432
4877526 106817437
4877526 106817445
4877526 106817453
4877526 106817459
4877526 106817482
4877526 106817493
4877526 106817502
4877526 106817523
4877526 106817540
4877526 106817563
4877526 106817594
4877526 106817623
4877526 106817636
4877526 106817643
4877526 106817644
4877526 106817699
4877526 106817704
4877526 106817705
4877526 106817725
4877526 106817752
4877526 106817753
4877526 106817785
4877526 106817809
4877526 106817837
4877526 106817854
4877526 106817856
4877526 106817881
4877526 106817911
4877526 13677907
4877526 31009658
4878430 106817432
4878430 106817437
4878430 106817445
4878430 106817453
4878430 106817459
4878430 106817482
4878430 106817493
4878430 106817502
4878430 106817523
4878430 106817540
4878430 106817563
4878430 106817594
4878430 106817623
4878430 106817636
4878430 106817643
4878430 106817644
4878430 106817699
4878430 106817704
4878430 106817705
4878430 106817725
4878430 106817752
4878430 106817753
4878430 106817785
4878430 106817809
4878430 106817837
4878430 106817854
4878430 106817856
4878430 106817881
4878430 106817911
4878430 13677907
4878430 31009658
4878647 106817432
4878647 106817437
4878647 106817445
4878647 106817453
4878647 106817459
4878647 106817482
4878647 106817493
4878647 106817502
4878647 106817523
4878647 106817540
4878647 106817563
4878647 106817594
4878647 106817623
4878647 106817636
4878647 106817643
4878647 106817644
4878647 106817699
4878647 106817704
4878647 106817705
4878647 106817725
4878647 106817752
4878647 106817753
4878647 106817785
4878647 106817809
4878647 106817837
4878647 106817854
4878647 106817856
4878647 106817881
4878647 106817911
4878647 13677907
4878647 31009658
4878896 106817432
4878896 106817437
4878896 106817445
4878896 106817453
4878896 106817459
4878896 106817482
4878896 106817493
4878896 106817502
4878896 106817523
4878896 106817540
4878896 106817563
4878896 106817594
4878896 106817623
4878896 106817636
4878896 106817643
4878896 106817644
4878896 106817699
4878896 106817704
4878896 106817705
4878896 106817725
4878896 106817752
4878896 106817753
4878896 106817785
4878896 106817809
4878896 106817837
4878896 106817854
4878896 106817856
4878896 106817881
4878896 106817911
4878896 13677907
4878896 31009658
4879024 106817432
4879024 106817437
4879024 106817445
4879024 106817453
4879024 106817459
4879024 106817482
4879024 106817493
4879024 106817502
4879024 106817523
4879024 106817540
4879024 106817563
4879024 106817594
4879024 106817623
4879024 106817636
4879024 106817643
4879024 106817644
4879024 106817699
4879024 106817704
4879024 106817705
4879024 106817725
4879024 106817752
4879024 106817753
4879024 106817785
4879024 106817809
4879024 106817837
4879024 106817854
4879024 106817856
4879024 106817881
4879024 106817911
4879024 13677907
4879024 31009658
4879059 106817432
4879059 106817437
4879059 106817445
4879059 106817453
4879059 106817459
4879059 106817482
4879059 106817493
4879059 106817502
4879059 106817523
4879059 106817540
4879059 106817563
4879059 106817594
4879059 106817623
4879059 106817636
4879059 106817643
4879059 106817644
4879059 106817699
4879059 106817704
4879059 106817705
4879059 106817725
4879059 106817752
4879059 106817753
4879059 106817785
4879059 106817809
4879059 106817837
4879059 106817854
4879059 106817856
4879059 106817881
4879059 106817911
4879059 13677907
4879059 31009658
4881706 106817432
4881706 106817437
4881706 106817445
4881706 106817453
4881706 106817459
4881706 106817482
4881706 106817493
4881706 106817502
4881706 106817523
4881706 106817540
4881706 106817563
4881706 106817594
4881706 106817623
4881706 106817636
4881706 106817643
4881706 106817644
4881706 106817699
4881706 106817704
4881706 106817705
4881706 106817725
4881706 106817752
4881706 106817753
4881706 106817785
4881706 106817809
4881706 106817837
4881706 106817854
4881706 106817856
4881706 106817881
4881706 106817911
4881706 13677907
4881706 31009658
4881709 106817432
4881709 106817437
4881709 106817445
4881709 106817453
4881709 106817459
4881709 106817482
4881709 106817493
4881709 106817502
4881709 106817523
4881709 106817540
4881709 106817563
4881709 106817594
4881709 106817623
4881709 106817636
4881709 106817643
4881709 106817644
4881709 106817699
4881709 106817704
4881709 106817705
4881709 106817725
4881709 106817752
4881709 106817753
4881709 106817785
4881709 106817809
4881709 106817837
4881709 106817854
4881709 106817856
4881709 106817881
4881709 106817911
4881709 13677907
4881709 31009658
4881893 106817432
4881893 106817437
4881893 106817445
4881893 106817453
4881893 106817459
4881893 106817482
4881893 106817493
4881893 106817502
4881893 106817523
4881893 106817540
4881893 106817563
4881893 106817594
4881893 106817623
4881893 106817636
4881893 106817643
4881893 106817644
4881893 106817699
4881893 106817704
4881893 106817705
4881893 106817725
4881893 106817752
4881893 106817753
4881893 106817785
4881893 106817809
4881893 106817837
4881893 106817854
4881893 106817856
4881893 106817881
4881893 106817911
4881893 13677907
4881893 31009658
4881902 106817432
4881902 106817437
4881902 106817445
4881902 106817453
4881902 106817459
4881902 106817482
4881902 106817493
4881902 106817502
4881902 106817523
4881902 106817540
4881902 106817563
4881902 106817594
4881902 106817623
4881902 106817636
4881902 106817643
4881902 106817644
4881902 106817699
4881902 106817704
4881902 106817705
4881902 106817725
4881902 106817752
4881902 106817753
4881902 106817785
4881902 106817809
4881902 106817837
4881902 106817854
4881902 106817856
4881902 106817881
4881902 106817911
4881902 13677907
4881902 31009658
4882055 106817432
4882055 106817437
4882055 106817445
4882055 106817453
4882055 106817459
4882055 106817482
4882055 106817493
4882055 106817502
4882055 106817523
4882055 106817540
4882055 106817563
4882055 106817594
4882055 106817623
4882055 106817636
4882055 106817643
4882055 106817644
4882055 106817699
4882055 106817704
4882055 106817705
4882055 106817725
4882055 106817752
4882055 106817753
4882055 106817785
4882055 106817809
4882055 106817837
4882055 106817854
4882055 106817856
4882055 106817881
4882055 106817911
4882055 13677907
4882055 31009658
4883885 106817432
4883885 106817437
4883885 106817445
4883885 106817453
4883885 106817459
4883885 106817482
4883885 106817493
4883885 106817502
4883885 106817523
4883885 106817540
4883885 106817563
4883885 106817594
4883885 106817623
4883885 106817636
4883885 106817643
4883885 106817644
4883885 106817699
4883885 106817704
4883885 106817705
4883885 106817725
4883885 106817752
4883885 106817753
4883885 106817785
4883885 106817809
4883885 106817837
4883885 106817854
4883885 106817856
4883885 106817881
4883885 106817911
4883885 13677907
4883885 31009658
4883886 106817432
4883886 106817437
4883886 106817445
4883886 106817453
4883886 106817459
4883886 106817482
4883886 106817493
4883886 106817502
4883886 106817523
4883886 106817540
4883886 106817563
4883886 106817594
4883886 106817623
4883886 106817636
4883886 106817643
4883886 106817644
4883886 106817699
4883886 106817704
4883886 106817705
4883886 106817725
4883886 106817752
4883886 106817753
4883886 106817785
4883886 106817809
4883886 106817837
4883886 106817854
4883886 106817856
4883886 106817881
4883886 106817911
4883886 13677907
4883886 31009658
4884215 106817432
4884215 106817437
4884215 106817445
4884215 106817453
4884215 106817459
4884215 106817482
4884215 106817493
4884215 106817502
4884215 106817523
4884215 106817540
4884215 106817563
4884215 106817594
4884215 106817623
4884215 106817636
4884215 106817643
4884215 106817644
4884215 106817699
4884215 106817704
4884215 106817705
4884215 106817725
4884215 106817752
4884215 106817753
4884215 106817785
4884215 106817809
4884215 106817837
4884215 106817854
4884215 106817856
4884215 106817881
4884215 106817911
4884215 13677907
4884215 31009658
4884216 106817432
4884216 106817437
4884216 106817445
4884216 106817453
4884216 106817459
4884216 106817482
4884216 106817493
4884216 106817502
4884216 106817523
4884216 106817540
4884216 106817563
4884216 106817594
4884216 106817623
4884216 106817636
4884216 106817643
4884216 106817644
4884216 106817699
4884216 106817704
4884216 106817705
4884216 106817725
4884216 106817752
4884216 106817753
4884216 106817785
4884216 106817809
4884216 106817837
4884216 106817854
4884216 106817856
4884216 106817881
4884216 106817911
4884216 13677907
4884216 31009658
4884245 106817432
4884245 106817437
4884245 106817445
4884245 106817453
4884245 106817459
4884245 106817482
4884245 106817493
4884245 106817502
4884245 106817523
4884245 106817540
4884245 106817563
4884245 106817594
4884245 106817623
4884245 106817636
4884245 106817643
4884245 106817644
4884245 106817699
4884245 106817704
4884245 106817705
4884245 106817725
4884245 106817752
4884245 106817753
4884245 106817785
4884245 106817809
4884245 106817837
4884245 106817854
4884245 106817856
4884245 106817881
4884245 106817911
4884245 13677907
4884245 31009658
4884248 106817432
4884248 106817437
4884248 106817445
4884248 106817453
4884248 106817459
4884248 106817482
4884248 106817493
4884248 106817502
4884248 106817523
4884248 106817540
4884248 106817563
4884248 106817594
4884248 106817623
4884248 106817636
4884248 106817643
4884248 106817644
4884248 106817699
4884248 106817704
4884248 106817705
4884248 106817725
4884248 106817752
4884248 106817753
4884248 106817785
4884248 106817809
4884248 106817837
4884248 106817854
4884248 106817856
4884248 106817881
4884248 106817911
4884248 13677907
4884248 31009658
4884319 106817432
4884319 106817437
4884319 106817445
4884319 106817453
4884319 106817459
4884319 106817482
4884319 106817493
4884319 106817502
4884319 106817523
4884319 106817540
4884319 106817563
4884319 106817594
4884319 106817623
4884319 106817636
4884319 106817643
4884319 106817644
4884319 106817699
4884319 106817704
4884319 106817705
4884319 106817725
4884319 106817752
4884319 106817753
4884319 106817785
4884319 106817809
4884319 106817837
4884319 106817854
4884319 106817856
4884319 106817881
4884319 106817911
4884319 13677907
4884319 31009658
4884322 106817432
4884322 106817437
4884322 106817445
4884322 106817453
4884322 106817459
4884322 106817482
4884322 106817493
4884322 106817502
4884322 106817523
4884322 106817540
4884322 106817563
4884322 106817594
4884322 106817623
4884322 106817636
4884322 106817643
4884322 106817644
4884322 106817699
4884322 106817704
4884322 106817705
4884322 106817725
4884322 106817752
4884322 106817753
4884322 106817785
4884322 106817809
4884322 106817837
4884322 106817854
4884322 106817856
4884322 106817881
4884322 106817911
4884322 13677907
4884322 31009658
4884323 106817432
4884323 106817445
4884323 106817453
4884323 106817459
4884323 106817482
4884323 106817493
4884323 106817502
4884323 106817523
4884323 106817540
4884323 106817563
4884323 106817594
4884323 106817623
4884323 106817643
4884323 106817699
4884323 106817705
4884323 106817725
4884323 106817752
4884323 106817753
4884323 106817785
4884323 106817809
4884323 106817837
4884323 106817854
4884323 106817881
4884323 106817911
4884323 13677907
4884323 31009658
4884324 106817432
4884324 106817445
4884324 106817453
4884324 106817459
4884324 106817482
4884324 106817493
4884324 106817502
4884324 106817523
4884324 106817540
4884324 106817563
4884324 106817594
4884324 106817623
4884324 106817643
4884324 106817699
4884324 106817705
4884324 106817725
4884324 106817752
4884324 106817753
4884324 106817785
4884324 106817809
4884324 106817837
4884324 106817854
4884324 106817881
4884324 106817911
4884324 13677907
4884324 31009658
4884326 106817432
4884326 106817445
4884326 106817453
4884326 106817459
4884326 106817482
4884326 106817493
4884326 106817502
4884326 106817523
4884326 106817540
4884326 106817563
4884326 106817594
4884326 106817623
4884326 106817643
4884326 106817699
4884326 106817705
4884326 106817725
4884326 106817752
4884326 106817753
4884326 106817785
4884326 106817809
4884326 106817837
4884326 106817854
4884326 106817881
4884326 106817911
4884326 13677907
4884326 31009658
4885108 106817432
4885108 106817445
4885108 106817453
4885108 106817459
4885108 106817482
4885108 106817493
4885108 106817502
4885108 106817523
4885108 106817540
4885108 106817563
4885108 106817594
4885108 106817623
4885108 106817643
4885108 106817699
4885108 106817705
4885108 106817725
4885108 106817752
4885108 106817753
4885108 106817785
4885108 106817809
4885108 106817837
4885108 106817854
4885108 106817881
4885108 106817911
4885108 13677907
4885108 31009658
4885109 106817432
4885109 106817445
4885109 106817453
4885109 106817459
4885109 106817482
4885109 106817493
4885109 106817502
4885109 106817523
4885109 106817540
4885109 106817563
4885109 106817594
4885109 106817623
4885109 106817643
4885109 106817699
4885109 106817705
4885109 106817725
4885109 106817752
4885109 106817753
4885109 106817785
4885109 106817809
4885109 106817837
4885109 106817854
4885109 106817881
4885109 106817911
4885109 13677907
4885109 31009658
4886211 106817432
4886211 106817445
4886211 106817453
4886211 106817459
4886211 106817482
4886211 106817493
4886211 106817502
4886211 106817523
4886211 106817540
4886211 106817563
4886211 106817594
4886211 106817623
4886211 106817643
4886211 106817699
4886211 106817705
4886211 106817725
4886211 106817752
4886211 106817753
4886211 106817785
4886211 106817809
4886211 106817837
4886211 106817854
4886211 106817881
4886211 106817911
4886211 13677907
4886211 31009658
4886213 106817432
4886213 106817445
4886213 106817453
4886213 106817459
4886213 106817482
4886213 106817493
4886213 106817502
4886213 106817523
4886213 106817540
4886213 106817563
4886213 106817594
4886213 106817623
4886213 106817643
4886213 106817699
4886213 106817705
4886213 106817725
4886213 106817752
4886213 106817753
4886213 106817785
4886213 106817809
4886213 106817837
4886213 106817854
4886213 106817881
4886213 106817911
4886213 13677907
4886213 31009658
4886685 106817432
4886685 106817445
4886685 106817453
4886685 106817459
4886685 106817482
4886685 106817493
4886685 106817502
4886685 106817523
4886685 106817540
4886685 106817563
4886685 106817594
4886685 106817623
4886685 106817643
4886685 106817699
4886685 106817705
4886685 106817725
4886685 106817752
4886685 106817753
4886685 106817785
4886685 106817809
4886685 106817837
4886685 106817854
4886685 106817881
4886685 106817911
4886685 13677907
4886685 31009658
4874368 106817452
4874368 106817875
4874368 13679730
4875323 106817452
4875323 106817875
4875323 13679730
4875437 106817452
4875437 106817875
4875437 13679730
4876905 106817452
4876905 106817875
4876905 13679730
4876916 106817452
4876916 106817875
4876916 13679730
4876918 106817452
4876918 106817875
4876918 13679730
4876921 106817452
4876921 106817875
4876921 13679730
4876935 106817452
4876935 106817875
4876935 13679730
4877626 106817452
4877626 106817875
4877626 13679730
4877998 106817452
4877998 106817875
4877998 13679730
4878009 106817452
4878009 106817875
4878009 13679730
4878015 106817452
4878015 106817875
4878015 13679730
4878666 106817487
4878666 106817599
4878666 13679363
4879034 106817487
4879034 106817599
4879034 13679363
4884642 106817487
4884642 106817599
4884642 13679363
4884643 106817487
4884643 106817599
4884643 13679363
4885263 106817487
4885263 106817599
4885263 13679363
4885265 106817487
4885265 106817599
4885265 13679363
4881710 106817505
4881710 106817605
4881710 13680814
4881786 106817505
4881786 106817605
4881786 13680814
4881912 106817505
4881912 106817605
4881912 13680814
4882022 106817505
4882022 106817605
4882022 13680814
4882033 106817505
4882033 106817605
4882033 13680814
4885114 106817549
4885114 13679511
4881731 106817614
4881731 106817692
4881731 107367475
4881731 13677484
4882275 106817614
4882275 106817692
4882275 107367475
4882275 13677484
4883305 106817614
4883305 106817692
4883305 107367475
4883305 13677484
4883328 106817614
4883328 106817692
4883328 107367475
4883328 13677484
4885612 106817614
4885612 106817692
4885612 107367475
4885612 13677484
4885613 106817614
4885613 106817692
4885613 107367475
4885613 13677484
4885629 106817614
4885629 106817692
4885629 107367475
4885629 13677484
4885630 106817614
4885630 106817692
4885630 107367475
4885630 13677484
4885636 106817614
4885636 106817692
4885636 107367475
4885636 13677484
4881691 106817614
4881691 106817692
4881691 107367475
4881691 13677484
4881691 13680324
4881695 106817614
4881695 106817692
4881695 107367475
4881695 13677484
4881695 13680324
4881720 106817614
4881720 106817692
4881720 107367475
4881720 13677484
4881720 13680324
4882171 106817614
4882171 106817692
4882171 107367475
4882171 13677484
4882171 13680324
4884527 106817614
4884527 106817692
4884527 107367475
4884527 13677484
4884527 13680324
4885179 106817614
4885179 106817692
4885179 107367475
4885179 13677484
4885179 13680324
4876645 106817685
4876645 106817738
4876645 13677943
4876652 106817685
4876652 106817738
4876652 13677943
4876655 106817685
4876655 106817738
4876655 13677943
4876761 106817685
4876761 106817738
4876761 13677943
4884233 106817685
4884233 106817738
4884233 13677943
4876964 106817865
4876964 13679922
4877608 106817865
4877608 13679922
4886593 106817865
4886593 13679922
4880675 107259859
4880675 13677878
4880926 107259859
4880926 13677878
4881057 107259859
4881057 13677878
4881063 107259859
4881063 13677878
4879597 107303150
4879597 13679618
4879600 107303150
4879600 13679618
4879644 107303150
4879644 13679618
4879648 107303150
4879648 13679618
4878746 107303169
4878746 13681048
4879261 107303169
4879261 13681048
4878700 107303178
4878700 13679010
4878702 107303178
4878702 13679010
4878713 107303178
4878713 13679010
4878716 107303178
4878716 13679010
4878824 107303178
4878824 13679010
4879092 107303178
4879092 13679010
4879328 107303178
4879328 13679010
4879467 107303178
4879467 13679010
4881758 107303178
4881758 13679010
4881763 107303178
4881763 13679010
4881765 107303178
4881765 13679010
4881766 107303178
4881766 13679010
4881791 107303178
4881791 13679010
4881934 107303178
4881934 13679010
4881953 107303178
4881953 13679010
4882047 107303178
4882047 13679010
4882183 107303178
4882183 13679010
4882220 107303178
4882220 13679010
4882266 107303178
4882266 13679010
4882303 107303178
4882303 13679010
4883056 107303178
4883056 13679010
4883076 107303178
4883076 13679010
4883297 107303178
4883297 13679010
4883301 107303178
4883301 13679010
4883338 107303178
4883338 13679010
4883341 107303178
4883341 13679010
4884532 107303178
4884532 13679010
4885638 107303178
4885638 13679010
4885639 107303178
4885639 13679010
4877176 107367427
4877176 13677765
4877186 107367427
4877186 13677765
4877196 107367427
4877196 13677765
4877199 107367427
4877199 13677765
4877200 107367427
4877200 13677765
4877202 107367427
4877202 13677765
4877205 107367427
4877205 13677765
4878365 107367427
4878365 13677765
4878367 107367427
4878367 13677765
4877077 107367445
4877077 13679140
4878486 107367445
4878486 13679140
4884251 107367445
4884251 13679140
4877170 107367464
4877170 13675520
4877206 107367464
4877206 13675520
4878312 107367464
4878312 13675520
4878317 107367464
4878317 13675520
4884880 119784787
4884880 13676293
4876974 119784788
4876974 13681063
4876974 145130197
4876975 119784788
4876975 13681063
4876975 145130197
4878671 119784788
4878671 13681063
4878671 145130197
4878672 119784788
4878672 13681063
4878672 145130197
4878675 119784788
4878675 13681063
4878675 145130197
4878677 119784788
4878677 13681063
4878677 145130197
4878679 119784788
4878679 13681063
4878679 145130197
4878683 119784788
4878683 13681063
4878683 145130197
4878684 119784788
4878684 13681063
4878684 145130197
4878686 119784788
4878686 13681063
4878686 145130197
4878707 119784788
4878707 13681063
4878707 145130197
4878876 119784788
4878876 13681063
4878876 145130197
4878879 119784788
4878879 13681063
4878879 145130197
4879052 119784788
4879052 13681063
4879052 145130197
4879055 119784788
4879055 13681063
4879055 145130197
4879070 119784788
4879070 13681063
4879070 145130197
4879073 119784788
4879073 13681063
4879073 145130197
4879287 119784788
4879287 13681063
4879287 145130197
4879327 119784788
4879327 13681063
4879327 145130197
4879352 119784788
4879352 13681063
4879352 145130197
4879363 119784788
4879363 13681063
4879363 145130197
4879399 119784788
4879399 13681063
4879399 145130197
4882999 119784788
4882999 13681063
4882999 145130197
4883231 119784788
4883231 13681063
4883231 145130197
4883292 119784788
4883292 13681063
4883292 145130197
4884007 119784788
4884007 13681063
4884007 145130197
4884008 119784788
4884008 13681063
4884008 145130197
4885963 119784788
4885963 13681063
4885963 145130197
4885964 119784788
4885964 13681063
4885964 145130197
4886252 119784788
4886252 13681063
4886252 145130197
4879602 13620564
4879602 13677586
4879859 13620564
4879859 13677590
4880443 13671645
4880443 13675290
4874428 13675164
4874527 13675164
4877359 13675166
4884865 13675166
4877039 13675168
4875745 13675172
4875921 13675172
4876201 13675172
4884203 13675172
4884941 13675172
4884942 13675172
4880844 13675177
4881030 13675177
4882418 13675181
4882428 13675181
4882502 13675181
4882614 13675181
4882662 13675181
4882672 13675181
4886328 13675181
4878762 13675185
4883068 13675185
4886253 13675185
4880161 13675187
4880717 13675187
4880178 13675198
4880202 13675198
4880482 13675198
4880771 13675198
4884454 13675198
4884457 13675198
4876924 13675201
4877545 13675201
4877990 13675201
4886584 13675201
4877326 13675202
4878179 13675202
4880604 13675204
4882733 13675207
4882419 13675210
4878619 13675215
4879302 13675215
4875664 13675218
4875955 13675218
4875658 13675223
4875661 13675223
4875655 13675225
4877168 13675227
4877168 145130198
4877794 13675227
4877794 145130198
4877828 13675227
4877828 145130198
4878279 13675227
4878279 145130198
4884291 13675227
4884291 145130198
4878000 13675231
4880156 13675233
4880519 13675233
4874850 13675236
4874852 13675236
4884103 13675236
4874679 13675240
4874681 13675240
4878375 13675241
4875740 13675245
4875742 13675245
4875743 13675245
4875748 13675245
4875749 13675245
4883504 13675245
4886208 13675245
4880715 13675249
4880741 13675249
4877051 13675250
4877051 145147807
4877056 13675250
4877056 145147807
4877058 13675250
4877058 145147807
4877059 13675250
4877059 145147807
4877863 13675250
4877863 145147807
4877913 13675250
4877913 145147807
4879975 13675252
4883471 13675252
4883472 13675252
4879880 13675263
4879887 13675263
4880058 13675263
4880061 13675263
4880068 13675263
4883495 13675263
4885211 13675263
4885212 13675263
4885748 13675263
4885749 13675263
4885751 13675263
4885752 13675263
4880139 13675269
4880141 13675269
4880164 13675269
4880166 13675269
4880172 13675269
4880179 13675269
4880181 13675269
4880184 13675269
4880350 13675269
4880453 13675269
4880455 13675269
4880485 13675269
4880489 13675269
4880491 13675269
4880520 13675269
4880565 13675269
4883024 13675269
4883028 13675269
4883496 13675269
4885080 13675269
4885081 13675269
4881126 13675272
4878396 13675273
4880154 13675275
4883451 13675275
4883677 13675277
4883678 13675277
4874309 13675287
4874332 13675287
4874460 13675287
4874754 13675287
4879905 13675287
4879907 13675287
4879920 13675287
4880001 13675287
4885441 13675287
4885442 13675287
4885258 13675294
4880260 13675296
4880447 13675296
4878041 13675298
4875524 13675299
4875070 13675300
4875525 13675300
4885895 13675302
4878044 13675304
4875526 13675306
4881869 13675307
4875528 13675308
4885898 13675311
4878047 13675312
4878048 13675312
4878049 13675312
4885318 13675315
4885320 13675315
4885323 13675316
4885329 13675318
4884546 13675319
4878689 13675322
4879048 13675322
4879080 13675322
4879227 13675322
4878110 13675323
4885962 13675326
4878112 13675328
4878115 13675330
4878116 13675330
4878118 13675332
4886353 13675337
4876790 13675339
4885170 13675340
4876796 13675342
4882949 13675342
4877402 13675343
4877733 13675343
4885175 13675344
4885177 13675344
4881147 13675345
4884393 13675347
4886999 13675349
4878826 13675353
4885299 13675353
4881785 13675356
4875443 13675359
4875445 13675363
4875447 13675366
4881211 13675368
4881212 13675369
4885241 13675371
4885242 13675371
4874343 13675375
4874669 13675375
4885245 13675376
4882633 13675378
4883448 13675382
4884062 13675382
4884467 13675382
4882635 13675384
4881849 13675390
4881852 13675390
4881853 13675390
4881974 13675390
4875510 13675392
4882637 13675395
4885881 13675399
4885882 13675404
4885883 13675404
4878031 13675407
4875512 13675411
4875513 13675413
4875029 13675417
4875514 13675417
4884124 13675417
4885886 13675419
4875516 13675422
4875517 13675422
4885889 13675423
4878039 13675425
4876930 13675427
4882967 13675427
4879451 13675429
4885311 13675433
4879453 13675436
4880500 13675437
4879455 13675439
4879457 13675442
4885317 13675444
4880504 13675445
4879459 13675447
4885319 13675448
4880506 13675452
4875750 13675457
4876078 13675457
4880507 13675460
4886270 13675462
4881614 13675465
4884537 13675465
4881832 13675471
4884538 13675471
4884539 13675475
4886273 13675476
4878100 13675477
4886279 13675478
4874600 13675480
4874801 13675480
4885957 13675482
4885958 13675483
4885959 13675483
4878107 13675488
4878108 13675488
4884600 13675491
4886222 13675491
4875359 13675493
4875360 13675493
4886341 13675497
4881131 13675499
4885160 13675500
4876784 13675503
4885162 13675505
4885163 13675505
4881136 13675508
4881137 13675508
4885167 13675509
4884385 13675513
4881775 13675514
4878816 13675517
4874652 13675522
4874653 13675525
4881201 13675527
4881202 13675528
4885232 13675529
4881207 13675531
4885235 13675533
4881209 13675534
4879378 13675536
4882626 13675538
4875500 13675540
4875501 13675540
4881843 13675549
4882628 13675551
4885872 13675555
4878021 13675558
4878022 13675558
4875503 13675561
4881847 13675567
4881848 13675567
4881978 13675567
4885875 13675571
4885878 13675576
4879440 13675579
4885300 13675580
4879442 13675583
4885308 13675585
4878669 13675587
4884330 13675587
4881053 13675589
4877313 13675590
4876769 13675593
4876770 13675593
4876771 13675594
4885150 13675597
4881123 13675599
4885154 13675601
4876776 13675602
4876778 13675602
4876779 13675602
4885157 13675604
4881129 13675607
4879265 13675615
4879267 13675615
4879271 13675615
4879273 13675615
4879275 13675615
4879277 13675615
4879279 13675615
4879281 13675615
4879283 13675615
4879285 13675615
4879289 13675615
4879291 13675615
4879293 13675615
4879295 13675615
4879297 13675615
4879299 13675615
4879300 13675615
4882886 13675615
4883998 13675615
4883999 13675615
4884355 13675615
4884910 13675615
4883592 13675616
4886731 13675621
4886733 13675621
4886976 13675621
4883595 13675623
4885792 13675624
4878805 13675625
4878807 13675625
4883598 13675627
4885795 13675629
4885798 13675631
4874644 13675633
4879359 13675634
4879361 13675634
4876842 13675635
4876875 13675635
4879362 13675636
4883026 13675637
4885222 13675638
4879364 13675639
4885225 13675641
4879368 13675643
4884448 13675644
4882615 13675645
4885860 13675647
4878010 13675650
4885863 13675654
4878012 13675659
4878417 13675659
4881836 13675663
4874710 13675665
4886189 13675671
4885866 13675672
4878016 13675673
4874712 13675674
4885869 13675676
4878018 13675678
4879430 13675681
4879432 13675683
4879435 13675685
4879436 13675685
4884511 13675687
4878653 13675690
4878654 13675690
4878798 13675693
4879439 13675693
4877868 13675695
4877870 13675695
4884517 13675697
4885929 13675699
4885932 13675699
4885933 13675699
4886257 13675702
4883369 13675703
4885936 13675703
4883371 13675707
4885939 13675707
4881682 13675710
4881687 13675717
4884984 13675721
4886321 13675721
4876760 13675726
4876762 13675727
4885141 13675729
4876765 13675731
4885144 13675733
4884360 13675742
4876767 13675743
4885147 13675745
4883583 13675746
4883586 13675749
4885781 13675750
4883589 13675753
4885786 13675755
4885789 13675759
4885210 13675761
4876833 13675762
4879353 13675766
4879355 13675769
4879357 13675771
4884404 13675773
4885219 13675773
4881820 13675778
4886173 13675780
4885852 13675781
4885853 13675781
4881825 13675784
4885854 13675787
4874702 13675790
4885857 13675792
4874704 13675794
4874705 13675794
4874706 13675796
4879421 13675798
4879423 13675799
4879425 13675801
4878646 13675802
4879102 13675802
4886240 13675803
4877909 13675807
4877915 13675807
4887027 13675807
4877821 13675812
4877823 13675812
4877825 13675812
4877827 13675812
4877829 13675812
4877830 13675812
4877832 13675812
4877834 13675812
4877836 13675812
4887028 13675812
4884289 13675815
4875821 13675818
4876115 13675818
4881678 13675821
4874581 13675832
4875421 13675832
4875423 13675832
4875425 13675832
4875429 13675832
4875431 13675832
4875434 13675832
4875436 13675832
4875438 13675832
4875440 13675832
4875441 13675832
4875636 13675832
4876727 13675832
4876729 13675832
4876730 13675832
4876732 13675832
4876734 13675832
4876736 13675832
4876738 13675832
4876740 13675832
4876744 13675832
4876746 13675832
4876748 13675832
4876750 13675832
4876752 13675832
4876754 13675832
4876755 13675832
4883897 13675832
4883898 13675832
4883907 13675832
4883908 13675832
4886509 13675832
4886318 13675836
4885131 13675837
4885134 13675839
4885137 13675840
4877518 13675841
4878261 13675841
4878494 13675841
4877012 13675845
4877520 13675845
4878496 13675845
4883572 13675847
4886092 13675849
4886095 13675851
4885772 13675853
4883578 13675856
4874988 13675858
4875404 13675858
4885775 13675860
4874621 13675862
4874622 13675862
4874823 13675862
4885778 13675863
4874624 13675864
4879340 13675867
4874626 13675869
4874627 13675872
4886779 13675872
4879343 13675875
4879344 13675875
4885203 13675876
4885204 13675876
4876825 13675878
4876827 13675880
4879347 13675884
4885207 13675886
4876829 13675887
4883640 13675889
4885842 13675891
4881814 13675895
4886168 13675898
4885846 13675899
4879411 13675900
4882370 13675903
4882371 13675903
4883060 13675903
4879413 13675907
4879415 13675908
4881590 13675910
4879419 13675911
4881594 13675915
4881596 13675917
4881598 13675919
4885910 13675921
4878680 13675924
4879324 13675924
4879330 13675924
4885018 13675924
4886236 13675924
4885915 13675927
4885916 13675927
4878765 13675928
4879195 13675928
4886870 13675930
4883491 13675932
4883494 13675934
4885691 13675937
4883497 13675939
4885694 13675940
4881171 13675945
4886304 13675945
4886307 13675946
4885122 13675948
4878690 13675953
4879223 13675953
4879263 13675953
4879264 13675953
4885125 13675957
4880313 13675961
4885128 13675963
4879051 13675966
4884347 13675966
4883563 13675967
4881730 13675970
4881732 13675970
4886083 13675971
4886084 13675974
4886086 13675974
4883566 13675977
4886085 13675978
4885762 13675980
4883569 13675983
4874610 13675986
4884980 13675988
4886089 13675990
4885765 13675993
4874612 13675999
4880090 13676002
4885768 13676003
4874614 13676005
4874615 13676007
4874619 13676008
4879335 13676011
4883630 13676012
4886150 13676014
4883633 13676018
4886153 13676021
4885830 13676024
4883637 13676026
4881804 13676030
4886156 13676031
4880908 13676032
4883638 13676032
4885833 13676034
4886159 13676036
4881807 13676039
4885836 13676040
4885839 13676042
4881582 13676045
4882312 13676051
4882368 13676051
4882369 13676051
4878625 13676057
4881584 13676065
4881586 13676069
4881587 13676069
4881588 13676072
4885907 13676074
4880230 13676076
4877391 13676080
4884260 13676080
4883482 13676083
4883485 13676085
4885683 13676086
4885684 13676086
4883488 13676089
4885685 13676090
4885688 13676093
4885116 13676095
4885119 13676097
4883551 13676100
4886070 13676102
4886071 13676102
4883554 13676104
4881721 13676106
4881723 13676106
4881723 13676114
4885750 13676107
4886074 13676111
4885753 13676116
4885756 13676118
4877120 13676122
4877128 13676122
4877129 13676122
4885759 13676123
4874604 13676125
4880085 13676127
4877934 13676130
4877936 13676130
4877939 13676130
4879321 13676130
4879323 13676130
4879326 13676130
4884637 13676130
4884638 13676130
4886011 13676130
4886012 13676130
4878147 13676131
4878542 13676131
4877817 13676133
4877818 13676133
4877819 13676133
4886141 13676133
4886142 13676133
4886145 13676134
4886146 13676134
4885821 13676136
4886147 13676138
4885824 13676140
4885827 13676141
4886780 13676145
4881575 13676147
4881577 13676149
4880793 13676151
4880798 13676154
4880799 13676156
4879172 13676159
4885548 13676159
4884253 13676161
4886852 13676164
4886853 13676164
4883409 13676166
4884255 13676166
4882422 13676168
4883475 13676170
4883476 13676170
4885670 13676172
4881644 13676173
4885673 13676175
4883479 13676176
4885676 13676180
4885679 13676181
4877907 13676182
4877908 13676183
4876710 13676193
4876712 13676193
4876713 13676193
4876715 13676193
4876717 13676193
4876719 13676193
4876721 13676193
4876723 13676193
4876724 13676193
4876777 13676193
4877966 13676193
4877967 13676193
4877969 13676193
4877970 13676193
4877973 13676193
4877975 13676193
4877979 13676193
4877993 13676193
4877995 13676193
4877997 13676193
4877999 13676193
4878001 13676193
4878003 13676193
4878005 13676193
4878006 13676193
4878230 13676193
4878239 13676193
4878415 13676193
4884580 13676193
4884582 13676193
4885096 13676193
4885097 13676193
4885104 13676197
4883542 13676199
4886062 13676201
4883544 13676205
4886065 13676209
4885741 13676210
4879882 13676212
4883547 13676213
4885744 13676214
4885747 13676216
4880076 13676217
4876190 13676227
4876192 13676227
4876200 13676227
4876202 13676227
4876204 13676227
4876206 13676227
4876208 13676227
4876210 13676227
4876212 13676227
4876214 13676227
4876216 13676227
4876218 13676227
4876220 13676227
4876222 13676227
4876224 13676227
4876225 13676227
4879303 13676227
4879305 13676227
4879309 13676227
4879311 13676227
4879313 13676227
4879315 13676227
4879317 13676227
4879318 13676227
4882771 13676227
4882773 13676227
4882775 13676227
4882941 13676227
4884186 13676227
4886619 13676227
4886628 13676227
4886683 13676227
4883611 13676228
4883612 13676228
4886131 13676230
4886132 13676230
4883613 13676232
4883616 13676234
4885812 13676237
4886137 13676241
4885345 13676244
4886138 13676244
4885815 13676245
4885818 13676250
4875796 13676254
4883390 13676256
4875797 13676259
4875803 13676259
4880149 13676261
4881977 13676266
4882311 13676266
4882346 13676266
4885590 13676267
4885595 13676270
4885596 13676270
4885599 13676272
4878790 13676273
4879161 13676273
4876522 13676276
4876642 13676276
4882951 13676276
4886840 13676277
4880218 13676279
4883460 13676280
4883461 13676280
4883462 13676280
4883463 13676281
4883464 13676281
4882416 13676283
4882417 13676283
4885661 13676286
4885664 13676289
4883469 13676291
4881636 13676292
4885667 13676294
4874592 13676295
4877032 13676296
4874594 13676297
4877033 13676298
4884886 13676299
4884887 13676299
4882191 13676301
4884310 13676305
4884311 13676307
4884311 180726104
4886601 13676307
4886601 180726104
4882197 13676312
4882198 13676312
4883530 13676314
4886051 13676317
4883536 13676318
4886055 13676321
4885734 13676322
4885735 13676322
4883539 13676324
4886058 13676325
4885738 13676326
4882117 13676331
4882260 13676331
4880066 13676334
4886697 13676338
4886123 13676340
4885801 13676343
4885804 13676344
4885807 13676345
4883383 13676348
4882322 13676350
4882336 13676350
4883385 13676352
4885581 13676354
4883387 13676356
4885584 13676357
4885587 13676360
4880775 13676362
4880209 13676365
4885653 13676367
4874563 13676377
4874565 13676377
4874567 13676377
4874569 13676377
4874571 13676377
4874573 13676377
4874580 13676377
4874655 13676377
4874661 13676377
4875391 13676377
4875392 13676377
4875557 13676377
4875626 13676377
4875638 13676377
4877942 13676377
4877946 13676377
4877949 13676377
4877951 13676377
4877953 13676377
4877955 13676377
4877957 13676377
4877959 13676377
4877961 13676377
4877963 13676377
4879331 13676377
4882929 13676377
4883927 13676377
4884634 13676377
4884635 13676377
4886026 13676377
4886027 13676377
4886499 13676377
4885656 13676382
4885658 13676389
4879242 13676396
4879244 13676396
4879245 13676396
4879248 13676396
4879250 13676396
4879252 13676396
4879254 13676396
4879256 13676396
4879258 13676396
4879260 13676396
4879262 13676396
4879790 13676396
4879792 13676396
4879794 13676396
4879796 13676396
4879799 13676396
4884047 13676396
4884048 13676396
4882180 13676397
4877026 13676398
4877028 13676398
4878405 13676398
4880849 13676400
4882186 13676403
4884301 13676406
4884306 13676410
4883522 13676412
4886041 13676414
4885720 13676415
4886045 13676417
4886048 13676421
4885725 13676423
4885726 13676423
4880038 13676427
4880040 13676427
4880044 13676427
4880046 13676427
4880048 13676427
4880050 13676427
4880052 13676427
4880054 13676427
4880055 13676427
4880086 13676427
4883654 13676427
4883655 13676427
4885729 13676428
4880059 13676429
4886111 13676430
4886112 13676432
4886113 13676432
4886114 13676434
4886116 13676436
4876550 13676437
4883378 13676437
4883379 13676437
4886119 13676439
4882320 13676442
4878298 13676445
4874995 13676447
4883375 13676448
4883376 13676448
4885571 13676451
4885572 13676451
4885575 13676453
4885578 13676454
4878364 13676455
4875847 13676458
4878368 13676459
4883442 13676461
4875849 13676463
4886536 13676463
4885640 13676465
4885643 13676466
4880830 13676469
4881615 13676471
4885646 13676473
4882170 13676475
4882172 13676477
4879216 13676478
4879218 13676479
4883511 13676482
4883512 13676482
4881398 13676486
4883513 13676490
4879850 13676491
4883516 13676493
4886035 13676494
4885711 13676495
4886038 13676497
4885714 13676498
4885717 13676500
4885490 13676503
4880681 13676505
4885494 13676506
4886100 13676509
4886101 13676509
4885497 13676511
4886105 13676515
4886108 13676518
4878280 13676520
4879915 13676522
4880112 13676522
4884143 13676525
4882115 13676530
4882310 13676530
4884144 13676535
4878286 13676537
4883361 13676540
4878288 13676543
4883363 13676544
4883365 13676546
4885559 13676550
4885560 13676550
4885565 13676553
4885566 13676553
4880758 13676556
4883430 13676557
4883433 13676558
4881600 13676560
4881602 13676561
4883438 13676563
4883439 13676563
4885637 13676566
4882160 13676567
4882163 13676569
4882164 13676569
4882165 13676570
4882167 13676571
4882169 13676572
4883500 13676575
4883501 13676577
4886020 13676583
4886021 13676583
4879840 13676585
4875037 13676588
4875048 13676588
4883506 13676589
4885702 13676590
4885705 13676591
4879847 13676592
4884922 13676594
4884923 13676594
4885708 13676595
4883283 13676597
4885481 13676598
4882239 13676601
4883289 13676602
4885489 13676603
4883352 13676604
4883354 13676607
4881761 13676611
4882036 13676611
4882307 13676611
4885551 13676613
4883356 13676615
4885554 13676617
4882946 13676619
4878341 13676620
4884202 13676622
4878344 13676623
4886802 13676628
4886803 13676628
4883420 13676630
4885622 13676632
4885626 13676633
4885627 13676633
4885628 13676635
4884849 13676636
4882158 13676639
4875035 13676640
4878967 13676641
4879717 13676641
4879827 13676641
4879829 13676641
4879831 13676641
4875038 13676643
4878190 13676646
4878193 13676648
4878195 13676648
4878197 13676648
4882221 13676651
4882222 13676651
4882223 13676652
4883272 13676654
4882225 13676656
4883276 13676658
4883277 13676658
4885478 13676664
4875741 13676669
4875754 13676669
4876283 13676669
4876527 13676672
4876529 13676673
4878263 13676674
4883340 13676676
4883342 13676676
4883343 13676676
4883345 13676679
4883347 13676681
4885542 13676684
4883349 13676685
4885546 13676687
4880737 13676690
4878330 13676692
4875814 13676693
4878333 13676694
4878334 13676696
4878335 13676697
4883413 13676699
4885610 13676702
4885611 13676702
4885616 13676705
4885619 13676706
4882119 13676709
4882121 13676709
4882123 13676709
4882125 13676709
4882127 13676709
4882129 13676709
4882131 13676709
4882132 13676709
4882135 13676709
4882137 13676709
4882138 13676709
4882140 13676709
4882142 13676709
4882143 13676709
4882262 13676709
4882281 13676709
4882298 13676709
4882898 13676709
4883042 13676709
4882147 13676710
4885392 13676712
4882149 13676714
4878406 13676716
4885395 13676718
4879820 13676721
4879822 13676724
4879824 13676726
4879826 13676732
4878185 13676734
4878187 13676736
4882213 13676738
4886647 13676742
4882217 13676743
4882219 13676747
4885463 13676750
4876510 13676754
4876514 13676755
4876517 13676758
4878251 13676762
4878252 13676766
4875736 13676768
4883330 13676770
4883333 13676771
4883334 13676771
4879670 13676773
4885530 13676775
4883335 13676777
4883337 13676779
4885533 13676780
4876293 13676782
4885536 13676784
4885539 13676787
4878322 13676789
4878325 13676792
4878326 13676794
4878327 13676795
4876360 13676798
4885602 13676799
4876361 13676801
4876365 13676804
4885607 13676806
4885609 13676806
4885380 13676808
4881352 13676810
4885383 13676813
4885385 13676815
4885389 13676817
4879818 13676820
4882200 13676821
4882205 13676824
4882207 13676826
4877399 13676828
4883258 13676830
4885457 13676833
4882842 13676834
4874387 13676836
4876505 13676840
4883879 13676840
4883880 13676840
4878240 13676842
4878241 13676842
4878243 13676844
4878246 13676846
4883320 13676847
4883322 13676849
4879649 13676851
4879650 13676851
4879660 13676851
4879659 13676853
4879661 13676853
4879662 13676853
4883325 13676856
4885521 13676858
4883327 13676861
4879664 13676863
4876281 13676867
4885524 13676868
4879666 13676869
4876284 13676871
4876286 13676871
4885527 13676872
4878311 13676873
4876160 13676879
4883967 13676879
4883968 13676879
4878314 13676880
4878316 13676881
4880492 13676883
4878318 13676884
4878319 13676885
4880496 13676887
4880498 13676889
4879736 13676893
4878090 13676895
4876356 13676896
4874790 13676897
4878096 13676899
4885370 13676901
4885371 13676901
4876993 13676902
4885374 13676905
4885377 13676909
4879801 13676910
4879803 13676912
4879805 13676913
4879807 13676915
4884599 13676917
4878160 13676919
4878162 13676921
4878218 13676921
4878164 13676923
4878165 13676925
4877382 13676930
4885440 13676932
4886291 13676932
4886293 13676932
4885446 13676934
4881190 13676936
4876506 13676938
4883888 13676938
4883889 13676938
4881194 13676939
4881197 13676940
4881199 13676942
4885512 13676945
4876270 13676949
4877923 13676953
4877925 13676953
4877927 13676953
4877929 13676953
4877931 13676953
4877932 13676953
4879226 13676953
4879228 13676953
4879230 13676953
4879232 13676953
4879234 13676953
4879236 13676953
4879238 13676953
4879239 13676953
4879240 13676953
4879653 13676953
4879654 13676953
4879712 13676953
4884909 13676953
4886610 13676953
4883318 13676954
4876272 13676956
4879656 13676958
4885517 13676962
4885518 13676962
4875498 13676964
4878300 13676968
4878302 13676969
4878303 13676971
4885291 13676972
4885296 13676974
4885297 13676974
4880484 13676975
4876340 13676976
4880488 13676977
4876346 13676979
4878081 13676981
4878088 13676982
4885362 13676983
4886611 13676984
4883232 13676986
4877377 13676988
4875700 13676992
4881180 13676995
4878225 13676997
4878226 13676997
4881187 13676999
4885500 13677002
4885503 13677005
4885506 13677006
4876268 13677008
4885284 13677009
4885285 13677009
4880472 13677012
4885288 13677014
4876330 13677015
4876332 13677017
4880479 13677019
4875551 13677020
4875552 13677020
4879719 13677021
4878071 13677022
4878077 13677025
4886535 13677029
4878079 13677030
4885351 13677033
4885352 13677033
4876977 13677035
4885355 13677037
4885358 13677038
4882735 13677041
4882738 13677041
4882740 13677041
4882742 13677041
4882744 13677041
4882748 13677043
4878141 13677044
4878143 13677046
4878145 13677051
4877431 13677054
4877431 180726102
4886603 13677054
4886603 180726102
4886604 13677057
4879560 13677058
4883229 13677060
4878785 13677066
4882799 13677071
4882801 13677071
4882803 13677071
4882805 13677071
4882807 13677071
4882809 13677071
4882811 13677071
4882813 13677071
4882815 13677071
4882817 13677071
4882819 13677071
4886382 13677075
4886383 13677075
4886384 13677076
4878210 13677078
4878212 13677079
4875471 13677080
4875472 13677082
4881240 13677084
4881241 13677086
4885270 13677087
4885273 13677088
4885278 13677089
4885279 13677089
4882660 13677091
4876320 13677093
4876322 13677093
4876324 13677096
4876326 13677097
4876327 13677097
4878063 13677098
4878064 13677098
4876329 13677100
4875544 13677101
4875546 13677103
4878066 13677105
4878069 13677106
4885342 13677108
4875400 13677112
4876228 13677112
4876230 13677112
4876232 13677112
4876233 13677112
4876235 13677112
4876237 13677112
4876239 13677112
4876241 13677112
4882746 13677112
4882752 13677112
4882754 13677112
4882756 13677112
4882764 13677112
4883147 13677112
4883782 13677112
4883783 13677112
4884137 13677112
4884138 13677112
4884139 13677112
4886682 13677112
4882652 13677120
4884568 13677120
4884569 13677125
4878130 13677126
4878132 13677133
4878134 13677135
4885419 13677136
4885191 13677137
4885192 13677137
4878206 13677138
4881166 13677139
4878208 13677141
4885195 13677145
4877425 13677149
4885198 13677152
4875465 13677153
4875467 13677155
4874682 13677159
4874684 13677160
4885261 13677162
4880450 13677164
4885264 13677166
4880454 13677169
4885267 13677174
4880456 13677178
4880458 13677180
4876312 13677181
4876314 13677183
4875530 13677186
4878050 13677189
4876319 13677190
4878055 13677192
4878057 13677192
4878058 13677192
4875537 13677195
4875538 13677195
4885333 13677197
4885334 13677197
4885335 13677199
4884555 13677203
4886290 13677206
4886292 13677211
4878120 13677215
4878122 13677218
4878123 13677220
4878124 13677222
4878126 13677223
4878128 13677226
4885400 13677227
4885401 13677227
4885404 13677230
4885407 13677233
4886363 13677236
4881150 13677238
4881152 13677240
4885181 13677244
4881154 13677248
4881158 13677250
4885186 13677253
4875451 13677257
4875455 13677260
4875457 13677262
4879390 13677265
4877195 13677268
4883918 13677270
4883919 13677270
4885252 13677271
4880175 13677275
4880457 13677275
4874947 13677286
4874957 13677286
4875230 13677286
4875464 13677286
4875485 13677286
4885205 13677286
4885206 13677286
4879385 13677288
4877246 13677289
4880790 13677295
4880819 13677295
4881010 13677295
4883823 13677295
4883824 13677295
4884471 13677295
4885680 13677295
4885690 13677295
4881210 13677297
4881256 13677297
4880809 13677315
4880818 13677315
4880836 13677315
4881021 13677315
4881024 13677315
4881142 13677315
4882488 13677315
4882492 13677315
4882578 13677315
4884561 13677315
4884562 13677315
4884566 13677315
4885697 13677315
4885700 13677315
4885701 13677315
4885779 13677315
4885780 13677315
4885787 13677315
4885841 13677315
4885850 13677315
4885855 13677315
4885856 13677315
4885861 13677315
4885862 13677315
4878161 13677318
4883251 13677318
4883419 13677318
4886232 13677318
4882393 13677320
4878935 13677332
4881811 13677332
4881834 13677332
4881837 13677332
4881846 13677332
4881920 13677332
4881969 13677332
4882090 13677332
4882216 13677332
4882218 13677332
4882224 13677332
4882314 13677332
4882319 13677332
4882321 13677332
4882325 13677332
4882338 13677332
4882349 13677332
4882352 13677332
4882356 13677332
4884335 13677332
4886244 13677332
4880763 13677335
4877741 13677337
4877748 13677337
4880062 13677339
4874945 13677343
4875224 13677343
4874939 13677347
4878624 13677349
4881764 13677350
4882038 13677350
4881751 13677351
4882432 13677353
4882607 13677353
4882618 13677353
4878394 13677355
4874606 13677362
4882902 13677362
4886838 13677362
4886839 13677362
4887005 13677362
4874607 13677367
4875061 13677374
4875338 13677374
4875385 13677374
4875433 13677374
4878026 13677377
4876962 13677382
4877620 13677382
4878023 13677382
4878025 13677382
4881750 13677383
4881752 13677383
4882441 13677386
4882529 13677386
4883435 13677386
4886046 13677386
4886047 13677386
4880588 13677390
4880614 13677390
4875043 13677393
4884089 13677393
4885662 13677397
4885663 13677397
4878714 13677399
4878742 13677399
4878753 13677399
4880843 13677402
4886288 13677402
4877799 13677407
4877833 13677407
4878694 13677409
4879096 13677409
4879294 13677409
4884366 13677409
4876366 13677411
4880362 13677412
4884459 13677412
4875444 13677414
4880250 13677414
4880268 13677414
4885152 13677418
4885153 13677418
4884114 13677421
4876973 13677426
4884791 13677426
4884792 13677426
4882256 13677428
4880923 13677429
4875173 13677434
4886205 13677434
4877552 13677440
4877605 13677440
4886351 13677440
4886352 13677440
4876211 13677443
4875826 13677451
4877400 13677455
4877724 13677455
4877730 13677455
4878082 13677455
4878084 13677455
4878085 13677455
4883373 13677455
4877095 13677456
4877865 13677456
4882971 13677456
4886343 13677458
4881399 13677463
4886200 13677467
4886519 13677467
4878393 13677470
4885139 13677474
4885140 13677474
4886151 13677474
4886152 13677474
4877209 13677475
4878573 13677475
4878308 13677476
4881753 13677479
4881946 13677479
4881367 13677487
4877354 13677489
4877380 13677494
4877505 13677494
4877920 13677494
4878146 13677494
4878209 13677494
4878540 13677494
4878795 13677494
4879152 13677494
4879249 13677494
4885541 13677494
4885586 13677494
4885589 13677494
4886160 13677494
4886612 13677494
4877362 13677496
4877454 13677496
4878211 13677496
4886342 13677499
4875848 13677515
4875848 13680526
4876112 13677515
4876112 13680526
4876142 13677515
4876142 13680526
4876154 13677515
4876154 13680526
4876359 13677515
4876359 13680526
4878633 13677517
4878633 13680526
4886630 13677517
4886630 13680526
4878774 13677526
4878788 13677526
4878940 13677526
4879140 13677526
4879144 13677526
4879164 13677526
4879167 13677526
4879452 13677526
4876451 13677531
4876451 13680526
4881047 13677541
4874313 13677560
4874375 13677560
4874462 13677560
4874768 13677560
4887000 13677560
4887001 13677560
4887003 13677560
4887012 13677560
4884814 13677563
4883389 13677565
4875721 13677572
4876092 13677572
4884153 13677572
4885507 13677572
4885508 13677572
4886063 13677572
4886064 13677572
4886066 13677572
4886067 13677572
4884971 13677575
4878287 13677579
4884302 13677579
4886689 13677579
4881592 13677581
4881648 13677581
4885082 13677593
4885966 13677595
4885967 13677595
4875791 13677598
4875798 13677598
4886185 13677603
4877381 13677611
4877633 13677611
4877669 13677611
4877775 13677611
4878043 13677611
4878051 13677611
4879596 13677611
4879607 13677611
4879619 13677611
4879630 13677611
4885347 13677611
4885348 13677611
4887031 13677611
4887032 13677611
4883820 13677617
4884485 13677617
4881043 13677622
4880942 13677629
4884469 13677629
4885837 13677629
4885838 13677629
4877452 13677631
4876983 13677634
4884126 13677637
4880858 13677638
4884974 13677641
4878729 13677644
4878731 13677644
4878733 13677644
4878735 13677644
4883003 13677644
4878201 13677645
4886637 13677649
4878772 13677652
4879116 13677652
4883360 13677652
4874840 13677660
4886079 13677662
4886080 13677662
4877331 13677663
4882622 13677664
4886329 13677664
4882442 13677666
4880263 13677670
4874919 13677688
4874920 13677688
4874928 13677688
4875142 13677688
4875343 13677688
4875647 13677688
4875648 13677688
4880427 13677688
4880431 13677688
4882780 13677688
4883746 13677688
4886198 13677688
4886530 13677688
4877280 13677691
4877295 13677691
4878083 13677693
4875009 13677696
4875414 13677696
4882454 13677698
4881805 13677706
4881808 13677706
4881812 13677706
4885410 13677711
4874964 13677716
4874968 13677716
4874969 13677716
4875259 13677716
4877081 13677718
4875548 13677722
4875672 13677727
4876191 13677727
4882935 13677727
4874542 13677731
4885816 13677731
4885817 13677731
4877255 13677734
4884823 13677734
4875273 13677738
4884121 13677738
4884133 13677738
4879587 13677745
4884852 13677748
4876489 13677750
4880852 13677757
4885498 13677757
4877232 13677760
4877233 13677760
4877879 13677760
4875505 13677761
4877197 13677768
4878306 13677768
4875292 13677775
4883416 13677778
4885448 13677778
4880672 13677780
4884972 13677782
4880296 13677785
4881755 13677787
4884992 13677789
4886575 13677792
4879878 13677796
4878380 13677800
4882978 13677800
4884149 13677804
4886204 13677804
4880249 13677809
4880513 13677809
4877075 13677811
4877237 13677814
4875845 13677815
4876433 13677815
4879819 13677819
4884394 13677819
4884398 13677819
4885155 13677821
4885156 13677821
4880622 13677823
4880640 13677823
4880655 13677823
4880666 13677823
4880936 13677823
4886280 13677827
4880189 13677831
4875067 13677838
4875340 13677838
4875383 13677838
4875642 13677838
4884431 13677841
4884437 13677841
4880223 13677848
4880475 13677848
4880477 13677848
4883722 13677848
4883723 13677848
4885460 13677848
4881581 13677852
4881666 13677852
4884519 13677852
4881395 13677854
4885228 13677855
4885229 13677855
4875026 13677863
4886511 13677863
4875828 13677866
4884557 13677869
4886050 13677869
4876783 13677872
4885083 13677873
4880751 13677876
4880965 13677876
4880968 13677876
4880155 13677879
4880683 13677879
4880684 13677879
4884476 13677883
4882588 13677886
4883403 13677888
4883393 13677889
4878028 13677892
4879394 13677908
4879395 13677908
4877020 13677909
4877025 13677910
4877013 13677911
4877014 13677912
4874485 13677930
4874558 13677930
4883195 13677930
4886180 13677930
4886744 13677930
4886745 13677930
4886763 13677930
4886764 13677930
4886972 13677930
4877271 13677935
4884830 13677935
4878756 13677938
4879206 13677938
4879466 13677938
4883429 13677945
4885858 13677945
4880041 13677948
4880079 13677948
4880081 13677948
4883663 13677948
4879998 13677951
4876999 13677954
4878272 13677954
4880704 13677955
4880932 13677955
4875304 13677957
4875823 13677957
4875825 13677957
4876249 13677957
4875835 13677959
4880753 13677960
4880766 13677960
4880973 13677960
4881206 13677960
4876148 13677962
4876438 13677962
4885193 13677969
4885194 13677969
4880591 13677971
4880599 13677971
4880632 13677971
4880656 13677971
4884842 13677973
4880648 13677975
4880658 13677975
4880688 13677975
4880705 13677975
4884087 13677978
4876676 13677983
4884220 13677983
4879569 13677986
4885356 13677986
4879170 13677989
4880897 13677991
4882421 13677991
4882426 13677991
4882499 13677991
4882527 13677991
4882558 13677991
4882625 13677991
4884824 13677994
4884829 13677994
4877022 13677996
4876599 13677999
4876718 13677999
4884170 13678004
4885306 13678004
4885307 13678004
4885321 13678004
4885322 13678004
4885784 13678007
4885785 13678007
4882663 13678010
4875733 13678012
4877349 13678013
4877682 13678013
4876808 13678014
4876809 13678017
4883446 13678019
4884466 13678019
4877242 13678021
4876375 13678022
4875756 13678024
4875768 13678024
4876282 13678024
4881774 13678025
4878610 13678037
4878987 13678037
4881551 13678037
4881556 13678037
4881591 13678037
4881655 13678037
4881881 13678037
4882991 13678037
4884524 13678037
4886349 13678043
4881384 13678051
4881472 13678051
4881477 13678051
4881656 13678051
4881385 13678072
4881388 13678072
4881391 13678072
4874364 13678091
4874522 13678091
4874991 13678091
4875002 13678091
4875024 13678091
4875543 13678091
4883596 13678091
4884086 13678091
4886850 13678091
4886851 13678091
4878741 13678094
4879106 13678094
4883284 13678095
4883321 13678095
4880654 13678097
4880677 13678097
4880698 13678097
4885672 13678100
4881838 13678108
4881970 13678108
4881371 13678120
4881524 13678120
4881619 13678120
4881620 13678120
4884516 13678120
4875773 13678125
4875775 13678125
4875777 13678125
4876178 13678125
4876185 13678125
4883514 13678125
4884196 13678125
4880331 13678131
4875007 13678134
4886633 13678137
4881827 13678147
4882093 13678147
4881132 13678152
4886042 13678152
4886043 13678152
4875030 13678159
4875193 13678159
4875499 13678159
4875502 13678159
4883529 13678159
4886594 13678161
4880592 13678167
4880652 13678167
4880660 13678167
4880663 13678167
4880664 13678167
4880903 13678167
4880906 13678167
4881198 13678167
4884497 13678167
4880631 13678169
4880619 13678170
4878641 13678176
4878656 13678176
4881422 13678182
4881675 13678182
4880950 13678188
4881270 13678188
4885406 13678188
4885790 13678188
4885791 13678188
4886181 13678188
4880989 13678192
4881138 13678192
4881140 13678192
4883841 13678192
4883842 13678192
4885796 13678192
4885802 13678192
4885803 13678192
4878183 13678195
4878052 13678196
4886128 13678198
4875794 13678201
4875799 13678201
4875807 13678201
4876097 13678201
4876280 13678201
4883620 13678201
4883621 13678201
4879462 13678216
4879463 13678216
4879726 13678216
4879823 13678216
4879825 13678216
4877334 13678220
4877356 13678222
4877360 13678222
4877336 13678225
4883242 13678228
4883384 13678228
4877125 13678231
4878386 13678231
4879396 13678235
4877130 13678237
4877178 13678237
4880593 13678240
4880628 13678240
4880349 13678244
4882450 13678252
4882538 13678252
4882603 13678252
4878743 13678255
4878744 13678255
4878747 13678255
4878748 13678255
4878750 13678255
4883401 13678257
4877021 13678259
4883050 13678266
4883353 13678266
4876846 13678270
4880367 13678281
4883719 13678281
4883720 13678281
4879903 13678288
4879995 13678288
4880195 13678288
4883683 13678288
4883684 13678288
4881840 13678297
4882245 13678297
4882316 13678306
4884554 13678306
4880145 13678310
4885887 13678313
4885888 13678313
4880991 13678317
4881097 13678317
4877258 13678322
4881236 13678325
4876368 13678328
4875800 13678332
4880594 13678336
4879896 13678339
4880049 13678339
4880129 13678339
4878800 13678347
4878810 13678347
4878817 13678347
4879189 13678347
4879437 13678347
4877736 13678357
4877924 13678357
4878109 13678357
4878799 13678357
4879253 13678357
4879441 13678357
4879504 13678357
4884032 13678357
4884033 13678357
4877227 13678361
4877229 13678361
4877235 13678361
4877660 13678361
4878170 13678361
4878172 13678361
4878361 13678361
4878294 13678365
4883221 13678365
4883247 13678365
4884590 13678365
4885132 13678365
4885133 13678365
4878391 13678367
4876985 13678370
4886220 13678370
4876968 13678376
4876986 13678376
4878070 13678376
4885071 13678379
4885072 13678379
4886632 13678379
4885215 13678380
4877260 13678383
4877264 13678383
4877308 13678386
4877314 13678386
4877324 13678386
4877329 13678386
4877343 13678386
4877346 13678386
4877370 13678386
4883273 13678386
4883414 13678386
4880264 13678392
4880433 13678392
4880438 13678392
4883737 13678392
4883738 13678392
4874328 13678399
4874344 13678418
4874403 13678418
4874666 13678418
4874737 13678418
4886983 13678418
4886724 13678424
4886516 13678429
4880607 13678431
4880609 13678431
4880611 13678432
4885950 13678434
4877035 13678435
4877036 13678435
4877037 13678435
4877042 13678435
4878277 13678435
4885326 13678437
4876186 13678439
4876335 13678442
4876336 13678442
4874962 13678447
4875150 13678447
4875395 13678447
4876530 13678457
4876531 13678457
4876662 13678457
4876678 13678457
4876681 13678457
4876759 13678457
4877413 13678457
4884235 13678457
4885353 13678457
4885354 13678457
4876665 13678463
4884218 13678463
4884219 13678463
4883346 13678468
4886323 13678468
4877150 13678476
4877157 13678476
4877181 13678476
4877230 13678476
4877241 13678476
4877319 13678476
4877820 13678476
4885361 13678476
4885960 13678476
4885961 13678476
4879342 13678486
4879523 13678486
4884343 13678486
4886249 13678486
4885183 13678495
4880649 13678497
4880650 13678497
4878811 13678499
4878814 13678503
4879730 13678503
4885562 13678503
4885567 13678503
4885568 13678503
4877316 13678505
4877317 13678505
4877320 13678505
4877321 13678505
4877067 13678509
4877107 13678509
4877240 13678513
4877813 13678513
4886120 13678513
4886121 13678513
4877221 13678516
4878351 13678516
4878378 13678516
4876907 13678522
4881320 13678528
4881563 13678528
4884512 13678528
4885450 13678531
4885451 13678531
4882178 13678533
4881368 13678535
4881593 13678535
4881622 13678541
4881623 13678541
4886668 13678541
4880743 13678545
4880757 13678545
4881078 13678545
4880760 13678548
4884387 13678557
4875764 13678560
4876303 13678560
4877244 13678562
4877244 145130205
4877257 13678562
4877257 145130205
4877277 13678562
4877277 145130205
4877299 13678562
4877299 145130205
4877654 13678562
4877654 145130205
4874323 13678568
4874342 13678594
4874509 13678594
4874616 13678594
4874640 13678594
4874813 13678594
4874818 13678594
4885718 13678594
4885719 13678594
4886842 13678594
4886998 13678594
4886815 13678598
4880613 13678601
4880616 13678601
4880938 13678601
4880641 13678604
4880642 13678604
4880621 13678606
4880625 13678606
4880627 13678606
4880629 13678606
4881055 13678606
4881060 13678606
4877401 13678609
4882925 13678618
4884120 13678618
4884134 13678618
4874388 13678622
4885828 13678622
4885829 13678622
4886081 13678624
4877716 13678628
4884272 13678628
4882151 13678634
4882153 13678634
4882154 13678634
4886171 13678634
4886172 13678634
4886320 13678634
4874536 13678639
4874683 13678639
4874711 13678639
4874856 13678639
4885820 13678639
4885822 13678639
4885823 13678639
4886715 13678642
4886716 13678642
4875669 13678645
4875681 13678645
4885233 13678647
4885234 13678647
4884975 13678653
4881835 13678675
4881839 13678675
4881842 13678675
4881855 13678675
4881989 13678675
4881993 13678675
4882202 13678675
4882379 13678675
4886680 13678675
4882519 13678684
4882521 13678684
4880728 13678685
4884794 13678687
4874967 13678694
4875241 13678694
4874950 13678696
4875234 13678696
4879381 13678698
4876488 13678702
4876612 13678702
4876619 13678702
4876797 13678702
4876800 13678702
4876946 13678702
4885649 13678707
4886090 13678707
4886091 13678707
4885782 13678711
4878157 13678714
4875075 13678719
4875312 13678719
4884127 13678719
4885387 13678719
4885388 13678719
4875036 13678721
4875046 13678721
4877144 13678725
4877151 13678725
4877159 13678725
4878282 13678725
4876229 13678728
4874970 13678740
4875350 13678740
4885199 13678740
4886202 13678740
4886527 13678740
4886528 13678743
4886529 13678743
4875716 13678752
4876082 13678752
4877272 13678753
4877273 13678753
4877274 13678753
4880859 13678756
4880214 13678759
4880216 13678759
4881948 13678765
4882168 13678765
4884526 13678765
4884540 13678765
4878812 13678769
4878725 13678771
4884825 13678772
4880653 13678774
4883455 13678777
4883381 13678779
4886691 13678782
4876482 13678791
4876486 13678791
4876602 13678791
4876622 13678791
4876711 13678791
4876739 13678791
4876804 13678791
4876807 13678791
4884210 13678791
4884229 13678791
4885375 13678791
4885376 13678791
4886561 13678791
4877175 13678795
4877225 13678795
4877263 13678795
4877797 13678795
4877831 13678795
4877871 13678795
4884900 13678795
4884901 13678795
4881745 13678799
4880712 13678802
4880695 13678807
4880733 13678807
4880736 13678807
4880635 13678811
4880643 13678811
4883507 13678813
4878362 13678815
4875072 13678816
4883607 13678816
4880203 13678819
4880356 13678819
4884460 13678819
4886283 13678819
4880234 13678825
4880483 13678825
4881008 13678832
4884473 13678832
4884484 13678832
4879561 13678836
4879591 13678836
4879894 13678838
4877140 13678840
4878281 13678840
4883241 13678840
4883380 13678840
4885920 13678842
4881372 13678851
4881373 13678851
4881377 13678851
4881379 13678851
4881531 13678851
4881536 13678851
4881583 13678851
4881784 13678852
4874625 13678857
4874340 13678866
4884861 13678869
4877030 13678872
4877002 13678875
4877010 13678875
4878356 13678875
4882455 13678883
4882536 13678883
4882552 13678883
4882600 13678883
4884560 13678883
4881833 13678899
4881841 13678899
4881844 13678899
4881845 13678899
4881851 13678899
4881854 13678899
4882108 13678899
4882226 13678899
4882361 13678899
4883054 13678899
4884552 13678899
4882326 13678904
4884556 13678904
4877133 13678907
4877149 13678907
4880723 13678909
4880725 13678909
4880729 13678909
4880730 13678909
4885105 13678913
4877126 13678915
4880590 13678916
4880176 13678920
4876900 13678924
4885056 13678926
4875218 13678934
4884115 13678934
4884419 13678934
4884433 13678934
4877613 13678936
4878008 13678936
4885378 13678936
4885379 13678936
4878717 13678938
4879393 13678938
4879397 13678938
4877161 13678941
4877161 145130196
4877184 13678941
4877184 145130196
4877788 13678941
4877788 145130196
4877822 13678941
4877822 145130196
4876684 13678948
4876688 13678948
4886214 13678948
4886263 13678948
4874677 13678951
4877344 13678953
4875856 13678955
4875843 13678960
4875846 13678960
4876323 13678960
4876436 13678960
4885142 13678963
4885143 13678963
4882666 13678967
4880163 13678973
4880148 13678977
4885699 13678980
4882157 13678989
4882808 13678989
4883048 13678989
4886314 13678989
4886316 13678989
4875705 13679001
4875723 13679001
4876062 13679001
4884158 13679001
4876500 13679018
4876509 13679018
4876511 13679018
4876512 13679018
4876630 13679018
4876633 13679018
4876636 13679018
4876764 13679018
4876766 13679018
4876824 13679018
4876828 13679018
4883882 13679018
4884213 13679018
4884214 13679018
4886223 13679018
4880714 13679021
4880929 13679021
4881213 13679021
4876321 13679030
4878594 13679030
4878627 13679030
4878638 13679030
4878655 13679030
4878658 13679030
4878701 13679030
4878930 13679030
4879383 13679030
4879389 13679030
4879405 13679030
4879406 13679030
4879408 13679030
4879409 13679030
4883080 13679030
4883319 13679030
4884364 13679030
4886242 13679030
4876131 13679038
4881480 13679042
4875651 13679058
4875679 13679058
4875706 13679058
4875711 13679058
4876076 13679058
4876367 13679058
4880831 13679058
4880838 13679058
4880857 13679058
4881146 13679058
4881151 13679058
4885703 13679058
4885704 13679058
4875816 13679071
4876311 13679071
4882939 13679071
4875818 13679078
4875839 13679078
4875840 13679078
4875907 13679078
4875975 13679078
4876128 13679078
4884872 13679078
4886537 13679078
4875714 13679079
4874500 13679098
4874503 13679098
4874645 13679098
4874872 13679098
4874880 13679098
4886988 13679098
4886989 13679098
4874646 13679102
4886795 13679109
4886796 13679109
4886599 13679111
4877145 13679114
4877145 145130192
4877185 13679114
4877185 145130192
4877211 13679114
4877211 145130192
4877801 13679114
4877801 145130192
4877835 13679114
4877835 145130192
4876552 13679120
4876782 13679120
4876888 13679120
4884205 13679120
4885831 13679120
4885832 13679120
4885949 13679121
4876300 13679123
4884167 13679123
4874949 13679125
4877118 13679128
4876989 13679129
4881492 13679135
4877103 13679144
4880873 13679154
4880914 13679154
4881089 13679154
4881258 13679154
4881274 13679154
4883826 13679154
4883827 13679154
4884508 13679154
4885953 13679154
4885954 13679154
4885955 13679154
4886269 13679160
4883624 13679165
4883626 13679165
4884614 13679165
4877094 13679167
4880589 13679168
4880601 13679168
4880630 13679168
4876264 13679171
4878151 13679173
4880796 13679176
4880800 13679176
4877158 13679178
4877180 13679178
4877214 13679178
4884810 13679178
4881139 13679179
4883752 13679184
4883753 13679184
4878094 13679189
4886600 13679191
4883237 13679193
4876274 13679197
4884917 13679197
4884918 13679197
4885483 13679198
4885486 13679202
4881402 13679207
4881404 13679207
4881468 13679207
4881559 13679207
4877424 13679210
4877770 13679210
4876221 13679219
4878593 13679219
4878636 13679219
4878981 13679219
4884178 13679219
4885312 13679219
4885313 13679219
4885330 13679219
4886626 13679219
4875858 13679223
4875879 13679223
4876163 13679223
4876328 13679223
4876331 13679223
4881777 13679226
4881781 13679226
4877142 13679228
4878667 13679235
4879057 13679235
4879077 13679235
4879356 13679235
4875023 13679242
4882904 13679242
4879182 13679249
4884345 13679249
4884395 13679249
4877023 13679255
4877044 13679255
4883382 13679255
4883386 13679255
4885117 13679255
4877004 13679260
4878292 13679260
4878752 13679261
4878404 13679263
4878595 13679266
4878621 13679278
4878993 13679278
4878995 13679278
4878609 13679282
4882427 13679284
4884244 13679288
4886226 13679288
4877064 13679290
4877148 13679295
4878284 13679298
4878348 13679302
4884533 13679304
4875790 13679307
4875792 13679307
4877070 13679310
4878338 13679310
4880617 13679313
4880636 13679313
4880637 13679313
4881127 13679313
4875320 13679316
4875367 13679316
4885272 13679316
4877099 13679318
4885124 13679322
4886227 13679322
4884056 13679325
4884189 13679325
4880151 13679329
4886087 13679331
4886088 13679331
4877250 13679333
4877253 13679335
4877007 13679340
4877024 13679340
4877041 13679340
4877057 13679340
4877065 13679340
4877087 13679340
4877156 13679340
4880754 13679343
4880772 13679343
4881082 13679343
4884502 13679343
4881315 13679346
4880702 13679348
4884828 13679350
4883404 13679353
4884843 13679356
4875788 13679359
4875795 13679359
4878612 13679367
4875677 13679375
4875710 13679375
4876059 13679375
4884173 13679375
4881792 13679382
4881797 13679382
4882141 13679382
4880138 13679384
4884359 13679387
4877113 13679389
4877113 13679395
4877127 13679389
4877127 13679395
4877135 13679389
4877135 13679395
4877146 13679389
4877146 13679395
4877177 13679389
4877177 13679395
4876997 13679395
4877029 13679395
4877062 13679395
4876309 13679399
4876310 13679399
4877093 13679402
4878787 13679410
4879149 13679410
4885591 13679410
4886260 13679410
4878950 13679421
4879426 13679421
4875820 13679427
4876313 13679427
4880856 13679429
4883266 13679430
4880064 13679435
4880065 13679435
4879873 13679438
4880075 13679438
4880794 13679442
4881167 13679442
4881186 13679446
4882753 13679446
4878150 13679458
4878907 13679458
4879235 13679458
4879445 13679458
4883288 13679458
4883355 13679458
4883987 13679458
4883988 13679458
4884362 13679458
4885577 13679458
4885597 13679458
4885598 13679458
4886157 13679458
4886158 13679458
4886224 13679458
4879384 13679460
4880495 13679462
4883704 13679462
4886276 13679462
4875602 13679463
4880618 13679465
4875663 13679471
4875665 13679471
4875671 13679471
4875958 13679471
4881737 13679476
4881900 13679476
4882804 13679476
4878820 13679486
4879187 13679486
4879429 13679486
4879431 13679486
4884601 13679489
4877222 13679491
4877259 13679491
4884812 13679491
4884813 13679491
4884903 13679491
4884904 13679491
4875675 13679504
4875676 13679504
4875685 13679504
4876195 13679504
4876197 13679504
4876199 13679504
4885504 13679504
4885505 13679504
4884896 13679507
4882372 13679514
4882402 13679514
4876917 13679516
4884358 13679519
4886117 13679519
4886118 13679519
4886254 13679519
4880261 13679524
4877089 13679526
4878173 13679528
4875667 13679534
4875680 13679539
4875684 13679539
4876052 13679539
4876068 13679539
4875064 13679546
4875069 13679546
4876914 13679546
4877555 13679546
4877573 13679546
4878242 13679546
4883561 13679546
4883564 13679546
4883565 13679546
4883933 13679546
4883934 13679546
4880659 13679549
4878270 13679552
4885100 13679557
4878782 13679560
4884336 13679560
4885580 13679560
4885582 13679560
4885583 13679560
4880143 13679563
4880301 13679563
4880308 13679579
4880332 13679579
4886036 13679579
4886037 13679579
4877213 13679583
4877220 13679583
4877236 13679583
4877243 13679583
4877254 13679583
4877267 13679583
4877297 13679583
4877656 13679583
4878363 13679583
4878343 13679586
4884288 13679586
4884884 13679586
4884885 13679586
4876006 13679588
4880144 13679594
4886039 13679594
4886040 13679594
4878818 13679599
4879433 13679599
4879772 13679599
4879808 13679599
4879810 13679599
4884337 13679599
4885230 13679599
4885231 13679599
4885314 13679602
4879458 13679604
4881798 13679604
4882065 13679604
4882076 13679604
4879599 13679615
4879704 13679615
4884392 13679615
4877419 13679621
4880806 13679623
4879728 13679628
4879729 13679628
4879747 13679628
4879802 13679628
4884041 13679628
4884042 13679628
4884396 13679628
4880605 13679634
4880710 13679634
4880898 13679634
4880765 13679636
4874982 13679663
4874986 13679663
4874987 13679663
4875103 13679663
4882715 13679663
4885223 13679663
4885224 13679663
4875011 13679673
4875025 13679673
4875040 13679673
4875426 13679673
4875459 13679673
4875545 13679673
4875549 13679673
4886201 13679673
4886508 13679673
4883605 13679676
4878615 13679679
4878618 13679679
4878997 13679679
4879010 13679679
4886005 13679679
4886006 13679679
4879601 13679683
4879732 13679683
4879781 13679683
4879800 13679683
4879806 13679683
4884397 13679683
4877561 13679685
4877756 13679685
4874936 13679690
4880413 13679690
4885736 13679690
4885737 13679690
4885740 13679690
4878635 13679698
4878637 13679698
4885327 13679698
4885328 13679698
4886371 13679698
4880711 13679700
4880726 13679700
4884410 13679701
4879111 13679706
4879241 13679706
4879412 13679706
4879414 13679706
4879416 13679706
4879418 13679706
4876589 13679708
4876793 13679708
4876795 13679708
4878260 13679713
4878492 13679713
4885793 13679735
4886298 13679735
4880615 13679740
4880720 13679743
4883366 13679746
4875694 13679751
4884154 13679751
4884155 13679751
4877006 13679752
4877006 145145178
4877017 13679752
4877017 145145178
4877038 13679752
4877038 145145178
4877052 13679752
4877052 145145178
4876826 13679754
4876838 13679754
4876869 13679754
4885373 13679754
4880182 13679766
4880194 13679766
4880215 13679766
4880343 13679766
4880346 13679766
4880364 13679766
4880418 13679766
4883758 13679766
4883774 13679766
4883776 13679766
4883777 13679766
4885905 13679766
4885906 13679766
4886275 13679766
4874333 13679799
4874334 13679799
4874603 13679799
4874608 13679799
4882726 13679799
4883200 13679799
4883201 13679799
4883590 13679799
4883591 13679799
4885721 13679799
4886411 13679799
4886412 13679799
4887008 13679799
4880235 13679810
4880238 13679810
4880410 13679810
4883734 13679810
4883735 13679810
4874935 13679828
4874942 13679828
4874948 13679828
4875110 13679828
4875126 13679828
4875132 13679828
4875216 13679828
4875236 13679828
4875248 13679828
4875251 13679828
4880265 13679828
4885220 13679828
4885221 13679828
4885479 13679828
4885480 13679828
4886855 13679828
4886856 13679828
4874345 13679840
4874365 13679840
4874418 13679840
4874436 13679840
4874440 13679840
4874505 13679840
4874568 13679840
4874611 13679840
4874643 13679840
4883593 13679840
4883594 13679840
4884951 13679840
4884952 13679840
4886106 13679840
4886465 13679840
4886706 13679840
4886777 13679840
4886778 13679840
4880770 13679847
4880774 13679847
4880959 13679847
4881243 13679847
4874377 13679864
4874380 13679864
4874385 13679864
4874688 13679864
4874689 13679864
4876471 13679864
4876481 13679864
4876722 13679864
4876789 13679864
4876805 13679864
4876885 13679864
4884236 13679864
4885810 13679864
4886501 13679864
4880321 13679868
4884443 13679868
4882460 13679871
4882546 13679871
4882632 13679871
4882549 13679877
4882634 13679877
4885770 13679877
4885771 13679877
4882397 13679880
4875378 13679896
4875527 13679896
4876931 13679896
4876934 13679896
4877986 13679896
4884616 13679901
4875015 13679913
4875285 13679913
4875034 13679917
4883549 13679917
4883552 13679917
4876304 13679925
4880486 13679927
4876084 13679933
4876207 13679933
4876267 13679933
4884160 13679933
4884190 13679933
4874718 13679938
4880490 13679941
4885452 13679944
4883526 13679947
4884558 13679950
4879904 13679952
4880671 13679955
4880690 13679955
4877139 13679956
4876443 13679962
4886973 13679962
4886974 13679962
4877567 13679974
4878017 13679974
4886581 13679974
4878229 13679982
4878231 13679982
4878233 13679982
4878235 13679982
4876525 13679985
4875842 13679994
4881780 13679999
4881783 13679999
4881790 13679999
4882126 13679999
4880595 13680001
4877375 13680004
4877695 13680004
4877887 13680004
4877675 13680006
4878188 13680006
4878189 13680006
4878528 13680006
4886166 13680006
4886167 13680006
4876753 13680012
4878167 13680014
4882214 13680016
4882215 13680019
4880744 13680022
4884973 13680022
4877420 13680029
4877443 13680029
4877752 13680029
4877926 13680029
4885519 13680029
4885522 13680029
4885523 13680029
4877363 13680039
4877383 13680039
4877418 13680039
4877422 13680039
4877485 13680039
4877711 13680039
4877721 13680039
4877889 13680039
4878136 13680039
4883262 13680039
4883412 13680039
4877421 13680042
4877325 13680045
4883406 13680045
4881133 13680046
4884850 13680049
4884854 13680049
4884856 13680049
4885359 13680053
4884860 13680057
4884864 13680057
4880661 13680059
4880676 13680059
4880686 13680059
4880934 13680059
4880845 13680084
4881335 13680084
4881343 13680084
4881347 13680084
4881349 13680084
4881406 13680084
4881514 13680084
4882462 13680084
4883440 13680084
4883441 13680084
4886667 13680084
4882437 13680106
4882439 13680106
4882508 13680106
4882517 13680106
4882524 13680106
4882630 13680106
4882658 13680106
4882661 13680106
4885766 13680106
4885767 13680106
4885095 13680111
4885098 13680111
4885099 13680111
4877268 13680112
4877288 13680113
4875398 13680117
4884151 13680117
4879737 13680121
4879785 13680121
4879735 13680122
4879872 13680126
4879876 13680131
4880032 13680131
4877115 13680133
4877387 13680144
4877388 13680144
4877390 13680144
4877414 13680144
4877416 13680144
4877726 13680144
4877895 13680144
4878129 13680144
4878131 13680144
4878133 13680144
4878135 13680144
4883257 13680144
4884261 13680144
4884262 13680144
4884267 13680144
4884268 13680144
4884269 13680144
4876209 13680156
4884164 13680156
4884177 13680156
4886364 13680156
4886365 13680156
4886548 13680156
4875021 13680163
4875050 13680163
4875185 13680163
4875191 13680163
4875358 13680163
4875376 13680163
4875506 13680163
4883537 13680163
4883538 13680163
4883540 13680163
4883570 13680163
4883573 13680163
4884128 13680163
4885251 13680163
4885390 13680163
4885391 13680163
4885876 13680163
4885877 13680163
4875813 13680168
4876247 13680168
4885880 13680168
4877098 13680170
4886606 13680180
4878153 13680186
4875770 13680189
4883520 13680189
4883521 13680189
4882120 13680195
4882181 13680195
4877311 13680197
4877294 13680199
4880394 13680203
4884447 13680203
4879992 13680207
4880231 13680209
4880397 13680209
4879918 13680212
4886350 13680214
4875508 13680220
4875511 13680220
4875515 13680220
4886506 13680220
4886282 13680226
4880742 13680228
4880746 13680228
4886505 13680251
4875673 13680259
4875703 13680259
4876168 13680259
4882937 13680259
4885896 13680259
4885897 13680259
4886554 13680259
4877123 13680262
4877138 13680262
4877173 13680262
4877134 13680263
4878268 13680263
4878339 13680267
4877015 13680268
4877019 13680268
4877027 13680268
4877034 13680268
4877050 13680268
4878387 13680268
4880239 13680279
4880381 13680279
4880406 13680279
4880499 13680279
4883698 13680279
4883699 13680279
4886277 13680279
4879811 13680283
4883450 13680287
4880245 13680289
4883731 13680289
4886284 13680289
4880257 13680291
4886287 13680295
4876087 13680301
4876240 13680301
4881802 13680319
4881806 13680319
4881819 13680319
4881821 13680319
4881822 13680319
4881916 13680319
4882095 13680319
4882204 13680319
4882206 13680319
4882212 13680319
4883348 13680319
4884536 13680319
4884545 13680319
4881794 13680323
4881796 13680323
4881512 13680340
4881517 13680340
4881565 13680340
4881595 13680340
4881601 13680340
4882429 13680340
4882443 13680340
4882449 13680340
4882464 13680340
4882484 13680340
4882512 13680340
4882515 13680340
4882533 13680340
4882610 13680340
4882627 13680340
4883062 13680340
4884514 13680340
4885763 13680340
4885764 13680340
4885773 13680340
4886096 13680340
4886097 13680340
4886309 13680340
4881382 13680351
4881403 13680351
4881576 13680351
4881585 13680351
4881608 13680351
4881609 13680351
4881611 13680351
4881612 13680351
4881670 13680351
4883294 13680351
4883317 13680351
4886673 13680351
4877309 13680353
4877310 13680353
4882980 13680353
4879733 13680359
4877112 13680362
4884811 13680362
4886193 13680363
4878754 13680366
4878757 13680366
4882187 13680368
4882188 13680368
4882233 13680368
4880665 13680373
4880685 13680373
4880699 13680373
4876305 13680374
4880596 13680379
4880597 13680379
4880600 13680379
4877348 13680382
4877684 13680382
4881757 13680383
4877335 13680384
4877339 13680384
4877341 13680384
4885948 13680386
4877427 13680390
4877760 13680390
4878113 13680390
4878121 13680390
4881776 13680391
4877369 13680393
4883398 13680396
4883400 13680396
4885196 13680396
4885197 13680396
4883399 13680397
4880644 13680398
4880667 13680398
4874931 13680411
4874932 13680411
4874961 13680411
4874974 13680411
4875221 13680411
4875446 13680411
4875466 13680411
4875488 13680411
4884122 13680411
4884142 13680411
4875785 13680415
4875786 13680415
4876302 13680415
4886355 13680415
4886362 13680418
4880253 13680425
4886285 13680425
4875719 13680428
4875713 13680431
4880768 13680434
4883486 13680437
4884401 13680443
4884407 13680443
4886179 13680443
4877191 13680445
4884845 13680445
4874717 13680516
4874760 13680516
4883587 13680516
4885710 13680516
4886742 13680516
4886979 13680516
4887011 13680516
4887018 13680516
4886636 13680522
4880662 13680523
4880673 13680523
4883614 13680526
4881571 13680530
4878829 13680545
4883974 13680545
4885259 13680545
4885260 13680545
4886234 13680545
4878773 13680551
4879119 13680551
4879125 13680551
4879128 13680551
4879142 13680551
4879456 13680551
4883311 13680551
4883364 13680551
4884756 13680551
4886184 13680551
4875055 13680559
4885281 13680559
4884821 13680561
4886692 13680561
4881037 13680564
4880441 13680567
4880442 13680567
4880524 13680567
4880445 13680576
4880449 13680576
4881061 13680576
4881067 13680576
4881069 13680576
4881071 13680576
4881244 13680576
4882759 13680576
4883785 13680576
4883786 13680576
4884494 13680576
4884495 13680576
4886642 13680576
4886655 13680576
4881077 13680580
4881054 13680583
4877784 13680598
4877785 13680598
4877787 13680598
4877789 13680598
4877791 13680598
4877793 13680598
4877795 13680598
4877796 13680598
4877798 13680598
4877800 13680598
4877802 13680598
4877803 13680598
4877808 13680598
4877810 13680598
4877814 13680598
4877815 13680598
4878484 13680598
4878548 13680598
4878574 13680598
4879200 13680598
4879202 13680598
4879207 13680598
4879209 13680598
4879211 13680598
4879212 13680598
4879214 13680598
4882874 13680598
4883992 13680598
4884287 13680598
4884368 13680598
4884373 13680598
4885940 13680598
4876695 13680601
4876696 13680601
4876749 13680601
4876844 13680601
4876877 13680601
4880033 13680603
4880035 13680603
4880036 13680603
4885076 13680603
4885077 13680603
4879220 13680605
4879221 13680605
4883072 13680605
4887029 13680605
4875345 13680612
4875347 13680612
4875349 13680612
4875351 13680612
4875353 13680612
4875355 13680612
4875356 13680612
4875402 13680612
4876177 13680612
4876180 13680612
4876182 13680612
4876183 13680612
4876236 13680612
4876245 13680612
4876296 13680612
4876460 13680612
4880451 13680612
4882789 13680612
4883145 13680612
4884201 13680612
4884924 13680612
4884925 13680612
4886361 13680612
4880532 13680634
4880452 13680635
4884465 13680640
4886658 13680640
4885890 13680642
4885891 13680642
4885892 13680643
4877352 13680644
4880157 13680647
4880703 13680647
4880707 13680647
4886300 13680654
4880236 13680658
4880421 13680658
4883768 13680658
4884461 13680658
4880237 13680662
4880428 13680662
4880832 13680662
4880833 13680662
4886286 13680662
4886641 13680662
4886643 13680662
4875977 13680669
4875832 13680676
4875833 13680676
4875834 13680676
4876103 13680676
4876108 13680676
4876118 13680676
4876125 13680676
4876217 13680676
4876333 13680676
4886093 13680676
4886094 13680676
4875288 13680682
4875418 13680682
4885884 13680682
4885885 13680682
4875379 13680696
4875529 13680696
4875531 13680696
4876895 13680696
4877585 13680696
4883577 13680696
4884240 13680696
4886586 13680696
4875654 13680700
4883483 13680702
4886229 13680704
4877048 13680706
4877048 145130201
4877048 145145182
4877063 13680706
4877063 145130201
4877063 145145182
4878355 13680706
4878355 145130201
4878355 145145182
4886126 13680709
4886127 13680709
4878712 13680711
4878727 13680711
4878740 13680711
4878759 13680711
4879108 13680711
4879208 13680711
4885246 13680713
4877060 13680716
4877068 13680716
4877097 13680716
4884977 13680718
4884978 13680718
4884982 13680718
4884983 13680718
4880689 13680720
4885601 13680723
4885603 13680723
4877163 13680725
4877163 145130194
4877188 13680725
4877188 145130194
4877790 13680725
4877790 145130194
4877824 13680725
4877824 145130194
4885243 13680727
4885244 13680727
4880756 13680731
4880764 13680731
4880776 13680731
4880788 13680731
4881130 13680731
4885867 13680734
4885868 13680734
4880791 13680736
4880792 13680736
4883850 13680741
4883851 13680741
4875696 13680747
4878384 13680750
4885113 13680753
4880247 13680756
4880248 13680756
4883945 13680758
4884131 13680758
4885254 13680758
4885275 13680758
4885999 13680758
4886000 13680758
4877840 13680761
4877965 13680761
4879988 13680763
4885754 13680763
4885755 13680763
4875804 13680766
4884929 13680766
4886348 13680766
4881574 13680772
4885237 13680772
4885238 13680772
4886311 13680772
4882391 13680774
4882313 13680776
4881443 13680782
4883034 13680782
4877247 13680784
4883689 13680791
4885730 13680791
4886347 13680791
4881930 13680797
4882231 13680797
4882285 13680797
4882287 13680797
4884976 13680797
4881381 13680801
4881387 13680801
4881589 13680801
4881616 13680801
4881617 13680801
4884618 13680801
4885169 13680801
4885171 13680801
4885172 13680801
4886339 13680801
4881389 13680803
4884357 13680804
4881462 13680810
4886312 13680810
4879565 13680815
4879574 13680815
4879575 13680816
4882211 13680818
4882324 13680819
4875781 13680821
4875789 13680821
4875793 13680821
4882945 13680821
4884077 13680821
4880220 13680823
4880131 13680827
4884414 13680827
4884418 13680830
4878710 13680833
4879386 13680833
4874590 13680836
4874588 13680841
4874589 13680841
4885061 13680842
4875755 13680844
4875757 13680844
4880716 13680846
4880738 13680846
4877000 13680847
4877000 145147818
4877000 145147822
4877003 13680847
4877003 145147818
4877003 145147822
4877005 13680847
4877005 145147818
4877005 145147822
4877040 13680847
4877040 145147818
4877040 145147822
4877860 13680847
4877860 145147818
4877860 145147822
4877910 13680847
4877910 145147818
4877910 145147822
4878273 13680847
4878273 145147818
4878273 145147822
4886183 13680847
4886183 145147818
4886183 145147822
4886579 13680847
4886579 145147818
4886579 145147822
4876979 13680848
4876979 145170492
4878299 13680848
4878299 145170492
4876981 13680851
4876994 13680851
4884795 13680851
4884801 13680851
4884879 13680851
4886609 13680851
4880142 13680853
4884832 13680856
4879838 13680857
4879740 13680859
4879815 13680859
4880687 13680861
4880691 13680861
4880651 13680863
4880680 13680863
4880152 13680865
4879970 13680868
4886268 13680868
4881756 13680870
4882040 13680870
4885623 13680870
4885642 13680870
4886322 13680870
4877228 13680872
4877662 13680872
4874990 13680876
4875157 13680876
4875265 13680876
4875406 13680876
4884132 13680876
4878628 13680879
4879377 13680879
4874965 13680883
4875261 13680883
4880476 13680884
4880478 13680884
4875674 13680887
4875690 13680891
4886060 13680899
4886061 13680899
4886649 13680902
4885102 13680904
4885129 13680905
4885130 13680905
4885135 13680905
4874339 13680909
4874832 13680909
4886814 13680909
4886672 13680916
4878377 13680917
4877762 13680920
4878125 13680920
4878127 13680920
4879663 13680920
4877216 13680922
4878389 13680925
4881688 13680933
4882173 13680933
4882174 13680933
4883044 13680933
4883046 13680933
4881684 13680935
4878175 13680937
4876295 13680940
4876297 13680940
4876299 13680940
4886574 13680942
4878199 13680945
4878809 13680948
4878962 13680948
4879443 13680948
4884035 13680948
4884036 13680948
4885529 13680952
4885531 13680952
4885532 13680952
4885544 13680952
4885545 13680952
4885549 13680952
4885550 13680952
4885552 13680952
4885553 13680952
4877426 13680956
4876928 13680965
4877580 13680965
4877582 13680965
4877996 13680965
4878011 13680965
4878254 13680965
4878256 13680965
4878411 13680965
4878419 13680965
4885091 13680965
4885165 13680965
4885402 13680965
4885403 13680965
4886596 13680965
4879379 13680966
4879468 13680966
4878720 13680969
4878726 13680969
4878738 13680969
4878751 13680969
4880839 13680970
4881033 13680970
4878171 13680973
4880693 13680975
4880694 13680975
4876639 13680978
4885340 13680978
4885343 13680978
4885344 13680978
4881318 13680987
4881325 13680987
4881336 13680987
4881490 13680987
4878803 13680992
4882624 13680994
4875154 13681000
4875258 13681000
4875401 13681000
4875473 13681000
4875480 13681000
4874363 13681028
4874497 13681028
4874512 13681028
4874564 13681028
4874620 13681028
4874623 13681028
4882906 13681028
4886182 13681028
4886820 13681028
4879373 13681031
4886618 13681031
4877738 13681036
4885513 13681036
4885514 13681036
4885510 13681037
4885103 13681040
4875363 13681045
4886533 13681045
4880773 13681050
4880780 13681050
4880957 13681050
4880962 13681050
4881313 13681050
4884498 13681050
4881314 13681053
4878721 13681067
4874709 13681077
4876583 13681077
4876792 13681077
4876794 13681077
4885813 13681077
4885814 13681077
4878704 13681081
4878825 13681081
4879388 13681081
4880626 13681084
4880646 13681084
4880692 13681084
4880731 13681084
4877160 13681087
4877160 145130191
4877162 13681087
4877162 145130191
4877166 13681087
4877166 145130191
4877167 13681087
4877167 145130191
4877174 13681087
4877174 145130191
4878398 13681087
4878398 145130191
4878402 13681087
4878402 145130191
4884297 13681087
4884297 145130191
4880948 13681091
4883835 13681091
4883836 13681091
4886303 13681091
4877069 13681096
4877069 145130195
4877101 13681096
4877101 145130195
4877171 13681096
4877171 145130195
4877198 13681096
4877198 145130195
4877283 13681096
4877283 145130195
4877648 13681096
4877648 145130195
4877809 13681096
4877809 145130195
4878216 13681096
4878216 145130195
4878304 13681096
4878304 145130195
4878309 13681096
4878309 145130195
4878320 13681096
4878320 145130195
4878323 13681096
4878323 145130195
4883275 13681096
4883275 145130195
4883421 13681096
4883421 145130195
4878776 13681100
4878786 13681100
4878789 13681100
4878796 13681100
4878954 13681100
4879068 13681100
4879084 13681100
4879114 13681100
4879131 13681100
4879137 13681100
4879159 13681100
4879201 13681100
4879278 13681100
4879420 13681100
4879422 13681100
4883287 13681100
4883362 13681100
4884679 13681100
4884680 13681100
4886982 13681107
4886984 13681107
4880810 13681116
4881000 13681116
4881106 13681116
4878347 13681117
4881570 13681122
4884152 13681122
4881735 13681125
4878599 13681128
4885659 13681128
4885660 13681128
4878804 13681131
4878806 13681131
4879817 13681136
4879821 13681136
4879834 13681136
4879715 13681138
4878213 13681140
4878214 13681140
4886225 13681140
4878682 13681143
4879098 13681143
4879312 13681143
4877637 13681149
4885894 13681149
4881754 13681153
4881936 13681153
4882049 13681153
4882062 13681153
4883332 13681153
4880808 13681155
4881108 13681155
4880801 13681165
4880996 13681165
4881026 13681165
4881115 13681165
4878736 13681166
4885668 13681166
4879088 13681168
4886170 13681168
4877276 13681169
4885365 13681172
4875943 13681173
4878705 13681176
4885065 13681179
4886210 13681179
4884156 13681180
4878385 13681182
4882451 13681184
4881818 13681188
4881985 13681188
4882196 13681188
4883351 13681188
4884543 13681188
4886679 13681188
4877351 13681199
4878040 13681199
4878087 13681199
4878478 13681199
4884258 13681199
4885363 13681199
4876995 13681208
4886344 13681209
4880603 13681210
4880620 13681210
4879639 13681213
4879657 13681213
4879675 13681213
4877165 13681214
4877165 145130190
4877189 13681214
4877189 145130190
4877792 13681214
4877792 145130190
4877826 13681214
4877826 145130190
4880160 13681216
4877147 13681217
4877689 13681223
4878091 13681223
4878099 13681223
4878102 13681223
4883270 13681223
4883271 13681223
4886154 13681223
4886155 13681223
4877223 13681226
4877215 13681227
4875707 13681235
4876015 13681235
4876046 13681235
4876056 13681235
4880639 13681235
4880767 13681235
4880781 13681235
4880847 13681235
4880855 13681235
4880901 13681235
4880912 13681235
4880976 13681235
4880982 13681235
4881086 13681235
4881169 13681235
4881189 13681235
4881192 13681235
4881193 13681235
4881196 13681235
4881200 13681235
4881205 13681235
4881208 13681235
4883128 13681235
4883793 13681235
4883794 13681235
4884475 13681235
4884501 13681235
4884869 13681235
4885502 13681235
4886206 13681235
4886659 13681235
4875718 13681237
4875728 13681237
4875732 13681237
4875737 13681237
4875744 13681237
4876445 13681237
4886072 13681237
4886073 13681237
4875836 13681251
4875838 13681251
4876009 13681251
4876122 13681251
4877285 13681251
4877361 13681251
4877766 13681251
4878163 13681251
4878289 13681251
4879627 13681251
4879669 13681251
4879691 13681251
4883015 13681251
4883629 13681251
4884188 13681251
4884192 13681251
4884194 13681251
4885269 13681251
4885290 13681251
4885293 13681251
4875752 13681254
4875765 13681254
4875783 13681254
4875787 13681254
4880473 13681256
4886053 13681256
4886054 13681256
4880474 13681259
4875753 13681260
4876285 13681260
4885057 13681260
4885058 13681260
4877330 13681261
4877333 13681261
4881143 13681262
4881744 13681264
4881746 13681264
4881739 13681265
4883452 13681268
4884438 13681271
4880623 13681272
4884855 13681275
4879909 13681277
4880110 13681277
4879908 13681278
4875767 13681281
4886209 13681281
4880193 13681287
4880198 13681287
4880379 13681287
4883710 13681287
4883711 13681287
4880408 13681294
4876932 13681298
4877950 13681298
4878234 13681298
4876937 13681301
4877610 13681301
4885509 13681303
4878305 13681305
4880783 13681308
4881188 13681311
4884483 13681311
4877379 13681320
4877495 13681320
4877687 13681320
4878089 13681320
4885366 13681320
4885367 13681320
4886573 13681320
4886271 13681323
4879899 13681331
4879921 13681331
4879924 13681331
4880027 13681331
4880029 13681331
4880084 13681331
4883667 13681331
4884412 13681331
4886634 13681331
4877300 13681332
4877652 13681332
4884256 13681332
4875784 13681333
