964704 13570149
964704 13937827
964705 13570149
964705 13937827
971725 13570149
971725 13937827
971734 13571093
971734 13937638
971735 13571093
971735 13937638
971716 13572462
971716 13937975
953680 13576293
953680 13940727
955239 13576527
955239 13940990
955327 13576527
955327 13940990
955497 13576527
955497 13940990
971740 13576527
971740 13940990
971741 13576527
971741 13940990
80081863 13682488
80081863 13938236
80081865 13682489
80081865 13938241
80087982 13683329
80087982 13938863
80088768 13683329
80088768 13938863
80088769 13683329
80088769 13938863
80087970 13684817
80087970 13940287
80087972 13684821
80087972 13940289
80087971 13685801
80087971 13942526
80081817 13685874
80081817 13941054
80081826 13685874
80081826 13941054
80081892 13685874
80081892 13941054
80083529 13686790
80083562 13686790
80083565 13686790
80087985 13686790
80087986 13686790
80087955 13686790
80087955 13942652
80091580 13686790
80091580 13942652
80091581 13686790
80091581 13942652
80091582 13686790
80091582 13942652
80091583 13686790
80091583 13942652
80091584 13686790
80091584 13942652
80091585 13686790
80091585 13942652
80080904 13687101
80080904 13942372
80087942 13687101
80087942 13942372
80087966 13687101
80087966 13942372
80091598 13687101
80091598 13942372
80091599 13687101
80091599 13942372
80087969 13687348
80087969 13942469
80079488 13687360
80079488 13942473
80079494 13687360
80079494 13942473
80079739 13687360
80079739 13942473
80079741 13687360
80079741 13942473
80087979 13687360
80087979 13942473
80091574 13687360
80091574 13942473
80091575 13687360
80091575 13942473
80088070 13687827
80088070 13941308
80088071 13687827
80088071 13941308
1105213 13938838
1105213 13961047
1104386 13939091
1104386 13960665
1104524 13939091
1104524 13960665
1104185 13939202
1104185 13961455
1104322 13939202
1104322 13961455
1104324 13939202
1104324 13961455
1104331 13939202
1104331 13961455
1116058 13939950
1116058 13960978
1103848 13940821
1103848 13963039
1103848 183801847
1103988 13940821
1103988 13963039
1103988 183801847
1104073 13940821
1104073 13963039
1104073 183801847
1104077 13940821
1104077 13963039
1104077 183801847
1104190 13940821
1104190 13963039
1104190 183801847
1104387 13940821
1104387 13963039
1104387 183801847
1104388 13940821
1104388 13963039
1104388 183801847
1104389 13940821
1104389 13963039
1104389 183801847
1104390 13940821
1104390 13963039
1104390 183801847
1104391 13940821
1104391 13963039
1104391 183801847
1104601 13940821
1104601 13963039
1104601 183801847
1104744 13940821
1104744 13963039
1104744 183801847
1104749 13940821
1104749 13963039
1104749 183801847
1116023 13940821
1116023 13963039
1116023 183801847
1116024 13940821
1116024 13963039
1116024 183801847
1116025 13940821
1116025 13963039
1116025 183801847
1116026 13940821
1116026 13963039
1116026 183801847
1116027 13940821
1116027 13963039
1116027 183801847
1116028 13940821
1116028 13963039
1116028 183801847
1103559 13942252
1103559 13964037
1103561 13942252
1103561 13964037
1103565 13942252
1103565 13964037
1103568 13942252
1103568 13964037
1103570 13942252
1103570 13964037
1103574 13942252
1103574 13964037
1103576 13942252
1103576 13964037
1103577 13942252
1103577 13964037
1103579 13942252
1103579 13964037
1104861 13942252
1104861 13964037
1104864 13942252
1104864 13964037
1104865 13942252
1104865 13964037
1105081 13942252
1105081 13964037
1105168 13942252
1105168 13964037
1116059 13942252
1116059 13964037
1116060 13942252
1116060 13964037
1104385 13942468
1104585 13942468
1104723 13942468
1104768 13942468
1104769 13942468
1104770 13942468
1114349 13942468
1114357 13942468
1114358 13942468
1116029 13942468
1116030 13942468
1104593 13942468
1104593 13964311
1116031 13942468
1116031 13964311
1116032 13942468
1116032 13964311
82542540 13938349
82542540 13973955
82542541 13938349
82542541 13973955
82544439 13939453
82544439 13975556
82544441 13939453
82544441 13975556
82544443 13939453
82544443 13975556
82544444 13939453
82544444 13975556
82537127 13940413
82537128 13940413
82537129 13940413
82537130 13940413
82537131 13940413
82537157 13940413
82537162 13940413
82537167 13940413
82544445 13940413
82544446 13940413
82544447 13940413
82544448 13940413
82537155 13940413
82537155 13977603
82530897 13942308
82530897 13977812
82531254 13942308
82531254 13977812
82544433 13942308
82544433 13977812
82544434 13942308
82544434 13977812
82544435 13942308
82544435 13977812
82544436 13942308
82544436 13977812
82534375 107211666
82534375 13940725
82535549 107211696
82535549 107211703
82535549 13941170
82535557 107211696
82535557 107211703
82535557 13941170
82535569 107211696
82535569 107211703
82535569 13941170
82535582 107211696
82535582 107211703
82535582 13941170
82535599 107211696
82535599 107211703
82535599 13941170
82535538 107211707
82535538 13942635
82535551 107211707
82535551 13942635
82535553 107211707
82535553 13942635
82535554 107211707
82535554 13942635
82535555 107211707
82535555 13942635
82535559 107211707
82535559 13942635
82535560 107211707
82535560 13942635
82535562 107211707
82535562 13942635
82535563 107211707
82535563 13942635
82535566 107211707
82535566 13942635
82535567 107211707
82535567 13942635
82536244 107211707
82536244 13942635
82540173 107211707
82540173 13942635
82534334 107211708
82534334 13937566
82534400 107211708
82534400 13937566
82534418 107211708
82534418 13937566
82534430 107211708
82534430 13937566
82534451 107211708
82534451 13937566
82538686 107211708
82538686 13937566
82539153 107211708
82539153 13937566
82539154 107211708
82539154 13937566
82541328 107211708
82541328 13937566
82541329 107211708
82541329 13937566
82541348 107211708
82541348 13937566
82541349 107211708
82541349 13937566
82531492 107331226
82531492 13937576
82531498 107331226
82531498 13937576
82531500 107331226
82531500 13937576
82531510 107331226
82531510 13937576
82531515 107331226
82531515 13937576
82531522 107331226
82531522 13937576
82531528 107331226
82531528 13937576
82531824 107331226
82531824 13937576
82531838 107331226
82531838 13937576
82534915 107775216
82534915 13942383
82534917 107775216
82534917 13942383
82540050 107775216
82540050 13942383
82540051 107775216
82540051 13942383
82540053 107775216
82540053 13942383
82540054 107775216
82540054 13942383
82537262 107775216
82537262 13942403
82538397 107775216
82538397 13942403
82538404 107775216
82538404 13942403
82539715 107775216
82539715 13942403
82530947 13937534
82530948 13937534
82530950 13937534
82530949 13937536
82537684 13937538
82539534 13937543
82541500 13937543
82541501 13937543
82539583 13937548
82541642 13937548
82541643 13937548
82536580 13937554
82536850 13937554
82536879 13937554
82539884 13937554
82540358 13937554
82540360 13937554
82540361 13937554
82540366 13937554
82540367 13937554
82532568 13937558
82532575 13937558
82532603 13937558
82532745 13937558
82533204 13937558
82539895 13937558
82539896 13937558
82539928 13937558
82539989 13937558
82539990 13937558
82541942 13937558
82541943 13937558
82535518 13937559
82535524 13937559
82535528 13937559
82535533 13937559
82535537 13937559
82535546 13937559
82536261 13937559
82538508 13937561
82539127 13937563
82539128 13937563
82541922 13937563
82541923 13937563
82537139 13937568
82537141 13937568
82533893 13937570
82540832 13937570
82540833 13937570
82533858 13937575
82533861 13937575
82533876 13937575
82533884 13937575
82534064 13937575
82534134 13937575
82540820 13937575
82540821 13937575
82541920 13937577
82541921 13937577
82538066 13937578
82531907 13937582
82543977 13937582
82543978 13937582
82543518 13937585
82543521 13937585
82544220 13937585
82544221 13937587
82543523 13937591
82543524 13937591
82544223 13937591
82543538 13937594
82544224 13937594
82544317 13937594
82532965 13937597
82541704 13937597
82541705 13937597
82544225 13937598
82532464 13937601
82533345 13937601
82543440 13937607
82543451 13937607
82543544 13937610
82543557 13937610
82544226 13937610
82544227 13937610
82543442 13937613
82543443 13937613
82543448 13937613
82544228 13937615
82534513 13937619
82534775 13937619
82534957 13937619
82540923 13937619
82543041 13937619
82543547 13937625
82543563 13937625
82543564 13937625
82543575 13937625
82543578 13937625
82544229 13937625
82543441 13937631
82543444 13937631
82543447 13937631
82543445 13937634
82543446 13937636
82544212 13937636
82543439 13937642
82543449 13937642
82533810 13937647
82538967 13937647
82541458 13937647
82541459 13937647
82541482 13937647
82541484 13937647
82541485 13937647
82543371 13937647
82543372 13937647
82543373 13937647
82535051 13937649
82535059 13937649
82541678 13937649
82541679 13937649
82543510 13937650
82543511 13937652
82543512 13937652
82535056 13937653
82543513 13937654
82543514 13937654
82542730 13937656
82543515 13937657
82542731 13937659
82542732 13937660
82543516 13937663
82543517 13937663
82544219 13937663
82542733 13937669
82540336 13937672
82542734 13937672
82543519 13937673
82543520 13937673
82542735 13937674
82542736 13937676
82542737 13937679
82542738 13937681
82542739 13937681
82544070 13937685
82544071 13937687
82544072 13937687
82532418 13937691
82532703 13937691
82532754 13937691
82533098 13937691
82542062 13937691
82543290 13937693
82543291 13937694
82543292 13937694
82544191 13937694
82543293 13937696
82543294 13937698
82543295 13937698
82532601 13937700
82543296 13937702
82543297 13937704
82543298 13937707
82535865 13937710
82536172 13937710
82543299 13937711
82536176 13937712
82542800 13937713
82540203 13937714
82542801 13937716
82542802 13937723
82542803 13937725
82531827 13937726
82531828 13937726
82542804 13937730
82542805 13937730
82542808 13937730
82542809 13937730
82542810 13937730
82542813 13937730
82544453 13937730
82533157 13937732
82533159 13937732
82533161 13937732
82533164 13937732
82540208 13937735
82540496 13937740
82542806 13937740
82540497 13937744
82542807 13937744
82543214 13937746
82544140 13937746
82543077 13937749
82543078 13937749
82544141 13937749
82532381 13937753
82532388 13937753
82542054 13937753
82542055 13937753
82543093 13937756
82543094 13937756
82543095 13937756
82544143 13937756
82532382 13937759
82532383 13937759
82533766 13937767
82533777 13937767
82534044 13937767
82541624 13937767
82543368 13937767
82543369 13937767
82543370 13937767
82543462 13937767
82541625 13937769
82543359 13937772
82543360 13937772
82543109 13937773
82544145 13937773
82543361 13937776
82532385 13937777
82541253 13937781
82543362 13937781
82543363 13937781
82543364 13937781
82543365 13937781
82543123 13937783
82543124 13937783
82543240 13937783
82543241 13937783
82544147 13937783
82544177 13937783
82543146 13937788
82543147 13937788
82543148 13937788
82543149 13937788
82543150 13937788
82544148 13937788
82544152 13937788
82544153 13937788
82543366 13937789
82543367 13937793
82542584 13937794
82542586 13937794
82542587 13937794
82537661 13937797
82537662 13937797
82544210 13937798
82541398 13937799
82543438 13937799
82544211 13937799
82544213 13937800
82543323 13937801
82543430 13937801
82543454 13937805
82544215 13937805
82535449 13937809
82543431 13937809
82543432 13937809
82544216 13937810
82544217 13937813
82543433 13937814
82543434 13937818
82544207 13937818
82544209 13937818
82543435 13937819
82534548 13937823
82540916 13937823
82540917 13937823
82543436 13937825
82543437 13937825
82544206 13937825
82535888 13937830
82535893 13937830
82535905 13937830
82541194 13937830
82541195 13937830
82534634 13937832
82535043 13937832
82543500 13937833
82543501 13937834
82543502 13937835
82543503 13937835
82536094 13937837
82543504 13937838
82543505 13937838
82540299 13937841
82542720 13937841
82539139 13937845
82542721 13937845
82542722 13937846
82543506 13937849
82543507 13937849
82542723 13937850
82542724 13937850
82543508 13937853
82543509 13937855
82542725 13937858
82542728 13937859
82544058 13937860
82544059 13937860
82544060 13937860
82544062 13937860
82542729 13937861
82544063 13937862
82544064 13937863
82544065 13937864
82543280 13937865
82544066 13937869
82543281 13937871
82544067 13937873
82544068 13937873
82543168 13937874
82543282 13937874
82543283 13937874
82544069 13937875
82530802 13937877
82537806 13937877
82539540 13937879
82543284 13937881
82543285 13937881
82543286 13937882
82543287 13937883
82543288 13937883
82543289 13937883
82543405 13937883
82544131 13937884
82540960 13937887
82543064 13937887
82544132 13937887
82544133 13937888
82543076 13937895
82543192 13937895
82543193 13937895
82543203 13937895
82544134 13937895
82544136 13937895
82533862 13937896
82540830 13937896
82540831 13937896
82542978 13937896
82543070 13937897
82544135 13937897
82543350 13937899
82543351 13937900
82544137 13937901
82543352 13937903
82542953 13937908
82544138 13937908
82543353 13937910
82543204 13937914
82544139 13937914
82539610 13937919
82543354 13937921
82543355 13937924
82543342 13937929
82543356 13937929
82543357 13937929
82543358 13937931
82544201 13937931
82544374 13937931
82533793 13937937
82541497 13937937
82543390 13937937
82543991 13937938
82543992 13937940
82543993 13937944
82543994 13937945
82543995 13937947
82543996 13937949
82543329 13937950
82544200 13937950
82543997 13937951
82543998 13937953
82544202 13937954
82543999 13937955
82543340 13937956
82544203 13937956
82543347 13937957
82543348 13937957
82544204 13937957
82543374 13937958
82543375 13937958
82543376 13937958
82544205 13937958
82543420 13937959
82543421 13937959
82543422 13937961
82544208 13937963
82543423 13937964
82543424 13937964
82532449 13937966
82543425 13937967
82543426 13937969
82543427 13937970
82543428 13937972
82543429 13937974
82543866 13937975
82543867 13937975
82543868 13937975
82543870 13937975
82542710 13937983
82542711 13937983
82542712 13937987
82544098 13937987
82542713 13937988
82542714 13937988
82542715 13937988
82542716 13937991
82542717 13937994
82544096 13937994
82544097 13937994
82542718 13937998
82542719 13937998
82544049 13938001
82544050 13938001
82544051 13938001
82531220 13938003
82531221 13938003
82542675 13938003
82544052 13938003
82544053 13938003
82544055 13938003
82544056 13938003
82544057 13938003
82544061 13938003
82532288 13938006
82532291 13938006
82532296 13938006
82532301 13938006
82533032 13938006
82542248 13938006
82542249 13938006
82542254 13938006
82542255 13938006
82544054 13938007
82543270 13938008
82543271 13938010
82543272 13938012
82543273 13938013
82543274 13938015
82543275 13938019
82540756 13938020
82543167 13938024
82543276 13938024
82540757 13938025
82542959 13938025
82543277 13938027
82543278 13938028
82535103 13938031
82543279 13938034
82534327 13938036
82533813 13938040
82533814 13938040
82533971 13938040
82534328 13938040
82542988 13938042
82542991 13938042
82544120 13938042
82544121 13938044
82533146 13938045
82533147 13938045
82544123 13938046
82532362 13938048
82543000 13938049
82544124 13938049
82532363 13938050
82532947 13938050
82543701 13938050
82533148 13938054
82543016 13938060
82543019 13938060
82544126 13938060
82544127 13938064
82544372 13938064
82543343 13938065
82543344 13938065
82543056 13938066
82544128 13938066
82544129 13938066
82531582 13938067
82543929 13938067
82543345 13938069
82543346 13938070
82538996 13938071
82540829 13938073
82543349 13938077
82537009 13938079
82543980 13938083
82543981 13938085
82543982 13938085
82543983 13938088
82538426 13938092
82543954 13938092
82543984 13938093
82543985 13938098
82543986 13938098
82533213 13938099
82543987 13938101
82543410 13938104
82543411 13938106
82543412 13938110
82543413 13938111
82543414 13938112
82543415 13938113
82543416 13938115
82543417 13938117
82543418 13938120
82543419 13938122
82543190 13938125
82543191 13938127
82543194 13938130
82543195 13938132
82543196 13938136
82544165 13938136
82543197 13938142
82543198 13938144
82543199 13938147
82533909 13938148
82539456 13938148
82536074 13938149
82535026 13938151
82543469 13938151
82542704 13938153
82542705 13938156
82542706 13938160
82542707 13938160
82542708 13938161
82542709 13938161
82544040 13938162
82544041 13938163
82541522 13938164
82541523 13938164
82544042 13938166
82544043 13938167
82544044 13938168
82544045 13938170
82543258 13938176
82543259 13938176
82543260 13938176
82544046 13938178
82544275 13938178
82544325 13938178
82544047 13938180
82544095 13938180
82544048 13938182
82543263 13938183
82534560 13938185
82534734 13938185
82534886 13938185
82542943 13938185
82542944 13938185
82543264 13938187
82543265 13938189
82543269 13938196
82543393 13938196
82544184 13938196
82533133 13938198
82543631 13938198
82544110 13938199
82544111 13938200
82533135 13938201
82542908 13938202
82544112 13938202
82535734 13938204
82541372 13938204
82541374 13938204
82541375 13938204
82544113 13938205
82544114 13938207
82542951 13938210
82544115 13938210
82543330 13938211
82544116 13938215
82543331 13938216
82542948 13938224
82544117 13938224
82543332 13938226
82544118 13938227
82543333 13938229
82542961 13938230
82544119 13938230
82543334 13938232
82543335 13938233
82543336 13938235
82534521 13938240
82534773 13938240
82534874 13938240
82534959 13938240
82540920 13938240
82540922 13938240
82536045 13938241
82533778 13938243
82543970 13938245
82543971 13938247
82543972 13938248
82543973 13938249
82542477 13938252
82543974 13938252
82543976 13938252
82543975 13938256
82543979 13938258
82543400 13938260
82543401 13938260
82543402 13938262
82543403 13938263
82543404 13938263
82543406 13938265
82538195 13938266
82543408 13938267
82543409 13938267
82538197 13938268
82543180 13938269
82543181 13938270
82534493 13938271
82534927 13938271
82534952 13938271
82539496 13938271
82543182 13938271
82543183 13938271
82544161 13938271
82543184 13938272
82543187 13938273
82543188 13938274
82543189 13938274
82544162 13938274
82536063 13938276
82531230 13938277
82544031 13938277
82544032 13938279
82544033 13938281
82544034 13938281
82544035 13938282
82533844 13938285
82543250 13938285
82543251 13938285
82543252 13938285
82543253 13938285
82544036 13938286
82544037 13938287
82544038 13938288
82544039 13938289
82543255 13938290
82543256 13938291
82543257 13938293
82539515 13938295
82536133 13938296
82533694 13938297
82531395 13938300
82531569 13938300
82542476 13938300
82533697 13938303
82543645 13938303
82543646 13938303
82543647 13938303
82543890 13938306
82543891 13938308
82544261 13938308
82543892 13938309
82534308 13938313
82541496 13938313
82543391 13938313
82543893 13938315
82543894 13938317
82543895 13938318
82543896 13938321
82543897 13938323
82543898 13938324
82543899 13938326
82544103 13938327
82544304 13938327
82543320 13938328
82543321 13938329
82544106 13938330
82543322 13938332
82544107 13938339
82544455 13938339
82542865 13938341
82544108 13938341
82543324 13938346
82533915 13938347
82534082 13938347
82534168 13938347
82543325 13938355
82543222 13938363
82543223 13938363
82543224 13938363
82543326 13938363
82544174 13938363
82543327 13938366
82535868 13938367
82543328 13938367
82541360 13938369
82541361 13938369
82543960 13938370
82543961 13938370
82543962 13938371
82543963 13938372
82543965 13938379
82543967 13938379
82543968 13938379
82543966 13938381
82543969 13938383
82540650 13938388
82540651 13938388
82542883 13938388
82542994 13938388
82543170 13938390
82543171 13938390
82542390 13938391
82542391 13938391
82543175 13938392
82543176 13938392
82534777 13938393
82534955 13938393
82535161 13938393
82535163 13938393
82543177 13938393
82543185 13938393
82543186 13938393
82543178 13938394
82535147 13938395
82535149 13938395
82543179 13938395
82535641 13938398
82544018 13938403
82544019 13938403
82544020 13938403
82544021 13938403
82544022 13938405
82544023 13938406
82544024 13938407
82544025 13938408
82544026 13938409
82544027 13938411
82532266 13938414
82532277 13938414
82532279 13938414
82532287 13938414
82532297 13938414
82542294 13938414
82542295 13938414
82543242 13938417
82544028 13938418
82543243 13938420
82544029 13938425
82543244 13938428
82543117 13938431
82543118 13938431
82543129 13938431
82543245 13938431
82544179 13938431
82539502 13938435
82542912 13938435
82542913 13938435
82542914 13938435
82533384 13938441
82533390 13938441
82533393 13938441
82533566 13938441
82533568 13938441
82533679 13938441
82533680 13938441
82533681 13938442
82543247 13938443
82543248 13938445
82541250 13938447
82541252 13938447
82543249 13938447
82533684 13938448
82530937 13938450
82542468 13938450
82542469 13938450
82543880 13938453
82543917 13938453
82543918 13938453
82543881 13938455
82543882 13938456
82543883 13938457
82543884 13938459
82543885 13938460
82543886 13938461
82543888 13938463
82543889 13938465
82531551 13938469
82542536 13938469
82534934 13938472
82534976 13938472
82538014 13938472
82543312 13938474
82543313 13938475
82531553 13938476
82531871 13938476
82532338 13938479
82543314 13938480
82538965 13938482
82543315 13938484
82538966 13938485
82543316 13938487
82543317 13938489
82544197 13938489
82543318 13938495
82543319 13938499
82543950 13938501
82543951 13938502
82543952 13938504
82543953 13938506
82543090 13938507
82535497 13938510
82543091 13938514
82543092 13938514
82543956 13938516
82543957 13938519
82543958 13938521
82543096 13938523
82543097 13938523
82543959 13938524
82532403 13938525
82532405 13938527
82543684 13938527
82543098 13938531
82543099 13938531
82543100 13938531
82541996 13938532
82541997 13938532
82532181 13938533
82543160 13938535
82543161 13938535
82544155 13938535
82543162 13938541
82544154 13938541
82544156 13938541
82534643 13938548
82541117 13938548
82543137 13938548
82543165 13938548
82543166 13938548
82532310 13938550
82532811 13938550
82532933 13938550
82533031 13938550
82543810 13938550
82543817 13938550
82543818 13938550
82543821 13938550
82543822 13938550
82543823 13938550
82544010 13938552
82544011 13938555
82544012 13938557
82544013 13938558
82531102 13938560
82538933 13938560
82544014 13938560
82544341 13938560
82543230 13938564
82544015 13938567
82543231 13938573
82543232 13938573
82544173 13938573
82544016 13938576
82544017 13938579
82543233 13938581
82543235 13938583
82531474 13938584
82531899 13938584
82543236 13938585
82543237 13938586
82543238 13938588
82543239 13938590
82536118 13938591
82542861 13938591
82543871 13938592
82543843 13938594
82543872 13938594
82540488 13938596
82540490 13938596
82540492 13938596
82540494 13938596
82533101 13938598
82543876 13938600
82543877 13938601
82543878 13938602
82532261 13938605
82532263 13938605
82532278 13938605
82532285 13938605
82532290 13938605
82532300 13938605
82532306 13938605
82532881 13938605
82533177 13938605
82539269 13938605
82539270 13938605
82539272 13938605
82542168 13938605
82542169 13938605
82543850 13938605
82543879 13938606
82532322 13938608
82543300 13938609
82539274 13938610
82539275 13938610
82543301 13938612
82543302 13938613
82538922 13938614
82543303 13938614
82531542 13938618
82543304 13938620
82543305 13938621
82543306 13938621
82543307 13938621
82531544 13938625
82543308 13938626
82543940 13938627
82543941 13938629
82543942 13938629
82543943 13938631
82543944 13938633
82543945 13938633
82543080 13938634
82532677 13938636
82532915 13938636
82532968 13938636
82541924 13938636
82541925 13938636
82543081 13938638
82543082 13938640
82543083 13938640
82543084 13938642
82531384 13938646
82540216 13938646
82543948 13938646
82543949 13938646
82541005 13938648
82543085 13938648
82543086 13938648
82543087 13938649
82543088 13938651
82543089 13938654
82534135 13938655
82532167 13938660
82532172 13938660
82532175 13938660
82532198 13938660
82532213 13938660
82533001 13938660
82537822 13938660
82535556 13938663
82543136 13938665
82543151 13938665
82544149 13938665
82543152 13938667
82543153 13938667
82544185 13938667
82532177 13938669
82537882 13938669
82543154 13938671
82543155 13938671
82543268 13938671
82543156 13938673
82543157 13938673
82536030 13938675
82543158 13938676
82543142 13938679
82543159 13938679
82543266 13938679
82543267 13938679
82544150 13938679
82544187 13938679
82534827 13938682
82538229 13938682
82538230 13938682
82539150 13938682
82543789 13938684
82543790 13938684
82543791 13938684
82543792 13938686
82543793 13938687
82543794 13938689
82544254 13938689
82543795 13938691
82543796 13938691
82544000 13938694
82544268 13938694
82543797 13938697
82544301 13938697
82533025 13938699
82543806 13938699
82543798 13938700
82544001 13938702
82544002 13938702
82544270 13938702
82543746 13938704
82543799 13938704
82544251 13938704
82544003 13938707
82544004 13938708
82544005 13938709
82543217 13938717
82543220 13938717
82543221 13938717
82544006 13938721
82544007 13938723
82538872 13938724
82531779 13938727
82544009 13938727
82538875 13938730
82543216 13938732
82543225 13938732
82543226 13938732
82541221 13938735
82543227 13938735
82543228 13938736
82543229 13938737
82543860 13938739
82543861 13938741
82543862 13938742
82543863 13938744
82543864 13938746
82543865 13938747
82543869 13938748
82532309 13938750
82532316 13938750
82534975 13938751
82534977 13938751
82534979 13938751
82534981 13938751
82534983 13938751
82534984 13938751
82534989 13938751
82535000 13938751
82535001 13938751
82535004 13938751
82535006 13938751
82535327 13938751
82535393 13938751
82536657 13938751
82536659 13938751
82536661 13938751
82536663 13938751
82536749 13938751
82536767 13938751
82539255 13938751
82539256 13938751
82540606 13938751
82540608 13938751
82540610 13938751
82540611 13938751
82540954 13938751
82540955 13938751
82544492 13938751
82535471 13938752
82543930 13938753
82543931 13938754
82543933 13938755
82543071 13938756
82543934 13938758
82540978 13938759
82543072 13938759
82543935 13938761
82543065 13938764
82543073 13938764
82543936 13938767
82543074 13938769
82543937 13938772
82543075 13938773
82543938 13938775
82542292 13938778
82542293 13938779
82543842 13938779
82543079 13938781
82531565 13938785
82531851 13938785
82539337 13938785
82541400 13938790
82541402 13938790
82541403 13938790
82535543 13938791
82543009 13938798
82543014 13938798
82543140 13938798
82543133 13938802
82543141 13938802
82543143 13938804
82543144 13938804
82543145 13938804
82543780 13938806
82543781 13938809
82543835 13938809
82530972 13938812
82531194 13938812
82532875 13938812
82539387 13938812
82543782 13938813
82543783 13938814
82543784 13938818
82544253 13938818
82533011 13938820
82543787 13938822
82539180 13938824
82539183 13938825
82539184 13938825
82543210 13938826
82543211 13938826
82538861 13938829
82543212 13938830
82543215 13938830
82543213 13938831
82538864 13938833
82538865 13938837
82543218 13938840
82538868 13938842
82538869 13938842
82543219 13938843
82543851 13938846
82543852 13938848
82543855 13938848
82543856 13938848
82544257 13938848
82532262 13938851
82533173 13938851
82537373 13938851
82539813 13938851
82543853 13938851
82543854 13938852
82543819 13938855
82543824 13938855
82543825 13938855
82543857 13938855
82543858 13938858
82543859 13938860
82539258 13938861
82543920 13938865
82543922 13938865
82543921 13938866
82532945 13938871
82543700 13938871
82538109 13938883
82540536 13938883
82540537 13938883
82540538 13938883
82540540 13938883
82540542 13938883
82540544 13938883
82540546 13938883
82540548 13938883
82540549 13938883
82543923 13938885
82539898 13938887
82541958 13938887
82541959 13938887
82543060 13938889
82543924 13938891
82543061 13938894
82543925 13938897
82543062 13938898
82543926 13938899
82543063 13938901
82543927 13938902
82543928 13938904
82543066 13938908
82543067 13938909
82543068 13938911
82538850 13938914
82539325 13938914
82540981 13938917
82543069 13938917
82538142 13938919
82540378 13938919
82543130 13938921
82541076 13938924
82541078 13938924
82543131 13938924
82543001 13938932
82543122 13938932
82543132 13938932
82543134 13938935
82543135 13938936
82543138 13938938
82543013 13938941
82543139 13938941
82543770 13938944
82543771 13938947
82543772 13938947
82533000 13938948
82543773 13938953
82543774 13938954
82542990 13938956
82543775 13938957
82543776 13938962
82543778 13938962
82543777 13938963
82542993 13938965
82533388 13938966
82543779 13938966
82542995 13938967
82542996 13938967
82542998 13938967
82542999 13938967
82539172 13938968
82539173 13938968
82539407 13938968
82532223 13938969
82542997 13938971
82539178 13938972
82543205 13938974
82538856 13938977
82543206 13938980
82538857 13938981
82543207 13938983
82543208 13938983
82543209 13938984
82543840 13938987
82543841 13938988
82543844 13938991
82543845 13938998
82543848 13938998
82543849 13938998
82543846 13939001
82543847 13939001
82539243 13939002
82541882 13939004
82541883 13939004
82543910 13939007
82543911 13939009
82535455 13939011
82535857 13939011
82543912 13939012
82532937 13939013
82543050 13939015
82543051 13939017
82543052 13939019
82543915 13939021
82544303 13939021
82543053 13939023
82543916 13939026
82543054 13939027
82543055 13939028
82543919 13939029
82543057 13939031
82531297 13939032
82538464 13939032
82538465 13939032
82543059 13939034
82532375 13939040
82543689 13939040
82543691 13939040
82543692 13939044
82543693 13939044
82543694 13939046
82544242 13939046
82542063 13939050
82543690 13939050
82543695 13939050
82543696 13939050
82543697 13939050
82543698 13939050
82544090 13939050
82543699 13939053
82543120 13939054
82543121 13939056
82543125 13939060
82543126 13939060
82544178 13939060
82543005 13939064
82543127 13939064
82543128 13939064
82538778 13939067
82543760 13939068
82543761 13939072
82543762 13939073
82543686 13939074
82543688 13939074
82543763 13939074
82543764 13939074
82543765 13939074
82542979 13939077
82542980 13939077
82542981 13939077
82543107 13939077
82543110 13939077
82544144 13939077
82539060 13939078
82543766 13939078
82533877 13939080
82542982 13939080
82543767 13939082
82533874 13939083
82542983 13939083
82543768 13939084
82542984 13939085
82543769 13939087
82536532 13939091
82536644 13939091
82540325 13939091
82542726 13939091
82542727 13939091
82542987 13939092
82538840 13939093
82539165 13939095
82538844 13939096
82533616 13939098
82533618 13939098
82533619 13939098
82533622 13939098
82533624 13939098
82533626 13939098
82533628 13939098
82533630 13939098
82533632 13939098
82533634 13939098
82533636 13939098
82533638 13939098
82533727 13939098
82538847 13939100
82543830 13939102
82543831 13939104
82543832 13939104
82543833 13939104
82543834 13939105
82543785 13939108
82543836 13939108
82543837 13939108
82543838 13939108
82543839 13939108
82536491 13939110
82536495 13939110
82540456 13939110
82540457 13939110
82533387 13939115
82542192 13939115
82542193 13939115
82544390 13939119
82544391 13939122
82544392 13939124
82544393 13939125
82544394 13939127
82544395 13939128
82533701 13939129
82539207 13939129
82539208 13939129
82544396 13939131
82544397 13939133
82544398 13939134
82544399 13939135
82543900 13939137
82543901 13939137
82534476 13939141
82541302 13939141
82543902 13939143
82543903 13939144
82543040 13939146
82543904 13939148
82543905 13939149
82543042 13939153
82543043 13939153
82543906 13939156
82543907 13939157
82543044 13939158
82543908 13939161
82543045 13939162
82538696 13939164
82543909 13939165
82543048 13939166
82543049 13939167
82543681 13939170
82543685 13939170
82541004 13939174
82544467 13939174
82538125 13939181
82539680 13939181
82541825 13939188
82543682 13939188
82543683 13939189
82543687 13939193
82543111 13939200
82543112 13939200
82543113 13939200
82543114 13939201
82543115 13939201
82543119 13939201
82542336 13939205
82542338 13939205
82542339 13939205
82530941 13939206
82543750 13939208
82543751 13939208
82543786 13939208
82544344 13939208
82543733 13939209
82543752 13939209
82543755 13939209
82543756 13939209
82533824 13939211
82537410 13939211
82543754 13939213
82542970 13939216
82542971 13939217
82537414 13939220
82541054 13939220
82541056 13939220
82541057 13939220
82543116 13939220
82544146 13939220
82542972 13939223
82543757 13939227
82543758 13939227
82542973 13939229
82532201 13939230
82542974 13939232
82542975 13939233
82542976 13939233
82543759 13939234
82540379 13939236
82542795 13939236
82542796 13939236
82542977 13939238
82544086 13939238
82541220 13939240
82541226 13939240
82541227 13939240
82543826 13939241
82543827 13939241
82543828 13939244
82543829 13939245
82544380 13939246
82544381 13939248
82544382 13939252
82544383 13939253
82544384 13939254
82544385 13939256
82542879 13939260
82542887 13939260
82542892 13939260
82542896 13939260
82542897 13939260
82542898 13939260
82542903 13939260
82542904 13939260
82544386 13939260
82544387 13939263
82544388 13939267
82544389 13939270
82538680 13939273
82543031 13939276
82543034 13939276
82543035 13939276
82543036 13939276
82543037 13939276
82531273 13939277
82533869 13939278
82533872 13939278
82533875 13939278
82538685 13939280
82543038 13939281
82543039 13939282
82541812 13939285
82541814 13939285
82541815 13939285
82543670 13939285
82543677 13939285
82544240 13939285
82542028 13939293
82542030 13939293
82542031 13939293
82543671 13939293
82543672 13939293
82543673 13939293
82543679 13939293
82543680 13939293
82532695 13939295
82544457 13939296
82543674 13939298
82543675 13939298
82531576 13939300
82537333 13939300
82537858 13939300
82543660 13939302
82543676 13939302
82541079 13939304
82543678 13939305
82542830 13939306
82542831 13939306
82542894 13939306
82532121 13939308
82532124 13939308
82534720 13939309
82536523 13939311
82540298 13939311
82543101 13939313
82542899 13939314
82543102 13939315
82543103 13939315
82539076 13939316
82538752 13939317
82538753 13939317
82543620 13939317
82543621 13939317
82532127 13939319
82543548 13939319
82543104 13939322
82538754 13939323
82543105 13939326
82543106 13939328
82543108 13939330
82538759 13939331
82539129 13939331
82543485 13939331
82543493 13939331
82543618 13939331
82543619 13939331
82543634 13939331
82543740 13939333
82543741 13939335
82543742 13939336
82543743 13939336
82543744 13939339
82543745 13939339
82543747 13939339
82543748 13939339
82544250 13939339
82542960 13939340
82542962 13939343
82542963 13939344
82536504 13939349
82536512 13939349
82536619 13939349
82536621 13939349
82536731 13939349
82542964 13939352
82542965 13939355
82540368 13939358
82542753 13939358
82542754 13939358
82542966 13939362
82542967 13939362
82542968 13939363
82542969 13939365
82541785 13939368
82541787 13939368
82543542 13939368
82543811 13939370
82543812 13939377
82543813 13939377
82543814 13939377
82543820 13939377
82534571 13939380
82535272 13939382
82539788 13939382
82534555 13939385
82534569 13939385
82534575 13939385
82534601 13939385
82539211 13939386
82533389 13939389
82533391 13939389
82533392 13939389
82533394 13939389
82542197 13939389
82539214 13939390
82544373 13939393
82544375 13939395
82543590 13939396
82544376 13939397
82544377 13939398
82543592 13939400
82544378 13939403
82543593 13939405
82543594 13939405
82544379 13939407
82543595 13939411
82543596 13939413
82543597 13939415
82543598 13939417
82543599 13939418
82543020 13939421
82538671 13939424
82543021 13939427
82543022 13939431
82543023 13939432
82538674 13939435
82543024 13939437
82534536 13939439
82543025 13939439
82543026 13939439
82543027 13939441
82543028 13939445
82533866 13939450
82540864 13939450
82540865 13939450
82543661 13939455
82543662 13939457
82543663 13939459
82543664 13939459
82542880 13939461
82543665 13939462
82542881 13939463
82543666 13939465
82542882 13939466
82532117 13939467
82543668 13939467
82540286 13939468
82542780 13939468
82542884 13939470
82543669 13939471
82536293 13939472
82540287 13939472
82542885 13939475
82542886 13939475
82532114 13939478
82532708 13939478
82538741 13939481
82542888 13939483
82542889 13939483
82539068 13939486
82537968 13939490
82543727 13939491
82543730 13939491
82543731 13939491
82543732 13939491
82543753 13939491
82544247 13939491
82542950 13939493
82543734 13939499
82543735 13939499
82543736 13939499
82543737 13939499
82543738 13939499
82542858 13939502
82542952 13939502
82542954 13939509
82543739 13939512
82542955 13939514
82542956 13939516
82542957 13939517
82542958 13939518
82542744 13939525
82542748 13939525
82542749 13939525
82542790 13939525
82542852 13939525
82542853 13939525
82544294 13939525
82544368 13939525
82544298 13939528
82543800 13939529
82537140 13939532
82537177 13939532
82543801 13939536
82544255 13939536
82536394 13939543
82536396 13939543
82536445 13939543
82543802 13939544
82543803 13939546
82543805 13939547
82543807 13939548
82543808 13939551
82543809 13939552
82539205 13939553
82543580 13939554
82543581 13939555
82543582 13939555
82543583 13939556
82543584 13939557
82544369 13939558
82543585 13939559
82543586 13939560
82543587 13939561
82543588 13939562
82543589 13939563
82543010 13939564
82543012 13939564
82543011 13939565
82532035 13939567
82543562 13939567
82543570 13939567
82543015 13939569
82538665 13939570
82543017 13939571
82535137 13939572
82540891 13939572
82540892 13939572
82543018 13939572
82531259 13939575
82531327 13939575
82543650 13939576
82543651 13939577
82544356 13939577
82543652 13939578
82544238 13939578
82543653 13939579
82543654 13939580
82542870 13939582
82543655 13939583
82542871 13939584
82543656 13939585
82542872 13939586
82542873 13939587
82543658 13939588
82542874 13939589
82542878 13939589
82542875 13939590
82542876 13939590
82543659 13939591
82542877 13939592
82532105 13939593
82539057 13939594
82537074 13939595
82537094 13939595
82543720 13939596
82543722 13939597
82543723 13939598
82543724 13939599
82542940 13939600
82542941 13939600
82542942 13939600
82543725 13939601
82543726 13939602
82542945 13939603
82542946 13939605
82542947 13939605
82538804 13939606
82538805 13939606
82538806 13939607
82540980 13939608
82534945 13939609
82538486 13939609
82538487 13939609
82539527 13939609
82539761 13939609
82534554 13939610
82538011 13939613
82544354 13939614
82541836 13939616
82541837 13939616
82543572 13939618
82543573 13939620
82532130 13939624
82543549 13939624
82543565 13939624
82543571 13939624
82543574 13939624
82544235 13939624
82543576 13939629
82543577 13939629
82544232 13939629
82542793 13939634
82542794 13939637
82543561 13939646
82543579 13939646
82534621 13939649
82542797 13939652
82542798 13939656
82542799 13939658
82533885 13939661
82543002 13939661
82543003 13939661
82543004 13939661
82543006 13939667
82543007 13939667
82543008 13939667
82544125 13939667
82533449 13939670
82543527 13939676
82543640 13939676
82543641 13939678
82543642 13939680
82532667 13939682
82543643 13939683
82542860 13939685
82542862 13939689
82542863 13939689
82537123 13939691
82537307 13939691
82542674 13939691
82542864 13939693
82543649 13939694
82542866 13939697
82542867 13939700
82542868 13939702
82542869 13939704
82535251 13939708
82543710 13939715
82543711 13939721
82543712 13939723
82543713 13939725
82534509 13939727
82541116 13939727
82543714 13939731
82543715 13939731
82542931 13939734
82542932 13939736
82543716 13939738
82543717 13939742
82542933 13939743
82543718 13939746
82542934 13939748
82543719 13939749
82540337 13939752
82542935 13939754
82542936 13939754
82542937 13939754
82542938 13939757
82542939 13939757
82539117 13939761
82544271 13939762
82544273 13939764
82544274 13939764
82544324 13939764
82539018 13939767
82543490 13939767
82543491 13939767
82543492 13939767
82543609 13939767
82543494 13939770
82543633 13939770
82543488 13939779
82543489 13939779
82543495 13939779
82543610 13939779
82543611 13939779
82543612 13939779
82543613 13939779
82543496 13939781
82543497 13939781
82543499 13939782
82535651 13939786
82535958 13939786
82535961 13939786
82538089 13939786
82532582 13939791
82541824 13939794
82544348 13939796
82540181 13939798
82540183 13939799
82542781 13939801
82543566 13939804
82544233 13939804
82540184 13939805
82542782 13939807
82543567 13939808
82542783 13939809
82542784 13939809
82543551 13939811
82543552 13939811
82543554 13939811
82543568 13939811
82543569 13939811
82540186 13939812
82542785 13939815
82542786 13939816
82542787 13939818
82542788 13939825
82542839 13939825
82542840 13939825
82542842 13939825
82544101 13939825
82544102 13939825
82542789 13939827
82533830 13939830
82533839 13939830
82539030 13939831
82539031 13939831
82543630 13939831
82531199 13939837
82531201 13939837
82531203 13939837
82531205 13939837
82531207 13939837
82531211 13939837
82531213 13939837
82531214 13939837
82531311 13939837
82531315 13939837
82531337 13939837
82531856 13939837
82531858 13939837
82531860 13939837
82531862 13939837
82531864 13939837
82531866 13939837
82531868 13939837
82531870 13939837
82531872 13939837
82531874 13939837
82531979 13939837
82538163 13939837
82539801 13939837
82543632 13939838
82535176 13939839
82540252 13939843
82542844 13939843
82544104 13939843
82544307 13939843
82542847 13939846
82542848 13939846
82542849 13939846
82542850 13939846
82542851 13939846
82543635 13939848
82543607 13939853
82543608 13939853
82543636 13939853
82539034 13939855
82544190 13939856
82544192 13939856
82540890 13939857
82544194 13939858
82538718 13939859
82540893 13939860
82533906 13939862
82544199 13939863
82531941 13939864
82543702 13939868
82531943 13939869
82543703 13939873
82542916 13939878
82542919 13939878
82542920 13939878
82542927 13939878
82542930 13939878
82544085 13939878
82542921 13939879
82543705 13939881
82543707 13939881
82543706 13939885
82542922 13939887
82542923 13939889
82543708 13939893
82542924 13939894
82543709 13939896
82544259 13939904
82544260 13939904
82544262 13939908
82541744 13939910
82541745 13939910
82544264 13939912
82544265 13939912
82540961 13939914
82543480 13939916
82543481 13939920
82544266 13939921
82543483 13939922
82543484 13939922
82544269 13939924
82539742 13939929
82543486 13939932
82543487 13939933
82534527 13939938
82534537 13939938
82541806 13939941
82541808 13939941
82541810 13939941
82541811 13939941
82544330 13939942
82543550 13939945
82543553 13939947
82542769 13939950
82542770 13939950
82542771 13939950
82542772 13939950
82543555 13939952
82543464 13939955
82543556 13939955
82543559 13939955
82543560 13939955
82542773 13939958
82543558 13939962
82532001 13939964
82542774 13939966
82542775 13939969
82536289 13939973
82542776 13939973
82542777 13939976
82542778 13939977
82542779 13939981
82544400 13939985
82533827 13939987
82544401 13939988
82544402 13939990
82544403 13939993
82544404 13939995
82543622 13939996
82543623 13939996
82543624 13939996
82543625 13939996
82542841 13939998
82543626 13939999
82543627 13939999
82542843 13940000
82544084 13940000
82544105 13940000
82543628 13940001
82540247 13940003
82533199 13940004
82543629 13940004
82542845 13940007
82542846 13940007
82544181 13940008
82533836 13940015
82533838 13940015
82541276 13940015
82541277 13940015
82543246 13940015
82543254 13940015
82543261 13940015
82543262 13940015
82544180 13940015
82544182 13940015
82544183 13940015
82544316 13940015
82544186 13940016
82542910 13940018
82536288 13940021
82536295 13940021
82536358 13940021
82542911 13940022
82542915 13940022
82531939 13940024
82543470 13940025
82544256 13940028
82543472 13940032
82543473 13940033
82543474 13940034
82543475 13940036
82543476 13940038
82543477 13940040
82543478 13940042
82543479 13940044
82534529 13940046
82544248 13940049
82544320 13940049
82544321 13940054
82544322 13940055
82544323 13940055
82543540 13940058
82543541 13940059
82543543 13940061
82544309 13940068
82544328 13940068
82543729 13940070
82544246 13940070
82544319 13940070
82544329 13940070
82542760 13940072
82543545 13940075
82543546 13940075
82542761 13940076
82542763 13940080
82542764 13940081
82542765 13940083
82542766 13940083
82538620 13940085
82542767 13940087
82542768 13940090
82535153 13940091
82541016 13940095
82541017 13940095
82542832 13940098
82542833 13940098
82542834 13940098
82542837 13940098
82542838 13940098
82542835 13940100
82542836 13940100
82544170 13940104
82544172 13940105
82544175 13940109
82543387 13940110
82543388 13940110
82543392 13940110
82543394 13940112
82543398 13940112
82543395 13940113
82543396 13940114
82543397 13940116
82543399 13940118
82542900 13940121
82542901 13940121
82542905 13940122
82542906 13940124
82542907 13940126
82542909 13940127
82544241 13940129
82544243 13940131
82544244 13940133
82543459 13940135
82543460 13940135
82543461 13940137
82543463 13940140
82544249 13940142
82532489 13940144
82543465 13940146
82543466 13940150
82543467 13940151
82540085 13940153
82543468 13940155
82534510 13940156
82544169 13940161
82544310 13940161
82544315 13940161
82544312 13940164
82543172 13940166
82543173 13940166
82543174 13940166
82544158 13940166
82544313 13940166
82544163 13940168
82544314 13940168
82543529 13940171
82543530 13940171
82543531 13940171
82535075 13940174
82543532 13940175
82543533 13940177
82544231 13940184
82544318 13940184
82543534 13940186
82542750 13940188
82543535 13940189
82534294 13940190
82542751 13940193
82543536 13940195
82542752 13940199
82543537 13940201
82542755 13940202
82543539 13940204
82542756 13940206
82542757 13940209
82542758 13940213
82542759 13940217
82543875 13940223
82544093 13940223
82544302 13940223
82544094 13940226
82533401 13940227
82544099 13940229
82532623 13940231
82543600 13940236
82543601 13940239
82543602 13940240
82543603 13940242
82540222 13940244
82542820 13940245
82543604 13940246
82542821 13940249
82542824 13940249
82542825 13940249
82543605 13940252
82542822 13940255
82540226 13940256
82542823 13940257
82542827 13940259
82542828 13940261
82544160 13940262
82542829 13940264
82544164 13940265
82543380 13940272
82541646 13940274
82541647 13940274
82544166 13940275
82543382 13940276
82543383 13940276
82544167 13940279
82543384 13940281
82543385 13940282
82543386 13940284
82543389 13940285
82537683 13940288
82544230 13940290
82532470 13940291
82532472 13940293
82537752 13940293
82537753 13940293
82544234 13940294
82543450 13940295
82544236 13940298
82544237 13940298
82543452 13940304
82543453 13940304
82544214 13940304
82543455 13940306
82543456 13940309
82543458 13940313
82534503 13940315
82544300 13940317
82539493 13940319
82544305 13940321
82544306 13940323
82543522 13940324
82542740 13940326
82542741 13940326
82543525 13940330
82543526 13940330
82542742 13940333
82542743 13940335
82543528 13940338
82542745 13940340
82538600 13940343
82542746 13940345
82542747 13940345
82536406 13940348
82538602 13940350
82542811 13940356
82542815 13940359
82542816 13940359
82540218 13940361
82542817 13940364
82542818 13940366
82542819 13940366
82544151 13940367
82532396 13940369
82544157 13940371
82544159 13940372
82543377 13940375
82543378 13940377
82543379 13940377
82540970 13940378
82540971 13940378
82531999 13940394
82532099 13940394
82532141 13940394
82532248 13940394
82538854 13940394
82539357 13940394
82542286 13940394
82542287 13940394
82542346 13940394
82542347 13940394
82542352 13940394
82542353 13940394
82542356 13940394
82542358 13940394
82542359 13940394
82534932 13940397
82535055 13940397
82535381 13940397
82541680 13940397
82541681 13940397
82533809 13940401
82538972 13940401
82538973 13940401
82541256 13940401
82541257 13940401
82541462 13940401
82541464 13940401
82541465 13940401
82537072 13940406
82537073 13940406
82537076 13940406
82537097 13940406
82537099 13940406
82537122 13940406
82537567 13940406
82542666 13940406
82542667 13940406
82533022 13940415
82539073 13940419
82534516 13940420
82534520 13940420
82534567 13940420
82536499 13940420
82536575 13940420
82536599 13940420
82536691 13940420
82536742 13940420
82539192 13940420
82539253 13940420
82539254 13940420
82540069 13940420
82540602 13940420
82540604 13940420
82540605 13940420
82540730 13940420
82540731 13940420
82540732 13940420
82540733 13940420
82540946 13940420
82540948 13940420
82540949 13940420
82541154 13940420
82541156 13940420
82541157 13940420
82541162 13940420
82541164 13940420
82541165 13940420
82534590 13940421
82542486 13940422
82542487 13940422
82544340 13940422
82530805 13940431
82530845 13940431
82542452 13940431
82542453 13940431
82542488 13940431
82542489 13940431
82531687 13940441
82531911 13940441
82532931 13940444
82539390 13940444
82532283 13940449
82539267 13940449
82539268 13940449
82542302 13940449
82542303 13940449
82534609 13940453
82534767 13940453
82534868 13940453
82534877 13940453
82534965 13940453
82540714 13940453
82540716 13940453
82540717 13940453
82540724 13940453
82540726 13940453
82540727 13940453
82538615 13940455
82539151 13940458
82539152 13940458
82540176 13940458
82541340 13940458
82541341 13940458
82542578 13940460
82542579 13940460
82539333 13940462
82533200 13940464
82536824 13940466
82536825 13940466
82536889 13940466
82540646 13940466
82540647 13940466
82533240 13940468
82541896 13940468
82541897 13940468
82536088 13940471
82538102 13940471
82531791 13940479
82531859 13940479
82531965 13940479
82538743 13940479
82542520 13940479
82542522 13940479
82542523 13940479
82542524 13940479
82542525 13940479
82536282 13940490
82536292 13940490
82536302 13940490
82536477 13940490
82536545 13940490
82538726 13940493
82538239 13940498
82539176 13940498
82539536 13940498
82534477 13940514
82535087 13940514
82538246 13940514
82540834 13940514
82540836 13940514
82540837 13940514
82540860 13940514
82540862 13940514
82540863 13940514
82541072 13940514
82541073 13940514
82541074 13940514
82541075 13940514
82541100 13940514
82541102 13940514
82541104 13940514
82541106 13940514
82541108 13940514
82541110 13940514
82541112 13940514
82541114 13940514
82541115 13940514
82541294 13940514
82541295 13940514
82541308 13940514
82541309 13940514
82541318 13940514
82541319 13940514
82533225 13940518
82533227 13940518
82541850 13940518
82541852 13940518
82541854 13940518
82541855 13940518
82542066 13940518
82542067 13940518
82534348 13940520
82534354 13940520
82538494 13940520
82534356 13940521
82535110 13940521
82531924 13940523
82533202 13940524
82530886 13940531
82531114 13940531
82531202 13940531
82531232 13940531
82539307 13940531
82542516 13940531
82542518 13940531
82542519 13940531
82542550 13940531
82542551 13940531
82533776 13940534
82533779 13940534
82530815 13940535
82530843 13940535
82535466 13940537
82536200 13940537
82535451 13940548
82535459 13940548
82535785 13940548
82536031 13940548
82536225 13940548
82538710 13940548
82539591 13940548
82541560 13940548
82541562 13940548
82541564 13940548
82541566 13940548
82541567 13940548
82541748 13940548
82541749 13940548
82534769 13940551
82534963 13940551
82539181 13940551
82540934 13940551
82540935 13940551
82540940 13940551
82540941 13940551
82532608 13940553
82533243 13940553
82535583 13940554
82535446 13940560
82539624 13940560
82535448 13940562
82537496 13940562
82535461 13940568
82535463 13940568
82535464 13940568
82535699 13940568
82535848 13940568
82537492 13940568
82533609 13940586
82535407 13940586
82535430 13940586
82535447 13940586
82535453 13940586
82535457 13940586
82535458 13940586
82535467 13940586
82535871 13940586
82537494 13940586
82541370 13940586
82541371 13940586
82541578 13940586
82541579 13940586
82534407 13940591
82535271 13940591
82535273 13940591
82535274 13940591
82535277 13940591
82535279 13940591
82535281 13940591
82535317 13940591
82541344 13940591
82541345 13940591
82535316 13940594
82544352 13940597
82535642 13940608
82540740 13940608
82540741 13940608
82540742 13940608
82540743 13940608
82540966 13940608
82540968 13940608
82540969 13940608
82541170 13940608
82541172 13940608
82541173 13940608
82530888 13940642
82530902 13940642
82530904 13940642
82530906 13940642
82530907 13940642
82530942 13940642
82530943 13940642
82531146 13940642
82531164 13940642
82531266 13940642
82531270 13940642
82539323 13940642
82542448 13940642
82542449 13940642
82542454 13940642
82542455 13940642
82542500 13940642
82542502 13940642
82542504 13940642
82542506 13940642
82542508 13940642
82542510 13940642
82542512 13940642
82542514 13940642
82542544 13940642
82543989 13940642
82543990 13940642
82544452 13940642
82530930 13940646
82530935 13940646
82531286 13940646
82538468 13940646
82532541 13940653
82532567 13940653
82532596 13940653
82532633 13940653
82532653 13940653
82532661 13940653
82532666 13940653
82532673 13940653
82534246 13940653
82535244 13940653
82535248 13940653
82537200 13940653
82539910 13940653
82539981 13940653
82539982 13940653
82541726 13940653
82541727 13940653
82534615 13940661
82534625 13940661
82534749 13940661
82535203 13940661
82539568 13940661
82540696 13940661
82540698 13940661
82540700 13940661
82540701 13940661
82540708 13940661
82540710 13940661
82540712 13940661
82540713 13940661
82539814 13940666
82537792 13940669
82538312 13940669
82532016 13940681
82532018 13940681
82532021 13940681
82532357 13940681
82532358 13940681
82532359 13940681
82532360 13940681
82532380 13940681
82532725 13940681
82532891 13940681
82537375 13940681
82537899 13940681
82541988 13940681
82541990 13940681
82541992 13940681
82541993 13940681
82542002 13940681
82542003 13940681
82542036 13940681
82542037 13940681
82531573 13940688
82531575 13940688
82531577 13940688
82531663 13940688
82531670 13940688
82531806 13940688
82531945 13940688
82531987 13940688
82542474 13940688
82542475 13940688
82542478 13940688
82542479 13940688
82535245 13940692
82533398 13940702
82533406 13940702
82533522 13940702
82533675 13940702
82542206 13940702
82542207 13940702
82542282 13940702
82542283 13940702
82535024 13940708
82539447 13940708
82541640 13940708
82541641 13940708
82541644 13940708
82541645 13940708
82544473 13940708
82535561 13940713
82535572 13940713
82535581 13940713
82535987 13940713
82536193 13940713
82532255 13940718
82532830 13940718
82532833 13940718
82533027 13940718
82542296 13940718
82542298 13940718
82542300 13940718
82542301 13940718
82535243 13940720
82531491 13940722
82531496 13940722
82531505 13940722
82531511 13940722
82531519 13940722
82536286 13940738
82536287 13940738
82536329 13940738
82540434 13940738
82540435 13940738
82540440 13940738
82540442 13940738
82540443 13940738
82532005 13940743
82532147 13940743
82539200 13940743
82539201 13940743
82532220 13940747
82537748 13940747
82533625 13940753
82535411 13940753
82535435 13940753
82541968 13940753
82541970 13940753
82541971 13940753
82536506 13940772
82536551 13940772
82536558 13940772
82536652 13940772
82536739 13940772
82540322 13940772
82540323 13940772
82540334 13940772
82540335 13940772
82540338 13940772
82540339 13940772
82535249 13940774
82532030 13940783
82532033 13940783
82532037 13940783
82532040 13940783
82532090 13940783
82532129 13940783
82532423 13940783
82532427 13940783
82532479 13940783
82537357 13940783
82541616 13940783
82541618 13940783
82541620 13940783
82541622 13940783
82541623 13940783
82541818 13940783
82541819 13940783
82541826 13940783
82541827 13940783
82538776 13940790
82542392 13940790
82542396 13940790
82542400 13940790
82542403 13940790
82542442 13940790
82542445 13940790
82532312 13940799
82532884 13940799
82533036 13940799
82542278 13940799
82542279 13940799
82531541 13940801
82531545 13940801
82531863 13940801
82538658 13940804
82535046 13940806
82535048 13940806
82535373 13940806
82541712 13940806
82541713 13940806
82534546 13940810
82535134 13940810
82540888 13940810
82540889 13940810
82535247 13940813
82538722 13940813
82539937 13940813
82539938 13940813
82536531 13940821
82536531 183801847
82540300 13940821
82540300 183801847
82540301 13940821
82540301 183801847
82534478 13940830
82534479 13940830
82534481 13940830
82534925 13940830
82534950 13940830
82534999 13940830
82535115 13940830
82535484 13940830
82537441 13940830
82539598 13940830
82541152 13940830
82541153 13940830
82541158 13940830
82541159 13940830
82541166 13940830
82541167 13940830
82533815 13940835
82533834 13940835
82541492 13940835
82541493 13940835
82535648 13940838
82535805 13940838
82535936 13940838
82536132 13940838
82532324 13940839
82533069 13940839
82542528 13940840
82542530 13940840
82542531 13940840
82542532 13940840
82542533 13940840
82534262 13940842
82534265 13940842
82534272 13940842
82534298 13940842
82534305 13940842
82534324 13940842
82534796 13940842
82534823 13940842
82535303 13940842
82538520 13940842
82538521 13940842
82541532 13940842
82541534 13940842
82541536 13940842
82541537 13940842
82541684 13940842
82541686 13940842
82541688 13940842
82541690 13940842
82541692 13940842
82541693 13940842
82541700 13940842
82541701 13940842
82544493 13940842
82531386 13940862
82531428 13940862
82531434 13940862
82531437 13940862
82531447 13940862
82531479 13940862
82531495 13940862
82531508 13940862
82531518 13940862
82531520 13940862
82531527 13940862
82531533 13940862
82531538 13940862
82531539 13940862
82531540 13940862
82531543 13940862
82531546 13940862
82531548 13940862
82531550 13940862
82531645 13940862
82531677 13940862
82531903 13940862
82531940 13940862
82531976 13940862
82542472 13940862
82542473 13940862
82542572 13940862
82542573 13940862
82534464 13940872
82534487 13940872
82534556 13940872
82534652 13940872
82534836 13940872
82534847 13940872
82534894 13940872
82536572 13940872
82538558 13940872
82538642 13940872
82538643 13940872
82538645 13940872
82538646 13940872
82540452 13940872
82540462 13940872
82540464 13940872
82540465 13940872
82540718 13940872
82540720 13940872
82540721 13940872
82540942 13940872
82540943 13940872
82541142 13940872
82541143 13940872
82541148 13940872
82541149 13940872
82541350 13940872
82541351 13940872
82538766 13940875
82534498 13940876
82539707 13940879
82533801 13940892
82533975 13940892
82534313 13940892
82534317 13940892
82534329 13940892
82534716 13940892
82538025 13940892
82539089 13940892
82539544 13940892
82539545 13940892
82541292 13940892
82541293 13940892
82541509 13940892
82541510 13940892
82541511 13940892
82541513 13940892
82541514 13940892
82541516 13940892
82541517 13940892
82541518 13940892
82541519 13940892
82541528 13940892
82541530 13940892
82541531 13940892
82544490 13940892
82533811 13940901
82533819 13940901
82533820 13940901
82533823 13940901
82533826 13940901
82533828 13940901
82533833 13940901
82533957 13940901
82534178 13940901
82537979 13940901
82540174 13940901
82541254 13940901
82541255 13940901
82541424 13940901
82541426 13940901
82541428 13940901
82541429 13940901
82541430 13940901
82541431 13940901
82541436 13940901
82541437 13940901
82541452 13940901
82541453 13940901
82531456 13940906
82531459 13940906
82531468 13940906
82531476 13940906
82531489 13940906
82531499 13940906
82531532 13940906
82538736 13940906
82538737 13940906
82541648 13940908
82541649 13940908
82533831 13940914
82534002 13940914
82534108 13940914
82534211 13940914
82537980 13940914
82541036 13940914
82541037 13940914
82535469 13940918
82535855 13940918
82541378 13940918
82541379 13940918
82533009 13940920
82532355 13940921
82532334 13940935
82532339 13940935
82532790 13940935
82532845 13940935
82537369 13940935
82537889 13940935
82537893 13940935
82539389 13940935
82542158 13940935
82542160 13940935
82542161 13940935
82542236 13940935
82542237 13940935
82534301 13940941
82534312 13940952
82534699 13940952
82538220 13940952
82538221 13940952
82535102 13940959
82539212 13940959
82541144 13940959
82541145 13940959
82541320 13940959
82541322 13940959
82541323 13940959
82544489 13940963
82534519 13940967
82539499 13940967
82541136 13940967
82541137 13940967
82532941 13940978
82542072 13940978
82542073 13940978
82538580 13940980
82533882 13940985
82533916 13940985
82533919 13940985
82533923 13940985
82533925 13940985
82533984 13940985
82533883 13940987
82537408 13940987
82535335 13940994
82541278 13940994
82541279 13940994
82541280 13940994
82541282 13940994
82541284 13940994
82541285 13940994
82541290 13940994
82541291 13940994
82533685 13940995
82537962 13940995
82541960 13940995
82541961 13940995
82535660 13941003
82540744 13941003
82540745 13941003
82534771 13941005
82540924 13941005
82540926 13941005
82540928 13941005
82540932 13941005
82540952 13941005
82538706 13941007
82534820 13941016
82541538 13941016
82541539 13941016
82541550 13941016
82541552 13941016
82541553 13941016
82531480 13941021
82537926 13941023
82532599 13941024
82539025 13941024
82539026 13941024
82541906 13941024
82541907 13941024
82539093 13941028
82541286 13941028
82541287 13941028
82532299 13941038
82542288 13941038
82542290 13941038
82542291 13941038
82536816 13941042
82536949 13941042
82540642 13941046
82540643 13941046
82536817 13941052
82536818 13941052
82536901 13941052
82536906 13941052
82543234 13941054
82531516 13941056
82531525 13941056
82531530 13941056
82531534 13941056
82538085 13941058
82541676 13941059
82541677 13941059
82532456 13941061
82538617 13941065
82541880 13941065
82541881 13941065
82539054 13941069
82542070 13941069
82542071 13941069
82543704 13941076
82542340 13941106
82542342 13941106
82542344 13941106
82542345 13941106
82533794 13941112
82534100 13941112
82541480 13941112
82541481 13941112
82541494 13941112
82541495 13941112
82533756 13941116
82533775 13941116
82534042 13941116
82534102 13941116
82541468 13941116
82541469 13941116
82541490 13941116
82541491 13941116
82532170 13941121
82532171 13941121
82532839 13941121
82532977 13941121
82532978 13941121
82537843 13941121
82542414 13941121
82542415 13941121
82534274 13941127
82534275 13941127
82535037 13941127
82541658 13941127
82541659 13941127
82534293 13941130
82534297 13941130
82534694 13941130
82541652 13941130
82541654 13941130
82541656 13941130
82541657 13941130
82531876 13941132
82539921 13941137
82539922 13941137
82541928 13941137
82541929 13941137
82543482 13941137
82535584 13941139
82535989 13941139
82533418 13941148
82541980 13941148
82541981 13941148
82542100 13941148
82542101 13941148
82535649 13941151
82535947 13941151
82535950 13941151
82542033 13941155
82542034 13941159
82542035 13941159
82541568 13941162
82541570 13941162
82541571 13941162
82538582 13941165
82535049 13941167
82532532 13941175
82532534 13941175
82538755 13941175
82538756 13941175
82539016 13941175
82539017 13941175
82541904 13941175
82541905 13941175
82544475 13941175
82532455 13941178
82537634 13941178
82537645 13941178
82537646 13941178
82537648 13941178
82537651 13941178
82541866 13941178
82541868 13941178
82541870 13941178
82541871 13941178
82541888 13941178
82541890 13941178
82541891 13941178
82532600 13941181
82533206 13941181
82533244 13941181
82536498 13941182
82540342 13941182
82540344 13941182
82540345 13941182
82538594 13941184
82540838 13941184
82542992 13941184
82540822 13941186
82540824 13941186
82540825 13941186
82540839 13941186
82532522 13941188
82532553 13941188
82532574 13941188
82532578 13941188
82532602 13941188
82532630 13941188
82532956 13941188
82541898 13941188
82541899 13941188
82544355 13941188
82532634 13941189
82532000 13941192
82534295 13941193
82534299 13941193
82534990 13941193
82537584 13941193
82533440 13941205
82533645 13941205
82533692 13941205
82535409 13941205
82535410 13941205
82535412 13941205
82535414 13941205
82535415 13941205
82535716 13941205
82535790 13941205
82535793 13941205
82535814 13941205
82538069 13941205
82539620 13941205
82541746 13941205
82541747 13941205
82532484 13941207
82539409 13941207
82536487 13941212
82536489 13941212
82536493 13941212
82536496 13941212
82536665 13941212
82540458 13941212
82540460 13941212
82540461 13941212
82533710 13941216
82535406 13941216
82541982 13941216
82541983 13941216
82542170 13941219
82542171 13941219
82535438 13941228
82535443 13941228
82535496 13941228
82535745 13941228
82535867 13941228
82536208 13941228
82541224 13941228
82541225 13941228
82541228 13941228
82541229 13941228
82541236 13941228
82541237 13941228
82541388 13941228
82541390 13941228
82541392 13941228
82541393 13941228
82541580 13941228
82541582 13941228
82541583 13941228
82542154 13941233
82542156 13941233
82542157 13941233
82543788 13941233
82532209 13941235
82544345 13941235
82531895 13941239
82531898 13941239
82537870 13941239
82544008 13941239
82539572 13941241
82540914 13941241
82540915 13941241
82533116 13941242
82534397 13941244
82534399 13941244
82534401 13941244
82534402 13941244
82535299 13941244
82538061 13941244
82534558 13941247
82534564 13941247
82534884 13941247
82534899 13941247
82534961 13941247
82535200 13941247
82538058 13941247
82539503 13941247
82540950 13941247
82540951 13941247
82540956 13941247
82540957 13941247
82540958 13941247
82540959 13941247
82540962 13941247
82540963 13941247
82530919 13941249
82530928 13941249
82530931 13941249
82531388 13941249
82538462 13941249
82538463 13941249
82532641 13941251
82532645 13941251
82532646 13941251
82531240 13941260
82539304 13941260
82542554 13941260
82542555 13941260
82542680 13941260
82542682 13941260
82542683 13941260
82533160 13941265
82539776 13941265
82533163 13941267
82533165 13941268
82535540 13941269
82537502 13941269
82537734 13941270
82532538 13941271
82532546 13941271
82532910 13941271
82532961 13941271
82533236 13941273
82530807 13941276
82539302 13941276
82539775 13941276
82532976 13941279
82539065 13941283
82537746 13941284
82532224 13941285
82539810 13941285
82539383 13941294
82542172 13941294
82542173 13941294
82539223 13941298
82531461 13941299
82531465 13941299
82531964 13941299
82537143 13941301
82541502 13941302
82541504 13941302
82541506 13941302
82541507 13941302
82534412 13941304
82534419 13941306
82534420 13941306
82534422 13941306
82537447 13941306
82541764 13941312
82541765 13941312
82532999 13941323
82533376 13941323
82533500 13941323
82533652 13941323
82542312 13941323
82542313 13941323
82542320 13941323
82542368 13941323
82542370 13941323
82542371 13941323
82542374 13941323
82542375 13941323
82542321 13941327
82532020 13941331
82539353 13941331
82542114 13941331
82542115 13941331
82542142 13941331
82542144 13941331
82542146 13941331
82542148 13941331
82542150 13941331
82542151 13941331
82542152 13941331
82542153 13941331
82539917 13941339
82539918 13941339
82533012 13941342
82532216 13941346
82532231 13941346
82532321 13941351
82532330 13941351
82533557 13941351
82533670 13941351
82538938 13941351
82542270 13941351
82542271 13941351
82542272 13941351
82542273 13941351
82542280 13941351
82542281 13941351
82541856 13941354
82541858 13941354
82541859 13941354
82541864 13941354
82541865 13941354
82539621 13941358
82534462 13941360
82531414 13941372
82531426 13941372
82531432 13941372
82531435 13941372
82531442 13941372
82531728 13941372
82531766 13941372
82531878 13941372
82531885 13941372
82537853 13941372
82542596 13941372
82542598 13941372
82542600 13941372
82542601 13941372
82542604 13941372
82542606 13941372
82542608 13941372
82542609 13941372
82542646 13941372
82542648 13941372
82542650 13941372
82542651 13941372
82542652 13941372
82542653 13941372
82542656 13941372
82542658 13941372
82542659 13941372
82534508 13941383
82534518 13941383
82534523 13941383
82534533 13941383
82535132 13941383
82535133 13941383
82540886 13941383
82540887 13941383
82541098 13941383
82541099 13941383
82540200 13941385
82537638 13941386
82540746 13941400
82540747 13941400
82540976 13941400
82540977 13941400
82540984 13941400
82540985 13941400
82535627 13941405
82535632 13941405
82535633 13941405
82535634 13941405
82535635 13941405
82535918 13941405
82535922 13941405
82535929 13941405
82535932 13941405
82535938 13941405
82535952 13941405
82535972 13941405
82535995 13941405
82540758 13941405
82540759 13941405
82540770 13941405
82540772 13941405
82540774 13941405
82540775 13941405
82540778 13941405
82540779 13941405
82540794 13941405
82540796 13941405
82540797 13941405
82535606 13941411
82535617 13941411
82535646 13941411
82535978 13941411
82535980 13941411
82536127 13941411
82536819 13941411
82537504 13941411
82540792 13941411
82540793 13941411
82541014 13941411
82541015 13941411
82539575 13941413
82532226 13941414
82534428 13941417
82535082 13941417
82537637 13941417
82537653 13941417
82541306 13941417
82538956 13941419
82542394 13941421
82542395 13941421
82532510 13941422
82532530 13941422
82533198 13941422
82538739 13941426
82538740 13941426
82539318 13941426
82540198 13941427
82536284 13941449
82536309 13941449
82536373 13941449
82537530 13941449
82538113 13941449
82538115 13941449
82540576 13941449
82540577 13941449
82532548 13941454
82532576 13941454
82532605 13941454
82532640 13941454
82532660 13941454
82532674 13941454
82534242 13941454
82532505 13941457
82532528 13941457
82535269 13941459
82535270 13941459
82536116 13941460
82540616 13941463
82540617 13941463
82532516 13941467
82532550 13941467
82533153 13941467
82531490 13941469
82531501 13941469
82531513 13941469
82531288 13941471
82531303 13941471
82538458 13941471
82541636 13941473
82541638 13941473
82541639 13941473
82535529 13941475
82535545 13941475
82535564 13941475
82535573 13941475
82535585 13941475
82535595 13941475
82533209 13941477
82533210 13941477
82535626 13941484
82539594 13941485
82532644 13941487
82532662 13941487
82534656 13941487
82534657 13941487
82535592 13941493
82541176 13941493
82541178 13941493
82541180 13941493
82541182 13941493
82541183 13941493
82535431 13941495
82535433 13941495
82539781 13941495
82541758 13941495
82541759 13941498
82532196 13941509
82532229 13941509
82532774 13941509
82532779 13941509
82532992 13941509
82533371 13941509
82533463 13941509
82539435 13941509
82542380 13941509
82542381 13941509
82542382 13941509
82542383 13941509
82542388 13941509
82542389 13941509
82542404 13941509
82542405 13941509
82532611 13941514
82539098 13941514
82534528 13941521
82540908 13941521
82540909 13941521
82540918 13941521
82540919 13941521
82541146 13941521
82541147 13941521
82534461 13941526
82534467 13941526
82534471 13941526
82534486 13941526
82535362 13941526
82537478 13941526
82538562 13941526
82544461 13941526
82542364 13941529
82542365 13941529
82533920 13941543
82533924 13941543
82533927 13941543
82533934 13941543
82534169 13941543
82536353 13941543
82536415 13941543
82536476 13941543
82536485 13941543
82536569 13941543
82540584 13941543
82540585 13941543
82540682 13941543
82540683 13941543
82540692 13941543
82540693 13941543
82540694 13941543
82540695 13941543
82540870 13941543
82540872 13941543
82540874 13941543
82540875 13941543
82544482 13941543
82531923 13941562
82532180 13941562
82539114 13941562
82542366 13941562
82542367 13941562
82542376 13941562
82542378 13941562
82542379 13941562
82542432 13941562
82542434 13941562
82532540 13941566
82533241 13941566
82538745 13941566
82538746 13941566
82534413 13941570
82534429 13941570
82538372 13941570
82538920 13941570
82541332 13941570
82541333 13941570
82531502 13941573
82531512 13941573
82531523 13941573
82531529 13941573
82531536 13941573
82538469 13941575
82536839 13941606
82536847 13941606
82536990 13941606
82540380 13941606
82540382 13941606
82540383 13941606
82540384 13941606
82540386 13941606
82540387 13941606
82540482 13941606
82540484 13941606
82540486 13941606
82540487 13941606
82540626 13941606
82540628 13941606
82540629 13941606
82540738 13941606
82540739 13941606
82534149 13941612
82538598 13941612
82539454 13941612
82540826 13941612
82540827 13941612
82535475 13941633
82535491 13941633
82535492 13941633
82535498 13941633
82535506 13941633
82535507 13941633
82535508 13941633
82535510 13941633
82535517 13941633
82535719 13941633
82537498 13941633
82538080 13941633
82540026 13941633
82541168 13941633
82541169 13941633
82541174 13941633
82541175 13941633
82541188 13941633
82541190 13941633
82541192 13941633
82541193 13941633
82541346 13941633
82541347 13941633
82541352 13941633
82541353 13941633
82541364 13941633
82541366 13941633
82541367 13941633
82533879 13941645
82533886 13941645
82533887 13941645
82533888 13941645
82533889 13941645
82533891 13941645
82533892 13941645
82533894 13941645
82533897 13941645
82533902 13941645
82534545 13941645
82534547 13941645
82534549 13941645
82534551 13941645
82540818 13941645
82540819 13941645
82540841 13941645
82540842 13941645
82540843 13941645
82540848 13941645
82540849 13941645
82540866 13941645
82540878 13941645
82540879 13941645
82540894 13941645
82540895 13941645
82540898 13941645
82540899 13941645
82541232 13941650
82541233 13941650
82532504 13941653
82532520 13941653
82532521 13941653
82540560 13941660
82544361 13941660
82535521 13941662
82535525 13941662
82535530 13941662
82538457 13941664
82531292 13941669
82539324 13941669
82538357 13941671
82538370 13941671
82538371 13941671
82534860 13941672
82537457 13941672
82540896 13941672
82540897 13941672
82540902 13941672
82540904 13941672
82540905 13941672
82541206 13941674
82541208 13941674
82541209 13941676
82541650 13941680
82541651 13941680
82534798 13941685
82538006 13941685
82538007 13941685
82534290 13941687
82532560 13941689
82533203 13941689
82541974 13941697
82541975 13941697
82541976 13941697
82541978 13941697
82541979 13941697
82542096 13941697
82542097 13941697
82542098 13941697
82542099 13941697
82540272 13941699
82540273 13941699
82534434 13941702
82534438 13941702
82534440 13941702
82534842 13941702
82534431 13941705
82534436 13941705
82532325 13941710
82532326 13941710
82532327 13941710
82533029 13941710
82533060 13941710
82537379 13941710
82539044 13941710
82539045 13941710
82532200 13941714
82532202 13941714
82532210 13941714
82530959 13941731
82530968 13941731
82531014 13941731
82532199 13941731
82532732 13941731
82537842 13941731
82539366 13941731
82539367 13941731
82539826 13941731
82542360 13941731
82542361 13941731
82542410 13941731
82542411 13941731
82532503 13941734
82532536 13941734
82541908 13941734
82541909 13941734
82532643 13941735
82537907 13941735
82534355 13941737
82539557 13941737
82539578 13941737
82532466 13941740
82532482 13941740
82536267 13941763
82536273 13941763
82536275 13941763
82536344 13941763
82536347 13941763
82536350 13941763
82536368 13941763
82536388 13941763
82536414 13941763
82536418 13941763
82536439 13941763
82536470 13941763
82536563 13941763
82536588 13941763
82536591 13941763
82538110 13941763
82538111 13941763
82538121 13941763
82539670 13941763
82540554 13941763
82540555 13941763
82540556 13941763
82540557 13941763
82540570 13941763
82540572 13941763
82540573 13941763
82540748 13941778
82540750 13941778
82540752 13941778
82540754 13941778
82540755 13941778
82536829 13941787
82536831 13941787
82536934 13941787
82540392 13941787
82540394 13941787
82540396 13941787
82540398 13941787
82540400 13941787
82540402 13941787
82540404 13941787
82540406 13941787
82540407 13941787
82532225 13941789
82533005 13941789
82539811 13941789
82530956 13941794
82531050 13941794
82542460 13941794
82542461 13941794
82530908 13941796
82531272 13941796
82531267 13941798
82537815 13941800
82531487 13941801
82531493 13941801
82531503 13941801
82531507 13941801
82539101 13941804
82542416 13941804
82542417 13941804
82543939 13941804
82541934 13941806
82541935 13941806
82541944 13941806
82541945 13941806
82542548 13941807
82542549 13941807
82539222 13941810
82540702 13941812
82533931 13941813
82540703 13941813
82534364 13941819
82534443 13941819
82534447 13941819
82534453 13941819
82534994 13941819
82535261 13941819
82535276 13941819
82537613 13941819
82538527 13941819
82538717 13941819
82539780 13941819
82540014 13941819
82541334 13941819
82541335 13941819
82541354 13941819
82541355 13941819
82541358 13941819
82541359 13941819
82541540 13941819
82541542 13941819
82541544 13941819
82541546 13941819
82541548 13941819
82541549 13941819
82532500 13941821
82532533 13941821
82533136 13941821
82536827 13941824
82539916 13941824
82535611 13941827
82535613 13941827
82535614 13941827
82535616 13941827
82535900 13941827
82535903 13941827
82535908 13941827
82535940 13941827
82536064 13941827
82536065 13941827
82536073 13941827
82536075 13941827
82536186 13941827
82540986 13941827
82540988 13941827
82540989 13941827
82540994 13941827
82540995 13941827
82540998 13941827
82540999 13941827
82541000 13941827
82541002 13941827
82541006 13941827
82541007 13941827
82544465 13941827
82535657 13941834
82535658 13941834
82535927 13941834
82536113 13941834
82536115 13941834
82540630 13941834
82540631 13941834
82540760 13941834
82540762 13941834
82540764 13941834
82540765 13941834
82540302 13941835
82540304 13941835
82540306 13941835
82540307 13941835
82544359 13941836
82532639 13941839
82532651 13941839
82533207 13941839
82533358 13941839
82544474 13941839
82531466 13941842
82532384 13941845
82532386 13941845
82532394 13941845
82532394 13941851
82532401 13941845
82532401 13941851
82532402 13941845
82532402 13941851
82532404 13941845
82532404 13941851
82532419 13941845
82532419 13941851
82532424 13941845
82532424 13941851
82532425 13941845
82532425 13941851
82532432 13941845
82532432 13941851
82532433 13941845
82532433 13941851
82532437 13941845
82532437 13941851
82532439 13941845
82532439 13941851
82541838 13941845
82541838 13941851
82541839 13941845
82541839 13941851
82542042 13941845
82542042 13941851
82542043 13941845
82542043 13941851
82530804 13941853
82532268 13941862
82533542 13941862
82533544 13941862
82533546 13941862
82533548 13941862
82542304 13941862
82542306 13941862
82542307 13941862
82542310 13941862
82542311 13941862
82542314 13941862
82542316 13941862
82542318 13941862
82542319 13941862
82541310 13941865
82541311 13941865
82541342 13941865
82541343 13941865
82536276 13941871
82536285 13941871
82540446 13941871
82540447 13941871
82540448 13941871
82540449 13941871
82531484 13941874
82537831 13941875
82531463 13941876
82531472 13941876
82531477 13941876
82532387 13941877
82532389 13941877
82533088 13941877
82533089 13941877
82535593 13941879
82530922 13941880
82530923 13941880
82534271 13941889
82534279 13941889
82534985 13941889
82537445 13941889
82541706 13941889
82541708 13941889
82541709 13941889
82532238 13941890
82532241 13941890
82532242 13941890
82532244 13941890
82533008 13941890
82533010 13941890
82542450 13941892
82542451 13941892
82532004 13941896
82532068 13941896
82532015 13941907
82542110 13941907
82542111 13941907
82542112 13941907
82542113 13941907
82542134 13941907
82542136 13941907
82542138 13941907
82542140 13941907
82542141 13941907
82532372 13941916
82533073 13941916
82533075 13941916
82538586 13941916
82541994 13941916
82541995 13941916
82541998 13941916
82541999 13941916
82542000 13941916
82542001 13941916
82542014 13941916
82542016 13941916
82542017 13941916
82542024 13941916
82542025 13941916
82542026 13941916
82542027 13941916
82535293 13941917
82537148 13941919
82537163 13941919
82532463 13941926
82533428 13941926
82533429 13941926
82533450 13941926
82533601 13941926
82533633 13941926
82541952 13941926
82541953 13941926
82542372 13941933
82542373 13941933
82542430 13941933
82542431 13941933
82532373 13941939
82532756 13941939
82539056 13941939
82539058 13941939
82539420 13941939
82539816 13941939
82539845 13941939
82542162 13941939
82542163 13941939
82532604 13941942
82532607 13941942
82532613 13941942
82532629 13941944
82533132 13941944
82533134 13941944
82541914 13941944
82541915 13941944
82532637 13941945
82532913 13941945
82532966 13941945
82535570 13941947
82531421 13941950
82531424 13941950
82531648 13941950
82531750 13941950
82535184 13941964
82535187 13941964
82536479 13941964
82540466 13941964
82540468 13941964
82540470 13941964
82540472 13941964
82540473 13941964
82540722 13941964
82540723 13941964
82535186 13941967
82536280 13941973
82540450 13941973
82540451 13941973
82532519 13941975
82532537 13941975
82533197 13941975
82532664 13941977
82533130 13941977
82534245 13941977
82537208 13941977
82541946 13941977
82541947 13941977
82532617 13941979
82531458 13941980
82531963 13941980
82531074 13941985
82531077 13941985
82531081 13941985
82531090 13941985
82531095 13941985
82539306 13941985
82541610 13941989
82541611 13941989
82541612 13941989
82541613 13941991
82541786 13941991
82532298 13942006
82532303 13942006
82532304 13942006
82533168 13942006
82542220 13942006
82542222 13942006
82542223 13942006
82542224 13942006
82542226 13942006
82542228 13942006
82542230 13942006
82542232 13942006
82542233 13942006
82542242 13942006
82542243 13942006
82542244 13942006
82542246 13942006
82542247 13942006
82535547 13942010
82530869 13942016
82531092 13942016
82537812 13942016
82539220 13942016
82530965 13942026
82530966 13942026
82531179 13942026
82531181 13942026
82537315 13942026
82537834 13942026
82538845 13942026
82539315 13942026
82542420 13942026
82542421 13942026
82542466 13942026
82542467 13942026
82535594 13942027
82535596 13942027
82535598 13942027
82534302 13942036
82539514 13942036
82533373 13942039
82533485 13942039
82535653 13942047
82536826 13942047
82536846 13942047
82537052 13942047
82540500 13942047
82540501 13942047
82540634 13942047
82540636 13942047
82540638 13942047
82540639 13942047
82540766 13942047
82540767 13942047
82540996 13942047
82540997 13942047
82536814 13942053
82537007 13942053
82537508 13942053
82540776 13942053
82540777 13942053
82540784 13942053
82540786 13942053
82540788 13942053
82540790 13942053
82540791 13942053
82536844 13942066
82537060 13942066
82537561 13942066
82538138 13942066
82538670 13942066
82540418 13942066
82540420 13942066
82540421 13942066
82540502 13942066
82540503 13942066
82540506 13942066
82540508 13942066
82540509 13942066
82540512 13942066
82540513 13942066
82535579 13942070
82535600 13942070
82536247 13942070
82541230 13942070
82541231 13942070
82539209 13942071
82531464 13942072
82531470 13942072
82531478 13942072
82535417 13942101
82535422 13942101
82535460 13942101
82535474 13942101
82535850 13942101
82536013 13942101
82541362 13942101
82541363 13942101
82541554 13942101
82541555 13942101
82541556 13942101
82541557 13942101
82541730 13942101
82541732 13942101
82541733 13942101
82539425 13942106
82542076 13942106
82542078 13942106
82542079 13942106
82542082 13942106
82542083 13942106
82532329 13942109
82532763 13942109
82532817 13942109
82539424 13942109
82542180 13942109
82542181 13942109
82542189 13942109
82542190 13942109
82542191 13942109
82536811 13942113
82536812 13942113
82536892 13942113
82536931 13942113
82536941 13942113
82540640 13942113
82540641 13942113
82535047 13942114
82535253 13942115
82535374 13942115
82539760 13942118
82544488 13942118
82533427 13942120
82533635 13942120
82540436 13942124
82540438 13942124
82540439 13942124
82533131 13942125
82535644 13942127
82538088 13942127
82538767 13942128
82537142 13942129
82537149 13942129
82537164 13942129
82538606 13942132
82531974 13942134
82531975 13942134
82542684 13942134
82542685 13942134
82537865 13942135
82534381 13942136
82534386 13942136
82535111 13942136
82534377 13942138
82534383 13942138
82534385 13942138
82534388 13942138
82532217 13942139
82532219 13942139
82540207 13942142
82543591 13942142
82532659 13942143
82532663 13942143
82532665 13942143
82537180 13942145
82537183 13942145
82538923 13942145
82538924 13942145
82538928 13942145
82538929 13942145
82532367 13942147
82533100 13942147
82535470 13942163
82535726 13942163
82538079 13942163
82541576 13942163
82541577 13942163
82541574 13942167
82541575 13942167
82530885 13942170
82530893 13942170
82530997 13942170
82531123 13942170
82531258 13942170
82537311 13942170
82542542 13942170
82542543 13942170
82542552 13942170
82542553 13942170
82535074 13942173
82541304 13942173
82541305 13942173
82544358 13942177
82540550 13942180
82540552 13942180
82540553 13942180
82540658 13942180
82540660 13942180
82540662 13942180
82540664 13942180
82540666 13942180
82540667 13942180
82540672 13942180
82540674 13942180
82540675 13942180
82541062 13942185
82541064 13942185
82541065 13942185
82541258 13942185
82541259 13942185
82541260 13942185
82541261 13942185
82535480 13942187
82539889 13942188
82531521 13942190
82531820 13942190
82537569 13942200
82538212 13942200
82542426 13942200
82542427 13942200
82542556 13942200
82542557 13942200
82542558 13942200
82542560 13942200
82542561 13942200
82531312 13942210
82531313 13942210
82538154 13942210
82532440 13942218
82532442 13942218
82532443 13942218
82532450 13942218
82532452 13942218
82532459 13942218
82532465 13942218
82532525 13942218
82532784 13942218
82532904 13942218
82533120 13942218
82533149 13942218
82540178 13942218
82541832 13942218
82541833 13942218
82541840 13942218
82541841 13942218
82541872 13942218
82541874 13942218
82541875 13942218
82541876 13942218
82541878 13942218
82541879 13942218
82541884 13942218
82541886 13942218
82541887 13942218
82541932 13942218
82541933 13942218
82531481 13942219
82531482 13942219
82531483 13942219
82531485 13942219
82530874 13942220
82530875 13942220
82530877 13942220
82531000 13942220
82531036 13942220
82531098 13942220
82531104 13942220
82531110 13942220
82531341 13942220
82533419 13942221
82533731 13942221
82542092 13942221
82542094 13942221
82542095 13942221
82530813 13942230
82531996 13942230
82542408 13942230
82542409 13942230
82541440 13942232
82541444 13942235
82541782 13942239
82541783 13942239
82541772 13942244
82541773 13942244
82533408 13942247
82533519 13942247
82542196 13942247
82535320 13942248
82535376 13942248
82536159 13942252
82541008 13942252
82541010 13942252
82541012 13942252
82541013 13942252
82530879 13942259
82530884 13942259
82542538 13942259
82542539 13942259
82533410 13942265
82533455 13942265
82533578 13942265
82537359 13942265
82537953 13942265
82538196 13942265
82541936 13942265
82541938 13942265
82541940 13942265
82541941 13942265
82532336 13942267
82533066 13942267
82537896 13942267
82533411 13942268
82533615 13942268
82539382 13942269
82539415 13942269
82539418 13942269
82541860 13942269
82541861 13942269
82532628 13942270
82533208 13942270
82533211 13942270
82541916 13942270
82541917 13942270
82540141 13942271
82540142 13942271
82541722 13942274
82541724 13942274
82541725 13942274
82541734 13942274
82541736 13942274
82541737 13942274
82541738 13942274
82541739 13942274
82535574 13942276
82535575 13942276
82535577 13942276
82537506 13942276
82534243 13942278
82534244 13942278
82534253 13942278
82535382 13942278
82535384 13942278
82537206 13942278
82539485 13942278
82541702 13942278
82541703 13942278
82534258 13942279
82534259 13942279
82534260 13942279
82534930 13942279
82535250 13942279
82531917 13942280
82536697 13942281
82538133 13942281
82536300 13942287
82536303 13942287
82536304 13942287
82536364 13942287
82536728 13942287
82536730 13942287
82540278 13942287
82540279 13942287
82540296 13942287
82540297 13942287
82540444 13942287
82540445 13942287
82536509 13942289
82536734 13942289
82536736 13942289
82532243 13942290
82538810 13942291
82539862 13942291
82542384 13942291
82542385 13942291
82531556 13942294
82531566 13942294
82531651 13942294
82531800 13942294
82542480 13942294
82542481 13942294
82531555 13942296
82531869 13942296
82531691 13942300
82537855 13942300
82530913 13942308
82542456 13942308
82542457 13942308
82544468 13942308
82531413 13942317
82537813 13942317
82542630 13942317
82542632 13942317
82542633 13942317
82542640 13942317
82542642 13942317
82542644 13942317
82542645 13942317
82531416 13942321
82537861 13942321
82542622 13942321
82542623 13942321
82542624 13942321
82542626 13942321
82542628 13942321
82542629 13942321
82542634 13942321
82542636 13942321
82542637 13942321
82542638 13942321
82542639 13942321
82535432 13942322
82541754 13942322
82541756 13942322
82541757 13942322
82533653 13942324
82544350 13942327
82534341 13942328
82534349 13942328
82535107 13942328
82532483 13942330
82533150 13942330
82535532 13942332
82544360 13942332
82532597 13942335
82532638 13942335
82533351 13942335
82543309 13942336
82532438 13942337
82532190 13942338
82535495 13942342
82535505 13942342
82534231 13942343
82534658 13942343
82532523 13942346
82532908 13942346
82532959 13942346
82533155 13942346
82534058 13942348
82534061 13942348
82534223 13942348
82541081 13942348
82541262 13942348
82541263 13942348
82533851 13942352
82539728 13942352
82541080 13942352
82532083 13942356
82541816 13942356
82541817 13942356
82533700 13942358
82537956 13942358
82532246 13942362
82532837 13942362
82542348 13942362
82542350 13942362
82542351 13942362
82531587 13942365
82531902 13942375
82531460 13942376
82531467 13942376
82531933 13942376
82537335 13942376
82542568 13942376
82542570 13942376
82542571 13942376
82534922 13942380
82534924 13942380
82534928 13942380
82534929 13942380
82538489 13942380
82538490 13942380
82539869 13942380
82539870 13942380
82540065 13942380
82540066 13942380
82534951 13942389
82534953 13942389
82534954 13942389
82534956 13942389
82534958 13942389
82534960 13942389
82534962 13942389
82534967 13942389
82536649 13942389
82536651 13942389
82536653 13942389
82536654 13942389
82536682 13942389
82536692 13942389
82536745 13942389
82536771 13942389
82536777 13942389
82537588 13942389
82538548 13942389
82539504 13942389
82539505 13942389
82540062 13942389
82540063 13942389
82540592 13942389
82540593 13942389
82534969 13942390
82537921 13942390
82539285 13942390
82539286 13942390
82539860 13942390
82532953 13942399
82532955 13942399
82532957 13942399
82532958 13942399
82532960 13942399
82532962 13942399
82532963 13942399
82532964 13942399
82533340 13942399
82534931 13942399
82534933 13942399
82534935 13942399
82534937 13942399
82534941 13942399
82534971 13942399
82534972 13942399
82534978 13942399
82535348 13942399
82535392 13942399
82537583 13942399
82537920 13942399
82538068 13942399
82538523 13942399
82538524 13942399
82538610 13942399
82539288 13942399
82539289 13942399
82539859 13942399
82536645 13942402
82536646 13942402
82532909 13942406
82532911 13942406
82532912 13942406
82532919 13942408
82531839 13942409
82531840 13942409
82534315 13942416
82535395 13942416
82538927 13942421
82538930 13942421
82535982 13942423
82535983 13942423
82536098 13942423
82536099 13942423
82539121 13942423
82541024 13942423
82541025 13942423
82532549 13942425
82532556 13942425
82532564 13942425
82532573 13942425
82539032 13942425
82539033 13942425
82530952 13942426
82538478 13942426
82539327 13942426
82539328 13942426
82533822 13942428
82539465 13942428
82532271 13942431
82534340 13942432
82534347 13942432
82534368 13942432
82534404 13942432
82534423 13942432
82538681 13942432
82538682 13942432
82535522 13942435
82535527 13942435
82532566 13942437
82533117 13942440
82535652 13942443
82535654 13942443
82535965 13942443
82535993 13942443
82541834 13942446
82541835 13942446
82532435 13942448
82537905 13942448
82541090 13942454
82541093 13942454
82531427 13942459
82539764 13942459
82541862 13942461
82541863 13942461
82533007 13942462
82533015 13942462
82544471 13942462
82532218 13942463
82537925 13942463
82532025 13942477
82533079 13942477
82539354 13942477
82541820 13942477
82541821 13942477
82531473 13942479
82534378 13942480
82534406 13942480
82534424 13942480
82535289 13942480
82537609 13942480
82538683 13942480
82538684 13942480
82537605 13942482
82538369 13942482
82540197 13942482
82538495 13942483
82538498 13942483
82538501 13942483
82538504 13942483
82534266 13942486
82534270 13942486
82534980 13942486
82535379 13942486
82534345 13942489
82535346 13942489
82544485 13942489
82535516 13942491
82535523 13942491
82536196 13942491
82536260 13942491
82532557 13942493
82531773 13942497
82531829 13942497
82531956 13942497
82542612 13942497
82542613 13942497
82532581 13942500
82532796 13942500
82541828 13942500
82541829 13942500
82533846 13942505
82533945 13942505
82534112 13942505
82534119 13942505
82534215 13942505
82541032 13942505
82541034 13942505
82541035 13942505
82541040 13942505
82541042 13942505
82541043 13942505
82541246 13942505
82541247 13942505
82541670 13942506
82541671 13942506
82541672 13942506
82541673 13942506
82538721 13942507
82539257 13942509
82536520 13942517
82537540 13942517
82540312 13942517
82540313 13942517
82544362 13942517
82533205 13942520
82537871 13942522
82533655 13942526
82534450 13942528
82534840 13942528
82535286 13942528
82538183 13942528
82535282 13942529
82538374 13942529
82538380 13942529
82536841 13942533
82536061 13942535
82536062 13942535
82539612 13942535
82533238 13942537
82538750 13942537
82538751 13942537
82539035 13942537
82539036 13942537
82540179 13942537
82541910 13942537
82541911 13942537
82541912 13942537
82541913 13942537
82535787 13942541
82536034 13942541
82535565 13942546
82535576 13942546
82535588 13942546
82536090 13942546
82536092 13942546
82542546 13942549
82542547 13942549
82531585 13942551
82531947 13942551
82531412 13942553
82531628 13942553
82531631 13942553
82531635 13942553
82531639 13942553
82531580 13942560
82542436 13942560
82542437 13942560
82536148 13942564
82535437 13942568
82539595 13942568
82540205 13942568
82536296 13942573
82536307 13942573
82536308 13942573
82534616 13942575
82535207 13942575
82540704 13942575
82540705 13942575
82540706 13942575
82540707 13942575
82540906 13942575
82540907 13942575
82531471 13942577
82541184 13942579
82541186 13942579
82541187 13942579
82540982 13942583
82540983 13942583
82536821 13942591
82536988 13942591
82532254 13942598
82532352 13942598
82532353 13942598
82532736 13942598
82533023 13942598
82537911 13942598
82542164 13942598
82542166 13942598
82542167 13942598
82532400 13942599
82532410 13942599
82532391 13942600
82532393 13942600
82539155 13942601
82542440 13942602
82542441 13942602
82536845 13942603
82536966 13942603
82538672 13942603
82538673 13942603
82533424 13942605
82533627 13942605
82539099 13942605
82542084 13942605
82542085 13942605
82531559 13942608
82534263 13942610
82531531 13942613
82531547 13942613
82531843 13942613
82531861 13942613
82531977 13942613
82533416 13942615
82533430 13942615
82533574 13942615
82541966 13942615
82541967 13942615
82534342 13942616
82534346 13942616
82538497 13942616
82535262 13942618
82536513 13942624
82536516 13942624
82539138 13942624
82540310 13942624
82540311 13942624
82531912 13942626
82541682 13942627
82541683 13942627
82533139 13942628
82533140 13942628
82532487 13942629
82532490 13942629
82532747 13942629
82533237 13942629
82533759 13942631
82533762 13942631
82534098 13942631
82541598 13942631
82541600 13942631
82541602 13942631
82541603 13942631
82532031 13942633
82532081 13942633
82533742 13942633
82541632 13942633
82541633 13942633
82541790 13942633
82541791 13942633
82532993 13942634
82531494 13942636
82531504 13942636
82531514 13942636
82531526 13942636
82531962 13942636
82543310 13942637
82530934 13942638
82530939 13942638
82530944 13942638
82530945 13942638
82530946 13942638
82531016 13942638
82531296 13942638
82532542 13942642
82532650 13942642
82532652 13942642
82532668 13942642
82534236 13942642
82537906 13942642
82538747 13942642
82538748 13942642
82544353 13942642
82540193 13942643
82540194 13942643
82534838 13942645
82535283 13942645
82538690 13942646
82538693 13942646
82531449 13942651
82531697 13942651
82542592 13942651
82542593 13942651
82542594 13942651
82542595 13942651
82531488 13942653
82531497 13942653
82531509 13942653
82531517 13942653
82531892 13942653
82540220 13942653
82530929 13942655
82530932 13942655
82531294 13942655
82538728 13942655
82539772 13942655
82532544 13942656
82532592 13942656
82531271 13942659
82532481 13942660
82532485 13942660
82532524 13942660
82539925 13942660
82540079 13942660
82540080 13942660
82534405 13942662
82535280 13942664
82542422 13942667
82542423 13942667
82537071 13942669
82537087 13942669
82538153 13942669
82531457 13942671
82531462 13942671
82530961 13942678
82531168 13942678
82542412 13942678
82542413 13942678
82544449 13942678
82542362 13942679
82542363 13942679
