320105 13577698
320105 13684679
320107 13577698
320107 13684679
329163 13577698
329163 13684679
321568 13577939
321568 13684222
7434882 13585695
7434882 13684633
7434978 13585695
7434978 13684633
7434459 13589402
7434459 13687100
7434461 13589402
7434461 13687100
421876 13628008
421876 13683802
420369 13628941
420369 13687795
420375 13628941
420375 13687795
420376 13628941
420376 13687795
420378 13628941
420378 13687795
429839 13628941
429839 13687795
429842 13628941
429842 13687795
429843 13628941
429843 13687795
420284 13628943
420284 13687795
428591 13628943
428591 13687795
429846 13628943
429846 13687795
429847 13628943
429847 13687795
429848 13628943
429848 13687795
429861 13628943
429861 13687795
432923 13628943
432923 13687795
432925 13628943
432925 13687795
432926 13628943
432926 13687795
432927 13628943
432927 13687795
432928 13628943
432928 13687795
433836 13628943
433836 13687795
433837 13628943
433837 13687795
7438904 13686944
7438904 13958195
7438905 13686944
7438905 13958195
7431291 13687535
7431291 13958584
7433451 106802327
7433451 106802334
7433451 106802355
7433451 106802357
7433451 106802368
7433451 106802369
7433451 106802375
7433451 106802388
7433451 106802404
7433451 106802405
7433451 106802407
7433451 106802412
7433451 13688182
7433451 25160277
7433451 25160361
7433766 106802327
7433766 106802334
7433766 106802355
7433766 106802357
7433766 106802368
7433766 106802369
7433766 106802375
7433766 106802388
7433766 106802404
7433766 106802405
7433766 106802407
7433766 106802412
7433766 13688182
7433766 25160277
7433766 25160361
7436442 106802327
7436442 106802334
7436442 106802355
7436442 106802357
7436442 106802368
7436442 106802369
7436442 106802375
7436442 106802388
7436442 106802404
7436442 106802405
7436442 106802407
7436442 106802412
7436442 13688182
7436442 25160277
7436442 25160361
7436452 106802327
7436452 106802334
7436452 106802355
7436452 106802357
7436452 106802368
7436452 106802369
7436452 106802375
7436452 106802388
7436452 106802404
7436452 106802405
7436452 106802407
7436452 106802412
7436452 13688182
7436452 25160277
7436452 25160361
7436752 106802327
7436752 106802334
7436752 106802355
7436752 106802357
7436752 106802368
7436752 106802369
7436752 106802375
7436752 106802388
7436752 106802404
7436752 106802405
7436752 106802407
7436752 106802412
7436752 13688182
7436752 25160277
7436752 25160361
7436940 106802327
7436940 106802334
7436940 106802355
7436940 106802357
7436940 106802368
7436940 106802369
7436940 106802375
7436940 106802388
7436940 106802404
7436940 106802405
7436940 106802407
7436940 106802412
7436940 13688182
7436940 25160277
7436940 25160361
7438241 106802327
7438241 106802334
7438241 106802355
7438241 106802357
7438241 106802368
7438241 106802369
7438241 106802375
7438241 106802388
7438241 106802404
7438241 106802405
7438241 106802407
7438241 106802412
7438241 13688182
7438241 25160277
7438241 25160361
7438252 106802327
7438252 106802334
7438252 106802355
7438252 106802357
7438252 106802368
7438252 106802369
7438252 106802375
7438252 106802388
7438252 106802404
7438252 106802405
7438252 106802407
7438252 106802412
7438252 13688182
7438252 25160277
7438252 25160361
7439389 106802327
7439389 106802334
7439389 106802355
7439389 106802357
7439389 106802368
7439389 106802369
7439389 106802375
7439389 106802388
7439389 106802404
7439389 106802405
7439389 106802407
7439389 106802412
7439389 13688182
7439389 25160277
7439389 25160361
7439855 106802327
7439855 106802334
7439855 106802355
7439855 106802357
7439855 106802368
7439855 106802369
7439855 106802375
7439855 106802388
7439855 106802404
7439855 106802405
7439855 106802407
7439855 106802412
7439855 13688182
7439855 25160277
7439855 25160361
7439857 106802327
7439857 106802334
7439857 106802355
7439857 106802357
7439857 106802368
7439857 106802369
7439857 106802375
7439857 106802388
7439857 106802404
7439857 106802405
7439857 106802407
7439857 106802412
7439857 13688182
7439857 25160277
7439857 25160361
7439858 106802327
7439858 106802334
7439858 106802355
7439858 106802357
7439858 106802368
7439858 106802369
7439858 106802375
7439858 106802388
7439858 106802404
7439858 106802405
7439858 106802407
7439858 106802412
7439858 13688182
7439858 25160277
7439858 25160361
7440142 106802327
7440142 106802334
7440142 106802355
7440142 106802357
7440142 106802368
7440142 106802369
7440142 106802375
7440142 106802388
7440142 106802404
7440142 106802405
7440142 106802407
7440142 106802412
7440142 13688182
7440142 25160277
7440142 25160361
7440143 106802327
7440143 106802334
7440143 106802355
7440143 106802357
7440143 106802368
7440143 106802369
7440143 106802375
7440143 106802388
7440143 106802404
7440143 106802405
7440143 106802407
7440143 106802412
7440143 13688182
7440143 25160277
7440143 25160361
7440534 106802327
7440534 106802334
7440534 106802355
7440534 106802357
7440534 106802368
7440534 106802369
7440534 106802375
7440534 106802388
7440534 106802404
7440534 106802405
7440534 106802407
7440534 106802412
7440534 13688182
7440534 25160277
7440534 25160361
7440535 106802327
7440535 106802334
7440535 106802355
7440535 106802357
7440535 106802368
7440535 106802369
7440535 106802375
7440535 106802388
7440535 106802404
7440535 106802405
7440535 106802407
7440535 106802412
7440535 13688182
7440535 25160277
7440535 25160361
7440540 106802327
7440540 106802334
7440540 106802355
7440540 106802357
7440540 106802368
7440540 106802369
7440540 106802375
7440540 106802388
7440540 106802404
7440540 106802405
7440540 106802407
7440540 106802412
7440540 13688182
7440540 25160277
7440540 25160361
7440541 106802327
7440541 106802334
7440541 106802355
7440541 106802357
7440541 106802368
7440541 106802369
7440541 106802375
7440541 106802388
7440541 106802404
7440541 106802405
7440541 106802407
7440541 106802412
7440541 13688182
7440541 25160277
7440541 25160361
7440543 106802327
7440543 106802334
7440543 106802355
7440543 106802357
7440543 106802368
7440543 106802369
7440543 106802375
7440543 106802388
7440543 106802404
7440543 106802405
7440543 106802407
7440543 106802412
7440543 13688182
7440543 25160277
7440543 25160361
7440545 106802327
7440545 106802334
7440545 106802355
7440545 106802357
7440545 106802368
7440545 106802369
7440545 106802375
7440545 106802388
7440545 106802404
7440545 106802405
7440545 106802407
7440545 106802412
7440545 13688182
7440545 25160277
7440545 25160361
7440546 106802327
7440546 106802334
7440546 106802355
7440546 106802357
7440546 106802368
7440546 106802369
7440546 106802375
7440546 106802388
7440546 106802404
7440546 106802405
7440546 106802407
7440546 106802412
7440546 13688182
7440546 25160277
7440546 25160361
7440551 106802327
7440551 106802334
7440551 106802355
7440551 106802357
7440551 106802368
7440551 106802369
7440551 106802375
7440551 106802388
7440551 106802404
7440551 106802405
7440551 106802407
7440551 106802412
7440551 13688182
7440551 25160277
7440551 25160361
7440552 106802327
7440552 106802334
7440552 106802355
7440552 106802357
7440552 106802368
7440552 106802369
7440552 106802375
7440552 106802388
7440552 106802404
7440552 106802405
7440552 106802407
7440552 106802412
7440552 13688182
7440552 25160277
7440552 25160361
7440556 106802327
7440556 106802334
7440556 106802355
7440556 106802357
7440556 106802368
7440556 106802369
7440556 106802375
7440556 106802388
7440556 106802404
7440556 106802405
7440556 106802407
7440556 106802412
7440556 13688182
7440556 25160277
7440556 25160361
7442140 106802327
7442140 106802334
7442140 106802355
7442140 106802357
7442140 106802368
7442140 106802369
7442140 106802375
7442140 106802388
7442140 106802404
7442140 106802405
7442140 106802407
7442140 106802412
7442140 13688182
7442140 25160277
7442140 25160361
7442141 106802327
7442141 106802334
7442141 106802355
7442141 106802357
7442141 106802368
7442141 106802369
7442141 106802375
7442141 106802388
7442141 106802404
7442141 106802405
7442141 106802407
7442141 106802412
7442141 13688182
7442141 25160277
7442141 25160361
7442218 106802327
7442218 106802334
7442218 106802355
7442218 106802357
7442218 106802368
7442218 106802369
7442218 106802375
7442218 106802388
7442218 106802404
7442218 106802405
7442218 106802407
7442218 106802412
7442218 13688182
7442218 25160277
7442218 25160361
7442400 106802327
7442400 106802334
7442400 106802355
7442400 106802357
7442400 106802368
7442400 106802369
7442400 106802375
7442400 106802388
7442400 106802404
7442400 106802405
7442400 106802407
7442400 106802412
7442400 13688182
7442400 25160277
7442400 25160361
7442672 106802327
7442672 106802334
7442672 106802355
7442672 106802357
7442672 106802368
7442672 106802369
7442672 106802375
7442672 106802388
7442672 106802404
7442672 106802405
7442672 106802407
7442672 106802412
7442672 13688182
7442672 25160277
7442672 25160361
7442673 106802327
7442673 106802334
7442673 106802355
7442673 106802357
7442673 106802368
7442673 106802369
7442673 106802375
7442673 106802388
7442673 106802404
7442673 106802405
7442673 106802407
7442673 106802412
7442673 13688182
7442673 25160277
7442673 25160361
7433830 106802330
7433830 106802361
7433830 13687610
7433835 106802330
7433835 106802361
7433835 13687610
7433836 106802330
7433836 106802361
7433836 13687610
7433841 106802330
7433841 106802361
7433841 13687610
7433842 106802330
7433842 106802361
7433842 13687610
7433843 106802330
7433843 106802361
7433843 13687610
7433845 106802330
7433845 106802361
7433845 13687610
7433847 106802330
7433847 106802361
7433847 13687610
7433848 106802330
7433848 106802361
7433848 13687610
7433854 106802330
7433854 106802361
7433854 13687610
7433856 106802330
7433856 106802361
7433856 13687610
7433857 106802330
7433857 106802361
7433857 13687610
7433861 106802330
7433861 106802361
7433861 13687610
7433862 106802330
7433862 106802361
7433862 13687610
7434031 106802330
7434031 106802361
7434031 13687610
7434409 106802330
7434409 106802361
7434409 13687610
7434411 106802330
7434411 106802361
7434411 13687610
7434433 106802330
7434433 106802361
7434433 13687610
7434966 106802330
7434966 106802361
7434966 13687610
7434967 106802330
7434967 106802361
7434967 13687610
7434996 106802330
7434996 106802361
7434996 13687610
7434999 106802330
7434999 106802361
7434999 13687610
7437806 106802330
7437806 106802361
7437806 13687610
7438146 106802330
7438146 106802361
7438146 13687610
7438603 106802330
7438603 106802361
7438603 13687610
7438634 106802330
7438634 106802361
7438634 13687610
7438916 106802330
7438916 106802361
7438916 13687610
7438951 106802330
7438951 106802361
7438951 13687610
7439388 106802330
7439388 106802361
7439388 13687610
7440365 106802330
7440365 106802361
7440365 13687610
7440366 106802330
7440366 106802361
7440366 13687610
7442575 106802330
7442575 106802361
7442575 13687610
7433605 106802354
7433605 13683987
7433917 106802354
7433917 13683987
7434318 106802354
7434318 13683987
7434321 106802354
7434321 13683987
7434402 106802354
7434402 13683987
7434413 106802354
7434413 13683987
7434521 106802354
7434521 13683987
7434523 106802354
7434523 13683987
7432043 107175342
7432043 107175343
7432043 13687478
7432068 107175342
7432068 107175343
7432068 13687478
7432374 107175342
7432374 107175343
7432374 13687478
7441134 107175342
7441134 107175343
7441134 13687478
7441135 107175342
7441135 107175343
7441135 13687478
7442804 107175342
7442804 107175343
7442804 13687478
7442816 107175342
7442816 107175343
7442816 13687478
7442828 107175342
7442828 107175343
7442828 13687478
7433505 107382613
7433505 107382626
7433505 117090200
7433505 13685696
7433516 107382613
7433516 107382626
7433516 117090200
7433516 13685696
7433544 107382613
7433544 107382626
7433544 117090200
7433544 13685696
7433553 107382613
7433553 107382626
7433553 117090200
7433553 13685696
7433846 107382613
7433846 107382626
7433846 117090200
7433846 13685696
7434110 107382613
7434110 107382626
7434110 117090200
7434110 13685696
7439954 107382613
7439954 107382626
7439954 117090200
7439954 13685696
7439955 107382613
7439955 107382626
7439955 117090200
7439955 13685696
7433517 107382629
7433517 13686133
7433527 107382629
7433527 13686133
7439917 107382629
7439917 13686133
7442408 107382629
7442408 13686133
7436188 116994253
7436188 13687848
7436190 116994253
7436190 13687848
7436192 116994253
7436192 13687848
7436194 116994253
7436194 13687848
7436197 116994253
7436197 13687848
7436180 117085668
7436180 13684495
7436271 117085668
7436271 13684495
7436525 117085668
7436525 13684495
7436545 117085668
7436545 13684495
7436979 117085668
7436979 13684495
7433487 117090218
7433487 13683532
7433990 117090218
7433990 13683532
7431908 118808602
7431908 13685737
7433008 118808602
7433008 13685737
7439758 118808602
7439758 13685737
7436178 13577462
7436178 13685151
7436181 13577462
7436181 13685151
7436182 13577462
7436182 13685151
7436186 13577462
7436186 13685151
7436187 13577462
7436187 13685151
7433246 13585830
7433246 13683845
7433269 13585830
7433269 13683845
7433318 13585830
7433318 13683845
7440004 13683297
7431711 13683299
7434772 13683302
7440562 13683305
7440566 13683305
7440567 13683305
7434095 13683307
7432983 13683310
7439396 13683315
7442098 13683319
7442099 13683319
7434555 13683327
7431093 13683332
7441885 13683334
7432025 13683336
7432044 13683336
7432069 13683336
7432085 13683336
7436262 13683338
7436263 13683338
7436264 13683339
7436361 13683341
7436357 13683343
7431011 13683351
7431982 13683353
7432804 13683353
7442820 13683353
7442287 13683356
7433568 13683359
7438616 13683359
7439924 13683359
7439925 13683359
7440156 13683362
7438333 13683364
7442599 13683364
7432117 13683370
7441728 13683370
7442319 13683370
7432150 13683373
7432888 13683373
7442352 13683373
7442602 13683375
7434079 13683376
7439256 13683377
7440022 13683377
7442284 13683377
7440266 13683378
7440267 13683378
7442289 13683378
7442256 13683380
7433356 13683382
7440106 13683385
7436581 13683394
7436670 13683394
7436810 13683394
7437178 13683394
7437180 13683394
7437181 13683394
7437436 13683394
7438022 13683394
7436571 13683399
7436574 13683399
7436559 13683400
7439513 13683403
7440050 13683406
7442302 13683406
7434503 13683408
7434504 13683408
7434569 13683414
7434012 13683416
7435548 13683418
7440680 13683422
7440687 13683422
7442901 13683422
7430755 13683431
7430761 13683431
7439190 13683431
7434642 13683435
7433999 13683440
7440614 13683440
7442399 13683440
7438506 13683449
7438508 13683449
7440626 13683449
7440630 13683449
7440639 13683449
7442156 13683449
7442157 13683449
7442385 13683449
7442386 13683449
7442434 13683449
7442651 13683449
7441740 13683452
7435122 13683455
7435400 13683455
7441743 13683456
7441746 13683458
7440962 13683461
7435408 13683463
7442798 13683466
7435174 13683475
7435176 13683475
7435409 13683475
7439474 13683475
7440966 13683478
7437083 13683484
7437147 13683484
7438032 13683484
7440969 13683486
7438560 13683487
7436392 13683492
7436828 13683492
7436905 13683492
7436906 13683492
7438562 13683494
7431153 13683497
7431170 13683497
7435182 13683499
7435183 13683499
7438566 13683500
7435188 13683501
7435412 13683501
7433864 13683502
7433866 13683502
7433867 13683502
7433876 13683502
7433878 13683502
7437745 13683502
7442860 13683502
7435189 13683505
7439479 13683505
7441813 13683506
7441816 13683509
7432198 13683517
7432212 13683517
7432214 13683517
7432219 13683517
7432578 13683517
7432593 13683517
7441819 13683521
7431898 13683526
7432726 13683526
7432990 13683526
7432992 13683526
7440172 13683526
7439249 13683531
7439738 13683531
7440173 13683531
7442272 13683531
7440174 13683533
7437216 13683538
7440176 13683541
7433994 13683545
7431221 13683548
7431334 13683548
7431222 13683551
7441592 13683553
7431223 13683559
7431946 13683564
7431986 13683564
7432009 13683564
7435869 13683568
7436037 13683568
7436038 13683568
7441595 13683570
7433420 13683575
7433430 13683575
7438637 13683576
7441598 13683577
7433425 13683578
7434054 13683578
7433426 13683582
7437928 13683582
7432573 13683583
7439115 13683583
7439116 13683583
7441027 13683587
7442939 13683592
7431868 13683597
7441663 13683600
7440880 13683603
7434540 13683606
7433405 13683614
7433406 13683614
7437924 13683614
7441668 13683617
7441669 13683617
7433418 13683621
7437926 13683621
7440886 13683624
7435156 13683630
7435173 13683630
7435329 13683630
7442884 13683630
7436479 13683634
7437064 13683634
7439865 13683634
7439866 13683634
7432191 13683646
7432196 13683646
7432218 13683646
7432465 13683646
7432612 13683646
7432614 13683646
7432688 13683646
7432714 13683646
7439286 13683646
7439295 13683646
7442850 13683646
7440889 13683650
7434538 13683651
7434548 13683651
7432194 13683662
7432225 13683662
7432462 13683662
7432716 13683662
7432897 13683662
7441730 13683666
7441733 13683667
7440951 13683668
7440952 13683670
7441737 13683671
7436578 13683675
7436814 13683675
7436973 13683675
7436817 13683677
7437177 13683677
7441800 13683680
7434391 13683685
7434464 13683685
7434309 13683691
7434393 13683691
7441805 13683694
7441806 13683694
7441807 13683696
7437187 13683707
7437200 13683707
7431781 13683710
7437202 13683713
7432183 13683716
7442858 13683716
7437203 13683727
7437235 13683727
7437377 13683727
7439533 13683727
7437185 13683733
7437204 13683733
7433983 13683734
7437209 13683739
7441580 13683742
7438621 13683744
7431211 13683748
7433989 13683750
7441583 13683751
7433411 13683756
7433962 13683756
7435137 13683761
7435152 13683761
7435245 13683761
7433412 13683764
7441589 13683767
7437248 13683777
7437484 13683777
7442921 13683777
7432613 13683789
7432615 13683789
7432617 13683789
7432619 13683789
7432621 13683789
7432623 13683789
7432625 13683789
7432627 13683789
7432629 13683789
7432631 13683789
7432632 13683789
7432671 13683789
7432673 13683789
7432677 13683789
7432681 13683789
7432683 13683789
7432685 13683789
7432687 13683789
7432689 13683789
7432691 13683789
7432693 13683789
7432694 13683789
7435908 13683789
7435909 13683789
7438928 13683789
7438980 13683789
7438981 13683789
7439015 13683789
7439016 13683789
7439324 13683789
7439483 13683789
7442844 13683789
7433419 13683792
7441015 13683794
7433187 13683800
7433190 13683800
7435447 13683802
7433191 13683805
7440870 13683806
7440871 13683809
7440874 13683812
7435163 13683817
7435164 13683817
7435166 13683817
7435169 13683817
7435318 13683817
7440877 13683819
7434536 13683823
7435953 13683825
7438472 13683829
7435499 13683832
7435954 13683832
7435955 13683835
7438474 13683837
7435959 13683839
7438478 13683840
7441721 13683841
7441724 13683843
7440942 13683847
7441727 13683848
7437086 13683855
7437115 13683855
7437118 13683855
7437121 13683855
7440337 13683855
7434604 13683871
7434720 13683871
7434606 13683873
7434609 13683873
7436575 13683878
7436805 13683878
7436986 13683878
7438546 13683880
7431137 13683881
7435155 13683885
7435159 13683885
7435165 13683885
7435414 13683885
7432550 13683886
7435168 13683887
7430816 13683891
7433337 13683893
7434311 13683897
7434388 13683897
7432177 13683904
7442848 13683904
7442350 13683907
7433973 13683909
7436012 13683910
7441571 13683912
7441572 13683912
7438424 13683913
7441575 13683913
7442745 13683913
7438617 13683914
7440794 13683915
7434371 13683918
7434429 13683918
7434453 13683918
7440796 13683923
7440799 13683923
7440802 13683923
7440803 13683923
7440999 13683926
7441000 13683926
7431820 13683931
7431821 13683931
7431843 13683931
7436393 13683935
7436656 13683935
7436911 13683935
7442919 13683943
7431822 13683949
7431823 13683949
7431848 13683949
7441640 13683951
7433184 13683962
7433186 13683962
7433188 13683962
7433250 13683962
7441643 13683965
7441644 13683967
7434519 13683970
7434520 13683970
7440864 13683989
7434522 13683991
7434524 13683993
7440867 13683994
7434526 13683996
7431913 13683998
7432213 13684003
7432470 13684003
7432473 13684003
7442760 13684005
7442761 13684005
7441712 13684006
7442762 13684008
7433176 13684014
7433258 13684014
7440930 13684015
7441715 13684017
7442766 13684019
7436203 13684027
7437081 13684027
7437110 13684027
7439521 13684027
7440933 13684030
7441718 13684032
7442769 13684033
7440936 13684035
7440939 13684036
7441492 13684037
7441495 13684039
7440701 13684041
7441496 13684041
7438238 13684044
7439586 13684044
7439587 13684044
7442530 13684044
7441499 13684047
7432540 13684050
7436563 13684054
7436570 13684054
7436572 13684054
7436982 13684054
7436983 13684054
7436554 13684059
7437759 13684059
7436576 13684074
7437188 13684074
7437205 13684074
7437223 13684074
7437453 13684074
7436555 13684082
7436579 13684082
7441560 13684085
7442345 13684088
7433968 13684090
7438604 13684093
7438605 13684093
7441565 13684097
7441566 13684097
7440780 13684098
7440783 13684100
7432595 13684104
7432597 13684104
7432599 13684104
7432601 13684104
7432603 13684104
7432605 13684104
7432607 13684104
7432608 13684104
7432610 13684104
7432611 13684104
7433271 13684104
7433273 13684104
7433275 13684104
7433277 13684104
7433278 13684104
7433306 13684104
7435595 13684108
7435867 13684108
7435894 13684108
7437986 13684108
7431977 13684116
7431994 13684116
7431995 13684116
7433169 13684116
7433171 13684116
7441631 13684117
7441634 13684119
7432106 13684123
7432113 13684123
7432126 13684123
7432396 13684123
7441637 13684124
7432112 13684130
7432399 13684130
7440856 13684133
7440859 13684134
7431896 13684138
7431903 13684138
7433243 13684149
7439344 13684149
7436489 13684154
7436490 13684154
7436772 13684154
7436774 13684154
7440920 13684156
7441704 13684158
7442755 13684159
7442756 13684162
7440923 13684164
7441709 13684167
7440926 13684169
7436499 13684203
7436505 13684203
7436506 13684203
7436777 13684203
7436783 13684203
7436790 13684203
7440929 13684205
7439570 13684213
7441483 13684214
7441486 13684216
7435145 13684219
7435292 13684219
7436286 13684222
7436289 13684222
7441489 13684223
7435147 13684235
7435148 13684235
7435149 13684235
7435162 13684235
7435370 13684235
7435372 13684235
7435374 13684235
7442824 13684238
7436562 13684245
7436566 13684250
7436567 13684250
7436568 13684259
7436569 13684260
7441551 13684262
7441554 13684264
7440771 13684267
7441557 13684268
7440774 13684270
7440777 13684271
7434436 13684272
7431824 13684277
7431828 13684279
7441622 13684281
7441625 13684282
7442674 13684287
7441628 13684289
7435502 13684301
7435766 13684301
7435921 13684301
7436215 13684305
7436480 13684305
7436483 13684305
7436484 13684305
7442743 13684310
7440910 13684312
7433239 13684314
7433297 13684314
7442744 13684318
7440913 13684319
7442013 13684323
7442748 13684323
7440916 13684324
7441472 13684325
7440690 13684328
7440691 13684328
7441477 13684331
7440692 13684336
7440695 13684338
7440698 13684340
7436556 13684343
7433942 13684354
7433943 13684354
7433945 13684356
7432870 13684362
7432871 13684362
7433081 13684362
7433083 13684362
7439310 13684362
7441542 13684363
7433948 13684366
7434997 13684371
7434998 13684371
7433949 13684373
7441545 13684374
7439635 13684375
7440762 13684377
7441548 13684379
7440765 13684380
7440768 13684382
7441610 13684383
7441613 13684385
7441616 13684387
7441619 13684392
7440837 13684393
7442170 13684395
7442173 13684396
7442174 13684399
7441390 13684402
7431024 13684403
7441394 13684408
7441395 13684408
7441396 13684413
7431027 13684415
7435486 13684426
7435751 13684426
7435919 13684426
7435950 13684426
7435951 13684426
7435952 13684426
7441399 13684428
7432140 13684435
7432438 13684435
7432443 13684435
7436472 13684439
7440901 13684440
7442737 13684446
7440904 13684449
7442739 13684451
7441462 13684455
7437717 13684457
7437719 13684457
7437721 13684457
7437723 13684457
7441465 13684458
7435123 13684462
7435274 13684462
7435125 13684467
7435348 13684467
7441468 13684471
7440684 13684474
7440685 13684474
7436539 13684477
7436540 13684477
7436543 13684483
7436544 13684485
7442807 13684498
7436547 13684501
7436548 13684501
7438016 13684501
7441531 13684502
7441536 13684505
7439627 13684507
7442540 13684507
7440753 13684508
7441539 13684509
7440756 13684511
7433916 13684525
7433918 13684525
7433919 13684525
7433931 13684525
7433937 13684525
7433939 13684525
7434124 13684525
7434126 13684525
7434136 13684525
7434140 13684525
7434229 13684525
7434284 13684525
7434415 13684525
7434417 13684525
7434418 13684525
7437042 13684525
7439357 13684525
7439386 13684525
7439410 13684525
7439585 13684525
7439591 13684525
7439609 13684525
7439612 13684525
7439615 13684525
7439618 13684525
7439619 13684525
7439622 13684525
7439628 13684525
7439629 13684525
7439634 13684525
7439637 13684525
7442936 13684525
7442090 13684529
7440759 13684531
7442093 13684533
7442094 13684534
7442095 13684534
7442097 13684535
7441601 13684537
7436390 13684540
7441604 13684543
7441607 13684545
7433470 13684549
7433780 13684549
7442161 13684551
7442164 13684555
7441382 13684557
7442167 13684559
7431013 13684563
7441387 13684564
7436461 13684566
7436464 13684568
7442233 13684571
7442236 13684573
7441452 13684575
7441453 13684575
7440670 13684577
7441456 13684579
7432634 13684592
7432636 13684592
7432638 13684592
7432640 13684592
7432642 13684592
7432646 13684592
7432648 13684592
7432650 13684592
7432652 13684592
7432654 13684592
7432656 13684592
7432697 13684592
7432699 13684592
7432701 13684592
7432703 13684592
7432705 13684592
7432707 13684592
7432709 13684592
7432711 13684592
7432713 13684592
7432715 13684592
7432717 13684592
7432719 13684592
7439033 13684592
7439097 13684592
7439098 13684592
7439545 13684592
7439647 13684592
7439721 13684592
7442576 13684592
7442852 13684592
7443008 13684592
7440673 13684596
7441459 13684598
7440676 13684599
7436508 13684606
7436531 13684606
7436534 13684606
7436535 13684606
7436541 13684606
7436522 13684609
7436532 13684609
7440679 13684610
7436533 13684611
7432230 13684613
7432506 13684613
7436536 13684618
7436537 13684622
7433898 13684629
7433900 13684629
7433903 13684629
7433907 13684629
7433909 13684629
7433911 13684629
7433921 13684629
7433923 13684629
7433925 13684629
7437748 13684629
7437750 13684629
7437752 13684629
7439288 13684629
7439356 13684629
7442866 13684629
7441520 13684631
7441523 13684635
7440741 13684636
7441526 13684638
7441527 13684638
7440744 13684639
7442081 13684641
7442082 13684641
7442083 13684643
7438341 13684644
7442087 13684647
7442088 13684648
7442089 13684648
7436382 13684651
7442649 13684653
7440818 13684656
7442152 13684657
7441370 13684659
7442155 13684661
7432727 13684663
7432994 13684663
7441373 13684666
7442158 13684669
7440591 13684672
7441376 13684674
7440596 13684675
7440597 13684675
7440598 13684677
7434565 13684692
7437192 13684692
7439523 13684692
7439530 13684692
7434896 13684696
7441442 13684698
7441443 13684698
7440661 13684699
7440664 13684701
7434322 13684704
7440667 13684707
7436521 13684714
7436528 13684720
7441511 13684723
7441514 13684725
7440731 13684726
7441517 13684732
7440735 13684734
7440736 13684734
7440737 13684737
7440738 13684737
7431497 13684742
7431500 13684742
7442794 13684742
7442795 13684742
7431498 13684744
7442072 13684747
7442075 13684749
7441293 13684751
7441298 13684753
7441299 13684753
7436370 13684759
7431561 13684763
7436375 13684767
7436376 13684767
7436383 13684767
7436384 13684767
7436385 13684767
7440806 13684769
7440809 13684770
7442142 13684771
7435598 13684773
7432980 13684775
7441361 13684776
7441364 13684777
7442149 13684778
7440581 13684779
7441367 13684782
7440582 13684783
7434887 13684788
7434955 13684788
7434957 13684788
7434959 13684788
7441433 13684790
7437261 13684799
7437263 13684799
7437264 13684799
7437267 13684799
7437271 13684799
7437473 13684799
7439526 13684799
7439527 13684799
7440652 13684802
7439980 13684812
7442486 13684812
7440655 13684816
7436511 13684820
7436512 13684827
7436514 13684827
7436517 13684827
7436976 13684827
7440658 13684829
7434317 13684835
7441502 13684838
7436168 13684840
7436291 13684840
7441505 13684841
7440722 13684842
7436170 13684849
7436295 13684849
7441508 13684851
7440725 13684853
7440728 13684856
7432066 13684862
7432075 13684862
7432079 13684862
7432083 13684862
7432084 13684862
7432346 13684862
7432347 13684862
7432775 13684862
7442060 13684862
7442061 13684862
7438321 13684865
7441280 13684870
7442065 13684876
7433576 13684880
7434036 13684880
7439371 13684880
7442068 13684883
7442069 13684885
7431552 13684889
7431559 13684889
7440252 13684889
7436365 13684892
7436366 13684892
7436367 13684895
7442133 13684898
7441352 13684900
7442137 13684903
7442138 13684903
7442139 13684905
7441355 13684908
7440572 13684909
7441358 13684911
7440578 13684912
7433825 13684916
7442871 13684916
7432176 13684921
7432180 13684921
7439512 13684924
7441423 13684925
7442474 13684929
7440641 13684932
7440642 13684932
7441426 13684933
7440643 13684937
7441429 13684939
7440646 13684942
7436500 13684943
7440649 13684945
7436503 13684946
7435484 13684951
7435722 13684951
7436507 13684954
7436509 13684958
7434081 13684960
7434083 13684966
7440713 13684968
7440716 13684970
7440719 13684971
7442052 13684973
7442053 13684977
7441271 13684978
7439361 13684979
7442058 13684980
7442059 13684981
7439365 13684984
7432898 13684986
7432899 13684986
7441277 13684989
7442121 13684990
7434791 13684992
7442124 13684994
7440564 13684995
7440568 13684996
7434865 13684998
7441410 13684999
7433818 13685004
7434779 13685004
7434780 13685004
7441413 13685005
7441416 13685006
7440632 13685007
7441419 13685008
7433591 13685009
7440637 13685010
7441191 13685013
7433598 13685014
7441197 13685015
7441198 13685015
7434071 13685017
7436183 13685020
7436272 13685020
7431416 13685021
7431460 13685021
7438871 13685024
7438942 13685024
7432245 13685026
7440704 13685028
7442539 13685029
7440707 13685032
7432885 13685033
7442049 13685035
7432889 13685037
7441268 13685038
7434146 13685040
7434148 13685040
7442606 13685041
7438814 13685043
7438944 13685043
7438083 13685045
7438729 13685045
7442111 13685047
7442115 13685050
7436980 13685051
7436981 13685052
7441333 13685054
7442118 13685055
7436984 13685056
7440550 13685057
7436987 13685058
7440555 13685061
7440559 13685063
7433611 13685066
7433806 13685066
7432160 13685068
7432678 13685068
7441402 13685069
7432161 13685074
7432168 13685074
7432175 13685074
7432152 13685076
7432163 13685076
7436191 13685078
7436268 13685078
7441405 13685079
7442455 13685080
7440622 13685081
7436193 13685082
7436266 13685082
7436195 13685083
7436265 13685083
7436196 13685084
7436199 13685084
7437998 13685084
7440625 13685085
7440628 13685087
7441183 13685090
7441184 13685090
7441185 13685091
7437186 13685093
7437446 13685093
7432235 13685097
7432598 13685097
7434069 13685099
7442030 13685100
7442033 13685102
7442036 13685103
7441253 13685104
7442039 13685106
7433492 13685109
7439349 13685109
7441891 13685112
7441895 13685114
7441896 13685114
7441897 13685115
7442100 13685116
7434770 13685118
7431529 13685125
7442104 13685127
7436970 13685129
7434775 13685131
7432942 13685132
7441321 13685135
7436972 13685137
7434562 13685139
7434563 13685139
7434778 13685139
7441324 13685140
7441327 13685142
7436977 13685143
7436978 13685143
7440544 13685144
7440547 13685146
7432153 13685147
7440612 13685154
7440613 13685156
7436185 13685157
7440616 13685158
7431195 13685162
7431376 13685162
7436189 13685167
7440619 13685171
7441171 13685172
7441172 13685174
7441173 13685174
7441175 13685174
7441178 13685174
7438215 13685176
7438216 13685176
7441174 13685177
7434585 13685180
7437431 13685180
7440392 13685181
7441177 13685182
7439269 13685186
7434056 13685190
7431443 13685191
7431448 13685195
7442021 13685196
7441241 13685197
7439331 13685199
7441245 13685200
7441246 13685200
7441247 13685202
7436898 13685204
7431511 13685208
7435288 13685208
7441882 13685210
7441888 13685211
7437282 13685215
7436960 13685216
7441314 13685220
7432936 13685222
7439313 13685222
7436966 13685225
7441317 13685228
7436968 13685233
7441318 13685237
7432078 13685238
7433490 13685240
7433494 13685241
7441090 13685242
7441091 13685242
7441092 13685244
7441095 13685246
7441098 13685248
7436169 13685254
7436171 13685254
7436175 13685254
7436176 13685254
7436179 13685254
7436237 13685254
7440601 13685258
7436172 13685261
7436173 13685261
7436174 13685265
7436240 13685265
7436300 13685265
7440603 13685269
7432148 13685272
7436177 13685274
7441161 13685275
7434900 13685278
7441164 13685280
7432215 13685282
7432217 13685286
7432220 13685286
7432580 13685286
7432826 13685286
7439305 13685286
7442508 13685289
7433634 13685290
7441232 13685292
7432856 13685295
7440516 13685295
7440517 13685295
7441235 13685298
7441238 13685300
7436310 13685302
7436313 13685303
7441873 13685304
7431503 13685308
7441874 13685312
7441875 13685312
7431504 13685315
7441876 13685316
7437270 13685320
7441879 13685321
7433559 13685325
7433578 13685325
7433705 13685325
7432920 13685327
7437260 13685328
7437276 13685328
7436954 13685329
7432852 13685331
7440519 13685331
7440520 13685331
7441309 13685333
7430963 13685334
7441941 13685335
7441080 13685337
7441083 13685338
7437340 13685339
7441947 13685341
7437341 13685343
7441086 13685344
7441089 13685346
7432132 13685351
7432133 13685351
7432146 13685351
7433151 13685351
7436163 13685353
7432136 13685355
7436167 13685357
7435337 13685362
7435382 13685362
7435386 13685362
7435464 13685362
7438987 13685362
7438988 13685362
7438993 13685362
7438994 13685362
7432774 13685366
7432776 13685366
7441154 13685368
7441155 13685370
7432201 13685371
7434037 13685373
7441790 13685374
7441793 13685376
7441796 13685377
7433623 13685380
7434005 13685383
7441220 13685383
7441221 13685383
7437194 13685385
7441222 13685387
7437198 13685391
7441225 13685393
7441228 13685396
7441862 13685399
7441865 13685400
7437262 13685401
7436945 13685403
7441930 13685404
7441931 13685404
7438689 13685405
7430954 13685407
7433475 13685409
7441071 13685410
7441934 13685412
7441937 13685414
7441938 13685416
7441077 13685417
7436155 13685419
7436158 13685419
7436225 13685419
7432127 13685423
7441781 13685425
7431412 13685427
7441784 13685430
7431417 13685431
7441787 13685433
7437184 13685436
7441210 13685438
7441214 13685439
7439307 13685440
7441219 13685441
7433393 13685444
7431198 13685448
7441852 13685449
7441853 13685449
7441856 13685451
7435516 13685453
7432900 13685455
7441859 13685457
7432040 13685460
7437256 13685462
7437257 13685462
7437258 13685462
7437268 13685462
7436933 13685465
7432906 13685467
7441921 13685468
7441061 13685470
7441924 13685472
7441925 13685473
7441064 13685474
7441067 13685477
7441068 13685478
7432111 13685479
7442402 13685481
7441130 13685482
7441133 13685483
7432759 13685485
7441773 13685487
7441774 13685487
7430798 13685489
7441775 13685490
7440993 13685491
7441778 13685492
7433604 13685493
7440996 13685494
7440997 13685494
7440998 13685495
7441203 13685496
7441205 13685496
7432827 13685499
7438591 13685502
7441843 13685503
7441844 13685503
7435503 13685506
7441847 13685507
7437244 13685509
7436925 13685510
7436929 13685512
7435285 13685515
7442883 13685515
7430935 13685516
7430936 13685516
7441050 13685518
7442963 13685519
7441051 13685521
7441052 13685521
7442964 13685522
7441055 13685523
7441918 13685524
7437313 13685525
7441058 13685526
7438730 13685527
7441690 13685529
7432107 13685530
7438734 13685532
7441693 13685533
7441694 13685533
7441695 13685534
7437091 13685535
7437092 13685536
7437093 13685536
7441121 13685537
7439211 13685539
7441126 13685541
7430781 13685545
7436201 13685548
7436202 13685548
7436204 13685550
7441765 13685553
7441766 13685553
7440981 13685557
7440982 13685557
7441767 13685559
7432810 13685560
7440985 13685562
7437163 13685563
7440988 13685567
7438581 13685568
7438582 13685568
7438585 13685569
7438586 13685570
7438587 13685570
7438588 13685570
7441832 13685577
7432577 13685579
7432579 13685579
7432581 13685579
7432583 13685579
7432585 13685579
7432587 13685579
7432589 13685579
7432591 13685579
7432592 13685579
7433259 13685579
7433261 13685579
7433265 13685579
7433267 13685579
7433268 13685579
7433293 13685579
7439341 13685579
7441837 13685580
7441838 13685580
7436496 13685589
7436663 13685589
7436767 13685589
7436910 13685589
7436919 13685590
7441900 13685592
7441041 13685593
7441044 13685594
7441909 13685596
7441047 13685597
7439137 13685601
7439138 13685601
7439312 13685601
7440265 13685604
7441681 13685606
7441686 13685607
7441687 13685607
7437084 13685609
7437085 13685610
7441111 13685612
7441112 13685612
7434566 13685613
7441115 13685614
7441118 13685616
7435986 13685617
7441750 13685618
7435410 13685619
7441753 13685620
7435413 13685622
7441756 13685623
7435415 13685625
7432800 13685627
7441759 13685628
7437153 13685629
7432803 13685630
7438574 13685631
7438576 13685632
7438577 13685632
7438578 13685634
7438579 13685634
7441822 13685636
7441823 13685638
7437798 13685640
7439916 13685642
7441826 13685645
7437222 13685648
7441829 13685649
7436900 13685653
7436902 13685655
7436904 13685658
7436907 13685662
7436909 13685664
7438646 13685665
7442940 13685668
7441030 13685669
7441033 13685670
7432660 13685671
7437751 13685671
7439124 13685671
7439125 13685671
7442805 13685671
7441036 13685672
7441037 13685674
7441038 13685675
7441672 13685676
7440892 13685677
7441677 13685678
7441678 13685678
7440895 13685679
7440898 13685681
7441101 13685682
7434558 13685684
7433509 13685686
7441106 13685687
7440323 13685689
7441109 13685690
7440333 13685691
7434018 13685693
7441035 13685693
7437252 13685700
7437497 13685700
7439274 13685701
7442373 13685701
7431979 13685704
7431979 13685705
7431987 13685704
7431987 13685705
7431999 13685704
7431999 13685705
7432006 13685704
7432006 13685705
7432014 13685704
7432014 13685705
7432023 13685704
7432023 13685705
7432529 13685704
7432529 13685705
7432758 13685704
7432758 13685705
7440470 13685705
7434051 13685706
7436152 13685707
7436253 13685707
7442627 13685707
7434628 13685708
7436471 13685710
7442283 13685713
7441070 13685718
7442592 13685718
7439883 13685719
7432867 13685721
7438376 13685723
7439859 13685725
7431492 13685726
7439562 13685729
7436477 13685732
7438244 13685732
7438583 13685732
7439881 13685732
7439882 13685732
7442911 13685733
7432998 13685735
7439741 13685735
7439742 13685735
7442084 13685735
7440460 13685739
7440461 13685739
7442812 13685739
7435114 13685740
7435115 13685740
7435262 13685740
7431554 13685742
7442230 13685745
7434610 13685748
7434619 13685748
7440210 13685756
7441661 13685759
7442749 13685759
7436373 13685762
7436378 13685762
7436918 13685762
7439613 13685762
7442910 13685762
7434893 13685764
7439463 13685767
7435011 13685769
7431590 13685771
7431488 13685773
7434602 13685784
7434891 13685784
7434901 13685784
7432121 13685788
7432095 13685791
7432098 13685791
7438400 13685792
7438527 13685794
7434048 13685795
7438156 13685795
7438503 13685795
7438504 13685796
7435054 13685800
7435082 13685800
7435783 13685802
7438625 13685803
7438138 13685804
7438643 13685804
7434764 13685806
7431456 13685809
7442691 13685810
7430953 13685811
7439970 13685813
7439971 13685813
7439936 13685815
7440571 13685815
7431022 13685816
7438383 13685818
7433521 13685821
7433540 13685821
7433570 13685821
7436410 13685822
7442461 13685824
7442485 13685825
7433969 13685827
7433972 13685827
7441735 13685829
7442318 13685829
7442321 13685831
7432093 13685832
7442369 13685834
7440040 13685835
7434399 13685837
7438145 13685837
7442653 13685837
7442393 13685839
7431973 13685840
7431974 13685840
7432801 13685840
7439886 13685841
7441195 13685843
7441196 13685843
7432982 13685844
7438635 13685845
7438636 13685845
7433970 13685847
7433971 13685847
7435217 13685852
7441688 13685852
7441702 13685852
7441703 13685852
7442610 13685852
7435198 13685856
7435430 13685856
7438207 13685856
7438357 13685856
7441705 13685856
7431825 13685858
7431841 13685858
7442291 13685858
7431826 13685859
7431827 13685859
7431846 13685859
7431853 13685859
7431867 13685859
7440424 13685861
7440425 13685861
7440827 13685861
7440828 13685861
7442823 13685861
7439315 13685862
7432937 13685863
7435564 13685865
7434500 13685867
7435124 13685873
7435252 13685873
7439471 13685873
7437425 13685879
7442680 13685879
7439908 13685882
7439910 13685882
7433550 13685884
7432815 13685885
7432155 13685886
7441976 13685888
7441977 13685888
7442028 13685893
7442029 13685893
7439571 13685895
7439130 13685898
7439131 13685898
7431427 13685900
7432795 13685901
7440815 13685904
7432772 13685909
7440984 13685909
7442332 13685909
7435983 13685911
7441680 13685913
7442607 13685913
7438881 13685917
7442574 13685917
7430763 13685924
7430772 13685924
7430839 13685924
7430938 13685924
7442740 13685928
7441337 13685929
7433344 13685931
7442374 13685931
7440340 13685932
7441250 13685933
7440919 13685934
7431902 13685937
7431910 13685937
7431927 13685937
7432771 13685937
7433282 13685937
7433324 13685937
7433336 13685937
7440964 13685937
7440967 13685937
7441105 13685937
7441107 13685937
7441119 13685937
7442054 13685937
7442294 13685937
7442371 13685937
7442564 13685937
7442595 13685937
7442597 13685937
7442598 13685937
7431914 13685942
7431914 13685945
7432411 13685942
7432411 13685945
7432666 13685942
7432666 13685945
7435461 13685942
7435461 13685945
7435493 13685942
7435493 13685945
7435748 13685942
7435748 13685945
7436094 13685942
7436094 13685945
7440030 13685942
7440030 13685945
7440031 13685942
7440031 13685945
7440471 13685942
7440471 13685945
7441696 13685942
7441696 13685945
7441722 13685942
7441722 13685945
7441723 13685942
7441723 13685945
7441966 13685942
7441966 13685945
7442484 13685942
7442484 13685945
7442629 13685942
7442629 13685945
7442632 13685942
7442632 13685945
7435688 13685945
7434972 13685946
7435969 13685947
7433185 13685949
7433272 13685949
7437705 13685951
7437725 13685951
7430758 13685956
7430879 13685956
7439231 13685961
7442101 13685963
7442102 13685963
7434616 13685966
7436494 13685971
7437060 13685971
7441236 13685973
7440157 13685975
7440158 13685975
7441707 13685975
7441708 13685975
7438451 13685977
7439568 13685979
7442666 13685981
7431948 13685986
7433157 13685986
7433266 13685986
7439283 13685986
7440987 13685986
7442341 13685986
7442603 13685986
7433270 13685991
7433316 13685991
7435946 13685992
7436317 13685993
7434041 13685994
7441439 13685995
7441446 13685995
7441447 13685995
7434598 13686003
7434599 13686003
7434600 13686003
7434603 13686003
7434605 13686003
7434620 13686003
7434621 13686003
7434669 13686003
7434740 13686003
7434883 13686003
7434916 13686003
7434946 13686003
7435010 13686003
7435015 13686003
7435016 13686003
7439454 13686003
7440134 13686003
7440135 13686003
7441257 13686003
7441258 13686003
7441270 13686003
7442460 13686003
7442719 13686003
7434876 13686007
7435514 13686008
7439488 13686008
7442584 13686009
7442317 13686011
7440822 13686012
7437961 13686015
7439771 13686015
7442618 13686018
7432051 13686020
7442694 13686022
7442741 13686022
7442742 13686025
7441340 13686028
7441343 13686028
7442587 13686031
7438565 13686032
7436466 13686034
7436466 25158995
7436470 13686034
7436470 25158995
7438573 13686034
7438573 25158995
7440990 13686036
7434890 13686039
7438544 13686044
7441004 13686048
7441010 13686048
7441011 13686048
7442377 13686048
7433172 13686052
7433173 13686052
7433355 13686052
7442604 13686052
7442770 13686052
7433181 13686053
7442752 13686055
7430771 13686062
7430778 13686062
7430890 13686062
7430926 13686062
7442205 13686062
7442209 13686062
7442722 13686062
7442611 13686067
7437099 13686069
7437100 13686069
7437323 13686069
7437324 13686069
7437331 13686080
7437333 13686080
7437334 13686080
7437558 13686080
7438048 13686080
7442918 13686080
7437094 13686084
7437096 13686084
7437097 13686084
7435696 13686090
7435796 13686090
7437693 13686090
7438278 13686090
7438386 13686090
7441481 13686090
7441482 13686090
7441794 13686090
7434329 13686105
7434410 13686105
7434529 13686105
7434535 13686105
7434543 13686105
7434549 13686105
7435025 13686105
7441048 13686105
7441049 13686105
7442428 13686105
7442438 13686105
7442706 13686105
7442712 13686105
7436478 13686107
7432732 13686109
7432736 13686109
7432813 13686110
7432816 13686110
7434597 13686113
7440007 13686115
7438284 13686117
7436358 13686118
7436362 13686118
7442906 13686118
7435513 13686122
7435535 13686122
7435537 13686122
7435539 13686122
7435557 13686122
7435683 13686122
7435708 13686122
7435728 13686122
7435793 13686122
7435812 13686122
7435820 13686122
7435927 13686122
7441748 13686122
7441917 13686122
7442227 13686122
7442510 13686122
7442511 13686122
7442631 13686122
7435596 13686123
7435892 13686123
7435897 13686123
7436353 13686123
7436355 13686123
7438010 13686123
7439496 13686123
7439498 13686123
7440674 13686123
7440675 13686123
7440720 13686123
7440721 13686123
7440751 13686123
7440754 13686123
7442515 13686123
7435573 13686125
7435582 13686125
7435585 13686125
7435848 13686125
7438437 13686125
7441758 13686125
7435501 13686127
7441081 13686129
7442594 13686129
7433433 13686131
7442043 13686134
7432237 13686136
7439287 13686136
7434570 13686143
7434571 13686143
7434576 13686143
7440286 13686145
7441264 13686146
7441266 13686146
7441267 13686146
7438414 13686148
7442831 13686150
7431978 13686151
7436397 13686155
7436631 13686155
7436749 13686155
7436387 13686160
7436396 13686160
7436723 13686160
7436731 13686160
7436743 13686160
7436823 13686160
7436896 13686160
7436899 13686160
7436901 13686160
7436903 13686160
7438247 13686161
7438590 13686161
7432222 13686165
7432584 13686165
7442070 13686165
7442071 13686165
7442342 13686165
7435316 13686173
7435326 13686173
7435489 13686173
7438371 13686173
7439473 13686173
7439478 13686173
7442473 13686173
7434637 13686181
7434651 13686181
7442445 13686181
7434106 13686182
7438160 13686182
7432104 13686184
7432408 13686184
7432668 13686184
7442842 13686184
7433465 13686189
7433467 13686189
7433471 13686189
7433827 13686189
7433932 13686189
7436412 13686193
7436992 13686193
7438111 13686195
7438349 13686195
7432029 13686197
7440953 13686198
7440954 13686198
7435948 13686200
7435949 13686200
7441744 13686202
7441745 13686202
7440330 13686203
7432054 13686206
7432799 13686210
7437105 13686213
7437140 13686213
7437141 13686215
7442237 13686216
7433893 13686218
7430764 13686222
7437328 13686225
7437514 13686225
7437332 13686231
7437517 13686231
7434640 13686235
7434641 13686235
7436513 13686240
7436526 13686240
7436549 13686240
7436675 13686240
7436786 13686240
7436793 13686240
7440820 13686243
7441136 13686243
7441110 13686244
7439447 13686250
7432798 13686252
7440177 13686252
7441979 13686252
7431134 13686257
7431136 13686257
7431148 13686257
7431155 13686257
7441412 13686257
7442240 13686257
7431138 13686263
7442238 13686263
7437104 13686266
7437165 13686266
7433468 13686272
7433493 13686272
7433941 13686272
7436495 13686272
7436519 13686272
7436780 13686272
7437930 13686272
7433579 13686282
7433580 13686282
7433608 13686282
7433609 13686282
7433814 13686282
7433944 13686282
7433947 13686282
7436516 13686282
7436518 13686282
7436520 13686282
7437934 13686282
7442876 13686282
7431566 13686285
7442266 13686285
7431920 13686288
7441097 13686288
7442335 13686288
7442338 13686288
7441127 13686292
7442337 13686292
7441645 13686293
7441646 13686293
7439486 13686296
7440190 13686297
7439861 13686298
7439864 13686298
7441152 13686300
7441153 13686300
7434579 13686306
7434594 13686306
7434704 13686306
7441254 13686306
7441255 13686306
7434575 13686311
7442441 13686311
7440009 13686314
7441962 13686314
7441963 13686315
7435506 13686317
7435581 13686319
7436075 13686319
7435039 13686322
7435085 13686325
7435096 13686325
7437727 13686325
7442757 13686325
7442758 13686325
7438373 13686327
7441786 13686327
7441785 13686329
7439846 13686332
7442791 13686334
7442792 13686334
7436469 13686335
7433489 13686338
7436322 13686339
7439263 13686340
7442206 13686342
7441151 13686346
7442738 13686346
7440099 13686347
7432074 13686368
7432382 13686368
7432406 13686368
7438008 13686368
7438340 13686368
7440480 13686368
7440481 13686368
7440662 13686368
7440663 13686368
7440665 13686368
7440666 13686368
7440668 13686368
7440669 13686368
7442934 13686368
7440485 13686369
7440487 13686371
7440488 13686371
7436129 13686373
7438743 13686374
7442424 13686377
7440294 13686380
7440295 13686380
7442475 13686383
7434889 13686385
7434952 13686385
7434894 13686387
7434895 13686387
7434897 13686387
7434922 13686387
7434925 13686387
7434928 13686387
7441652 13686390
7441655 13686390
7441656 13686390
7431964 13686391
7431983 13686391
7439972 13686393
7439973 13686393
7436380 13686395
7432017 13686396
7432037 13686396
7432060 13686396
7432089 13686396
7432376 13686396
7432984 13686396
7436164 13686398
7436165 13686398
7436166 13686398
7436217 13686398
7436293 13686398
7436395 13686398
7436719 13686398
7433982 13686399
7433992 13686399
7433993 13686399
7433987 13686402
7435552 13686407
7435553 13686407
7435834 13686407
7435971 13686407
7438224 13686407
7438413 13686407
7439665 13686407
7439989 13686407
7439990 13686407
7439919 13686408
7434144 13686409
7436374 13686411
7439228 13686415
7441351 13686415
7441404 13686415
7442687 13686415
7430813 13686423
7431260 13686423
7431262 13686423
7431266 13686423
7431267 13686423
7431301 13686423
7431405 13686423
7441400 13686423
7442211 13686423
7442213 13686423
7442705 13686423
7440745 13686426
7442637 13686426
7442938 13686426
7439676 13686430
7442981 13686430
7436398 13686433
7431746 13686436
7442943 13686439
7432523 13686442
7432860 13686442
7432143 13686445
7432154 13686445
7432162 13686445
7432893 13686445
7438113 13686445
7438450 13686445
7440036 13686445
7440037 13686445
7440038 13686445
7431499 13686451
7431611 13686451
7431699 13686451
7439248 13686451
7441160 13686451
7442586 13686451
7431485 13686453
7438580 13686454
7437312 13686455
7437315 13686459
7439346 13686466
7436346 13686468
7439885 13686468
7442532 13686468
7442288 13686470
7433684 13686473
7433873 13686473
7434084 13686473
7432830 13686475
7439118 13686475
7432833 13686476
7440291 13686477
7440292 13686477
7442423 13686477
7440285 13686479
7431081 13686483
7431082 13686483
7433454 13686484
7439993 13686486
7442995 13686486
7442996 13686486
7432890 13686487
7431992 13686489
7432015 13686489
7432034 13686489
7432097 13686489
7432378 13686489
7439844 13686491
7432250 13686498
7432253 13686498
7432255 13686498
7432257 13686498
7432907 13686498
7433414 13686498
7433633 13686498
7433910 13686498
7440769 13686498
7440770 13686498
7433606 13686501
7440368 13686501
7442861 13686501
7435608 13686507
7436333 13686507
7436344 13686507
7436693 13686507
7441497 13686507
7441546 13686507
7441582 13686507
7441593 13686507
7441594 13686507
7441599 13686507
7441600 13686507
7441611 13686507
7441612 13686507
7442494 13686507
7437675 13686512
7437677 13686512
7437698 13686512
7437700 13686512
7441524 13686512
7441550 13686512
7441635 13686512
7441636 13686512
7442623 13686512
7435609 13686513
7442388 13686515
7435473 13686516
7435475 13686516
7442600 13686517
7435180 13686519
7441871 13686519
7441877 13686519
7441880 13686519
7440144 13686521
7434987 13686523
7440193 13686525
7434067 13686527
7432159 13686529
7442062 13686529
7442063 13686529
7440222 13686530
7442269 13686530
7441964 13686532
7436415 13686535
7436923 13686535
7436927 13686535
7433510 13686538
7433510 163034243
7433573 13686538
7433573 163034243
7433844 13686538
7433844 163034243
7434111 13686538
7434111 163034243
7431229 13686540
7431411 13686540
7440154 13686542
7435117 13686543
7437206 13686544
7437226 13686544
7436580 13686550
7436582 13686550
7437179 13686550
7437190 13686550
7437197 13686550
7436510 13686561
7436527 13686561
7436529 13686561
7436530 13686561
7436538 13686561
7436546 13686561
7436550 13686561
7436561 13686561
7436962 13686561
7436965 13686561
7438018 13686561
7437195 13686563
7437196 13686565
7437201 13686565
7438038 13686565
7438493 13686567
7438494 13686567
7442234 13686569
7436335 13686571
7433165 13686573
7433166 13686573
7433338 13686573
7437907 13686573
7436051 13686574
7437524 13686576
7441325 13686576
7441326 13686576
7442153 13686577
7442154 13686577
7430770 13686580
7431009 13686580
7431036 13686580
7439174 13686580
7431006 13686585
7434903 13686585
7442228 13686585
7431008 13686590
7441103 13686593
7435859 13686601
7440005 13686601
7440006 13686601
7440712 13686601
7440714 13686601
7441942 13686601
7441943 13686601
7442495 13686601
7442519 13686601
7441944 13686605
7436381 13686607
7436763 13686607
7439829 13686607
7439835 13686607
7439836 13686607
7439870 13686607
7439873 13686607
7439876 13686607
7439879 13686607
7440318 13686607
7440319 13686607
7442531 13686607
7436371 13686609
7436372 13686609
7436590 13686609
7436602 13686609
7437007 13686609
7435142 13686628
7435223 13686628
7435301 13686628
7435304 13686628
7435358 13686628
7435577 13686628
7435578 13686628
7435661 13686628
7435761 13686628
7435857 13686628
7435881 13686628
7436334 13686628
7439484 13686628
7439662 13686628
7440677 13686628
7440678 13686628
7440693 13686628
7440703 13686628
7440706 13686628
7441720 13686628
7441809 13686628
7441919 13686628
7441932 13686628
7441936 13686628
7442112 13686628
7442143 13686628
7442471 13686628
7442503 13686628
7442505 13686628
7442518 13686628
7442609 13686628
7442643 13686628
7442695 13686631
7434588 13686645
7434592 13686645
7434615 13686645
7434622 13686645
7434624 13686645
7434790 13686645
7436498 13686645
7436504 13686645
7436515 13686645
7436523 13686645
7436542 13686645
7436573 13686645
7436969 13686645
7436971 13686645
7437182 13686645
7437191 13686645
7437193 13686645
7437373 13686645
7437755 13686645
7439422 13686645
7439440 13686645
7439514 13686645
7441242 13686645
7441310 13686645
7441312 13686645
7441315 13686645
7441316 13686645
7441431 13686645
7442449 13686645
7442721 13686645
7442788 13686645
7442789 13686645
7437574 13686658
7436339 13686659
7436360 13686659
7436364 13686659
7436868 13686659
7436369 13686660
7431278 13686661
7431467 13686661
7431305 13686663
7441334 13686663
7441335 13686663
7431264 13686664
7431422 13686664
7433738 13686666
7440776 13686666
7438498 13686667
7439837 13686669
7439465 13686671
7441840 13686671
7441861 13686671
7442464 13686671
7440253 13686672
7439852 13686674
7441302 13686677
7442207 13686677
7440247 13686679
7440248 13686679
7434545 13686680
7437950 13686680
7431924 13686681
7439959 13686683
7438139 13686687
7441902 13686687
7441903 13686687
7441906 13686689
7439995 13686691
7439996 13686691
7441980 13686693
7434875 13686694
7436389 13686697
7442864 13686698
7431141 13686701
7438540 13686705
7441939 13686712
7442117 13686712
7442506 13686712
7442663 13686714
7440537 13686715
7433485 13686718
7433834 13686718
7433838 13686718
7433988 13686718
7440326 13686720
7432829 13686722
7432763 13686723
7441013 13686724
7441014 13686724
7432729 13686726
7432805 13686727
7431535 13686729
7431722 13686729
7442593 13686729
7436404 13686732
7436405 13686732
7436409 13686732
7436726 13686732
7436924 13686732
7436997 13686732
7437000 13686732
7440807 13686732
7442544 13686732
7433499 13686735
7433501 13686735
7433502 13686735
7433717 13686735
7434011 13686735
7439906 13686735
7439907 13686735
7439958 13686735
7439960 13686735
7439961 13686735
7441074 13686736
7431988 13686739
7432963 13686739
7432967 13686739
7432965 13686740
7441991 13686741
7435825 13686744
7441479 13686744
7441484 13686744
7441487 13686744
7441501 13686744
7441503 13686744
7441512 13686744
7441513 13686744
7441624 13686744
7441638 13686744
7441641 13686744
7442119 13686744
7442120 13686744
7442499 13686744
7442500 13686744
7442501 13686744
7431017 13686747
7431046 13686747
7437856 13686747
7439230 13686752
7440907 13686756
7431494 13686757
7441657 13686757
7438381 13686758
7441053 13686760
7442709 13686760
7434315 13686763
7434319 13686763
7434539 13686763
7440868 13686766
7434312 13686768
7437087 13686783
7437210 13686783
7437211 13686783
7437214 13686783
7437215 13686783
7437224 13686783
7437229 13686783
7437230 13686783
7437233 13686783
7437241 13686783
7437243 13686783
7437364 13686783
7437381 13686783
7437457 13686783
7437468 13686783
7437490 13686783
7437955 13686783
7438040 13686783
7439442 13686783
7442917 13686783
7442931 13686783
7436491 13686787
7437126 13686791
7437129 13686791
7437137 13686791
7437138 13686791
7437482 13686791
7441406 13686791
7441407 13686791
7437287 13686800
7437303 13686800
7437398 13686800
7437412 13686800
7437417 13686800
7437502 13686800
7437564 13686800
7441414 13686800
7441415 13686800
7441461 13686800
7441476 13686800
7442165 13686800
7442166 13686800
7442676 13686800
7441824 13686801
7441825 13686801
7436890 13686802
7435519 13686805
7433561 13686808
7442412 13686808
7431532 13686809
7439536 13686811
7441379 13686813
7437225 13686820
7437227 13686820
7437228 13686820
7437238 13686820
7437239 13686820
7437245 13686820
7437247 13686820
7437535 13686820
7442785 13686820
7442786 13686820
7442922 13686820
7437251 13686822
7437537 13686822
7437218 13686826
7437219 13686826
7437221 13686826
7437234 13686826
7437541 13686826
7437584 13686826
7439535 13686826
7442439 13686826
7442447 13686826
7442933 13686826
7440840 13686828
7438432 13686830
7431717 13686832
7433404 13686834
7433863 13686834
7434611 13686842
7434742 13686842
7441239 13686842
7441240 13686842
7441278 13686842
7437689 13686843
7438937 13686843
7439539 13686843
7441558 13686843
7441559 13686843
7433530 13686845
7439904 13686845
7433522 13686846
7433525 13686846
7438644 13686846
7442799 13686849
7433975 13686853
7430922 13686855
7439199 13686858
7441834 13686859
7441883 13686859
7442482 13686859
7436005 13686860
7440845 13686861
7431949 13686863
7432032 13686863
7432055 13686863
7432096 13686863
7432128 13686863
7432137 13686863
7432380 13686863
7432415 13686863
7432874 13686863
7432952 13686863
7432953 13686863
7432954 13686863
7440501 13686863
7440502 13686863
7442839 13686863
7442832 13686865
7434635 13686872
7437281 13686874
7432956 13686877
7432020 13686879
7432064 13686879
7432861 13686879
7442307 13686883
7435565 13686887
7435681 13686887
7431531 13686894
7431650 13686894
7431690 13686894
7442267 13686894
7442776 13686894
7442777 13686894
7434439 13686900
7434441 13686900
7434443 13686900
7434445 13686900
7440377 13686904
7439962 13686907
7435558 13686908
7432807 13686909
7440821 13686909
7442545 13686911
7435465 13686913
7430960 13686914
7437567 13686916
7435864 13686923
7439067 13686923
7440723 13686923
7440724 13686923
7440726 13686923
7440727 13686923
7440732 13686923
7440733 13686923
7440763 13686923
7440766 13686923
7442516 13686923
7442898 13686923
7442178 13686925
7433541 13686926
7433543 13686926
7433979 13686926
7440958 13686926
7440959 13686926
7433546 13686927
7433547 13686927
7433548 13686927
7440975 13686929
7440976 13686929
7439572 13686931
7438663 13686932
7440883 13686933
7433193 13686934
7439150 13686940
7442732 13686940
7431238 13686944
7431268 13686944
7431476 13686944
7442696 13686944
7436001 13686946
7436002 13686946
7441738 13686946
7441741 13686946
7441742 13686946
7434066 13686949
7440310 13686949
7430794 13686953
7432912 13686955
7437325 13686958
7437421 13686958
7434870 13686962
7435007 13686962
7442429 13686962
7442436 13686962
7434306 13686965
7434499 13686965
7434501 13686965
7438535 13686965
7442351 13686966
7438354 13686967
7434528 13686969
7433435 13686975
7438545 13686975
7440645 13686975
7440650 13686975
7440653 13686975
7440656 13686975
7440659 13686975
7440660 13686975
7440386 13686979
7442633 13686980
7440593 13686981
7431201 13686985
7431225 13686985
7431341 13686985
7442701 13686985
7440133 13686986
7436009 13686987
7436011 13686987
7433429 13686988
7433961 13686988
7433963 13686988
7439849 13686990
7433370 13686991
7441211 13686992
7438680 13686993
7440382 13686994
7441230 13686995
7442458 13686995
7437563 13686996
7430751 13687008
7430753 13687008
7430837 13687008
7430843 13687008
7439426 13687008
7440387 13687008
7442171 13687008
7442172 13687008
7438377 13687013
7442751 13687017
7433554 13687018
7433555 13687018
7433556 13687018
7439914 13687018
7439915 13687018
7436331 13687020
7442306 13687021
7431021 13687025
7438597 13687027
7441306 13687029
7439281 13687031
7432045 13687034
7432973 13687034
7432975 13687034
7437903 13687034
7442822 13687034
7436931 13687037
7436932 13687037
7432031 13687038
7432033 13687038
7432035 13687038
7432036 13687038
7432041 13687038
7436014 13687039
7434053 13687042
7442047 13687045
7442048 13687045
7439227 13687050
7442252 13687050
7442698 13687050
7442699 13687050
7431237 13687053
7431242 13687053
7431475 13687053
7431957 13687054
7431958 13687054
7442811 13687054
7437265 13687058
7438266 13687058
7442682 13687058
7433170 13687068
7433234 13687068
7433291 13687068
7433340 13687068
7433341 13687068
7433343 13687068
7440079 13687068
7440080 13687068
7440971 13687068
7440972 13687068
7440977 13687068
7440978 13687068
7442367 13687068
7431428 13687069
7442693 13687073
7439468 13687077
7440148 13687077
7442320 13687081
7434629 13687083
7434630 13687083
7434601 13687087
7441272 13687087
7441273 13687087
7434653 13687090
7434771 13687090
7441150 13687092
7433772 13687100
7434068 13687100
7434305 13687100
7434307 13687100
7438173 13687100
7440873 13687100
7440875 13687100
7440876 13687100
7440887 13687100
7440905 13687100
7440906 13687100
7440908 13687100
7440911 13687100
7440912 13687100
7440921 13687100
7440922 13687100
7440927 13687100
7440937 13687100
7440940 13687100
7440941 13687100
7440943 13687100
7440944 13687100
7441226 13687100
7441227 13687100
7441993 13687100
7442159 13687100
7442160 13687100
7442652 13687100
7442657 13687100
7442660 13687100
7434572 13687103
7439359 13687103
7433622 13687106
7433625 13687106
7442565 13687108
7442344 13687109
7434898 13687114
7434899 13687114
7434902 13687114
7434935 13687114
7435498 13687117
7435925 13687117
7431227 13687118
7431442 13687120
7432149 13687124
7432467 13687124
7435260 13687126
7442476 13687126
7438528 13687130
7438520 13687132
7442290 13687136
7438431 13687141
7439983 13687141
7441910 13687141
7441911 13687141
7442509 13687141
7432858 13687142
7433575 13687143
7440610 13687147
7440611 13687147
7440608 13687148
7437242 13687150
7437277 13687150
7437387 13687150
7437476 13687150
7437280 13687152
7437259 13687155
7437297 13687155
7437428 13687155
7437562 13687155
7438829 13687155
7438934 13687155
7437269 13687157
7436950 13687159
7436951 13687159
7440791 13687159
7434021 13687163
7434026 13687163
7434868 13687163
7440372 13687163
7441040 13687163
7442390 13687163
7442391 13687163
7442669 13687163
7434583 13687164
7437645 13687168
7437649 13687168
7439490 13687168
7442753 13687168
7442754 13687168
7433351 13687170
7439333 13687170
7442375 13687170
7436428 13687172
7436998 13687172
7436999 13687172
7438567 13687172
7436449 13687173
7436449 25158993
7437020 13687173
7437020 25158993
7442244 13687175
7432960 13687177
7431833 13687178
7431862 13687178
7440206 13687178
7435854 13687184
7441579 13687184
7441590 13687184
7441629 13687184
7441630 13687184
7441632 13687184
7442522 13687184
7442523 13687184
7442625 13687184
7442626 13687184
7442746 13687184
7442407 13687188
7430790 13687199
7430791 13687199
7441294 13687199
7441308 13687199
7442224 13687199
7435814 13687203
7435816 13687203
7435982 13687203
7435984 13687203
7435987 13687203
7439652 13687203
7442577 13687203
7435529 13687206
7439690 13687206
7443003 13687206
7443004 13687206
7440249 13687207
7436488 13687210
7436497 13687210
7436501 13687210
7436586 13687210
7436659 13687210
7436738 13687210
7436834 13687210
7437004 13687210
7440817 13687210
7442797 13687213
7441332 13687216
7441360 13687216
7441362 13687216
7441363 13687216
7442684 13687216
7438262 13687219
7441647 13687221
7442232 13687223
7435184 13687224
7435178 13687226
7435321 13687226
7435032 13687229
7438353 13687229
7442562 13687229
7435334 13687230
7441887 13687230
7441890 13687230
7441892 13687230
7441893 13687230
7432981 13687231
7431186 13687234
7438082 13687234
7438258 13687234
7431232 13687241
7441377 13687241
7441378 13687241
7435034 13687243
7439464 13687246
7438552 13687247
7442658 13687247
7440865 13687248
7440866 13687248
7440334 13687249
7439950 13687250
7439997 13687251
7432868 13687252
7432969 13687252
7442127 13687253
7440136 13687254
7435471 13687255
7435477 13687255
7438398 13687255
7436007 13687256
7438536 13687257
7439569 13687257
7434431 13687263
7434434 13687263
7434527 13687263
7434867 13687263
7434940 13687263
7440132 13687263
7440338 13687263
7440339 13687263
7441026 13687263
7441028 13687263
7441029 13687263
7441031 13687263
7441032 13687263
7441042 13687263
7441043 13687263
7441251 13687263
7442457 13687263
7442714 13687263
7441700 13687264
7441701 13687264
7430756 13687273
7430757 13687273
7431189 13687273
7431363 13687273
7439173 13687273
7441320 13687273
7441384 13687273
7441386 13687273
7442703 13687273
7442704 13687273
7440325 13687276
7434027 13687278
7435512 13687280
7435789 13687280
7435945 13687280
7435515 13687283
7435619 13687283
7435800 13687283
7442488 13687283
7440772 13687284
7440773 13687284
7441138 13687285
7439974 13687286
7439509 13687287
7436136 13687289
7437536 13687290
7434085 13687291
7434878 13687294
7431998 13687295
7432019 13687295
7432038 13687295
7432063 13687295
7432354 13687295
7432940 13687295
7432224 13687301
7432497 13687301
7432618 13687301
7441217 13687301
7433711 13687302
7439278 13687305
7439314 13687305
7442537 13687308
7440574 13687311
7438569 13687312
7431210 13687320
7431216 13687320
7431220 13687320
7431230 13687320
7431261 13687320
7431358 13687320
7438070 13687320
7438085 13687320
7438733 13687320
7441322 13687320
7441323 13687320
7431206 13687324
7438203 13687327
7438271 13687327
7442487 13687327
7431010 13687335
7431057 13687335
7439180 13687335
7433339 13687339
7437336 13687341
7438620 13687345
7438626 13687345
7440577 13687345
7433801 13687347
7438628 13687347
7439935 13687347
7442002 13687347
7442419 13687347
7438380 13687350
7437001 13687351
7430814 13687352
7430860 13687352
7430914 13687352
7441535 13687356
7441538 13687356
7442624 13687356
7438593 13687357
7439244 13687358
7432941 13687359
7432943 13687359
7432944 13687359
7432955 13687359
7437253 13687361
7437266 13687361
7437278 13687361
7437292 13687361
7437533 13687361
7442622 13687363
7437553 13687365
7436211 13687370
7436229 13687370
7436336 13687370
7436340 13687370
7436342 13687370
7436345 13687370
7436348 13687370
7436642 13687370
7436648 13687370
7436697 13687370
7436703 13687370
7436864 13687370
7440103 13687370
7440104 13687370
7440105 13687370
7440792 13687370
7440811 13687370
7440813 13687370
7441602 13687370
7442528 13687370
7436040 13687372
7432793 13687374
7437337 13687376
7437525 13687376
7441981 13687377
7440072 13687378
7438280 13687382
7438491 13687382
7438495 13687382
7438497 13687382
7440917 13687382
7440925 13687382
7441022 13687382
7441023 13687382
7442427 13687382
7434385 13687388
7442780 13687388
7438305 13687390
7441274 13687392
7440202 13687393
7440203 13687393
7440213 13687394
7431408 13687396
7441424 13687396
7442250 13687396
7442683 13687400
7438666 13687402
7432908 13687405
7433582 13687408
7431951 13687409
7431952 13687409
7432358 13687409
7432863 13687409
7435133 13687410
7439929 13687411
7438351 13687412
7433423 13687414
7438352 13687415
7440314 13687417
7439347 13687418
7441998 13687419
7431698 13687422
7441276 13687426
7442720 13687426
7437090 13687432
7437095 13687432
7438034 13687432
7436433 13687435
7437694 13687439
7441515 13687439
7441519 13687439
7441521 13687439
7441522 13687439
7431510 13687442
7431726 13687442
7439833 13687446
7439834 13687446
7439209 13687449
7434029 13687450
7432844 13687452
7433590 13687459
7442880 13687459
7433596 13687461
7433603 13687466
7433613 13687466
7439537 13687471
7440961 13687474
7440379 13687481
7436431 13687484
7436993 13687484
7431965 13687485
7440819 13687485
7433518 13687495
7433533 13687495
7433589 13687495
7433592 13687495
7433597 13687495
7433601 13687495
7433612 13687495
7433615 13687495
7433621 13687495
7433724 13687495
7434181 13687495
7434557 13687495
7434582 13687495
7434692 13687495
7438152 13687495
7439762 13687495
7439923 13687495
7440137 13687495
7440138 13687495
7440347 13687495
7440348 13687495
7440580 13687495
7442875 13687495
7433503 13687497
7435431 13687502
7442433 13687510
7438168 13687513
7436436 13687515
7436437 13687515
7436989 13687515
7441815 13687516
7441817 13687516
7441818 13687516
7430766 13687521
7434755 13687521
7442203 13687521
7430774 13687527
7430775 13687527
7430776 13687527
7430777 13687527
7430780 13687527
7433557 13687531
7442406 13687531
7433508 13687533
7433513 13687533
7431466 13687535
7442253 13687536
7440183 13687537
7437098 13687538
7437307 13687543
7438175 13687545
7441992 13687546
7438507 13687547
7440309 13687547
7440635 13687550
7440636 13687550
7431014 13687554
7431016 13687554
7442220 13687554
7431019 13687563
7438058 13687563
7431491 13687567
7431512 13687567
7431530 13687567
7431539 13687567
7431616 13687567
7431749 13687567
7438639 13687568
7442588 13687569
7441436 13687572
7432232 13687579
7432904 13687579
7439077 13687579
7439078 13687579
7442353 13687579
7432558 13687580
7433888 13687582
7433890 13687582
7433892 13687582
7433894 13687582
7433938 13687582
7434117 13687582
7432538 13687584
7432545 13687584
7432853 13687584
7440522 13687584
7440523 13687584
7433884 13687587
7433869 13687591
7433870 13687591
7433849 13687613
7433852 13687613
7434145 13687613
7442418 13687613
7433858 13687614
7433837 13687616
7433839 13687616
7430825 13687621
7430908 13687621
7440385 13687621
7442208 13687621
7440914 13687623
7440915 13687623
7441904 13687624
7442668 13687624
7435554 13687626
7435838 13687626
7436010 13687626
7436013 13687626
7436017 13687626
7442513 13687626
7435546 13687629
7436006 13687629
7436008 13687629
7441752 13687629
7431906 13687630
7442551 13687636
7440957 13687637
7440960 13687637
7431537 13687640
7431538 13687640
7431636 13687640
7431639 13687640
7431751 13687640
7431757 13687640
7435160 13687640
7435298 13687640
7439250 13687640
7442817 13687644
7442818 13687644
7431658 13687646
7435116 13687656
7435118 13687656
7435151 13687660
7438971 13687660
7438972 13687660
7438496 13687662
7432236 13687670
7432241 13687670
7432242 13687670
7432244 13687670
7432246 13687670
7432249 13687670
7432310 13687670
7432517 13687670
7432570 13687670
7432628 13687670
7432835 13687670
7432911 13687670
7433196 13687670
7433197 13687670
7433219 13687670
7433369 13687670
7439140 13687670
7439141 13687670
7440332 13687670
7442148 13687670
7442354 13687670
7442356 13687670
7440312 13687672
7440139 13687674
7430808 13687676
7435944 13687677
7440182 13687679
7431950 13687680
7437327 13687684
7436942 13687686
7432910 13687687
7439083 13687689
7439084 13687689
7442442 13687694
7442557 13687695
7437250 13687712
7441448 13687712
7441463 13687712
7442162 13687712
7442163 13687712
7442679 13687712
7442929 13687712
7437232 13687714
7437566 13687718
7437571 13687718
7442561 13687718
7437249 13687720
7440041 13687722
7434008 13687723
7436337 13687725
7436699 13687725
7435481 13687727
7435652 13687730
7442492 13687730
7441008 13687732
7436319 13687733
7441562 13687733
7441567 13687733
7441568 13687733
7436713 13687737
7440216 13687738
7431897 13687740
7431918 13687740
7432996 13687740
7441692 13687740
7442004 13687741
7431487 13687742
7440850 13687743
7440853 13687743
7437103 13687746
7436473 13687750
7436482 13687750
7436502 13687750
7436908 13687750
7433702 13687751
7433534 13687759
7433558 13687759
7433707 13687759
7433549 13687766
7433610 13687766
7435482 13687768
7432092 13687771
7432099 13687771
7432101 13687771
7441261 13687775
7441262 13687775
7439567 13687777
7442937 13687777
7438443 13687779
7431015 13687781
7437854 13687781
7440947 13687782
7440948 13687782
7440236 13687784
7442620 13687784
7433566 13687785
7433571 13687785
7433572 13687785
7441020 13687787
7441021 13687787
7433618 13687790
7433624 13687790
7433626 13687790
7433946 13687790
7434556 13687790
7434774 13687790
7437922 13687790
7437939 13687790
7439258 13687795
7439259 13687795
7435831 13687798
7437101 13687802
7437669 13687809
7434052 13687814
7434301 13687814
7439369 13687814
7440879 13687814
7440885 13687814
7440902 13687814
7440903 13687814
7442346 13687814
7442646 13687814
7442648 13687814
7434304 13687816
7441113 13687818
7441114 13687818
7435423 13687821
7438884 13687824
7433440 13687828
7438477 13687828
7440600 13687828
7442126 13687828
7442395 13687828
7442869 13687828
7442278 13687829
7441792 13687831
7442616 13687831
7435154 13687834
7442016 13687835
7442017 13687837
7442018 13687837
7436198 13687844
7436200 13687844
7436244 13687844
7436552 13687844
7436553 13687844
7436557 13687844
7436560 13687844
7438020 13687844
7439776 13687844
7436184 13687849
7441435 13687858
7441466 13687858
7441470 13687858
7437311 13687860
7437318 13687860
7442257 13687862
7441328 13687866
7440321 13687868
7440374 13687869
7430795 13687874
7430967 13687874
7430968 13687874
7434087 13687875
7432261 13687879
7440955 13687880
7440956 13687880
7441006 13687882
7441009 13687883
7436577 13687887
7437647 13687890
7438272 13687890
7438382 13687890
7442280 13687892
7436049 13687894
7442046 13687895
7439367 13687897
7434022 13687899
7441995 13687902
7441432 13687903
7434626 13687917
7434638 13687917
7439461 13687917
7438541 13687919
7432091 13687921
7432094 13687921
7442664 13687926
7440350 13687929
7440589 13687929
7440590 13687929
7433617 13687932
7437304 13687934
7431990 13687937
7431991 13687937
7431996 13687937
7440861 13687937
7442001 13687938
7432892 13687939
7442630 13687942
7441528 13687943
7441529 13687943
7438350 13687944
7442662 13687947
7438559 13687948
7438242 13687953
7438242 25158994
7442905 13687953
7442905 25158994
7434043 13687956
7434044 13687956
7442928 13687958
7431741 13687960
7442667 13687961
7432026 13687963
7432046 13687963
7441256 13687966
7440313 13687968
7442050 13687970
7438484 13687973
7438600 13687974
7438136 13687976
7438599 13687976
7438598 13687977
7439927 13687980
7439928 13687980
7432831 13687983
7441304 13687986
7441305 13687986
7441620 13687988
7441621 13687988
7437534 13687990
7439434 13687995
7439445 13687995
7434965 13687997
7442711 13688001
7432233 13688010
7432256 13688010
7432432 13688010
7432686 13688010
7432720 13688010
7433417 13688010
7433731 13688010
7438470 13688010
7440778 13688010
7440779 13688010
7440782 13688010
7441192 13688010
7441193 13688010
7441212 13688010
7441213 13688010
7442362 13688010
7442380 13688010
7442638 13688010
7442854 13688010
7442856 13688010
7432178 13688016
7441199 13688016
7441200 13688016
7442634 13688016
7433415 13688019
7433437 13688019
7433657 13688019
7433667 13688019
7433752 13688019
7433755 13688019
7434115 13688019
7434150 13688019
7434154 13688019
7436440 13688019
7436854 13688019
7436884 13688019
7442382 13688019
7442542 13688019
7436938 13688022
7436944 13688022
7438592 13688022
7439841 13688022
7439842 13688022
7442541 13688022
7438430 13688024
7431631 13688027
7433443 13688028
7434015 13688030
7437348 13688037
7438051 13688037
7438060 13688037
7435404 13688041
7435121 13688042
7440140 13688043
7441913 13688044
7441915 13688044
7441914 13688045
7436406 13688046
7436447 13688046
7436850 13688046
7440010 13688047
7440029 13688049
7431725 13688051
7440179 13688052
7431490 13688053
7442034 13688053
7442035 13688053
7431567 13688055
7431672 13688055
7431676 13688055
7431678 13688055
7431712 13688055
7441059 13688055
7441063 13688055
7442037 13688055
7442038 13688055
7442279 13688055
7442596 13688055
7440039 13688058
7440282 13688062
7440283 13688062
7432122 13688063
7436413 13688065
7436424 13688065
7436432 13688065
7436434 13688065
7436435 13688065
7436454 13688065
7436846 13688065
7434607 13688068
7433563 13688070
7433564 13688070
7433855 13688070
7440592 13688070
7433574 13688071
7433574 13688125
7433581 13688071
7433581 13688125
7434203 13688071
7434203 13688125
7442405 13688071
7442405 13688125
7433480 13688075
7433480 25154709
7433482 13688075
7433482 25154709
7433484 13688075
7433484 25154709
7433511 13688075
7433511 25154709
7433697 13688075
7433697 25154709
7433784 13688075
7433784 25154709
7438947 13688075
7438947 25154709
7440604 13688075
7440604 25154709
7442420 13688075
7442420 25154709
7434014 13688076
7440130 13688077
7430762 13688081
7431932 13688083
7432360 13688083
7442819 13688083
7441290 13688085
7441284 13688087
7441285 13688087
7441289 13688088
7441024 13688089
7442401 13688091
7436070 13688092
7434636 13688096
7434769 13688096
7436250 13688099
7436422 13688101
7436425 13688101
7436426 13688101
7436427 13688101
7434112 13688102
7433447 13688103
7442645 13688103
7431214 13688111
7431215 13688111
7431386 13688111
7441417 13688111
7441418 13688111
7432221 13688117
7432240 13688117
7432476 13688117
7432483 13688117
7432495 13688117
7432514 13688117
7432620 13688117
7433442 13688117
7433444 13688117
7433748 13688117
7438473 13688117
7438483 13688117
7439109 13688117
7441016 13688117
7441017 13688117
7441215 13688117
7441216 13688117
7442357 13688117
7442398 13688117
7431486 13688120
7438093 13688120
7442041 13688120
7442285 13688120
7433469 13688125
7433486 13688125
7433488 13688125
7433663 13688125
7433671 13688125
7433788 13688125
7433877 13688125
7433913 13688125
7434003 13688125
7434094 13688125
7434120 13688125
7439949 13688125
7440621 13688125
7442862 13688125
7431740 13688129
7440453 13688129
7441128 13688129
7441129 13688129
7442305 13688129
7432120 13688132
7432123 13688132
7432135 13688132
7432169 13688132
7432184 13688132
7432312 13688132
7432428 13688132
7432458 13688132
7432855 13688132
7433141 13688132
7440525 13688132
7440526 13688132
7440835 13688132
7440836 13688132
7441181 13688132
7441186 13688132
7441187 13688132
7441208 13688132
7441209 13688132
7431509 13688136
7431738 13688136
7438285 13688136
7439253 13688136
7440015 13688136
7433506 13688139
7433507 13688139
7433514 13688139
7433551 13688139
7433560 13688139
7433715 13688139
7434147 13688139
7442414 13688139
7434644 13688142
7436416 13688146
7436417 13688146
7436996 13688146
7439516 13688146
7440810 13688146
7436994 13688147
7434013 13688149
7442248 13688156
7435185 13688173
7435186 13688173
7435236 13688173
7435338 13688173
7435780 13688173
7442478 13688173
7442945 13688173
7432073 13688174
7442834 13688174
7436235 13688177
7436260 13688177
7436282 13688177
7436388 13688177
7436399 13688177
7436401 13688177
7436444 13688177
7436629 13688177
7436654 13688177
7436721 13688177
7436729 13688177
7436734 13688177
7436741 13688177
7439851 13688177
7439862 13688177
7439863 13688177
7441427 13688177
7441428 13688177
7442131 13688177
7442134 13688177
7442135 13688177
7442661 13688177
7436456 13688179
7436457 13688179
7436459 13688179
7436988 13688179
7439871 13688179
7439872 13688179
7436481 13688184
7436959 13688184
7438253 13688184
7438596 13688184
7442470 13688185
7431508 13688187
7431581 13688187
7431623 13688187
7438101 13688187
7440067 13688187
7441162 13688187
7441163 13688187
7442276 13688187
7442277 13688187
7437699 13688190
7440002 13688190
7441555 13688190
7441556 13688190
7441606 13688190
7441608 13688190
7442122 13688190
7442619 13688190
7442621 13688190
7437686 13688191
7438374 13688194
7441168 13688197
7442282 13688197
7438726 13688199
7442258 13688199
7434633 13688201
7439192 13688204
7435579 13688206
7436419 13688207
7436438 13688207
7436451 13688207
7436848 13688207
7435132 13688209
7441802 13688209
7441803 13688209
7442480 13688209
7442481 13688209
7435504 13688212
7439489 13688212
