1012565 13609422
1012565 13951585
1010989 13610825
1010989 13949803
1010991 13610825
1010991 13949803
1022773 13613805
1022773 13951710
1022802 13613805
1022802 13951710
1012557 13613887
1012557 13951773
1012558 13613887
1012558 13951773
1012522 13614641
1012522 13952179
1012568 13616525
1012568 13953334
1016350 13616525
1016350 13953334
1016351 13616525
1016351 13953334
1022806 13616525
1022806 13953334
1022808 13616525
1022808 13953334
1012470 13616529
1012470 13953335
1012528 13616529
1012528 13953335
1022768 13616529
1022768 13953335
1022769 13616529
1022769 13953335
1022774 13616529
1022774 13953335
1012467 13616532
1012467 13953337
1010982 13616535
1010982 13953340
1010984 13616535
1010984 13953340
1011031 13616535
1011031 13953340
1015119 13616535
1015119 13953340
1015120 13616535
1015120 13953340
1016918 13616535
1016918 13953340
1016919 13616535
1016919 13953340
1022812 13616535
1022812 13953340
1022813 13616535
1022813 13953340
71282188 13610732
71282190 13610732
71282184 13610732
71282184 13952913
71282186 13610732
71282186 13952913
71282189 13610732
71282189 13952913
71279305 13611695
71279305 13950166
71282141 13612947
71282141 13951656
1167858 107247737
1167858 13953058
1167858 13993038
1185208 107247737
1185208 13953058
1185208 13993038
1185209 107247737
1185209 13953058
1185209 13993038
1173793 13951560
1173793 13984428
1185204 13951560
1185204 13984428
1185205 13951560
1185205 13984428
1165713 13953058
1165961 13953058
1165970 13953058
1172398 13953058
1172399 13953058
1172383 13953218
1185197 13953218
1185196 13953218
1185196 13983349
1166121 13953331
1166121 13995209
1166122 13953331
1166122 13995209
1166123 13953331
1166123 13995209
1166313 13953331
1166313 13995209
1168142 13953331
1168142 13995209
1172386 13953331
1172386 13995209
1172387 13953331
1172387 13995209
1172388 13953331
1172388 13995209
1172389 13953331
1172389 13995209
1185198 13953331
1185198 13995209
1185199 13953331
1185199 13995209
1166125 13953588
1166125 13992675
1166127 13953588
1166127 13992675
1166170 13953588
1166170 13992675
1172390 13953588
1172390 13992675
1172391 13953588
1172391 13992675
1172395 13953588
1172395 13992675
1173791 13953588
1173791 13992675
1173798 13953588
1173798 13992675
1173800 13953588
1173800 13992675
1173801 13953588
1173801 13992675
1185200 13953588
1185200 13992675
1185201 13953588
1185201 13992675
1185202 13953588
1185202 13992675
1185203 13953588
1185203 13992675
1166311 13953611
1166311 13995869
89662879 13949676
89662879 13998523
89662881 13949676
89662881 13998523
89666470 13949676
89666470 13998523
89666471 13949676
89666471 13998523
89663235 13951467
89663235 14001261
89662359 13951758
89662359 14001569
89662366 13951758
89662366 14001569
89666616 13953346
89666616 14005087
89666618 13953346
89666618 14005087
89666619 13953346
89666619 14005087
89662376 13953347
89662376 14005091
89660689 107079954
89660689 13952567
89660689 13953275
89660694 107079954
89660694 13952567
89660694 13953275
89660695 107079954
89660695 13952567
89660695 13953275
89666650 107079954
89666650 13952567
89666650 13953275
89666651 107079954
89666651 13952567
89666651 13953275
89660685 107079954
89660685 13953275
89660686 107079954
89660686 13953275
89660697 107079954
89660697 13953275
89660837 107079954
89660837 13953275
89665498 107079954
89665498 13953275
89660688 107079954
89660688 13953275
89660688 13953280
89664947 107079954
89664947 13953275
89664947 13953280
89666638 107079954
89666638 13953275
89666638 13953280
89666640 107079954
89666640 13953275
89666640 13953280
89666641 107079954
89666641 13953275
89666641 13953280
89666690 107079954
89666690 13953275
89666690 13953280
89666692 107079954
89666692 13953275
89666692 13953280
89666693 107079954
89666693 13953275
89666693 13953280
89659422 107080241
89659422 107080251
89659422 107080532
89659422 13952647
89659424 107080241
89659424 107080251
89659424 107080532
89659424 13952647
89659426 107080241
89659426 107080251
89659426 107080532
89659426 13952647
89659616 107080241
89659616 107080251
89659616 107080532
89659616 13952647
89659700 107080241
89659700 107080251
89659700 107080532
89659700 13952647
89659723 107080241
89659723 107080251
89659723 107080532
89659723 13952647
89659759 107080241
89659759 107080251
89659759 107080532
89659759 13952647
89659803 107080241
89659803 107080251
89659803 107080532
89659803 13952647
89659814 107080241
89659814 107080251
89659814 107080532
89659814 13952647
89659824 107080241
89659824 107080251
89659824 107080532
89659824 13952647
89659888 107080241
89659888 107080251
89659888 107080532
89659888 13952647
89660037 107080241
89660037 107080251
89660037 107080532
89660037 13952647
89660211 107080241
89660211 107080251
89660211 107080532
89660211 13952647
89664502 107080241
89664502 107080251
89664502 107080532
89664502 13952647
89664509 107080241
89664509 107080251
89664509 107080532
89664509 13952647
89667336 107080241
89667336 107080251
89667336 107080532
89667336 13952647
89667337 107080241
89667337 107080251
89667337 107080532
89667337 13952647
89667348 107080241
89667348 107080251
89667348 107080532
89667348 13952647
89667349 107080241
89667349 107080251
89667349 107080532
89667349 13952647
89667432 107080241
89667432 107080251
89667432 107080532
89667432 13952647
89667433 107080241
89667433 107080251
89667433 107080532
89667433 13952647
89667434 107080241
89667434 107080251
89667434 107080532
89667434 13952647
89667435 107080241
89667435 107080251
89667435 107080532
89667435 13952647
89667532 107080241
89667532 107080251
89667532 107080532
89667532 13952647
89667534 107080241
89667534 107080251
89667534 107080532
89667534 13952647
89667535 107080241
89667535 107080251
89667535 107080532
89667535 13952647
89667542 107080241
89667542 107080251
89667542 107080532
89667542 13952647
89667543 107080241
89667543 107080251
89667543 107080532
89667543 13952647
89661157 107080507
89661157 13952581
89661177 107080507
89661177 13952581
89661215 107080507
89661215 13952581
89661582 107080507
89661582 13952581
89661742 107080507
89661742 13952581
89661747 107080507
89661747 13952581
89661758 107080507
89661758 13952581
89662084 107080507
89662084 13952581
89662087 107080507
89662087 13952581
89662174 107080507
89662174 13952581
89662191 107080507
89662191 13952581
89664057 107080507
89664057 13952581
89664692 107080507
89664692 13952581
89667062 107080507
89667062 13952581
89667063 107080507
89667063 13952581
89667078 107080507
89667078 13952581
89667080 107080507
89667080 13952581
89667082 107080507
89667082 13952581
89667083 107080507
89667083 13952581
89667266 107080507
89667266 13952581
89667267 107080507
89667267 13952581
89667278 107080507
89667278 13952581
89667279 107080507
89667279 13952581
89667290 107080507
89667290 13952581
89667292 107080507
89667292 13952581
89667293 107080507
89667293 13952581
89667300 107080507
89667300 13952581
89667301 107080507
89667301 13952581
89664092 107100515
89664092 13952666
89664569 107100515
89664569 13952666
89666752 107100515
89666752 13952666
89666753 107100515
89666753 13952666
89666758 107100515
89666758 13952666
89666759 107100515
89666759 13952666
89666764 107100515
89666764 13952666
89666765 107100515
89666765 13952666
89660669 107100575
89660669 13953252
89660671 107100575
89660671 13953252
89660793 107100575
89660793 13953252
89660794 107100575
89660794 13953252
89660899 107100575
89660899 13953252
89661010 107100575
89661010 13953252
89665503 107100575
89665503 13953252
89666662 107100575
89666662 13953252
89666663 107100575
89666663 13953252
89660655 107100613
89660655 13953649
89660656 107100613
89660656 13953649
89660657 107100613
89660657 13953649
89660659 107100613
89660659 13953649
89660674 107100613
89660674 13953649
89660999 107100613
89660999 13953649
89665117 107100613
89665117 13953649
89665118 107100613
89665118 13953649
89659789 107247736
89659789 107247746
89659789 13953006
89659789 13953007
89659791 107247736
89659791 107247746
89659791 13953006
89659791 13953007
89660224 107247736
89660224 107247746
89660224 13953006
89660224 13953007
89659787 107247746
89659787 13948518
89659787 13953006
89659788 107247746
89659788 13948518
89659788 13953006
89659912 107247746
89659912 13948518
89659912 13953006
89659667 107247746
89659667 13953006
89659683 107247746
89659683 13953006
89659705 107247746
89659705 13953006
89659755 107247746
89659755 13953006
89659766 107247746
89659766 13953006
89659781 107247746
89659781 13953006
89660227 107247746
89660227 13953006
89665515 107247746
89665515 13953006
89667430 107247746
89667430 13953006
89667431 107247746
89667431 13953006
89667566 107247746
89667566 13953006
89667568 107247746
89667568 13953006
89667570 107247746
89667570 13953006
89667572 107247746
89667572 13953006
89667573 107247746
89667573 13953006
89667686 107247746
89667686 13953006
89667687 107247746
89667687 13953006
89667692 107247746
89667692 13953006
89667694 107247746
89667694 13953006
89667695 107247746
89667695 13953006
89661180 107367471
89661180 13952853
89661183 107367471
89661183 13952853
89661185 107367471
89661185 13952853
89661656 107367471
89661656 13952853
89664180 107367471
89664180 13952853
89665510 107367471
89665510 13952853
89667058 107367471
89667058 13952853
89667059 107367471
89667059 13952853
89669650 107367471
89669650 13952853
89662447 132906796
89662447 13952622
89662465 132906796
89662465 13952622
89663245 132906796
89663245 13952622
89663248 132906796
89663248 13952622
89663261 132906796
89663261 13952622
89663410 132906796
89663410 13952622
89663435 132906796
89663435 13952622
89663446 132906796
89663446 13952622
89663460 132906796
89663460 13952622
89664321 132906796
89664321 13952622
89664839 132906796
89664839 13952622
89665098 132906796
89665098 13952622
89665099 132906796
89665099 13952622
89665296 132906796
89665296 13952622
89665832 132906796
89665832 13952622
89665833 132906796
89665833 13952622
89665880 132906796
89665880 13952622
89665881 132906796
89665881 13952622
89666032 132906796
89666032 13952622
89666033 132906796
89666033 13952622
89666110 132906796
89666110 13952622
89666111 132906796
89666111 13952622
89666120 132906796
89666120 13952622
89666121 132906796
89666121 13952622
89666122 132906796
89666122 13952622
89666124 132906796
89666124 13952622
89666125 132906796
89666125 13952622
89669633 132906796
89669633 13952622
1022800 13609422
1022800 13951585
1022801 13609422
1022801 13951585
1022803 13613805
1022803 13951710
89660673 13615381
89660673 13952569
89660676 13615381
89660676 13952569
89664260 13615381
89664260 13952569
89664261 13615381
89664261 13952569
1022809 13616525
1022809 13953334
89660703 13948273
89665191 13948275
89660403 13948281
89664545 13948281
89662100 13948289
89662223 13948289
89662227 13948289
89662230 13948289
89661594 13948292
89664639 13948292
89661332 13948295
89664669 13948295
89662457 13948301
89665494 13948301
89666094 13948301
89666095 13948301
89666098 13948301
89666100 13948301
89666102 13948301
89666103 13948301
89661298 13948309
89661828 13948309
89660322 13948313
89665587 13948313
89661261 13948317
89666910 13948317
89666911 13948317
89664270 13948319
89663186 13948347
89663186 165335240
89663221 13948347
89663221 165335240
89663230 13948347
89663230 165335240
89663536 13948347
89663536 165335240
89663616 13948347
89663616 165335240
89663648 13948347
89663648 165335240
89663745 13948347
89663745 165335240
89664934 13948347
89664934 165335240
89665870 13948347
89665870 165335240
89665871 13948347
89665871 165335240
89665982 13948347
89665982 165335240
89665983 13948347
89665983 165335240
89666076 13948347
89666076 165335240
89666077 13948347
89666077 165335240
89666084 13948347
89666084 165335240
89666085 13948347
89666085 165335240
89666090 13948347
89666090 165335240
89666091 13948347
89666091 165335240
89666148 13948347
89666148 165335240
89666149 13948347
89666149 165335240
89666290 13948347
89666290 165335240
89666291 13948347
89666291 165335240
89666388 13948347
89666388 165335240
89666389 13948347
89666389 165335240
89665644 13948360
89665646 13948360
89665647 13948360
89665718 13948360
89665720 13948360
89665721 13948360
89665688 13948365
89665690 13948365
89665691 13948365
89660652 13948372
89660884 13948372
89666748 13948375
89666749 13948375
89660967 13948379
89664131 13948379
89664596 13948379
89667851 13948397
89669009 13948397
89669294 13948397
89668218 13948410
89668226 13948410
89668227 13948410
89669446 13948410
89665610 13948414
89665611 13948414
89669643 13948419
89665615 13948425
89669416 13948425
89668854 13948427
89668861 13948427
89668857 13948430
89668860 13948430
89668862 13948430
89668863 13948430
89669250 13948430
89663550 13948472
89663672 13948472
89663682 13948472
89663685 13948472
89663686 13948472
89663690 13948472
89663762 13948472
89663786 13948472
89665344 13948472
89665349 13948472
89667813 13948472
89667814 13948472
89667815 13948472
89667817 13948472
89667818 13948472
89667819 13948472
89667820 13948472
89668864 13948474
89667816 13948476
89668865 13948480
89659751 13948482
89659760 13948482
89659761 13948482
89660029 13948482
89663967 13948482
89668866 13948482
89668867 13948483
89668868 13948483
89662718 13948490
89666171 13948490
89662440 13948499
89666170 13948499
89666172 13948499
89666173 13948499
89668869 13948501
89661134 13948511
89661572 13948511
89665390 13948511
89667250 13948511
89667251 13948511
89667252 13948511
89667254 13948511
89667255 13948511
89667256 13948511
89667258 13948511
89667259 13948511
89669405 13948511
89661824 13948553
89659726 13948561
89659743 13948561
89659754 13948561
89659914 13948561
89661290 13948570
89661299 13948570
89661710 13948570
89661827 13948570
89665324 13948570
89666806 13948570
89666808 13948570
89666809 13948570
89666810 13948570
89666812 13948570
89666813 13948570
89661829 13948572
89659620 13948575
89660181 13948575
89668930 13948576
89660189 13948578
89668931 13948585
89668932 13948585
89668933 13948585
89668934 13948588
89668935 13948588
89668072 13948589
89668073 13948590
89668074 13948590
89664506 13948592
89665514 13948592
89664507 13948595
89668064 13948598
89668065 13948598
89668075 13948598
89660209 13948601
89660210 13948601
89664508 13948601
89668076 13948603
89668080 13948603
89668082 13948603
89669056 13948603
89668077 13948604
89668078 13948604
89668079 13948604
89660250 13948605
89667442 13948605
89667443 13948605
89660254 13948607
89660255 13948607
89665225 13948624
89666882 13948624
89666883 13948624
89662354 13948634
89666884 13948634
89666885 13948634
89661288 13948640
89661289 13948640
89661471 13948640
89661670 13948640
89664614 13948640
89660259 13948642
89668136 13948693
89668137 13948693
89668138 13948693
89668140 13948693
89668142 13948693
89668143 13948693
89668144 13948693
89668215 13948693
89669083 13948693
89669089 13948693
89669090 13948693
89669091 13948693
89661294 13948702
89661672 13948702
89660942 13948714
89661055 13948714
89661063 13948714
89661067 13948714
89661300 13948714
89661674 13948714
89664568 13948714
89664575 13948714
89666762 13948714
89666763 13948714
89661653 13948729
89661655 13948729
89661659 13948729
89661663 13948729
89661667 13948729
89661669 13948729
89661671 13948729
89661675 13948729
89661676 13948729
89661686 13948729
89661712 13948729
89662036 13948729
89662051 13948729
89663908 13948729
89663910 13948729
89665255 13948729
89665323 13948729
89667040 13948729
89667044 13948729
89667045 13948729
89667052 13948729
89667053 13948729
89667108 13948729
89669497 13948729
89669589 13948729
89669590 13948729
89669631 13948729
89668145 13948733
89662769 13948737
89666313 13948737
89661353 13948741
89661679 13948741
89664651 13948741
89664653 13948741
89667234 13948741
89667235 13948741
89668148 13948742
89668149 13948744
89663217 13948746
89663218 13948746
89665533 13948746
89665535 13948748
89668780 13948751
89665537 13948759
89666390 13948759
89666391 13948759
89668742 13948766
89668781 13948766
89668782 13948766
89668785 13948769
89660325 13948773
89668788 13948777
89668210 13948797
89668211 13948797
89668279 13948797
89668286 13948797
89669120 13948797
89669330 13948797
89662520 13948802
89666096 13948802
89666097 13948802
89666104 13948802
89666105 13948802
89662792 13948805
89660960 13948807
89659835 13948811
89663975 13948811
89663981 13948811
89662617 13948812
89662795 13948812
89660962 13948814
89660963 13948814
89661858 13948814
89666678 13948814
89666680 13948814
89661220 13948819
89661748 13948819
89664657 13948819
89661285 13948822
89661792 13948822
89665604 13948822
89668519 13948822
89664229 13948828
89665605 13948828
89665606 13948828
89667800 13948833
89667802 13948833
89668990 13948833
89667803 13948835
89667804 13948838
89667805 13948838
89667946 13948841
89669031 13948841
89669639 13948841
89667806 13948844
89668855 13948845
89667807 13948847
89667808 13948849
89668856 13948851
89668858 13948851
89668859 13948851
89661811 13948854
89666846 13948854
89666847 13948854
89666854 13948854
89666855 13948854
89666166 13948857
89666167 13948857
89666168 13948859
89666169 13948859
89661482 13948864
89661815 13948864
89661816 13948864
89665549 13948864
89661317 13948874
89661817 13948874
89664039 13948874
89662708 13948877
89662866 13948877
89664728 13948877
89661309 13948880
89661818 13948880
89661819 13948880
89668415 13948880
89659655 13948883
89659909 13948883
89668919 13948886
89668920 13948886
89668921 13948889
89668922 13948892
89659682 13948894
89668060 13948897
89668923 13948898
89668061 13948903
89668924 13948906
89668062 13948910
89668925 13948913
89668063 13948916
89667691 13948920
89668926 13948920
89668066 13948921
89665591 13948924
89668929 13948924
89668067 13948925
89668068 13948925
89668071 13948925
89668069 13948927
89664273 13948928
89659866 13948938
89659867 13948938
89660245 13948938
89659819 13948949
89659834 13948949
89659846 13948949
89659847 13948949
89660086 13948949
89660088 13948949
89660248 13948949
89664510 13948949
89667242 13948949
89667243 13948949
89659727 13948965
89659750 13948965
89659792 13948965
89660220 13948965
89660225 13948965
89665580 13948965
89667531 13948965
89667537 13948965
89668804 13948965
89668845 13948965
89659752 13948968
89668118 13948972
89668129 13948972
89668130 13948972
89668131 13948972
89668132 13948972
89666312 13948975
89666331 13948975
89668119 13948975
89668133 13948975
89668134 13948976
89669065 13948976
89668126 13948995
89668127 13948995
89668135 13948995
89668962 13948995
89669071 13948995
89669075 13948995
89659758 13948998
89668086 13949032
89668139 13949032
89669444 13949032
89663438 13949039
89665521 13949039
89665525 13949043
89668769 13949046
89668770 13949046
89668771 13949051
89659637 13949058
89659639 13949058
89659644 13949058
89667722 13949058
89668945 13949058
89665527 13949065
89665988 13949065
89665989 13949065
89668772 13949069
89660602 13949086
89668773 13949086
89668774 13949086
89668775 13949086
89668776 13949086
89668778 13949086
89668779 13949086
89668824 13949086
89669231 13949086
89664050 13949104
89666942 13949104
89666943 13949104
89668472 13949104
89666078 13949111
89666080 13949111
89666082 13949111
89666083 13949111
89660598 13949115
89667400 13949115
89668777 13949115
89661588 13949118
89661731 13949118
89659818 13949122
89659821 13949122
89667362 13949122
89667363 13949122
89668200 13949124
89668203 13949124
89668204 13949124
89668201 13949128
89668202 13949128
89661274 13949135
89661276 13949135
89661277 13949135
89661279 13949135
89661280 13949135
89661733 13949135
89661734 13949135
89661790 13949135
89666086 13949140
89666088 13949140
89666089 13949147
89668030 13949147
89668031 13949147
89659826 13949150
89667354 13949150
89667355 13949150
89668205 13949158
89668206 13949158
89669084 13949158
89669085 13949158
89669086 13949158
89669087 13949158
89660954 13949171
89664602 13949171
89666560 13949171
89666561 13949171
89666562 13949171
89666563 13949171
89664982 13949172
89659828 13949173
89668207 13949176
89668208 13949176
89662789 13949179
89669621 13949181
89662208 13949195
89662210 13949195
89667158 13949195
89667159 13949195
89668574 13949195
89668645 13949195
89668647 13949195
89668648 13949195
89668649 13949195
89669200 13949195
89669622 13949200
89664988 13949202
89668840 13949205
89668841 13949206
89669625 13949212
89668842 13949213
89669248 13949213
89662097 13949214
89662216 13949214
89667164 13949214
89667168 13949214
89668843 13949215
89665577 13949217
89667507 13949217
89668844 13949217
89668846 13949218
89659742 13949222
89659756 13949222
89659757 13949222
89667530 13949222
89668847 13949222
89668848 13949222
89668849 13949222
89668850 13949222
89668851 13949222
89668852 13949222
89668853 13949222
89666154 13949226
89666156 13949226
89666158 13949226
89666159 13949226
89665370 13949236
89669595 13949236
89661803 13949241
89661794 13949245
89661795 13949245
89661798 13949245
89661806 13949245
89659706 13949248
89659709 13949248
89667576 13949248
89667577 13949248
89660152 13949253
89660157 13949253
89660159 13949253
89660161 13949253
89660163 13949253
89660165 13949253
89660169 13949253
89667236 13949253
89667237 13949253
89667332 13949253
89667333 13949253
89667520 13949253
89667521 13949253
89667648 13949255
89668910 13949255
89659670 13949257
89668911 13949258
89668912 13949260
89661248 13949262
89661584 13949262
89668915 13949267
89668949 13949267
89668950 13949267
89663700 13949268
89668046 13949271
89668054 13949271
89668917 13949273
89668047 13949274
89668055 13949274
89668918 13949276
89668954 13949276
89668966 13949276
89668056 13949278
89668057 13949280
89668059 13949280
89668058 13949281
89661286 13949292
89661848 13949292
89662061 13949292
89662063 13949292
89665322 13949292
89668690 13949294
89668691 13949294
89664262 13949295
89664263 13949295
89660779 13949300
89660860 13949300
89660923 13949300
89660933 13949300
89664265 13949300
89664269 13949300
89666554 13949300
89666556 13949300
89666557 13949300
89666565 13949300
89666642 13949300
89666644 13949300
89666645 13949300
89668298 13949300
89668696 13949302
89668697 13949302
89660237 13949303
89660238 13949303
89668766 13949303
89659643 13949309
89659646 13949309
89659982 13949309
89667649 13949309
89668699 13949311
89660239 13949313
89660288 13949313
89667342 13949313
89667343 13949313
89667346 13949313
89667347 13949313
89667360 13949313
89667361 13949313
89668120 13949317
89661652 13949318
89668121 13949320
89668122 13949324
89669064 13949324
89668123 13949326
89663488 13949332
89668124 13949334
89668125 13949334
89659747 13949339
89660021 13949339
89660114 13949339
89665512 13949353
89667496 13949353
89667498 13949353
89667499 13949353
89667500 13949353
89667501 13949353
89668831 13949353
89668900 13949353
89669244 13949353
89665513 13949354
89665572 13949354
89661392 13949374
89662131 13949374
89668760 13949387
89668761 13949387
89668762 13949387
89663359 13949399
89663376 13949399
89664755 13949399
89665517 13949399
89660301 13949408
89660303 13949408
89660529 13949408
89669514 13949408
89668763 13949414
89660308 13949426
89660318 13949426
89660320 13949426
89667614 13949426
89667615 13949426
89667714 13949426
89667715 13949426
89668764 13949433
89669230 13949433
89668765 13949436
89660306 13949440
89667608 13949440
89667609 13949440
89668767 13949442
89667365 13949445
89668768 13949445
89666074 13949453
89666075 13949453
89659811 13949457
89659813 13949457
89663979 13949457
89661723 13949463
89667069 13949463
89665292 13949475
89666902 13949475
89666903 13949475
89661725 13949483
89668606 13949483
89664970 13949486
89661153 13949491
89661654 13949491
89661727 13949491
89661728 13949491
89667056 13949491
89667057 13949491
89661729 13949492
89664973 13949493
89664976 13949495
89660949 13949497
89664979 13949499
89668832 13949501
89668833 13949501
89667502 13949504
89667503 13949504
89668834 13949504
89669241 13949504
89668835 13949509
89669246 13949509
89669247 13949509
89659595 13949510
89665942 13949512
89665944 13949512
89665946 13949512
89665947 13949512
89666140 13949512
89666142 13949512
89666143 13949512
89668836 13949519
89668906 13949519
89667508 13949526
89668837 13949526
89668838 13949526
89659474 13949531
89659475 13949531
89659598 13949531
89659601 13949531
89659602 13949531
89668839 13949534
89659476 13949540
89659599 13949540
89667227 13949540
89668684 13949540
89662571 13949546
89662574 13949546
89662846 13949546
89665888 13949546
89665889 13949546
89666188 13949546
89666189 13949546
89669397 13949549
89664181 13949551
89664167 13949553
89664182 13949553
89666760 13949553
89666761 13949553
89669399 13949558
89664183 13949560
89659449 13949568
89659459 13949568
89659784 13949568
89660057 13949568
89660154 13949568
89660156 13949568
89665578 13949568
89667417 13949568
89667420 13949568
89667421 13949568
89668789 13949568
89668901 13949572
89668902 13949572
89668903 13949572
89659661 13949575
89659991 13949575
89668040 13949579
89668041 13949579
89668904 13949581
89668905 13949581
89668042 13949583
89668043 13949583
89668044 13949585
89668036 13949589
89668045 13949589
89668909 13949590
89659669 13949592
89660006 13949592
89664505 13949592
89668048 13949594
89668049 13949595
89665431 13949597
89669435 13949616
89669438 13949616
89669460 13949616
89665432 13949620
89668659 13949624
89668660 13949624
89668683 13949624
89659582 13949633
89667634 13949633
89667635 13949633
89668685 13949637
89668687 13949637
89666852 13949640
89666853 13949640
89659557 13949642
89665179 13949642
89667638 13949642
89667639 13949642
89668581 13949644
89668583 13949644
89668686 13949644
89668688 13949644
89669208 13949644
89660228 13949645
89659843 13949647
89660229 13949647
89663984 13949647
89663473 13949656
89668657 13949659
89668658 13949659
89668689 13949659
89669204 13949659
89663258 13949668
89663478 13949668
89667769 13949668
89667770 13949668
89661645 13949676
89661649 13949676
89661990 13949676
89662876 13949676
89663005 13949676
89664740 13949676
89665338 13949676
89666550 13949676
89666551 13949676
89664060 13949682
89668113 13949682
89668114 13949682
89668116 13949682
89669060 13949682
89668115 13949689
89659736 13949692
89659738 13949692
89668750 13949695
89669225 13949695
89659837 13949699
89667326 13949699
89667328 13949699
89667329 13949699
89668751 13949699
89668752 13949701
89668753 13949703
89669227 13949703
89668747 13949704
89668754 13949704
89662127 13949707
89662351 13949707
89668755 13949709
89662129 13949727
89662130 13949727
89662256 13949727
89662258 13949727
89663540 13949738
89665346 13949738
89668756 13949741
89668757 13949741
89668758 13949743
89669228 13949743
89668748 13949748
89668759 13949748
89669224 13949748
89659800 13949749
89664329 13949750
89666928 13949752
89668521 13949752
89668523 13949752
89659801 13949756
89659806 13949756
89661713 13949766
89664045 13949766
89664227 13949766
89659807 13949775
89659809 13949775
89659851 13949775
89661135 13949775
89661678 13949775
89664513 13949775
89664534 13949775
89664535 13949775
89664650 13949775
89667320 13949775
89667322 13949775
89667323 13949775
89667324 13949775
89667325 13949775
89667350 13949775
89667351 13949775
89662767 13949777
89659799 13949778
89659808 13949778
89662768 13949781
89664719 13949781
89668128 13949781
89668186 13949781
89660936 13949782
89665320 13949782
89660937 13949783
89664966 13949784
89660361 13949787
89660362 13949787
89660382 13949787
89660486 13949787
89660505 13949787
89660562 13949787
89660607 13949787
89669603 13949787
89669605 13949787
89668820 13949788
89668821 13949789
89668822 13949790
89668823 13949791
89668825 13949793
89668826 13949793
89659585 13949794
89667407 13949794
89667425 13949794
89668787 13949794
89668827 13949795
89668828 13949796
89668829 13949797
89666134 13949802
89666135 13949802
89667955 13949802
89667956 13949802
89667957 13949802
89667960 13949802
89667961 13949802
89667963 13949802
89667965 13949802
89668017 13949802
89668018 13949802
89668020 13949802
89669421 13949802
89669503 13949802
89668462 13949805
89669153 13949805
89669339 13949805
89669366 13949805
89669367 13949805
89669368 13949805
89669369 13949805
89669380 13949805
89669381 13949805
89669384 13949805
89669382 13949806
89669383 13949806
89669379 13949807
89669385 13949807
89669346 13949809
89669378 13949809
89669386 13949809
89665992 13949822
89665993 13949822
89666776 13949823
89668420 13949823
89668424 13949823
89666777 13949824
89668032 13949825
89668033 13949826
89668034 13949826
89668035 13949827
89668037 13949829
89660784 13949831
89666626 13949831
89666627 13949831
89666628 13949831
89666629 13949831
89668238 13949831
89668241 13949831
89668243 13949831
89668244 13949831
89668291 13949831
89668039 13949833
89669053 13949833
89662637 13949834
89662639 13949834
89662654 13949834
89663931 13949834
89664186 13949834
89664899 13949834
89664900 13949834
89666206 13949834
89666208 13949834
89666209 13949834
89666224 13949834
89666226 13949834
89666227 13949834
89669450 13949836
89669451 13949837
89669452 13949841
89669453 13949842
89669454 13949843
89669455 13949844
89668671 13949845
89669456 13949847
89668672 13949848
89668673 13949848
89669457 13949850
89669458 13949851
89668674 13949852
89668580 13949853
89668675 13949853
89669207 13949853
89669507 13949853
89669299 13949858
89669459 13949858
89666842 13949860
89666844 13949860
89666845 13949860
89663462 13949862
89659720 13949864
89660039 13949864
89667536 13949864
89661323 13949866
89661325 13949866
89661631 13949866
89661872 13949866
89661875 13949866
89666782 13949866
89666783 13949866
89668094 13949867
89668095 13949867
89668097 13949867
89668100 13949867
89668101 13949867
89668102 13949867
89668104 13949867
89668105 13949867
89668106 13949867
89663467 13949876
89665628 13949876
89665629 13949876
89668099 13949882
89668103 13949882
89668107 13949882
89668108 13949882
89669048 13949882
89662685 13949884
89665541 13949884
89666400 13949884
89668109 13949887
89668740 13949889
89668741 13949893
89664311 13949896
89664312 13949898
89662117 13949899
89662118 13949899
89662126 13949899
89667312 13949900
89668744 13949900
89659473 13949901
89668745 13949901
89666050 13949902
89666051 13949902
89668749 13949904
89661273 13949906
89661283 13949906
89661801 13949906
89661802 13949906
89661809 13949906
89665244 13949906
89665506 13949906
89666916 13949906
89666917 13949906
89668463 13949906
89661700 13949907
89668592 13949907
89663534 13949910
89665846 13949910
89661703 13949914
89661704 13949914
89667036 13949914
89667037 13949914
89660772 13949916
89660778 13949916
89664952 13949916
89664953 13949916
89664954 13949917
89664956 13949918
89668342 13949918
89668346 13949918
89669130 13949918
89668809 13949920
89668810 13949920
89668811 13949920
89668812 13949921
89659465 13949923
89659572 13949923
89668813 13949924
89668814 13949928
89669238 13949928
89669252 13949928
89668815 13949931
89668816 13949931
89668817 13949932
89668818 13949935
89668819 13949935
89659579 13949937
89669337 13949939
89669338 13949939
89669370 13949939
89662747 13949942
89662822 13949942
89669196 13949950
89669348 13949950
89669371 13949950
89669353 13949953
89669372 13949953
89669354 13949955
89669373 13949955
89659542 13949964
89659812 13949964
89659815 13949964
89660164 13949964
89667314 13949964
89668746 13949964
89669221 13949964
89669222 13949964
89669352 13949964
89669355 13949964
89669374 13949964
89668590 13949968
89669259 13949972
89669360 13949972
89669361 13949972
89669375 13949972
89668591 13949973
89668593 13949977
89668594 13949977
89668595 13949977
89668596 13949977
89668597 13949981
89668598 13949981
89668599 13949981
89668600 13949981
89668601 13949981
89661522 13949985
89661530 13949985
89666768 13949985
89666769 13949985
89668021 13949991
89668093 13949991
89668022 13950000
89669042 13950000
89669043 13950000
89663769 13950026
89663793 13950026
89663811 13950026
89664927 13950026
89664940 13950026
89665985 13950026
89665986 13950026
89665987 13950026
89668023 13950036
89668024 13950036
89668025 13950036
89667978 13950048
89667979 13950048
89667980 13950048
89668026 13950048
89668029 13950048
89669047 13950048
89669050 13950048
89669307 13950048
89669308 13950048
89668027 13950060
89668028 13950060
89669052 13950060
89669301 13950060
89669310 13950060
89660776 13950065
89661387 13950065
89666582 13950065
89666583 13950065
89668300 13950065
89669441 13950066
89669445 13950067
89668661 13950068
89668662 13950068
89661259 13950072
89662034 13950072
89668224 13950081
89669447 13950081
89669448 13950086
89668665 13950088
89669449 13950091
89660205 13950093
89663449 13950100
89663452 13950100
89662466 13950103
89662671 13950103
89665522 13950103
89659712 13950105
89660268 13950105
89667528 13950105
89659716 13950106
89662676 13950109
89669202 13950116
89669217 13950116
89669510 13950116
89664877 13950118
89662101 13950120
89668732 13950128
89668733 13950128
89668734 13950128
89669218 13950128
89664300 13950131
89668735 13950133
89664305 13950135
89664306 13950135
89666040 13950139
89667945 13950139
89666041 13950142
89668738 13950143
89662742 13950145
89669007 13950146
89669290 13950146
89669292 13950155
89669293 13950162
89662871 13950173
89662914 13950173
89666681 13950173
89668309 13950173
89668310 13950173
89668311 13950173
89668313 13950173
89668374 13950173
89668375 13950173
89659770 13950179
89659776 13950179
89660054 13950179
89664948 13950181
89667436 13950184
89668800 13950184
89668801 13950184
89668802 13950186
89668803 13950186
89668805 13950188
89668799 13950192
89668806 13950192
89667451 13950194
89668807 13950194
89668808 13950196
89666113 13950198
89662735 13950203
89662736 13950203
89662740 13950203
89662746 13950203
89662811 13950203
89665497 13950203
89669362 13950207
89669069 13950213
89669321 13950213
89669322 13950213
89669363 13950213
89669364 13950213
89669329 13950216
89669365 13950216
89668582 13950219
89668584 13950219
89668585 13950219
89668586 13950224
89668587 13950224
89669170 13950224
89663250 13950228
89663371 13950228
89663373 13950228
89668588 13950230
89668589 13950232
89659631 13950234
89660279 13950234
89659632 13950236
89659635 13950236
89667723 13950236
89665974 13950257
89665975 13950257
89668012 13950263
89668013 13950263
89665976 13950265
89667920 13950265
89668014 13950267
89668016 13950267
89665978 13950269
89665979 13950269
89668015 13950270
89667962 13950273
89668019 13950273
89669432 13950284
89669433 13950284
89668642 13950292
89668644 13950292
89668650 13950292
89668651 13950292
89669213 13950294
89669436 13950294
89668652 13950297
89668579 13950301
89668653 13950301
89669437 13950302
89668656 13950306
89669219 13950306
89663443 13950315
89663445 13950315
89659694 13950321
89659699 13950321
89659701 13950321
89667526 13950321
89667527 13950321
89661845 13950323
89666828 13950323
89666829 13950327
89668460 13950327
89665187 13950330
89669501 13950335
89669023 13950345
89669502 13950345
89660413 13950354
89660573 13950354
89664549 13950354
89664868 13950354
89669404 13950354
89668720 13950357
89668724 13950357
89668729 13950357
89667884 13950367
89667949 13950367
89667953 13950367
89668008 13950367
89668009 13950367
89668010 13950367
89668011 13950367
89669504 13950367
89668721 13950369
89669506 13950372
89668723 13950373
89669508 13950376
89669280 13950379
89669341 13950379
89662732 13950381
89668798 13950385
89669281 13950385
89665253 13950390
89665253 165335247
89665253 165335250
89667774 13950390
89667774 165335247
89667774 165335250
89667789 13950390
89667789 165335247
89667789 165335250
89669282 13950392
89662734 13950393
89666426 13950393
89667784 13950402
89668980 13950402
89668981 13950402
89668982 13950402
89669283 13950402
89667448 13950406
89667450 13950406
89669284 13950409
89668996 13950411
89669285 13950411
89669003 13950418
89669006 13950418
89669286 13950418
89669287 13950418
89662739 13950420
89664718 13950420
89669288 13950425
89667832 13950437
89669001 13950437
89669002 13950437
89669289 13950437
89663293 13950444
89663406 13950444
89661209 13950448
89661464 13950448
89661167 13950452
89661466 13950452
89661136 13950466
89661137 13950466
89661140 13950466
89661147 13950466
89661468 13950466
89661707 13950466
89667026 13950466
89667027 13950466
89669205 13950470
89669206 13950470
89669349 13950470
89669350 13950470
89669210 13950473
89669351 13950473
89668566 13950475
89668571 13950475
89669356 13950478
89668572 13950484
89668577 13950484
89668895 13950486
89669257 13950486
89669357 13950486
89669358 13950488
89669261 13950493
89669359 13950493
89668576 13950496
89667998 13950497
89668000 13950497
89667999 13950498
89668001 13950498
89663366 13950509
89663369 13950509
89664752 13950509
89663592 13950516
89663595 13950516
89663609 13950516
89664083 13950516
89665964 13950516
89665965 13950516
89665966 13950516
89665967 13950516
89667913 13950516
89669414 13950516
89668002 13950520
89668003 13950525
89668004 13950527
89668005 13950530
89668006 13950531
89659629 13950533
89669420 13950535
89667894 13950537
89669032 13950537
89669422 13950537
89669019 13950539
89669424 13950539
89668641 13950542
89661737 13950551
89661738 13950551
89661741 13950551
89664048 13950551
89669428 13950551
89669220 13950556
89669429 13950556
89662651 13950564
89662655 13950564
89662657 13950564
89662659 13950564
89662661 13950564
89662663 13950564
89662665 13950564
89662667 13950564
89662831 13950564
89662848 13950564
89663416 13950564
89663418 13950564
89663419 13950564
89663424 13950564
89663430 13950564
89663431 13950564
89663455 13950564
89665694 13950564
89665695 13950564
89665698 13950564
89665699 13950564
89665886 13950564
89665887 13950564
89666034 13950564
89666035 13950564
89666216 13950564
89666218 13950564
89666219 13950564
89668646 13950568
89669198 13950568
89663434 13950574
89665812 13950574
89665814 13950574
89665815 13950574
89661603 13950576
89661608 13950576
89661782 13950576
89661786 13950576
89661939 13950576
89667374 13950580
89667375 13950580
89659471 13950581
89659606 13950581
89659608 13950581
89668716 13950584
89661386 13950589
89661388 13950589
89661997 13950589
89664641 13950589
89664663 13950589
89668267 13950589
89668305 13950589
89668306 13950589
89668717 13950592
89668718 13950594
89659479 13950596
89662727 13950599
89667974 13950607
89667975 13950607
89667976 13950607
89669275 13950607
89668491 13950609
89669276 13950610
89662408 13950614
89662729 13950614
89668492 13950615
89668318 13950618
89669277 13950618
89669332 13950618
89668437 13950632
89668439 13950632
89668442 13950632
89668444 13950632
89668446 13950632
89668496 13950632
89668498 13950632
89669169 13950632
89663280 13950643
89667767 13950643
89664929 13950644
89668432 13950647
89668497 13950647
89668499 13950649
89668500 13950649
89668501 13950649
89669161 13950650
89669340 13950650
89668612 13950652
89669190 13950652
89669342 13950652
89668640 13950656
89669197 13950656
89669343 13950656
89669347 13950656
89668563 13950661
89668564 13950665
89668565 13950665
89669183 13950665
89669184 13950665
89668567 13950668
89663352 13950678
89665842 13950678
89665843 13950678
89667895 13950678
89665097 13950681
89668630 13950686
89668631 13950686
89668632 13950686
89668633 13950688
89669194 13950688
89669417 13950690
89664203 13950692
89668634 13950695
89668635 13950703
89668636 13950703
89668704 13950703
89663257 13950705
89663420 13950705
89665776 13950705
89665777 13950705
89668637 13950708
89668638 13950709
89668639 13950710
89669191 13950712
89669192 13950712
89669193 13950714
89669195 13950717
89667364 13950718
89663135 13950722
89663138 13950722
89666578 13950722
89666580 13950722
89669199 13950724
89666586 13950728
89666587 13950728
89668307 13950728
89668964 13950728
89667248 13950732
89668700 13950732
89668701 13950733
89668703 13950738
89669209 13950738
89659463 13950742
89659464 13950742
89659570 13950742
89665566 13950742
89668705 13950748
89668706 13950751
89668707 13950754
89668708 13950756
89660595 13950759
89668936 13950765
89668938 13950765
89668939 13950765
89668940 13950765
89669262 13950765
89669263 13950765
89668951 13950767
89668952 13950767
89669264 13950767
89662716 13950770
89668480 13950773
89665236 13950776
89668481 13950778
89661315 13950789
89668482 13950789
89664915 13950792
89664916 13950792
89668484 13950797
89668488 13950797
89664917 13950802
89664918 13950802
89668486 13950803
89667437 13950807
89659782 13950811
89659796 13950811
89667438 13950811
89667439 13950811
89668489 13950813
89659450 13950816
89659530 13950816
89659586 13950816
89659588 13950816
89667316 13950816
89667318 13950816
89667319 13950816
89667418 13950816
89667419 13950816
89659534 13950819
89665571 13950819
89659468 13950837
89659509 13950837
89659537 13950837
89659590 13950837
89659594 13950837
89667315 13950837
89667404 13950837
89667405 13950837
89669123 13950840
89669331 13950840
89669333 13950841
89668326 13950852
89669127 13950852
89669334 13950852
89668549 13950858
89668550 13950858
89668551 13950858
89668556 13950858
89668557 13950858
89668558 13950858
89668561 13950858
89668562 13950858
89669178 13950858
89669179 13950858
89669180 13950858
89669181 13950858
89669335 13950861
89668552 13950863
89668553 13950863
89668554 13950865
89668555 13950865
89667506 13950868
89667509 13950868
89666988 13950889
89668483 13950889
89668559 13950889
89668560 13950889
89665082 13950891
89659605 13950892
89665088 13950893
89659609 13950895
89669401 13950896
89669402 13950899
89669403 13950900
89667074 13950906
89667075 13950906
89667076 13950906
89667086 13950906
89667087 13950906
89668620 13950906
89668621 13950906
89668622 13950910
89668623 13950910
89668418 13950915
89669407 13950915
89661293 13950919
89668456 13950919
89669408 13950925
89668624 13950930
89668626 13950931
89668627 13950932
89663411 13950933
89663413 13950933
89663414 13950933
89665816 13950933
89665818 13950933
89665820 13950933
89665822 13950933
89665823 13950933
89668628 13950934
89668629 13950936
89669182 13950937
89669186 13950938
89669187 13950939
89666570 13950940
89666571 13950940
89667070 13950943
89668611 13950943
89669188 13950943
89669189 13950944
89661362 13950948
89667928 13950958
89667929 13950958
89667990 13950958
89659448 13950977
89659452 13950977
89659453 13950977
89659454 13950977
89659513 13950977
89659584 13950977
89660151 13950977
89667410 13950977
89667412 13950977
89667414 13950977
89667415 13950977
89667991 13950981
89659455 13950991
89659456 13950991
89667406 13950991
89667409 13950991
89668786 13950991
89667992 13950994
89659457 13950995
89667995 13950997
89669037 13950997
89667996 13950998
89667997 13951000
89665223 13951003
89668874 13951008
89668875 13951008
89669239 13951008
89669251 13951008
89669255 13951011
89669256 13951011
89667313 13951015
89667422 13951015
89667424 13951015
89668792 13951015
89668793 13951015
89668473 13951017
89668543 13951017
89669166 13951017
89669258 13951019
89668474 13951023
89668475 13951027
89668476 13951029
89668477 13951031
89668478 13951032
89668421 13951038
89668479 13951038
89664680 13951040
89667170 13951040
89667171 13951040
89664682 13951042
89664683 13951042
89662264 13951047
89662286 13951047
89662292 13951047
89662294 13951047
89664685 13951047
89666622 13951047
89666623 13951047
89669320 13951048
89669323 13951050
89666427 13951054
89666428 13951054
89666429 13951054
89668177 13951054
89669068 13951054
89669324 13951054
89668540 13951059
89668541 13951059
89668258 13951063
89669106 13951063
89669325 13951063
89669326 13951064
89669327 13951064
89668535 13951066
89668542 13951066
89668544 13951069
89668548 13951069
89669328 13951070
89668545 13951073
89668546 13951077
89668547 13951079
89665070 13951080
89668610 13951081
89659795 13951084
89663977 13951084
89661282 13951086
89668613 13951089
89668614 13951090
89661284 13951094
89661796 13951094
89666918 13951094
89666919 13951094
89664911 13951096
89668615 13951096
89668616 13951096
89668603 13951098
89668617 13951098
89668618 13951098
89668619 13951098
89662407 13951100
89662622 13951100
89663407 13951103
89668503 13951105
89668504 13951105
89668505 13951105
89669171 13951105
89669172 13951108
89662411 13951112
89662624 13951112
89666500 13951112
89666502 13951112
89666503 13951112
89668257 13951112
89669105 13951112
89668524 13951116
89669173 13951116
89669176 13951121
89669177 13951121
89666728 13951125
89666729 13951125
89668393 13951125
89668394 13951125
89669142 13951125
89668388 13951137
89668389 13951137
89668390 13951137
89668391 13951137
89668392 13951137
89668395 13951137
89668396 13951137
89668397 13951137
89668426 13951137
89669139 13951137
89669143 13951137
89669144 13951137
89669145 13951137
89669154 13951137
89669336 13951137
89666564 13951142
89668398 13951144
89668399 13951145
89660381 13951149
89660570 13951149
89665511 13951149
89667981 13951159
89667982 13951159
89669034 13951159
89669300 13951159
89669302 13951159
89669311 13951159
89667983 13951161
89667984 13951162
89667985 13951163
89667986 13951165
89667987 13951166
89667988 13951169
89668830 13951175
89669242 13951175
89669243 13951175
89669245 13951175
89668461 13951176
89668464 13951177
89669249 13951178
89668465 13951180
89667416 13951182
89668466 13951184
89669165 13951184
89668467 13951188
89664036 13951190
89667071 13951190
89668469 13951192
89668530 13951192
89659516 13951193
89661739 13951199
89661960 13951199
89661962 13951199
89664620 13951199
89664674 13951199
89664676 13951199
89666929 13951199
89668522 13951199
89668526 13951199
89668527 13951199
89669174 13951199
89669051 13951204
89669312 13951204
89669313 13951206
89669318 13951206
89667172 13951207
89667173 13951207
89667178 13951207
89667180 13951207
89667182 13951207
89667184 13951207
89667185 13951207
89667198 13951207
89669062 13951214
89669314 13951214
89669315 13951214
89669317 13951214
89668117 13951217
89669063 13951217
89669316 13951217
89668534 13951220
89669066 13951222
89669319 13951222
89668536 13951224
89668537 13951226
89668538 13951227
89668539 13951229
89668209 13951259
89668212 13951259
89668213 13951259
89668214 13951259
89668216 13951259
89668219 13951259
89669092 13951259
89669093 13951259
89669124 13951259
89669094 13951262
89668146 13951267
89668147 13951267
89668222 13951267
89668225 13951267
89668228 13951267
89669095 13951267
89669097 13951267
89669098 13951267
89669099 13951267
89669100 13951267
89668604 13951270
89668605 13951272
89668607 13951275
89668608 13951279
89668609 13951280
89668455 13951281
89669160 13951281
89669162 13951283
89669163 13951285
89669164 13951285
89668380 13951286
89668382 13951289
89669167 13951294
89669168 13951294
89668383 13951297
89668381 13951298
89668384 13951298
89668385 13951298
89669125 13951298
89669126 13951298
89669137 13951298
89668386 13951300
89668387 13951300
89665772 13951303
89665773 13951303
89662391 13951305
89662393 13951305
89662395 13951305
89667964 13951306
89667970 13951306
89659434 13951307
89667971 13951326
89667972 13951326
89667973 13951326
89667977 13951326
89669033 13951326
89669232 13951329
89668791 13951333
89669234 13951333
89667401 13951337
89665206 13951338
89668450 13951340
89659593 13951342
89668794 13951342
89668795 13951342
89669235 13951342
89668451 13951344
89669236 13951345
89669237 13951346
89668453 13951350
89668454 13951352
89669159 13951352
89668457 13951354
89667408 13951355
89668458 13951357
89668413 13951360
89668414 13951360
89668459 13951360
89669152 13951360
89663247 13951367
89667186 13951372
89667188 13951372
89667189 13951372
89667200 13951372
89667202 13951372
89667203 13951372
89669430 13951372
89669431 13951372
89669303 13951373
89669038 13951374
89669040 13951374
89669304 13951374
89668515 13951376
89668520 13951376
89669305 13951378
89669306 13951378
89669049 13951381
89669309 13951381
89668525 13951383
89668528 13951387
89668529 13951387
89668531 13951387
89668532 13951387
89668533 13951387
89669175 13951387
89668184 13951388
89669077 13951388
89669080 13951388
89661867 13951392
89663137 13951392
89668273 13951392
89668274 13951392
89669081 13951392
89669082 13951395
89669088 13951395
89662895 13951397
89663091 13951397
89664735 13951397
89666254 13951397
89666255 13951397
89666256 13951397
89666257 13951397
89667892 13951398
89667893 13951400
89669151 13951401
89660351 13951403
89660488 13951403
89668371 13951406
89669156 13951408
89669157 13951408
89668372 13951422
89668376 13951422
89668377 13951422
89668378 13951422
89668373 13951426
89668440 13951437
89668441 13951437
89668443 13951437
89668493 13951437
89668494 13951437
89668495 13951437
89669158 13951437
89668379 13951440
89661336 13951441
89667966 13951445
89667967 13951445
89667968 13951445
89667969 13951445
89669045 13951445
89669223 13951446
89669226 13951448
89660347 13951453
89660349 13951453
89664012 13951453
89668438 13951458
89668445 13951458
89669155 13951458
89669229 13951459
89668447 13951463
89668448 13951463
89668449 13951466
89661409 13951468
89661684 13951479
89661911 13951479
89661931 13951479
89661933 13951479
89664647 13951479
89664648 13951479
89664654 13951479
89664655 13951479
89667068 13951479
89668602 13951479
89668692 13951479
89668693 13951479
89668694 13951479
89668695 13951479
89668698 13951479
89669596 13951479
89668509 13951481
89668510 13951481
89668511 13951482
89668517 13951482
89668512 13951483
89668513 13951483
89668514 13951483
89668516 13951484
89668518 13951485
89665040 13951486
89668178 13951489
89668181 13951489
89669072 13951489
89668180 13951491
89668182 13951491
89668187 13951491
89669070 13951491
89669073 13951491
89669074 13951491
89668290 13951492
89668188 13951495
89668190 13951495
89669076 13951495
89669078 13951495
89664724 13951497
89668292 13951498
89660783 13951503
89660931 13951503
89668293 13951503
89668294 13951503
89668336 13951503
89666346 13951510
89666347 13951510
89666456 13951510
89666457 13951510
89666458 13951510
89666460 13951510
89666461 13951510
89668295 13951511
89668296 13951514
89668299 13951514
89668297 13951515
89665680 13951525
89665682 13951525
89665683 13951525
89665802 13951525
89665804 13951525
89667826 13951525
89667249 13951528
89667880 13951529
89667881 13951532
89667944 13951532
89667947 13951532
89667948 13951532
89667882 13951533
89669140 13951537
89669141 13951538
89668360 13951541
89668361 13951543
89668362 13951545
89669147 13951547
89668363 13951549
89664165 13951556
89668400 13951556
89668401 13951556
89668404 13951556
89668406 13951556
89669148 13951556
89668364 13951558
89668366 13951562
89665544 13951565
89668368 13951565
89668369 13951568
89660348 13951573
89660360 13951573
89660544 13951573
89668430 13951577
89668725 13951583
89669214 13951583
89669215 13951583
89669216 13951583
89668431 13951584
89668433 13951588
89668434 13951588
89668435 13951591
89668436 13951592
89664008 13951596
89663223 13951599
89668161 13951599
89660375 13951603
89660613 13951603
89660332 13951608
89660345 13951608
89660614 13951608
89660615 13951608
89661171 13951610
89668502 13951614
89661173 13951617
89664637 13951617
89668506 13951621
89668507 13951624
89668508 13951624
89665031 13951625
89669061 13951627
89668277 13951630
89668278 13951630
89668280 13951630
89668275 13951635
89668276 13951635
89668281 13951635
89668282 13951640
89668287 13951640
89668174 13951643
89668175 13951643
89669067 13951643
89668283 13951645
89668284 13951646
89668285 13951648
89669122 13951648
89668288 13951649
89665670 13951656
89665671 13951656
89667759 13951656
89667763 13951656
89667765 13951656
89669443 13951656
89668289 13951660
89663784 13951671
89663785 13951671
89663816 13951671
89663817 13951671
89663819 13951671
89663820 13951671
89665672 13951671
89665673 13951671
89665674 13951674
89665675 13951674
89667870 13951678
89667871 13951680
89664492 13951682
89667875 13951685
89667876 13951692
89669010 13951692
89669013 13951692
89669295 13951692
89667877 13951693
89667878 13951694
89669014 13951694
89667879 13951696
89669012 13951696
89669132 13951698
89668350 13951700
89668349 13951702
89669135 13951702
89668351 13951706
89669136 13951712
89668352 13951714
89668353 13951715
89669138 13951717
89665109 13951720
89667941 13951720
89668354 13951723
89668355 13951728
89668356 13951729
89668357 13951731
89663141 13951732
89668358 13951734
89663143 13951737
89668359 13951739
89663144 13951742
89667940 13951744
89669028 13951744
89663146 13951747
89666285 13951747
89669638 13951747
89668991 13951748
89667930 13951749
89667942 13951749
89668992 13951750
89667943 13951752
89669030 13951752
89668993 13951755
89667822 13951760
89668994 13951760
89668995 13951760
89661319 13951761
89668997 13951762
89669201 13951764
89667823 13951766
89668998 13951766
89667825 13951767
89668999 13951767
89669203 13951769
89668422 13951770
89668423 13951772
89668425 13951776
89668427 13951780
89668428 13951780
89663344 13951783
89665808 13951783
89665810 13951783
89665811 13951783
89665872 13951783
89665874 13951783
89665876 13951783
89665877 13951783
89668429 13951786
89663213 13951788
89666283 13951788
89668110 13951788
89660606 13951790
89660608 13951796
89664638 13951799
89661161 13951801
89661163 13951802
89665594 13951805
89668942 13951805
89667790 13951808
89668986 13951808
89668987 13951808
89667791 13951811
89667793 13951812
89660383 13951816
89660384 13951816
89664552 13951816
89667794 13951821
89668977 13951821
89668978 13951821
89667795 13951823
89667796 13951826
89667797 13951827
89667798 13951829
89667799 13951830
89669054 13951832
89668265 13951836
89668270 13951836
89668271 13951836
89669111 13951836
89669115 13951836
89668268 13951838
89668269 13951838
89668272 13951838
89669057 13951839
89667224 13951846
89667226 13951846
89668158 13951848
89669058 13951848
89668168 13951850
89669059 13951850
89667861 13951853
89661238 13951858
89669121 13951860
89667869 13951861
89661870 13951865
89668340 13951867
89668343 13951869
89668344 13951869
89668345 13951869
89669134 13951869
89669128 13951877
89668330 13951880
89669129 13951880
89668347 13951882
89668348 13951884
89667932 13951889
89667933 13951890
89668983 13951891
89667934 13951894
89667935 13951894
89667936 13951894
89667939 13951894
89667785 13951897
89667787 13951897
89668984 13951897
89668985 13951899
89667077 13951905
89668988 13951909
89668989 13951912
89663773 13951927
89663774 13951927
89663777 13951927
89663829 13951927
89669642 13951927
89668411 13951930
89668412 13951930
89668416 13951932
89668417 13951932
89665800 13951933
89665801 13951933
89665805 13951936
89668193 13951938
89668194 13951938
89668191 13951940
89668192 13951940
89668195 13951940
89668196 13951940
89668198 13951940
89669079 13951940
89668197 13951944
89668199 13951944
89663844 13951946
89661151 13951948
89665583 13951949
89667742 13951954
89667779 13951954
89667780 13951954
89667775 13951957
89667782 13951957
89667783 13951957
89665589 13951958
89667786 13951963
89667788 13951963
89660376 13951965
89660377 13951965
89660379 13951965
89660612 13951965
89660378 13951966
89660415 13951966
89669044 13951967
89668260 13951969
89669046 13951971
89661793 13951972
89668263 13951976
89668264 13951976
89668266 13951980
89669113 13951980
89669114 13951980
89669119 13951980
89667854 13951981
89667848 13951984
89667855 13951984
89667857 13951986
89669025 13951986
89667858 13951989
89667859 13951989
89669112 13951990
89668331 13951992
89669116 13951995
89669117 13951995
89669118 13951995
89668334 13951997
89668335 13951999
89668337 13952001
89668338 13952002
89668339 13952002
89667921 13952004
89669026 13952004
89668972 13952008
89667923 13952011
89667926 13952011
89667924 13952012
89667744 13952013
89668974 13952013
89667925 13952014
89662311 13952015
89662313 13952015
89662315 13952015
89662317 13952015
89662318 13952015
89662348 13952015
89667152 13952015
89667154 13952015
89667156 13952015
89667157 13952015
89667282 13952015
89667283 13952015
89667927 13952018
89668976 13952019
89666282 13952021
89668979 13952023
89668402 13952025
89668403 13952027
89668405 13952028
89668407 13952029
89668408 13952031
89668409 13952031
89660298 13952038
89661113 13952040
89664610 13952040
89668185 13952041
89668189 13952042
89661141 13952043
89667771 13952045
89667745 13952059
89667748 13952059
89667749 13952059
89667772 13952059
89667773 13952059
89667776 13952059
89667777 13952059
89667778 13952059
89667781 13952059
89668973 13952059
89668975 13952059
89661139 13952061
89661146 13952061
89666990 13952063
89666991 13952063
89662113 13952064
89662383 13952064
89666994 13952064
89666995 13952064
89666996 13952064
89666997 13952064
89662414 13952067
89662510 13952067
89665077 13952067
89665078 13952067
89668250 13952067
89668252 13952067
89668261 13952067
89669102 13952067
89669110 13952067
89668245 13952070
89668249 13952070
89668251 13952070
89668963 13952070
89669101 13952070
89669103 13952070
89669109 13952070
89669036 13952072
89668253 13952075
89668254 13952076
89668255 13952079
89668256 13952080
89668259 13952084
89667840 13952086
89661214 13952088
89668888 13952091
89668889 13952091
89668890 13952091
89668891 13952093
89668892 13952096
89667837 13952099
89667843 13952099
89668893 13952101
89667844 13952106
89669004 13952106
89669005 13952106
89669291 13952106
89661218 13952108
89668894 13952110
89667845 13952115
89667846 13952115
89667847 13952115
89668896 13952116
89668897 13952118
89668898 13952119
89668899 13952120
89669104 13952122
89668320 13952123
89668308 13952129
89668312 13952129
89668321 13952129
89668322 13952134
89668323 13952134
89661854 13952136
89668246 13952140
89668247 13952140
89669107 13952140
89668324 13952145
89668325 13952145
89669108 13952147
89668327 13952148
89668328 13952148
89668329 13952150
89662329 13952155
89662330 13952155
89667906 13952158
89667909 13952158
89667910 13952158
89668960 13952160
89667911 13952162
89662335 13952163
89666989 13952163
89662336 13952164
89667914 13952169
89667915 13952171
89667916 13952172
89668965 13952173
89667918 13952175
89667919 13952177
89664538 13952178
89667690 13952181
89660284 13952183
89666401 13952185
89668170 13952185
89668171 13952185
89668172 13952189
89668176 13952189
89668173 13952190
89668179 13952191
89665561 13952192
89665563 13952195
89667755 13952199
89667758 13952199
89667760 13952199
89667764 13952201
89665569 13952203
89668790 13952203
89659862 13952206
89669598 13952206
89667766 13952208
89667768 13952209
89667887 13952219
89669018 13952219
89669020 13952219
89669021 13952219
89669022 13952219
89669298 13952219
89666986 13952224
89669024 13952226
89668239 13952227
89668240 13952227
89668242 13952227
89668248 13952227
89669027 13952228
89669029 13952230
89661777 13952231
89661779 13952234
89667830 13952235
89661205 13952236
89661752 13952236
89668880 13952237
89668881 13952237
89668882 13952239
89668883 13952241
89665841 13952259
89667801 13952259
89667833 13952259
89667834 13952259
89667835 13952259
89667836 13952259
89667841 13952259
89667842 13952259
89668884 13952261
89668885 13952262
89668886 13952263
89667838 13952264
89667839 13952265
89668887 13952266
89662890 13952267
89661833 13952268
89661844 13952268
89668314 13952269
89668315 13952271
89668316 13952274
89668317 13952276
89668319 13952278
89665704 13952285
89665704 165335247
89665705 13952285
89665705 165335247
89663355 13952295
89667862 13952295
89667863 13952295
89667864 13952295
89667900 13952295
89667901 13952295
89667902 13952295
89667905 13952295
89667908 13952295
89667903 13952303
89668090 13952308
89668946 13952311
89668953 13952311
89666251 13952314
89668092 13952314
89667907 13952316
89668955 13952319
89668956 13952321
89668957 13952322
89668958 13952324
89668959 13952326
89668098 13952328
89668160 13952329
89659783 13952331
89662760 13952332
89666328 13952332
89666330 13952332
89668183 13952332
89668164 13952335
89667116 13952338
89667117 13952338
89668165 13952346
89668167 13952346
89668169 13952346
89668166 13952347
89665550 13952348
89665552 13952349
89667750 13952350
89667751 13952351
89667752 13952351
89667753 13952352
89665557 13952353
89663696 13952355
89665650 13952355
89665652 13952355
89665654 13952355
89667754 13952355
89667756 13952355
89667757 13952356
89669011 13952361
89669016 13952372
89669017 13952372
89668231 13952377
89668232 13952377
89668234 13952377
89668233 13952379
89668235 13952381
89668236 13952383
89668237 13952384
89667821 13952386
89668870 13952390
89668871 13952393
89668872 13952395
89667824 13952398
89668873 13952400
89667827 13952402
89667828 13952406
89668876 13952408
89668877 13952408
89667829 13952411
89668878 13952415
89668879 13952415
89668301 13952417
89668302 13952419
89668303 13952419
89662884 13952421
89668152 13952421
89668153 13952421
89668304 13952422
89661838 13952424
89662887 13952428
89668941 13952433
89659618 13952438
89668907 13952438
89668943 13952438
89668944 13952438
89669400 13952438
89668081 13952439
89666250 13952443
89668083 13952445
89668084 13952447
89668085 13952447
89668914 13952448
89668916 13952448
89668947 13952448
89668948 13952448
89668088 13952451
89668089 13952451
89668091 13952451
89660261 13952452
89667674 13952454
89667675 13952454
89660264 13952456
89668150 13952457
89668151 13952460
89668154 13952461
89668155 13952463
89668156 13952464
89668157 13952466
89668159 13952468
89667740 13952475
89667741 13952477
89667743 13952479
89667746 13952482
89668796 13952483
89668797 13952483
89669000 13952487
89661750 13952489
89661751 13952489
89668220 13952491
89661753 13952492
89668221 13952493
89669008 13952496
89661229 13952499
89661664 13952499
89669412 13952505
89664209 13952510
89667334 13952510
89667335 13952510
89661235 13952512
89660675 13952515
89666746 13952515
89666747 13952515
89659746 13952523
89659764 13952523
89660026 13952523
89667574 13952523
89667575 13952523
89660314 13952527
89660472 13952527
89660519 13952527
89664174 13952529
89669654 13952529
89669655 13952529
89660698 13952531
89661721 13952532
89662886 13952534
89662888 13952534
89663043 13952534
89663045 13952534
89663060 13952534
89664731 13952534
89662889 13952537
89663055 13952537
89663067 13952537
89663070 13952537
89664302 13952537
89666376 13952537
89666377 13952537
89666378 13952537
89666380 13952537
89666381 13952537
89659680 13952538
89659745 13952549
89659745 165276896
89659745 165276897
89660069 13952549
89660069 165276896
89660069 165276897
89660356 13952549
89660356 165276896
89660356 165276897
89660357 13952549
89660357 165276896
89660357 165276897
89665369 13952549
89665369 165276896
89665369 165276897
89667370 13952549
89667370 165276896
89667370 165276897
89667371 13952549
89667371 165276896
89667371 165276897
89667460 13952549
89667460 165276896
89667460 165276897
89667461 13952549
89667461 165276896
89667461 165276897
89667472 13952549
89667472 165276896
89667472 165276897
89667473 13952549
89667473 165276896
89667473 165276897
89667578 13952549
89667578 165276896
89667578 165276897
89667579 13952549
89667579 165276896
89667579 165276897
89667688 13952549
89667688 165276896
89667688 165276897
89667689 13952549
89667689 165276896
89667689 165276897
89663274 13952558
89663277 13952558
89663326 13952558
89663464 13952558
89664328 13952558
89664794 13952558
89665492 13952558
89665624 13952558
89665625 13952558
89665684 13952558
89665686 13952558
89665687 13952558
89660968 13952559
89661017 13952559
89665167 13952559
89665288 13952559
89661193 13952563
89659732 13952564
89660048 13952564
89660129 13952564
89661247 13952566
89660746 13952585
89660758 13952585
89659636 13952588
89663963 13952588
89660344 13952592
89660553 13952592
89664267 13952594
89661333 13952598
89661335 13952598
89665199 13952600
89661338 13952603
89661339 13952603
89661340 13952603
89661341 13952603
89661881 13952603
89669610 13952604
89664844 13952654
89664845 13952654
89660642 13952663
89660646 13952663
89660822 13952663
89660845 13952663
89660938 13952663
89664588 13952663
89666786 13952663
89666787 13952663
89666788 13952663
89666790 13952663
89666792 13952663
89666793 13952663
89666816 13952663
89661389 13952698
89661393 13952698
89661968 13952698
89663140 13952698
89664043 13952698
89665054 13952698
89665055 13952698
89666360 13952698
89666362 13952698
89666364 13952698
89666366 13952698
89666368 13952698
89666370 13952698
89666372 13952698
89666374 13952698
89666375 13952698
89666536 13952698
89666537 13952698
89666538 13952698
89666540 13952698
89666542 13952698
89666543 13952698
89666546 13952698
89666547 13952698
89666548 13952698
89666549 13952698
89666704 13952698
89666705 13952698
89668452 13952705
89660769 13952712
89660770 13952712
89660774 13952712
89660831 13952712
89666630 13952712
89666631 13952712
89659963 13952715
89664503 13952715
89664996 13952715
89664997 13952715
89664998 13952715
89667682 13952715
89667684 13952715
89667685 13952715
89661307 13952717
89666814 13952717
89666815 13952717
89664537 13952720
89665592 13952720
89665593 13952720
89660296 13952723
89662755 13952725
89662756 13952725
89662757 13952725
89662758 13952725
89662422 13952728
89662630 13952728
89664595 13952731
89665378 13952731
89661014 13952735
89661015 13952735
89661016 13952735
89665015 13952735
89665016 13952735
89669651 13952739
89660699 13952742
89660766 13952742
89661026 13952742
89666688 13952742
89666689 13952742
89661184 13952744
89661198 13952744
89661591 13952747
89664986 13952747
89664987 13952747
89661785 13952761
89661789 13952761
89664037 13952761
89666860 13952761
89666861 13952761
89666944 13952761
89666946 13952761
89666947 13952761
89661613 13952773
89661780 13952773
89664617 13952773
89666866 13952773
89666868 13952773
89666870 13952773
89666872 13952773
89666873 13952773
89666874 13952773
89666876 13952773
89666877 13952773
89660693 13952775
89660983 13952775
89663458 13952779
89665518 13952779
89660465 13952782
89667598 13952782
89667599 13952782
89660773 13952783
89667204 13952785
89667206 13952785
89667207 13952785
89661253 13952789
89661254 13952789
89661258 13952789
89661265 13952789
89661266 13952789
89661473 13952789
89661668 13952789
89662035 13952789
89664670 13952789
89665281 13952789
89666894 13952789
89666895 13952789
89666897 13952789
89666898 13952789
89666900 13952789
89666901 13952789
89669618 13952789
89663243 13952794
89663347 13952794
89663726 13952794
89664799 13952794
89665890 13952794
89665891 13952794
89665892 13952794
89665893 13952794
89665894 13952794
89665895 13952794
89665896 13952794
89665898 13952794
89665900 13952794
89665901 13952794
89665918 13952794
89665920 13952794
89665921 13952794
89665922 13952794
89665924 13952794
89665925 13952794
89665926 13952794
89665927 13952794
89665948 13952794
89665950 13952794
89665952 13952794
89665953 13952794
89660741 13952797
89660833 13952797
89660992 13952797
89660994 13952797
89660995 13952797
89662694 13952798
89665039 13952799
89660365 13952803
89660369 13952803
89664543 13952803
89667478 13952803
89667479 13952803
89663429 13952808
89663511 13952808
89665638 13952808
89665639 13952808
89665640 13952808
89665641 13952808
89660690 13952811
89662691 13952814
89662692 13952814
89666302 13952814
89666303 13952814
89666304 13952814
89666306 13952814
89662693 13952816
89662696 13952816
89666307 13952816
89666308 13952816
89666309 13952816
89661179 13952823
89661207 13952823
89661269 13952823
89662045 13952823
89667030 13952823
89667031 13952823
89661244 13952827
89661860 13952829
89662418 13952832
89662420 13952832
89662508 13952832
89662558 13952832
89662584 13952832
89662647 13952832
89662680 13952832
89665080 13952832
89666396 13952832
89666398 13952832
89666399 13952832
89666416 13952832
89666417 13952832
89666430 13952832
89666431 13952832
89667366 13952842
89667367 13952842
89667454 13952842
89667456 13952842
89667458 13952842
89667459 13952842
89667462 13952842
89667464 13952842
89667466 13952842
89667467 13952842
89667580 13952842
89667582 13952842
89667584 13952842
89667585 13952842
89659668 13952846
89668927 13952846
89668928 13952846
89669260 13952846
89661360 13952847
89661865 13952848
89665119 13952848
89660901 13952851
89661005 13952851
89662478 13952852
89669616 13952857
89664098 13952861
89664665 13952861
89665542 13952861
89668365 13952861
89660997 13952862
89663342 13952866
89663482 13952866
89665806 13952866
89665807 13952866
89665830 13952866
89665831 13952866
89661718 13952869
89661719 13952869
89661894 13952873
89661262 13952882
89666850 13952882
89666851 13952882
89666950 13952882
89666952 13952882
89666953 13952882
89666954 13952882
89666956 13952882
89666958 13952882
89666960 13952882
89666961 13952882
89666962 13952882
89666963 13952882
89660976 13952885
89665219 13952889
89665531 13952889
89666228 13952889
89666229 13952889
89668053 13952889
89661212 13952893
89667022 13952893
89667024 13952893
89667025 13952893
89659717 13952910
89659721 13952910
89659740 13952910
89659749 13952910
89659762 13952910
89659797 13952910
89659816 13952910
89659825 13952910
89659829 13952910
89660206 13952910
89660214 13952910
89660218 13952910
89667340 13952910
89667341 13952910
89667428 13952910
89667429 13952910
89667522 13952910
89667524 13952910
89667525 13952910
89667640 13952910
89667641 13952910
89662482 13952917
89666020 13952917
89666021 13952917
89663537 13952926
89663573 13952926
89663585 13952926
89663669 13952926
89665708 13952926
89665709 13952926
89665726 13952926
89665728 13952926
89665729 13952926
89659649 13952937
89659972 13952937
89663959 13952937
89667732 13952937
89667733 13952937
89664668 13952940
89661192 13952941
89662899 13952944
89663110 13952944
89663125 13952944
89663128 13952944
89663132 13952944
89663535 13952944
89663606 13952944
89663622 13952944
89663737 13952944
89666058 13952944
89666060 13952944
89666061 13952944
89666258 13952944
89666260 13952944
89666261 13952944
89666268 13952944
89666269 13952944
89662870 13952951
89665375 13952953
89660346 13952968
89660363 13952968
89660386 13952968
89660395 13952968
89660396 13952968
89660397 13952968
89660447 13952968
89665185 13952968
89665186 13952968
89667482 13952968
89667484 13952968
89667485 13952968
89669606 13952968
89660329 13952975
89660330 13952975
89660339 13952975
89660340 13952975
89660341 13952975
89660451 13952975
89664541 13952975
89667610 13952975
89667611 13952975
89667616 13952975
89667618 13952975
89667620 13952975
89667622 13952975
89667624 13952975
89667625 13952975
89667612 13952976
89667613 13952976
89664222 13952977
89667276 13952978
89667277 13952978
89665585 13952979
89660704 13952981
89660705 13952981
89666652 13952981
89666653 13952981
89661232 13952982
89661234 13952982
89661242 13952982
89661899 13952982
89661012 13952983
89666190 13952984
89666191 13952984
89665275 13952986
89667262 13952987
89667263 13952988
89660887 13952994
89660946 13952994
89666754 13952994
89666755 13952994
89660985 13952996
89661018 13952996
89660003 13953013
89660003 165276906
89660311 13953013
89660311 165276906
89660467 13953013
89660467 165276906
89665182 13953013
89665182 165276906
89665183 13953013
89665183 165276906
89665270 13953013
89665270 165276906
89665271 13953013
89665271 165276906
89667594 13953013
89667594 165276906
89667595 13953013
89667595 165276906
89667596 13953013
89667596 165276906
89667597 13953013
89667597 165276906
89667600 13953013
89667600 165276906
89667601 13953013
89667601 165276906
89669600 13953013
89669600 165276906
89659692 13953014
89659907 13953014
89659980 13953014
89667652 13953014
89667653 13953014
89669597 13953014
89669602 13953014
89659654 13953019
89659693 13953031
89660273 13953031
89665269 13953031
89669601 13953031
89659428 13953034
89660126 13953034
89664085 13953034
89659425 13953035
89660762 13953038
89665500 13953038
89665501 13953038
89665502 13953038
89662448 13953041
89662535 13953041
89662662 13953041
89662774 13953041
89662891 13953041
89662893 13953041
89665095 13953041
89665096 13953041
89666200 13953041
89666201 13953041
89666238 13953041
89666239 13953041
89666240 13953041
89666241 13953041
89666242 13953041
89666243 13953041
89666246 13953041
89666247 13953041
89660706 13953043
89661019 13953043
89664319 13953044
89660696 13953046
89661375 13953049
89664104 13953049
89661186 13953051
89661195 13953051
89661237 13953051
89661240 13953051
89661251 13953051
89661662 13953051
89662038 13953051
89667032 13953051
89667034 13953051
89667035 13953051
89662076 13953059
89661007 13953060
89665277 13953060
89665030 13953062
89669609 13953062
89660307 13953072
89660326 13953072
89660532 13953072
89660538 13953072
89667712 13953072
89667713 13953072
89669607 13953072
89660710 13953078
89660723 13953078
89660732 13953078
89660737 13953078
89660742 13953078
89660745 13953078
89661025 13953078
89664113 13953078
89667372 13953079
89667373 13953079
89662697 13953080
89661233 13953081
89664192 13953083
89661326 13953085
89661327 13953085
89661328 13953085
89661197 13953087
89661199 13953087
89661203 13953087
89661660 13953087
89664169 13953087
89664176 13953087
89669627 13953087
89665192 13953089
89664315 13953091
89660720 13953093
89660728 13953093
89660751 13953093
89660761 13953093
89660988 13953093
89663384 13953099
89663474 13953099
89664790 13953099
89665744 13953099
89665746 13953099
89665748 13953099
89665750 13953099
89665751 13953099
89663260 13953100
89665760 13953100
89665762 13953100
89665763 13953100
89660969 13953102
89664316 13953103
89660692 13953104
89660984 13953104
89660731 13953106
89660764 13953106
89659767 13953108
89659772 13953108
89659768 13953109
89659765 13953112
89667560 13953112
89667561 13953112
89667562 13953112
89667563 13953112
89660011 13953115
89667564 13953115
89667565 13953115
89667558 13953119
89667559 13953119
89660262 13953121
89662638 13953123
89662779 13953123
89665221 13953123
89665222 13953123
89661863 13953125
89667142 13953128
89667144 13953128
89667145 13953128
89665758 13953131
89665759 13953131
89665021 13953133
89664122 13953136
89660702 13953137
89660716 13953137
89660727 13953137
89663872 13953137
89665287 13953137
89661308 13953138
89660399 13953139
89660401 13953139
89662099 13953142
89666992 13953142
89666993 13953142
89667146 13953142
89667148 13953142
89667149 13953142
89667281 13953142
89669395 13953142
89669657 13953142
89660713 13953143
89660714 13953143
89660715 13953143
89660717 13953143
89660835 13953143
89660975 13953143
89661379 13953143
89666668 13953143
89666669 13953143
89664581 13953145
89660596 13953149
89667306 13953149
89667307 13953149
89667308 13953149
89667310 13953149
89667311 13953149
89667378 13953149
89667379 13953149
89667394 13953149
89667395 13953149
89667486 13953149
89667487 13953149
89667488 13953149
89667490 13953149
89667491 13953149
89664231 13953152
89665172 13953154
89661003 13953156
89661004 13953156
89660982 13953158
89660750 13953160
89663281 13953161
89663468 13953161
89663470 13953161
89660312 13953164
89660469 13953164
89660517 13953164
89661391 13953165
89661479 13953165
89662912 13953165
89662920 13953165
89665171 13953165
89666530 13953165
89666531 13953165
89666598 13953165
89666599 13953165
89666606 13953165
89666607 13953165
89662785 13953170
89669500 13953170
89659673 13953175
89667664 13953175
89667666 13953175
89667667 13953175
89667678 13953175
89667679 13953175
89664314 13953178
89660759 13953180
89667284 13953183
89667286 13953184
89667288 13953184
89667289 13953184
89665111 13953185
89666126 13953185
89666127 13953185
89666130 13953185
89666131 13953185
89661174 13953186
89661182 13953186
89661716 13953186
89661888 13953186
89661890 13953186
89661892 13953186
89665509 13953186
89667084 13953186
89667085 13953186
89665732 13953187
89665733 13953187
89665734 13953187
89665736 13953187
89665738 13953187
89665739 13953187
89661322 13953191
89661629 13953191
89661869 13953191
89661874 13953191
89665333 13953191
89666708 13953191
89666710 13953191
89666712 13953191
89666714 13953191
89666716 13953191
89666717 13953191
89666772 13953191
89666773 13953191
89669617 13953191
89665293 13953192
89665313 13953192
89662433 13953195
89665529 13953195
89662094 13953200
89662095 13953200
89662202 13953200
89662232 13953200
89662327 13953200
89664679 13953200
89667140 13953200
89667141 13953200
89667150 13953200
89667151 13953200
89661346 13953202
89661351 13953202
89661364 13953202
89661862 13953202
89661864 13953202
89665297 13953203
89661834 13953204
89662715 13953207
89662862 13953207
89664723 13953207
89665421 13953207
89665495 13953207
89666092 13953207
89666093 13953207
89666160 13953207
89666162 13953207
89666164 13953207
89666165 13953207
89662473 13953215
89664714 13953215
89665990 13953215
89665991 13953215
89665998 13953215
89665999 13953215
89666002 13953215
89666004 13953215
89666006 13953215
89666008 13953215
89666009 13953215
89666015 13953215
89666016 13953215
89666018 13953215
89666019 13953215
89666028 13953215
89666029 13953215
89660998 13953219
89661000 13953219
89663268 13953223
89663271 13953223
89663363 13953223
89663387 13953223
89665642 13953223
89665643 13953223
89665710 13953223
89665712 13953223
89665713 13953223
89665714 13953223
89665716 13953223
89665717 13953223
89665790 13953223
89665791 13953223
89660475 13953241
89661226 13953241
89661580 13953241
89661762 13953241
89665371 13953241
89667122 13953241
89667124 13953241
89667126 13953241
89667128 13953241
89667129 13953241
89667264 13953241
89667265 13953241
89664313 13953245
89661022 13953247
89664124 13953247
89660701 13953249
89660977 13953249
89662777 13953250
89662182 13953261
89667001 13953261
89667010 13953261
89667011 13953261
89668578 13953261
89667000 13953262
89667002 13953263
89667004 13953263
89667005 13953268
89661371 13953279
89662001 13953279
89664102 13953279
89663395 13953282
89665838 13953285
89665839 13953285
89665882 13953285
89665883 13953285
89665626 13953290
89665627 13953290
89661150 13953293
89661152 13953293
89661156 13953293
89661893 13953294
89661231 13953295
89661236 13953295
89661243 13953295
89661246 13953295
89661720 13953295
89661900 13953295
89660643 13953312
89660818 13953312
89666740 13953312
89666742 13953312
89666744 13953312
89666745 13953312
89669614 13953312
89662111 13953314
89662314 13953314
89662429 13953318
89662431 13953318
89662515 13953318
89665302 13953318
89666202 13953318
89666204 13953318
89669630 13953318
89661160 13953322
89667676 13953324
89667677 13953324
89667680 13953324
89667681 13953324
89661176 13953341
89661304 13953343
89661305 13953343
89661830 13953343
89666818 13953343
89666820 13953343
89666821 13953343
89666832 13953343
89666834 13953343
89666835 13953343
89666836 13953343
89666837 13953343
89659872 13953362
89660282 13953362
89660400 13953362
89661138 13953362
89661149 13953362
89663866 13953362
89665189 13953362
89665389 13953362
89667130 13953362
89667132 13953362
89667133 13953362
89660373 13953364
89660335 13953375
89660343 13953375
89660354 13953375
89664542 13953375
89660294 13953386
89660305 13953386
89660429 13953386
89660463 13953386
89660523 13953386
89669442 13953386
89664516 13953392
89661891 13953395
89660964 13953397
89662404 13953404
89662505 13953404
89662621 13953404
89662724 13953404
89663134 13953404
89663136 13953404
89666566 13953404
89666567 13953404
89666584 13953404
89666585 13953404
89666596 13953404
89666597 13953404
89666602 13953404
89666603 13953404
89666604 13953404
89666605 13953404
89663016 13953415
89666252 13953415
89666253 13953415
89666344 13953415
89666345 13953415
89666451 13953415
89666452 13953415
89666453 13953415
89660733 13953417
89659640 13953420
89659987 13953420
89663538 13953422
89662416 13953440
89662425 13953440
89662636 13953440
89662730 13953440
89662733 13953440
89662748 13953440
89662761 13953440
89662771 13953440
89664722 13953440
89666298 13953440
89666300 13953440
89666301 13953440
89666406 13953440
89666408 13953440
89666410 13953440
89666412 13953440
89666413 13953440
89666492 13953440
89666493 13953440
89666494 13953440
89666495 13953440
89666520 13953440
89666521 13953440
89666522 13953440
89666524 13953440
89666525 13953440
89669629 13953440
89660679 13953442
89661008 13953442
89661011 13953442
89660893 13953446
89661065 13953446
89661316 13953446
89659553 13953454
89659554 13953454
89659617 13953454
89660128 13953454
89660132 13953454
89660134 13953454
89660138 13953454
89660140 13953454
89660142 13953454
89660148 13953454
89660149 13953454
89663943 13953454
89663953 13953454
89664854 13953454
89664855 13953454
89667330 13953454
89667331 13953454
89667356 13953454
89667358 13953454
89667359 13953454
89667552 13953454
89667554 13953454
89667555 13953454
89666608 13953460
89666609 13953460
89661804 13953467
89661805 13953467
89660722 13953468
89659652 13953478
89659652 165276895
89659660 13953478
89659660 165276895
89659662 13953478
89659662 165276895
89659665 13953478
89659665 165276895
89659666 13953478
89659666 165276895
89664212 13953478
89664212 165276895
89664213 13953478
89664213 165276895
89667646 13953478
89667646 165276895
89667647 13953478
89667647 165276895
89667654 13953478
89667654 165276895
89667656 13953478
89667656 165276895
89667657 13953478
89667657 165276895
89667672 13953478
89667672 165276895
89667673 13953478
89667673 165276895
89667696 13953478
89667696 165276895
89667697 13953478
89667697 165276895
89659628 13953481
89659630 13953481
89660404 13953486
89660412 13953486
89664018 13953486
89664550 13953486
89661172 13953494
89661222 13953494
89661223 13953494
89661402 13953494
89662085 13953494
89662321 13953494
89667134 13953494
89667135 13953494
89667136 13953494
89667138 13953494
89667139 13953494
89667260 13953494
89667261 13953494
89660735 13953495
89664598 13953495
89664955 13953495
89660725 13953496
89660726 13953496
89660973 13953496
89662503 13953498
89662726 13953498
89662728 13953498
89666490 13953498
89666491 13953498
89664257 13953501
89664272 13953501
89666646 13953501
89666648 13953501
89666649 13953501
89666750 13953501
89666751 13953501
89664580 13953502
89660687 13953504
89660700 13953504
89660711 13953504
89660724 13953504
89660974 13953504
89660981 13953504
89666656 13953504
89666657 13953504
89665184 13953506
89660366 13953508
89669415 13953509
89660718 13953511
89660989 13953511
89662689 13953513
89662690 13953513
89666178 13953513
89666181 13953513
89669641 13953513
89666150 13953519
89666152 13953519
89666153 13953519
89662347 13953522
89667012 13953522
89662110 13953525
89662350 13953525
89667013 13953525
89661241 13953526
89666906 13953526
89666908 13953526
89666909 13953526
89662773 13953529
89662782 13953529
89666194 13953529
89666196 13953529
89666197 13953529
89666198 13953529
89666199 13953529
89666212 13953529
89666214 13953529
89666215 13953529
89669632 13953529
89661889 13953530
89663509 13953531
89662435 13953533
89662712 13953533
89662713 13953533
89662784 13953533
89662838 13953533
89664172 13953533
89664173 13953533
89664193 13953533
89664195 13953533
89664197 13953533
89665496 13953533
89666182 13953533
89666183 13953533
89667504 13953536
89667505 13953536
89667642 13953536
89667643 13953536
89659724 13953537
89659737 13953537
89659725 13953538
89667540 13953539
89667541 13953539
89667538 13953540
89667539 13953540
89664322 13953541
89660895 13953542
89665386 13953542
89665766 13953545
89665767 13953548
89665768 13953548
89665769 13953553
89659477 13953570
89659546 13953570
89659836 13953570
89659838 13953570
89659839 13953570
89659842 13953570
89659844 13953570
89659848 13953570
89659850 13953570
89659852 13953570
89659854 13953570
89659855 13953570
89659856 13953570
89659857 13953570
89659917 13953570
89659923 13953570
89660094 13953570
89660100 13953570
89660118 13953570
89660145 13953570
89660168 13953570
89660198 13953570
89660235 13953570
89660246 13953570
89663857 13953570
89663994 13953570
89667240 13953570
89667241 13953570
89660046 13953574
89661376 13953575
89661898 13953575
89661831 13953576
89661842 13953576
89666830 13953576
89666831 13953576
89661884 13953578
89661886 13953578
89661887 13953578
89662120 13953603
89662122 13953603
89662125 13953603
89662128 13953603
89662235 13953603
89662267 13953603
89662332 13953603
89662394 13953603
89666878 13953603
89666879 13953603
89660393 13953607
89665546 13953613
89660555 13953614
89667480 13953614
89667481 13953614
89667474 13953620
89667476 13953620
89667477 13953620
89664544 13953624
89659711 13953626
89659715 13953626
89667548 13953626
89667550 13953626
89667551 13953626
89659435 13953627
89663945 13953627
89659437 13953630
89659438 13953630
89659439 13953630
89667510 13953630
89667512 13953630
89667514 13953630
89667516 13953630
89667518 13953630
89667519 13953630
89660986 13953631
89666802 13953635
89666804 13953636
89666805 13953639
89667698 13953643
89667700 13953643
89667702 13953643
89667703 13953643
89662679 13953645
89666010 13953645
89666011 13953645
89666036 13953645
89666037 13953645
89661344 13953652
89661354 13953652
89661356 13953652
89661363 13953652
89662706 13953653
89659710 13953654
89659744 13953654
89659748 13953654
89659775 13953654
89660034 13953654
89660071 13953654
89660260 13953654
89666192 13953655
89666193 13953656
89660757 13953657
89662104 13953671
89662119 13953671
89662124 13953671
89662353 13953671
89662386 13953671
89664681 13953671
89666998 13953671
89666999 13953671
89668573 13953671
89668969 13953671
89669185 13953671
89665006 13953673
89659671 13953682
89659686 13953682
89659959 13953682
89667704 13953682
89667705 13953682
89667706 13953682
89667707 13953682
89662710 13953683
89660664 13953684
89660827 13953684
89660897 13953684
89660941 13953684
89665027 13953684
89665377 13953684
89669624 13953686
