76565467 13540849
76565467 13968436
76564082 13545175
76564082 13969719
76564381 13545175
76564381 13969719
72805443 13550500
72805443 13968751
76567634 13937547
76567637 13937547
76567637 13970595
76567741 13937547
76567741 13970595
76567744 13937547
76567744 13970595
76567773 13937547
76567773 13970595
76567774 13937547
76567774 13970595
76568137 13938387
76568137 13970547
76568144 13938387
76568144 13970547
76569462 13969187
76569462 13976156
76569464 13969187
76569464 13976156
76567867 13970842
76567867 13978448
76569466 13970844
76569466 13978448
76569467 13970844
76569467 13978448
76568779 107030848
76568779 13971274
76568985 107030848
76568985 13971274
76566031 107030911
76566031 13970566
76566092 107030911
76566092 13970566
76566746 107030911
76566746 13970566
76572343 107030911
76572343 13970566
76572344 107030911
76572344 13970566
76566024 107030951
76566024 129441414
76566024 13969607
76566026 107030951
76566026 129441414
76566026 13969607
76566027 107030951
76566027 129441414
76566027 13969607
76566041 107030951
76566041 129441414
76566041 13969607
76566368 107030951
76566368 129441414
76566368 13969607
76566036 107030977
76566036 13970985
76566038 107030977
76566038 13970985
76566021 107030979
76566021 13970974
76566023 107030979
76566023 13970974
76566633 107030979
76566633 13970974
76566642 107030979
76566642 13970974
76566040 107031005
76566040 13971113
76566056 107031005
76566056 13971113
76566083 107031005
76566083 13971113
76566100 107031005
76566100 13971113
76566118 107031005
76566118 13971113
76566158 107031005
76566158 13971113
76566177 107031005
76566177 13971113
76566180 107031005
76566180 13971113
76566185 107031005
76566185 13971113
76566978 107031005
76566978 13971113
76566983 107031005
76566983 13971113
76564603 107331510
76564603 13970580
76564868 107331510
76564868 13970580
76571456 107331510
76571456 13970580
76571457 107331510
76571457 13970580
76571766 107331510
76571766 13970580
76572414 107331510
76572414 13970580
76566011 129441422
76566011 13971102
76566015 129441422
76566015 13971102
76565991 129441571
76565991 13971695
76566002 129441571
76566002 13971695
76566009 129441571
76566009 13971695
76570357 129441571
76570357 13971695
76572295 129441571
76572295 13971695
76572342 129441571
76572342 13971695
76565970 129441573
76565970 13970540
76565985 129441573
76565985 13970540
76565994 129441573
76565994 13970540
76566012 129441573
76566012 13970540
76566020 129441573
76566020 13970540
76566701 129441573
76566701 13970540
76565877 129441574
76565877 13970831
76565931 129441574
76565931 13970831
76565989 129441574
76565989 13970831
76565997 129441574
76565997 13970831
76566014 129441574
76566014 13970831
76566022 129441574
76566022 13970831
76566622 129441574
76566622 13970831
76566902 129441574
76566902 13970831
76566907 129441574
76566907 13970831
76569678 129441574
76569678 13970831
76570801 129441574
76570801 13970831
76572932 129441574
76572932 13970831
76572933 129441574
76572933 13970831
76573178 129441574
76573178 13970831
76566013 129441591
76566013 13968320
76566016 129441591
76566016 13968320
76566018 129441591
76566018 13968320
76566631 129441591
76566631 13968320
76566640 129441591
76566640 13968320
76566896 129441591
76566896 13968320
76571446 13968297
76570161 13968299
76571608 13968299
76565993 13968301
76565996 13968301
76565998 13968301
76566628 13968301
76566894 13968301
76566178 13968304
76571119 13968304
76568025 13968307
76568085 13968307
76567498 13968308
76568069 13968313
76570525 13968313
76567985 13968315
76568022 13968319
76571881 13968326
76564506 13968329
76564967 13968329
76571295 13968329
76571301 13968329
76571302 13968329
76571508 13968330
76565856 13968331
76572403 13968331
76564359 13968332
76565860 13968333
76565322 13968335
76565894 13968336
76566672 13968336
76566676 13968336
76568710 13968341
76568714 13968341
76568719 13968341
76568727 13968341
76568729 13968341
76568737 13968341
76568738 13968341
76568972 13968341
76569076 13968341
76569146 13968341
76569148 13968341
76569852 13968341
76572513 13968341
76572514 13968341
76568709 13968343
76568699 13968346
76568707 13968346
76568943 13968346
76569028 13968346
76568686 13968348
76568878 13968348
76569024 13968348
76572011 13968348
76567138 13968350
76567139 13968350
76567269 13968350
76565984 13968353
76565987 13968353
76566354 13968353
76566626 13968353
76570374 13968353
76572288 13968353
76564483 13968356
76564910 13968356
76564961 13968356
76565280 13968356
76568044 13968365
76570391 13968365
76571150 13968365
76570392 13968367
76566186 13968369
76566653 13968369
76566655 13968369
76571816 13968369
76571238 13968371
76571240 13968371
76567500 13968373
76572064 13968373
76570460 13968374
76570108 13968375
76570461 13968375
76567502 13968376
76566720 13968377
76570463 13968378
76571249 13968379
76566721 13968380
76570457 13968381
76571880 13968381
76566728 13968382
76571889 13968384
76563987 13968385
76572365 13968387
76563989 13968388
76570537 13968393
76570538 13968393
76571154 13968393
76571950 13968396
76568757 13968398
76569180 13968398
76571959 13968399
76569185 13968401
76573218 13968410
76565397 13968422
76572177 13968422
76567999 13968423
76569253 13968426
76570382 13968427
76568809 13968430
76569258 13968430
76570388 13968432
76568843 13968435
76571230 13968439
76570451 13968440
76570453 13968442
76566716 13968443
76566717 13968443
76566718 13968444
76563971 13968445
76564066 13968445
76571757 13968445
76563974 13968446
76570521 13968447
76570040 13968450
76570523 13968450
76571308 13968452
76568698 13968453
76572990 13968454
76572991 13968454
76572992 13968455
76571949 13968456
76569270 13968458
76573206 13968458
76570323 13968459
76572426 13968459
76567900 13968461
76567910 13968461
76567989 13968461
76571153 13968463
76569243 13968464
76569244 13968465
76569246 13968467
76568747 13968468
76569247 13968468
76570375 13968469
76571790 13968470
76568832 13968471
76569002 13968471
76563891 13968472
76563892 13968473
76567198 13968476
76567456 13968476
76564679 13968478
76567199 13968482
76567548 13968482
76563895 13968488
76571227 13968489
76563897 13968490
76570443 13968491
76566700 13968492
76563899 13968493
76570444 13968494
76570445 13968494
76569437 13968495
76571860 13968495
76573122 13968497
76573125 13968499
76573126 13968500
76563963 13968502
76571733 13968502
76570510 13968505
76568682 13968506
76570512 13968508
76572986 13968509
76569168 13968510
76565370 13968512
76565374 13968514
76564596 13968518
76570579 13968518
76570580 13968518
76569233 13968521
76569235 13968522
76569238 13968522
76571840 13968522
76569239 13968525
76569872 13968526
76568823 13968527
76572752 13968527
76569874 13968528
76571787 13968530
76563884 13968532
76572235 13968532
76570430 13968533
76570434 13968534
76571850 13968536
76570081 13968539
76571853 13968539
76569080 13968544
76568723 13968545
76569081 13968545
76569432 13968546
76571858 13968546
76569085 13968556
76570903 13968556
76569089 13968559
76563953 13968562
76573116 13968563
76563955 13968566
76563957 13968566
76570502 13968569
76570503 13968569
76570504 13968571
76570506 13968572
76565294 13968573
76570508 13968574
76567852 13968577
76567858 13968577
76567893 13968577
76567895 13968577
76567931 13968577
76568104 13968578
76570281 13968580
76570283 13968583
76570285 13968584
76570287 13968585
76570289 13968587
76572405 13968589
76568746 13968590
76564584 13968591
76571770 13968593
76565920 13968595
76565921 13968595
76566618 13968595
76572849 13968595
76572850 13968595
76572856 13968595
76572859 13968595
76572860 13968595
76572862 13968595
76573030 13968596
76569868 13968597
76563874 13968598
76570426 13968600
76570428 13968601
76563387 13968603
76571849 13968604
76569077 13968605
76568711 13968606
76568715 13968606
76569078 13968606
76569087 13968606
76569263 13968606
76569079 13968608
76570270 13968609
76570272 13968610
76569147 13968615
76570275 13968616
76570277 13968617
76567950 13968618
76571694 13968619
76567952 13968623
76564570 13968626
76565057 13968626
76571696 13968628
76563791 13968630
76563793 13968630
76572170 13968631
76563795 13968633
76563799 13968634
76571768 13968635
76573022 13968637
76573023 13968637
76570988 13968638
76563862 13968642
76564647 13968643
76563864 13968644
76563866 13968645
76572244 13968646
76563868 13968648
76563370 13968650
76568588 13968651
76571830 13968652
76571835 13968653
76572884 13968654
76568018 13968659
76570194 13968660
76570196 13968660
76570197 13968660
76571659 13968660
76563933 13968661
76572312 13968663
76565276 13968665
76568658 13968666
76572091 13968667
76572093 13968667
76570261 13968669
76570262 13968669
76570263 13968669
76572097 13968670
76566521 13968671
76570264 13968673
76570265 13968673
76570267 13968673
76572099 13968674
76570266 13968675
76570268 13968677
76568722 13968680
76568725 13968680
76568958 13968680
76569771 13968684
76570799 13968684
76563852 13968688
76570717 13968688
76571683 13968688
76565342 13968690
76567944 13968692
76570331 13968694
76565766 13968696
76571117 13968696
76563788 13968697
76563789 13968697
76572231 13968698
76568572 13968700
76568573 13968703
76568576 13968705
76568579 13968707
76571822 13968708
76571826 13968709
76568004 13968715
76571828 13968716
76563920 13968718
76570185 13968720
76563922 13968721
76563923 13968721
76563924 13968723
76568327 13968729
76568433 13968729
76568628 13968729
76568640 13968729
76569694 13968732
76569696 13968732
76571466 13968732
76572827 13968734
76572941 13968734
76570250 13968735
76570254 13968737
76570258 13968738
76568712 13968739
76571671 13968742
76568713 13968746
76568973 13968746
76571673 13968747
76568716 13968748
76564550 13968750
76565339 13968754
76572154 13968756
76568491 13968758
76568506 13968758
76568508 13968758
76568307 13968759
76568489 13968759
76568490 13968759
76568492 13968759
76568493 13968760
76568463 13968766
76568484 13968766
76568486 13968766
76568494 13968766
76568495 13968766
76572157 13968768
76568497 13968770
76568498 13968770
76570327 13968771
76568316 13968775
76568318 13968775
76568410 13968775
76568499 13968775
76570329 13968776
76572791 13968778
76572794 13968779
76572797 13968780
76563842 13968781
76563844 13968781
76573005 13968783
76567780 13968784
76565183 13968787
76567782 13968792
76567787 13968794
76569902 13968796
76572853 13968797
76572861 13968797
76567788 13968799
76569905 13968800
76568744 13968802
76569039 13968802
76569043 13968802
76566773 13968803
76571819 13968803
76563913 13968804
76563918 13968806
76569567 13968806
76563420 13968809
76563733 13968809
76567853 13968811
76571598 13968812
76569110 13968813
76569113 13968815
76572073 13968817
76570240 13968818
76569115 13968821
76569117 13968823
76570248 13968825
76570249 13968825
76572141 13968827
76565960 13968829
76570310 13968831
76572144 13968833
76566288 13968834
76568487 13968837
76568488 13968837
76572782 13968841
76572785 13968842
76572788 13968843
76570955 13968844
76563831 13968846
76563833 13968847
76564618 13968848
76563835 13968850
76568552 13968851
76568553 13968851
76563837 13968852
76563839 13968854
76567770 13968855
76567775 13968857
76572851 13968859
76563901 13968863
76563905 13968864
76563907 13968864
76563909 13968866
76570231 13968867
76569107 13968869
76565883 13968870
76570233 13968872
76572067 13968873
76572069 13968875
76570237 13968877
76570238 13968878
76570873 13968880
76566273 13968881
76565090 13968882
76568475 13968883
76565093 13968884
76565095 13968884
76565721 13968885
76572139 13968885
76570306 13968886
76570059 13968887
76570307 13968887
76570308 13968889
76565097 13968890
76565098 13968891
76572770 13968893
76563267 13968896
76563637 13968896
76572773 13968897
76572776 13968898
76572779 13968900
76567126 13968901
76572202 13968902
76568541 13968905
76563828 13968907
76572206 13968909
76565161 13968910
76568546 13968911
76564383 13968912
76565169 13968913
76572842 13968914
76566984 13968916
76573292 13968916
76572845 13968917
76572846 13968917
76568611 13968918
76564523 13968920
76565232 13968920
76571577 13968921
76571578 13968921
76572917 13968922
76570220 13968923
76570222 13968923
76570223 13968923
76565872 13968925
76572056 13968926
76572058 13968927
76572059 13968929
76570227 13968930
76570229 13968931
76571642 13968933
76571644 13968934
76572695 13968935
76572696 13968935
76571648 13968937
76572699 13968938
76572120 13968939
76570116 13968940
76572122 13968940
76565941 13968941
76568462 13968945
76565081 13968946
76567680 13968948
76567682 13968948
76568466 13968951
76568467 13968951
76565083 13968954
76572129 13968957
76567686 13968959
76572764 13968961
76572767 13968964
76570072 13968965
76570935 13968968
76570073 13968970
76570076 13968971
76568528 13968973
76568530 13968973
76568526 13968975
76568531 13968975
76568533 13968978
76565156 13968979
76563325 13968982
76572900 13968984
76572904 13968985
76570217 13968986
76571631 13968988
76564290 13968989
76568458 13968990
76571988 13968990
76571989 13968990
76571700 13968991
76564293 13968992
76567677 13968993
76564295 13968994
76567678 13968995
76567679 13968995
76567681 13968995
76564297 13968997
76567101 13968998
76572759 13968999
76565145 13969002
76565149 13969004
76572821 13969006
76572824 13969008
76564431 13969009
76570200 13969011
76570202 13969012
76570204 13969014
76570208 13969016
76567528 13969017
76567596 13969017
76572672 13969019
76572675 13969020
76572102 13969021
76572104 13969023
76572107 13969025
76565063 13969026
76564284 13969028
76572739 13969030
76572740 13969030
76564285 13969031
76572741 13969032
76572742 13969035
76564287 13969036
76572745 13969037
76570050 13969038
76568313 13969047
76568330 13969047
76568511 13969047
76570562 13969047
76570821 13969047
76570822 13969047
76568312 13969054
76568407 13969054
76568513 13969054
76565132 13969056
76565133 13969056
76565135 13969058
76564351 13969060
76564353 13969065
76565137 13969066
76565139 13969067
76572815 13969068
76572818 13969069
76564641 13969072
76564642 13969072
76564643 13969072
76564881 13969072
76564995 13969072
76564998 13969072
76572598 13969073
76572599 13969073
76564347 13969074
76564423 13969074
76572021 13969075
76572023 13969076
76563647 13969078
76572027 13969079
76572666 13969081
76572667 13969081
76573330 13969081
76572669 13969084
76566230 13969085
76565049 13969086
76565050 13969086
76565053 13969087
76565058 13969089
76572732 13969090
76572733 13969090
76564277 13969091
76572734 13969092
76564279 13969093
76565693 13969096
76565695 13969096
76565697 13969097
76570049 13969099
76573295 13969100
76565122 13969101
76565124 13969102
76564340 13969104
76564410 13969104
76564342 13969105
76564345 13969107
76565765 13969109
76565767 13969110
76572582 13969111
76572583 13969111
76572585 13969112
76572586 13969112
76572587 13969113
76572010 13969115
76572014 13969116
76568656 13969117
76568657 13969117
76569288 13969117
76572016 13969117
76572019 13969119
76571600 13969120
76571601 13969120
76566791 13969121
76571602 13969122
76566793 13969123
76570820 13969129
76572655 13969131
76570546 13969134
76570547 13969134
76570823 13969134
76572657 13969135
76570824 13969136
76565041 13969138
76565047 13969139
76572719 13969140
76572720 13969140
76566863 13969141
76572723 13969142
76566865 13969143
76565680 13969145
76565682 13969147
76565684 13969147
76565686 13969147
76570037 13969148
76565688 13969150
76565111 13969152
76564585 13969153
76565108 13969153
76565112 13969153
76565113 13969153
76565115 13969153
76565116 13969153
76565114 13969155
76564330 13969156
76564332 13969157
76565117 13969159
76570675 13969162
76572390 13969162
76565119 13969165
76564336 13969168
76564339 13969170
76565751 13969172
76572574 13969174
76572578 13969176
76572004 13969178
76566147 13969179
76572639 13969180
76572640 13969180
76566783 13969181
76566784 13969181
76572643 13969184
76566786 13969185
76572648 13969186
76567633 13969188
76565037 13969190
76566851 13969192
76566853 13969192
76565039 13969194
76567638 13969197
76572713 13969198
76566858 13969199
76565674 13969200
76565675 13969200
76570024 13969202
76565676 13969203
76565678 13969204
76565100 13969205
76565103 13969206
76565104 13969207
76564323 13969208
76565109 13969209
76564328 13969210
76565740 13969211
76567482 13969212
76567487 13969213
76572561 13969214
76572562 13969214
76572563 13969215
76572566 13969216
76572569 13969217
76570737 13969219
76567551 13969221
76567553 13969222
76567555 13969224
76568339 13969226
76566771 13969228
76572631 13969229
76572634 13969231
76573191 13969233
76568311 13969235
76568402 13969235
76565020 13969236
76565022 13969237
76565023 13969237
76569454 13969240
76568319 13969241
76568405 13969241
76565025 13969243
76566841 13969244
76565027 13969245
76566843 13969247
76566845 13969249
76565660 13969250
76568180 13969252
76566849 13969255
76570013 13969257
76565666 13969258
76564313 13969259
76564315 13969259
76566914 13969260
76568250 13969262
76568251 13969263
76565735 13969264
76565737 13969265
76567473 13969268
76565739 13969269
76567475 13969270
76564096 13969272
76572557 13969274
76571280 13969276
76568323 13969280
76567541 13969283
76567542 13969284
76567544 13969285
76566761 13969287
76567546 13969288
76572622 13969290
76567549 13969292
76566765 13969294
76572625 13969295
76566767 13969296
76572628 13969297
76566769 13969298
76569440 13969300
76569441 13969300
76565010 13969301
76569442 13969302
76565012 13969303
76565014 13969304
76565015 13969304
76573189 13969305
76565016 13969307
76565018 13969309
76566831 13969310
76566833 13969310
76566837 13969311
76565651 13969312
76571993 13969314
76565652 13969317
76566839 13969318
76571997 13969319
76571999 13969321
76568244 13969324
76568247 13969325
76567465 13969328
76572545 13969329
76572548 13969331
76568315 13969332
76570490 13969335
76571279 13969336
76572611 13969338
76570499 13969339
76573175 13969340
76569433 13969341
76566821 13969342
76565008 13969343
76570567 13969347
76570568 13969347
76565641 13969352
76565643 13969354
76573241 13969356
76565648 13969358
76565649 13969360
76565713 13969362
76565719 13969365
76566673 13969367
76566675 13969369
76566678 13969370
76567518 13969371
76567520 13969371
76570480 13969372
76570482 13969373
76568308 13969374
76570483 13969375
76567525 13969377
76570485 13969378
76566742 13969379
76570486 13969381
76570488 13969382
76572604 13969383
76572605 13969383
76568080 13969387
76568081 13969387
76572608 13969388
76569995 13969390
76569997 13969392
76569421 13969394
76569422 13969394
76572383 13969396
76569424 13969398
76573167 13969399
76571338 13969400
76570555 13969402
76570558 13969402
76570559 13969402
76566813 13969404
76566815 13969405
76566819 13969406
76565702 13969408
76565706 13969409
76565708 13969410
76568229 13969411
76566664 13969412
76567510 13969413
76567512 13969414
76564132 13969416
76567514 13969417
76570474 13969420
76567516 13969422
76570479 13969423
76568075 13969425
76568077 13969426
76568079 13969427
76563991 13969428
76563992 13969429
76572371 13969430
76569413 13969432
76569414 13969432
76569419 13969433
76572379 13969434
76566804 13969435
76571961 13969437
76571964 13969438
76573221 13969439
76572440 13969440
76565319 13969441
76570733 13969441
76568687 13969442
76570887 13969442
76567208 13969444
76567429 13969444
76567604 13969444
76572564 13969444
76572565 13969444
76567115 13969454
76567131 13969454
76567151 13969454
76567303 13969454
76567401 13969454
76567409 13969454
76567493 13969454
76570951 13969454
76567074 13969456
76571317 13969456
76571318 13969456
76565913 13969457
76563326 13969458
76565328 13969460
76565335 13969460
76572870 13969462
76569267 13969463
76568708 13969465
76568941 13969465
76569027 13969465
76569083 13969465
76567154 13969468
76567306 13969468
76568355 13969472
76568438 13969472
76568571 13969472
76568638 13969472
76568644 13969472
76568645 13969472
76568647 13969472
76568648 13969472
76568675 13969472
76568900 13969472
76568907 13969472
76568915 13969472
76569116 13969472
76569303 13969472
76570813 13969472
76568637 13969476
76568655 13969476
76569101 13969476
76570826 13969476
76572025 13969476
76568337 13969477
76568338 13969477
76568561 13969477
76573240 13969479
76573329 13969481
76565670 13969483
76565908 13969484
76568646 13969485
76572907 13969485
76565330 13969490
76565331 13969490
76565561 13969490
76565564 13969490
76570751 13969490
76571080 13969490
76572659 13969493
76572671 13969493
76565867 13969494
76563313 13969495
76563327 13969495
76567114 13969499
76567495 13969499
76570950 13969499
76568717 13969502
76568720 13969502
76570896 13969502
76568574 13969505
76568436 13969506
76568643 13969506
76568562 13969508
76565334 13969509
76571081 13969509
76566034 13969510
76566049 13969510
76566078 13969510
76566095 13969510
76566374 13969510
76571124 13969510
76573031 13969511
76573032 13969511
76573153 13969513
76568705 13969517
76568718 13969517
76568721 13969517
76568886 13969517
76568929 13969517
76568961 13969517
76568964 13969517
76569133 13969517
76569142 13969517
76569213 13969517
76569337 13969517
76568693 13969522
76568694 13969522
76568855 13969522
76569111 13969522
76567113 13969527
76567271 13969527
76568336 13969528
76568340 13969528
76568344 13969528
76568347 13969528
76568578 13969528
76570782 13969528
76570811 13969528
76563396 13969529
76563409 13969529
76570718 13969529
76564153 13969532
76570707 13969532
76570712 13969532
76572478 13969533
76566128 13969535
76571527 13969541
76571469 13969545
76570305 13969546
76570183 13969547
76570706 13969552
76570713 13969552
76571606 13969553
76568703 13969554
76568936 13969554
76570364 13969555
76567133 13969558
76567150 13969558
76567257 13969558
76567419 13969558
76567515 13969558
76567578 13969558
76570941 13969558
76573294 13969558
76567157 13969561
76568671 13969565
76568897 13969565
76569306 13969565
76565905 13969566
76573177 13969568
76571380 13969571
76565928 13969572
76568523 13969575
76568697 13969581
76568706 13969581
76569803 13969581
76570853 13969581
76570888 13969581
76567124 13969584
76567125 13969584
76567130 13969584
76567264 13969584
76567394 13969584
76564712 13969586
76564917 13969586
76565249 13969586
76570792 13969586
76567143 13969592
76568854 13969594
76568938 13969595
76569118 13969595
76568664 13969597
76563430 13969599
76570710 13969599
76565082 13969600
76565243 13969600
76569906 13969600
76563552 13969603
76564459 13969603
76565080 13969603
76563322 13969604
76568750 13969609
76568762 13969609
76572267 13969611
76564085 13969613
76564281 13969613
76573266 13969613
76564097 13969615
76570892 13969616
76571269 13969616
76571270 13969616
76573327 13969616
76571538 13969619
76566723 13969620
76565933 13969621
76563247 13969624
76563249 13969624
76563252 13969624
76563261 13969624
76563278 13969624
76563472 13969624
76563477 13969624
76563587 13969624
76563786 13969624
76563279 13969625
76563285 13969625
76563289 13969625
76573061 13969627
76563264 13969637
76563484 13969637
76571026 13969637
76566690 13969639
76570123 13969640
76564453 13969642
76564454 13969642
76564920 13969642
76564923 13969642
76565007 13969642
76565957 13969645
76563287 13969647
76563811 13969647
76566280 13969651
76566284 13969651
76566399 13969651
76566572 13969651
76566586 13969651
76570861 13969651
76570864 13969651
76565416 13969660
76565547 13969660
76565747 13969660
76565800 13969660
76571096 13969660
76572169 13969660
76573155 13969662
76566258 13969663
76566279 13969663
76565426 13969665
76569626 13969665
76568162 13969666
76568211 13969666
76568214 13969666
76571384 13969666
76571386 13969666
76571389 13969666
76571390 13969666
76571404 13969666
76571405 13969666
76573311 13969666
76563324 13969668
76572641 13969668
76572642 13969668
76566292 13969670
76566418 13969670
76566596 13969670
76565427 13969677
76565431 13969677
76565438 13969677
76571092 13969677
76572163 13969677
76567080 13969682
76571095 13969682
76571098 13969682
76564945 13969684
76571953 13969684
76568174 13969686
76568239 13969686
76571048 13969686
76573312 13969686
76568166 13969689
76573347 13969689
76566266 13969690
76566564 13969690
76569980 13969690
76566263 13969690
76566263 13969691
76568798 13969690
76568798 13969691
76569969 13969690
76569969 13969691
76570075 13969690
76570075 13969691
76572774 13969690
76572774 13969691
76572775 13969690
76572775 13969691
76572777 13969690
76572777 13969691
76572778 13969690
76572778 13969691
76570501 13969690
76570501 13971238
76568223 13969692
76568226 13969692
76566688 13969693
76569724 13969694
76571239 13969696
76567841 13969699
76566289 13969703
76566290 13969703
76566295 13969703
76566862 13969703
76566866 13969703
76566867 13969703
76571097 13969708
76564482 13969712
76564504 13969712
76564928 13969712
76565048 13969712
76570762 13969712
76571397 13969713
76571398 13969713
76573314 13969716
76568293 13969717
76568452 13969717
76571569 13969718
76571572 13969718
76566052 13969720
76566054 13969720
76566055 13969720
76566057 13969720
76566364 13969720
76566294 13969721
76566296 13969721
76566410 13969721
76566415 13969721
76566612 13969721
76567089 13969722
76569878 13969723
76570199 13969723
76566110 13969724
76566102 13969726
76568288 13969727
76568292 13969727
76568294 13969727
76563260 13969729
76563262 13969729
76568167 13969729
76571008 13969729
76571678 13969730
76565850 13969732
76566710 13969732
76571554 13969732
76571555 13969732
76567863 13969734
76567965 13969734
76566293 13969736
76566583 13969736
76567844 13969736
76567846 13969736
76566030 13969738
76566886 13969738
76570376 13969738
76572322 13969740
76564652 13969741
76565123 13969741
76568799 13969744
76568803 13969744
76568804 13969744
76569169 13969744
76569171 13969744
76571273 13969744
76571274 13969744
76572114 13969744
76572115 13969744
76572116 13969744
76572516 13969744
76572517 13969744
76573208 13969744
76568811 13969746
76568813 13969746
76569248 13969746
76569256 13969746
76572112 13969746
76572113 13969746
76568385 13969747
76568450 13969747
76570932 13969748
76572201 13969749
76564913 13969750
76573271 13969750
76564572 13969751
76564751 13969751
76564833 13969751
76570769 13969751
76570791 13969751
76571783 13969751
76571784 13969751
76571785 13969751
76571786 13969751
76572915 13969751
76564619 13969752
76565147 13969752
76565148 13969752
76565150 13969752
76571336 13969752
76571337 13969752
76571794 13969752
76571795 13969752
76564498 13969753
76567948 13969754
76567847 13969755
76567934 13969755
76570878 13969755
76565902 13969756
76566491 13969756
76565907 13969758
76565912 13969758
76566681 13969758
76572336 13969758
76572337 13969758
76573181 13969758
76567864 13969759
76570880 13969759
76567088 13969761
76567094 13969761
76567466 13969761
76567467 13969761
76567469 13969761
76567470 13969761
76570930 13969761
76571141 13969761
76571955 13969762
76572294 13969763
76567886 13969765
76567919 13969765
76571241 13969765
76567079 13969767
76567085 13969767
76567086 13969767
76567087 13969767
76567629 13969767
76569684 13969767
76571692 13969769
76563347 13969770
76563361 13969770
76563498 13969770
76563978 13969770
76564044 13969770
76569569 13969770
76573018 13969771
76571549 13969772
76571550 13969772
76566301 13969777
76567857 13969777
76567973 13969777
76566302 13969779
76567083 13969782
76567497 13969782
76563925 13969788
76563927 13969788
76568016 13969791
76568016 13977033
76568067 13969791
76568067 13977033
76568091 13969791
76568091 13977033
76572935 13969794
76572935 13977033
76572936 13969794
76572936 13977033
76567011 13969798
76567011 13977033
76569759 13969798
76569759 13977033
76570931 13969806
76570931 13977033
76570944 13969806
76570944 13977033
76565190 13969813
76568457 13969813
76568616 13969813
76571985 13969813
76567179 13969816
76567179 13977033
76567182 13969816
76567182 13977033
76572568 13969816
76572568 13977033
76572580 13969816
76572580 13977033
76565530 13969818
76565722 13969818
76569500 13969818
76571091 13969818
76571094 13969818
76565966 13969826
76566336 13969826
76566480 13969826
76566483 13969826
76572192 13969826
76572193 13969826
76572196 13969826
76572197 13969826
76572198 13969826
76572199 13969826
76565409 13969833
76565423 13969833
76565736 13969833
76569622 13969833
76570683 13969833
76570684 13969833
76572180 13969833
76572181 13969833
76572184 13969833
76573042 13969834
76564654 13969835
76569179 13969836
76568775 13969838
76566900 13969839
76564311 13969841
76565903 13969843
76565904 13969843
76567055 13969843
76569636 13969843
76566204 13969845
76566204 13971631
76566513 13969845
76566513 13971631
76566190 13969848
76566190 13971631
76566203 13969848
76566203 13971631
76571812 13969848
76571812 13971631
76566222 13969849
76566222 13971631
76566774 13969849
76566774 13971631
76571809 13969849
76571809 13971631
76568892 13969852
76568892 13971631
76564533 13969862
76564538 13969862
76564539 13969862
76564815 13969862
76569898 13969862
76570271 13969862
76570276 13969862
76570286 13969862
76571276 13969862
76564525 13969863
76566686 13969865
76564131 13969868
76573268 13969868
76564526 13969872
76569903 13969872
76570282 13969872
76570284 13969872
76570288 13969872
76570764 13969872
76568794 13969874
76572835 13969875
76571679 13969876
76565870 13969877
76572332 13969877
76567045 13969880
76572272 13969880
76572273 13969880
76572445 13969880
76572447 13969880
76572836 13969880
76572837 13969880
76571290 13969882
76572994 13969882
76573020 13969882
76573021 13969882
76564115 13969884
76565866 13969885
76565868 13969885
76570140 13969886
76566150 13969888
76566162 13969888
76566171 13969888
76571599 13969888
76566105 13969890
76566108 13969890
76572289 13969890
76568844 13969894
76569018 13969894
76569359 13969894
76569423 13969894
76570088 13969894
76570092 13969894
76570505 13969894
76570507 13969894
76570509 13969894
76571846 13969894
76567702 13969896
76570970 13969896
76565398 13969898
76565712 13969898
76569618 13969898
76572298 13969899
76564732 13969901
76564836 13969901
76571278 13969901
76571056 13969904
76571321 13969906
76566759 13969907
76569449 13969909
76568051 13969912
76570992 13969912
76571061 13969915
76568465 13969918
76568468 13969918
76568470 13969918
76568471 13969918
76570052 13969918
76570269 13969918
76570810 13969919
76564121 13969922
76566737 13969924
76571282 13969925
76567496 13969928
76572902 13969930
76568846 13969933
76569296 13969933
76570886 13969933
76564129 13969936
76563496 13969938
76563875 13969938
76570709 13969938
76572556 13969940
76572558 13969940
76572559 13969940
76569380 13969945
76569403 13969945
76569443 13969945
76573338 13969945
76568342 13969948
76568544 13969948
76572905 13969948
76573204 13969948
76571335 13969949
76572364 13969952
76572889 13969956
76572896 13969956
76572899 13969956
76573137 13969956
76573203 13969956
76570766 13969957
76572627 13969958
76572629 13969958
76572630 13969958
76573149 13969958
76568332 13969959
76569242 13969960
76569420 13969960
76570089 13969960
76570090 13969960
76567537 13969962
76564908 13969963
76573280 13969963
76564494 13969964
76564537 13969965
76564543 13969965
76569899 13969965
76571285 13969965
76563876 13969966
76569366 13969968
76571548 13969969
76568345 13969970
76568626 13969970
76564130 13969975
76564133 13969975
76564137 13969975
76564140 13969975
76564142 13969975
76564143 13969975
76564333 13969975
76564335 13969975
76564406 13969975
76572868 13969975
76572869 13969975
76564473 13969977
76564915 13969977
76569883 13969977
76570257 13969977
76573041 13969980
76564557 13969984
76564588 13969987
76564594 13969987
76570778 13969987
76573275 13969987
76567071 13969989
76564141 13969990
76569456 13969991
76571484 13969992
76571499 13969994
76572929 13969995
76572930 13969995
76564554 13969996
76564555 13969996
76568298 13969996
76568300 13969996
76568301 13969996
76568304 13969996
76568305 13969996
76568461 13969996
76573300 13969998
76566152 13970000
76570251 13970003
76569409 13970005
76569438 13970005
76569460 13970005
76569885 13970006
76571307 13970006
76570256 13970008
76563343 13970010
76569864 13970010
76570203 13970010
76571495 13970012
76568822 13970013
76569059 13970013
76568662 13970014
76568913 13970014
76569106 13970014
76564495 13970015
76564963 13970015
76572271 13970016
76568784 13970018
76569157 13970018
76572683 13970020
76572684 13970020
76572685 13970021
76566764 13970022
76572651 13970023
76572913 13970025
76565186 13970026
76573166 13970026
76572360 13970027
76572804 13970027
76567145 13970030
76567407 13970030
76566903 13970032
76572808 13970034
76573234 13970034
76568770 13970036
76573219 13970036
76566682 13970037
76566788 13970038
76564282 13970039
76563356 13970040
76572879 13970041
76572880 13970041
76566505 13970049
76566517 13970049
76565517 13970052
76572377 13970052
76564471 13970055
76564479 13970055
76565270 13970055
76569593 13970055
76571747 13970055
76564093 13970058
76566096 13970059
76566097 13970059
76566099 13970059
76566303 13970060
76566304 13970060
76566722 13970060
76566724 13970060
76566227 13970063
76566229 13970063
76566248 13970063
76566253 13970063
76566259 13970063
76566270 13970063
76566528 13970063
76566828 13970063
76566857 13970063
76566859 13970063
76566860 13970063
76566959 13970063
76569965 13970063
76570487 13970063
76570863 13970063
76573293 13970063
76566285 13970067
76566299 13970067
76566300 13970067
76566864 13970067
76566869 13970067
76566872 13970067
76567840 13970067
76567856 13970067
76567981 13970067
76570850 13970067
76570851 13970067
76570877 13970067
76564524 13970068
76571067 13970068
76564441 13970071
76564707 13970071
76564896 13970071
76571316 13970071
76563425 13970074
76571736 13970074
76573154 13970076
76569346 13970082
76573321 13970082
76571698 13970085
76563298 13970094
76563298 25405088
76563298 25405155
76563298 52254057
76563299 13970094
76563299 25405088
76563299 25405155
76563299 52254057
76563301 13970094
76563301 25405088
76563301 25405155
76563301 52254057
76563302 13970094
76563302 25405088
76563302 25405155
76563302 52254057
76563504 13970094
76563504 25405088
76563504 25405155
76563504 52254057
76563863 13970094
76563863 25405088
76563863 25405155
76563863 52254057
76563865 13970094
76563865 25405088
76563865 25405155
76563865 52254057
76563867 13970094
76563867 25405088
76563867 25405155
76563867 52254057
76563869 13970094
76563869 25405088
76563869 25405155
76563869 52254057
76564025 13970094
76564025 25405088
76564025 25405155
76564025 52254057
76564098 13970094
76564098 25405088
76564098 25405155
76564098 52254057
76564099 13970094
76564099 25405088
76564099 25405155
76564099 52254057
76564100 13970094
76564100 25405088
76564100 25405155
76564100 52254057
76564102 13970094
76564102 25405088
76564102 25405155
76564102 52254057
76564104 13970094
76564104 25405088
76564104 25405155
76564104 52254057
76564105 13970094
76564105 25405088
76564105 25405155
76564105 52254057
76564192 13970094
76564192 25405088
76564192 25405155
76564192 52254057
76564260 13970094
76564260 25405088
76564260 25405155
76564260 52254057
76564263 13970094
76564263 25405088
76564263 25405155
76564263 52254057
76564291 13970094
76564291 25405088
76564291 25405155
76564291 52254057
76564294 13970094
76564294 25405088
76564294 25405155
76564294 52254057
76564314 13970094
76564314 25405088
76564314 25405155
76564314 52254057
76564394 13970094
76564394 25405088
76564394 25405155
76564394 52254057
76568173 13970094
76568173 25405088
76568173 25405155
76568173 52254057
76572251 13970094
76572251 25405088
76572251 25405155
76572251 52254057
76572252 13970094
76572252 25405088
76572252 25405155
76572252 52254057
76572623 13970094
76572623 25405088
76572623 25405155
76572623 52254057
76572624 13970094
76572624 25405088
76572624 25405155
76572624 52254057
76566243 13970097
76566836 13970097
76566838 13970097
76569967 13970097
76570484 13970097
76565389 13970110
76565390 13970110
76571620 13970110
76571629 13970110
76571630 13970110
76564103 13970114
76564392 13970114
76571245 13970115
76571544 13970118
76569655 13970122
76567200 13970128
76571886 13970128
76571299 13970130
76571303 13970130
76565654 13970134
76569930 13970134
76568181 13970138
76571516 13970138
76572233 13970138
76571515 13970142
76564106 13970144
76572609 13970145
76572612 13970145
76568182 13970146
76571296 13970147
76563352 13970148
76565895 13970149
76569657 13970152
76572400 13970155
76563888 13970157
76566829 13970160
76568189 13970162
76568191 13970162
76571459 13970163
76566386 13970165
76566538 13970165
76565406 13970168
76565418 13970168
76565521 13970168
76565525 13970168
76565623 13970168
76565707 13970168
76564566 13970176
76565391 13970176
76565659 13970176
76565667 13970176
76573174 13970176
76573202 13970177
76568763 13970178
76568764 13970178
76568765 13970178
76572704 13970179
76572707 13970179
76572712 13970179
76572715 13970179
76572716 13970179
76568270 13970181
76571388 13970182
76566566 13970185
76570859 13970185
76564788 13970188
76565160 13970188
76572402 13970188
76571507 13970189
76566780 13970190
76566781 13970192
76571391 13970193
76564562 13970201
76564761 13970201
76565102 13970201
76564564 13970212
76564580 13970212
76564853 13970212
76565138 13970212
76565225 13970212
76569589 13970212
76571447 13970212
76571448 13970212
76571455 13970212
76572911 13970212
76563435 13970217
76564079 13970217
76568289 13970217
76571042 13970217
76568193 13970219
76568277 13970219
76568195 13970220
76568197 13970220
76568246 13970220
76573313 13970222
76571449 13970223
76568274 13970226
76563342 13970227
76563762 13970227
76568806 13970228
76572438 13970230
76573316 13970231
76573317 13970231
76568192 13970232
76572136 13970233
76566138 13970234
76566345 13970234
76566350 13970234
76571517 13970234
76568781 13970236
76571228 13970237
76568791 13970238
76566556 13970239
76572411 13970242
76565168 13970242
76565168 13970245
76565170 13970242
76565170 13970245
76567051 13970242
76567051 13970245
76571064 13970242
76571064 13970245
76571065 13970242
76571065 13970245
76572135 13970242
76572135 13970245
76565171 13970247
76573039 13970249
76573190 13970249
76566133 13970252
76572125 13970253
76571464 13970257
76565940 13970259
76572270 13970259
76573064 13970264
76572645 13970266
76568931 13970267
76570906 13970267
76570763 13970269
76568535 13970271
76568537 13970271
76572863 13970273
76567424 13970278
76565861 13970279
76565871 13970279
76563351 13970280
76566685 13970281
76568565 13970282
76568322 13970284
76568329 13970284
76568421 13970284
76568424 13970284
76568520 13970284
76568334 13970285
76568343 13970285
76568348 13970285
76570058 13970285
76570304 13970285
76571333 13970285
76571334 13970285
76570893 13970286
76573337 13970286
76566168 13970287
76566371 13970287
76566145 13970288
76566362 13970288
76566987 13970290
76573291 13970290
76568681 13970291
76569120 13970291
76569121 13970291
76567120 13970295
76567121 13970295
76567230 13970295
76567386 13970295
76567698 13970295
76570952 13970295
76570959 13970295
76567135 13970297
76564455 13970300
76564484 13970300
76565089 13970300
76567297 13970301
76564438 13970305
76565084 13970305
76568333 13970312
76568335 13970312
76568341 13970312
76568527 13970312
76568529 13970312
76568534 13970312
76568539 13970312
76570057 13970312
76570309 13970312
76568966 13970316
76568991 13970316
76569032 13970316
76569131 13970316
76569136 13970316
76571801 13970316
76569137 13970318
76566050 13970319
76566637 13970319
76566646 13970319
76570099 13970320
76570103 13970320
76570475 13970320
76570520 13970320
76568326 13970321
76568375 13970321
76570816 13970323
76567136 13970326
76567384 13970326
76569112 13970329
76569114 13970329
76564485 13970333
76564489 13970333
76565087 13970333
76565336 13970335
76565567 13970335
76566893 13970339
76566895 13970339
76566897 13970339
76566899 13970339
76566904 13970339
76573050 13970339
76573051 13970339
76573053 13970339
76573057 13970339
76566206 13970342
76566214 13970342
76566215 13970342
76566766 13970342
76568702 13970342
76568946 13970342
76569314 13970342
76570889 13970342
76570899 13970342
76573318 13970342
76566193 13970344
76566201 13970344
76566060 13970347
76566997 13970347
76570155 13970347
76572361 13970347
76572362 13970347
76565001 13970348
76566205 13970349
76568519 13970351
76568521 13970351
76564460 13970358
76564798 13970358
76567134 13970361
76567137 13970361
76567295 13970361
76567519 13970361
76570965 13970361
76566659 13970363
76570866 13970363
76571814 13970363
76567178 13970364
76568591 13970366
76570053 13970366
76570259 13970366
76564532 13970369
76564809 13970369
76565099 13970369
76563315 13970370
76563329 13970370
76565338 13970371
76568789 13970373
76567177 13970379
76567190 13970379
76567283 13970379
76567458 13970379
76567554 13970379
76568415 13970381
76568418 13970381
76571155 13970381
76566223 13970383
76566669 13970383
76566770 13970383
76568302 13970384
76568309 13970384
76568377 13970384
76568442 13970384
76570358 13970385
76572934 13970385
76567189 13970387
76567194 13970387
76567534 13970387
76567535 13970387
76567547 13970387
76567550 13970387
76568000 13970387
76568028 13970387
76565354 13970390
76565465 13970390
76565575 13970390
76571106 13970390
76566173 13970392
76568303 13970394
76568394 13970394
76568443 13970394
76572847 13970395
76572848 13970395
76569164 13970396
76569166 13970396
76569167 13970396
76567188 13970398
76567445 13970398
76567552 13970398
76565361 13970400
76565673 13970400
76566217 13970401
76566667 13970401
76568444 13970403
76572840 13970405
76572841 13970405
76566120 13970406
76566122 13970406
76572345 13970406
76566743 13970407
76567203 13970414
76567998 13970414
76568008 13970414
76568015 13970414
76568031 13970414
76568071 13970414
76568098 13970414
76568114 13970414
76569690 13970414
76572306 13970415
76565665 13970420
76563996 13970422
76563277 13970424
76563392 13970426
76563531 13970426
76563685 13970426
76563926 13970426
76563928 13970426
76563952 13970426
76571014 13970426
76571015 13970426
76571714 13970426
76572997 13970429
76572317 13970430
76573187 13970430
76565899 13970431
76565917 13970431
76571378 13970433
76573255 13970433
76565932 13970434
76569280 13970435
76564434 13970440
76564499 13970440
76565011 13970440
76565017 13970440
76565019 13970440
76565266 13970440
76569901 13970440
76572882 13970440
76573272 13970440
76563293 13970442
76563312 13970442
76563363 13970445
76563900 13970445
76568783 13970447
76569211 13970449
76573062 13970449
76573063 13970449
76573186 13970451
76573108 13970457
76563265 13970459
76563616 13970459
76563792 13970459
76563794 13970459
76567504 13970463
76569632 13970466
76570333 13970466
76573283 13970468
76572204 13970470
76571034 13970476
76567865 13970478
76567883 13970478
76567941 13970478
76567090 13970482
76567097 13970482
76567472 13970482
76567474 13970482
76567476 13970482
76567478 13970482
76567481 13970482
76570010 13970482
76570330 13970482
76572150 13970482
76571605 13970483
76571536 13970486
76567868 13970487
76563368 13970489
76573105 13970489
76573106 13970489
76563887 13970491
76571011 13970491
76572369 13970493
76573138 13970497
76571351 13970498
76571352 13970498
76571435 13970500
76570855 13970501
76563372 13970503
76571682 13970506
76567630 13970507
76567717 13970507
76567726 13970507
76571641 13970508
76566197 13970509
76566224 13970509
76566955 13970509
76573067 13970512
76573068 13970512
76563271 13970515
76563482 13970515
76563631 13970515
76563634 13970515
76563827 13970515
76572877 13970517
76572878 13970517
76563378 13970518
76563379 13970519
76563381 13970519
76563678 13970519
76563369 13970521
76563371 13970521
76563375 13970521
76563377 13970521
76563453 13970521
76563656 13970521
76563661 13970521
76563873 13970521
76566763 13970522
76572830 13970523
76565828 13970524
76571566 13970525
76571568 13970525
76571576 13970525
76572218 13970526
76568793 13970527
76569281 13970527
76573217 13970527
76573214 13970528
76568754 13970530
76569199 13970530
76571226 13970530
76568749 13970531
76569045 13970531
76573335 13970534
76566239 13970538
76566543 13970538
76566940 13970538
76563395 13970544
76563525 13970544
76563676 13970544
76563919 13970544
76563272 13970545
76563275 13970545
76571024 13970546
76566233 13970548
76566531 13970548
76566949 13970548
76570875 13970548
76566234 13970550
76565832 13970552
76565835 13970552
76567092 13970552
76567095 13970552
76567340 13970552
76567628 13970552
76566241 13970555
76566247 13970555
76566825 13970555
76566826 13970555
76566938 13970555
76572592 13970557
76572593 13970557
76563270 13970558
76563404 13970562
76563429 13970562
76563561 13970562
76563716 13970562
76569907 13970562
76572784 13970562
76572786 13970562
76572787 13970562
76565857 13970563
76572333 13970563
76568782 13970564
76571229 13970564
76567091 13970565
76567503 13970565
76569943 13970567
76571170 13970567
76571592 13970567
76566062 13970568
76571899 13970569
76572588 13970569
76572589 13970569
76573244 13970569
76567737 13970571
76567795 13970571
76570978 13970571
76570979 13970571
76570980 13970571
76568760 13970572
76568680 13970573
76566262 13970574
76566281 13970574
76566434 13970574
76566578 13970574
76566932 13970574
76570927 13970574
76567721 13970577
76573233 13970578
76566269 13970579
76565947 13970581
76572864 13970582
76564337 13970584
76564146 13970586
76564213 13970586
76567169 13970591
76567170 13970591
76567287 13970591
76567422 13970591
76567432 13970591
76567543 13970591
76567545 13970591
76567640 13970591
76567639 13970595
76567747 13970595
76570033 13970595
76570387 13970595
76570966 13970595
76564754 13970597
76565069 13970597
76564589 13970598
76564576 13970599
76567058 13970600
76572618 13970601
76572619 13970601
76564145 13970602
76564151 13970602
76564214 13970602
76570728 13970602
76564556 13970604
76564756 13970604
76567779 13970610
76567781 13970610
76568062 13970610
76568065 13970610
76568078 13970610
76568111 13970610
76570967 13970610
76571292 13970612
76571293 13970612
76564155 13970619
76564158 13970619
76564160 13970619
76564201 13970619
76564231 13970619
76564341 13970619
76564344 13970619
76570730 13970619
76566889 13970620
76563880 13970623
76573143 13970623
76567152 13970630
76564198 13970635
76564220 13970635
76570729 13970635
76570739 13970635
76571248 13970636
76571252 13970636
76571253 13970636
76573045 13970638
76571306 13970639
76567141 13970641
76572594 13970641
76572966 13970641
76573246 13970641
76564560 13970642
76565062 13970642
76564552 13970643
76565059 13970643
76570477 13970644
76570493 13970645
76564317 13970646
76564355 13970647
76564416 13970647
76571492 13970649
76571493 13970649
76572276 13970650
76572279 13970650
76572280 13970650
76566000 13970651
76566001 13970651
76566003 13970651
76567099 13970653
76567355 13970653
76564551 13970657
76564565 13970657
76564568 13970657
76564735 13970657
76569597 13970657
76566906 13970658
76564149 13970662
76564329 13970662
76569707 13970664
76572654 13970664
76570216 13970666
76571519 13970669
76572266 13970669
76572987 13970669
76572988 13970669
76567140 13970676
76567404 13970676
76564620 13970679
76570608 13970679
76570609 13970679
76564599 13970684
76564601 13970684
76571760 13970684
76564136 13970687
76572649 13970688
76564349 13970693
76564425 13970693
76566199 13970697
76571575 13970699
76573059 13970699
76568772 13970701
76565980 13970703
76570600 13970712
76570602 13970712
76570603 13970712
76573230 13970712
76573277 13970712
76573278 13970712
76564319 13970717
76564320 13970717
76572028 13970718
76564162 13970725
76564346 13970725
76564348 13970725
76564421 13970725
76564427 13970725
76570790 13970727
76570172 13970729
76571535 13970729
76573008 13970729
76573009 13970729
76566209 13970733
76566211 13970733
76566465 13970733
76567015 13970733
76566818 13970738
76567017 13970738
76567100 13970738
76567110 13970738
76567360 13970738
76567593 13970738
76566213 13970739
76563423 13970741
76564350 13970741
76572261 13970744
76572881 13970745
76569222 13970747
76571062 13970749
76567117 13970750
76567259 13970750
76567300 13970750
76567350 13970750
76567374 13970750
76567574 13970750
76572079 13970750
76572080 13970750
76572081 13970750
76572082 13970750
76572083 13970750
76567231 13970751
76567697 13970751
76572076 13970751
76572077 13970751
76565967 13970754
76566814 13970754
76566816 13970754
76567366 13970756
76564637 13970760
76569908 13970760
76573159 13970760
76571567 13970762
76567127 13970767
76563391 13970769
76564595 13970780
76568504 13970780
76568507 13970780
76570570 13970780
76564163 13970782
76564164 13970782
76571059 13970782
76565128 13970785
76566887 13970786
76563870 13970788
76564325 13970790
76565900 13970792
76566881 13970792
76564628 13970793
76564629 13970793
76569181 13970795
76564651 13970798
76571079 13970798
76571345 13970799
76571346 13970799
76563358 13970803
76564127 13970803
76569871 13970803
76569876 13970803
76569880 13970803
76569882 13970803
76571055 13970803
76563333 13970807
76563334 13970807
76563335 13970807
76563337 13970807
76563346 13970807
76563350 13970807
76563757 13970807
76563760 13970807
76564032 13970807
76570704 13970807
76571639 13970807
76571640 13970807
76572635 13970807
76565936 13970808
76572258 13970808
76571406 13970811
76571443 13970812
76568196 13970814
76571603 13970815
76572769 13970817
76572771 13970817
76571408 13970820
76571409 13970820
76563388 13970828
76568198 13970829
76568243 13970829
76568245 13970829
76571036 13970829
76566684 13970830
76566727 13970830
76572305 13970830
76573188 13970830
76565864 13970832
76573210 13970834
76572436 13970835
76571445 13970836
76568248 13970838
76568249 13970838
76566035 13970840
76566051 13970840
76566079 13970840
76566098 13970840
76566116 13970840
76566146 13970840
76566741 13970840
76571842 13970845
76571845 13970845
76565718 13970848
76569925 13970848
76570326 13970848
76570328 13970848
76572153 13970848
76565963 13970851
76573038 13970853
76573058 13970853
76567949 13970856
76567951 13970856
76572780 13970856
76572781 13970856
76565421 13970859
76565428 13970859
76570646 13970859
76572367 13970859
76565429 13970861
76572132 13970864
76563403 13970870
76563431 13970870
76563535 13970870
76563906 13970870
76564077 13970870
76571017 13970870
76571028 13970870
76570844 13970871
76572213 13970874
76572146 13970876
76572148 13970876
76563911 13970880
76567937 13970884
76569363 13970884
76569370 13970884
76572509 13970887
76573036 13970888
76566694 13970889
76571621 13970891
76567077 13970893
76565999 13970895
76566010 13970895
76566025 13970895
76567945 13970897
76567946 13970897
76570879 13970897
76571043 13970900
76566847 13970903
76566074 13970906
76566090 13970906
76566104 13970906
76566114 13970906
76566124 13970906
76566144 13970906
76566748 13970906
76563723 13970909
76571019 13970909
76564626 13970911
76572923 13970911
76572924 13970911
76565761 13970913
76565763 13970913
76565764 13970913
76572160 13970913
76572161 13970913
76570122 13970915
76570124 13970915
76564464 13970917
76564938 13970917
76566252 13970920
76566550 13970920
76566840 13970920
76566842 13970920
76565413 13970922
76572166 13970922
76565757 13970925
76565759 13970925
76566037 13970926
76566053 13970926
76566082 13970926
76566086 13970926
76571634 13970927
76567181 13970928
76566393 13970933
76566396 13970933
76563434 13970940
76564452 13970940
76568209 13970940
76568284 13970940
76564461 13970943
76564463 13970943
76564465 13970943
76564931 13970943
76564936 13970943
76565748 13970946
76571530 13970950
76571537 13970950
76570207 13970953
76570759 13970953
76570776 13970953
76565879 13970954
76566876 13970954
76566255 13970962
76566268 13970962
76566276 13970962
76566591 13970962
76566844 13970962
76568550 13970963
76567009 13970966
76569755 13970966
76572867 13970967
76565981 13970968
76565964 13970969
76563317 13970973
76572507 13970973
76572508 13970973
76572686 13970973
76572974 13970975
76573179 13970977
76572330 13970980
76564625 13970980
76564625 13970981
76564631 13970980
76564631 13970981
76564640 13970980
76564640 13970981
76564649 13970980
76564649 13970981
76564653 13970980
76564653 13970981
76564882 13970980
76564882 13970981
76565127 13970980
76565127 13970981
76565129 13970980
76565129 13970981
76572918 13970980
76572918 13970981
76569042 13970987
76569044 13970987
76569339 13970987
76566632 13970989
76566634 13970989
76566635 13970989
76566638 13970989
76566639 13970989
76563749 13970994
76563751 13970994
76563753 13970994
76563755 13970994
76563841 13970994
76564013 13970994
76564023 13970994
76569870 13970994
76570191 13970994
76570195 13970994
76573257 13970994
76563758 13970995
76563759 13970995
76565003 13971007
76565304 13971007
76572920 13971007
76572921 13971007
76573341 13971007
76564993 13971009
76564994 13971009
76573170 13971009
76566656 13971023
76566658 13971023
76566670 13971023
76566671 13971023
76566772 13971023
76569033 13971023
76569035 13971023
76569040 13971023
76569041 13971023
76569046 13971023
76569060 13971023
76569062 13971023
76569064 13971023
76569065 13971023
76569234 13971023
76569322 13971023
76569408 13971023
76569410 13971023
76569411 13971023
76569429 13971023
76569431 13971023
76569435 13971023
76569439 13971023
76572826 13971023
76573184 13971023
76573322 13971023
76573333 13971023
76573334 13971023
76564806 13971035
76564500 13971041
76564503 13971041
76564965 13971041
76565177 13971041
76565181 13971041
76571304 13971041
76571305 13971041
76572309 13971042
76565898 13971044
76564128 13971049
76564134 13971049
76564135 13971049
76564144 13971049
76564222 13971049
76564322 13971049
76564324 13971049
76564331 13971049
76564352 13971052
76565315 13971052
76568659 13971054
76568660 13971054
76569068 13971054
76569290 13971054
76568641 13971059
76568653 13971059
76568904 13971059
76572034 13971059
76572036 13971059
76572037 13971059
76572038 13971059
76572039 13971059
76572043 13971059
76566498 13971064
76568663 13971064
76568670 13971064
76568672 13971064
76568673 13971064
76568674 13971064
76568676 13971064
76568678 13971064
76568895 13971064
76568911 13971064
76568918 13971064
76569310 13971064
76569798 13971064
76570828 13971064
76570829 13971064
76572044 13971064
76572046 13971064
76572049 13971064
76572050 13971064
76572051 13971064
76572052 13971064
76572053 13971064
76572054 13971064
76566129 13971066
76565918 13971069
76565340 13971086
76563300 13971089
76571574 13971093
76565585 13971096
76565679 13971096
76569916 13971096
76570224 13971096
76564125 13971097
76564119 13971099
76564122 13971099
76569579 13971099
76570727 13971099
76564113 13971101
76564303 13971101
76564305 13971101
76564307 13971101
76569481 13971101
76568802 13971104
76569173 13971104
76570041 13971107
76570459 13971107
76568581 13971109
76573207 13971109
76565646 13971111
76563408 13971117
76563548 13971117
76563713 13971117
76563777 13971117
76563416 13971131
76563424 13971131
76563973 13971131
76564053 13971131
76565316 13971131
76565317 13971131
76565318 13971131
76565321 13971131
76565327 13971131
76565332 13971131
76565341 13971131
76565343 13971131
76565474 13971131
76565640 13971131
76571169 13971137
76568787 13971141
76571246 13971144
76571883 13971147
76568652 13971153
76572007 13971153
76571325 13971156
76566182 13971161
76566183 13971161
76566192 13971161
76566802 13971161
76570170 13971161
76570874 13971161
76565975 13971163
76565977 13971163
76565979 13971163
76564111 13971164
76568838 13971169
76569252 13971169
76570894 13971169
76570895 13971169
76568002 13971184
76568003 13971184
76568017 13971184
76568035 13971184
76568059 13971184
76568074 13971184
76568076 13971184
76570989 13971184
76565510 13971188
76565791 13971188
76566117 13971190
76566121 13971190
76566029 13971191
76566072 13971191
76566089 13971191
76566103 13971191
76566119 13971191
76566141 13971191
76565916 13971192
76566163 13971193
76566151 13971194
76566736 13971194
76564108 13971195
76564109 13971195
76564268 13971195
76571244 13971197
76568833 13971200
76568997 13971200
76570068 13971205
76570498 13971205
76567675 13971214
76567757 13971214
76567676 13971216
76565362 13971228
76565365 13971228
76565372 13971228
76565478 13971228
76565687 13971228
76571113 13971228
76565388 13971232
76572173 13971233
76566080 13971234
76566081 13971234
76566084 13971234
76564107 13971237
76564269 13971237
76565965 13971241
76566005 13971241
76565939 13971243
76565954 13971243
76570355 13971243
76572407 13971243
76572833 13971243
76572834 13971243
76569170 13971244
76569958 13971246
76571242 13971246
76569099 13971247
76570971 13971252
76573297 13971252
76573310 13971252
76573353 13971252
76573355 13971252
76571778 13971255
76565363 13971258
76565350 13971262
76565505 13971262
76565508 13971262
76571083 13971262
76571102 13971262
76573301 13971266
76573305 13971266
76571341 13971270
76571342 13971270
76566123 13971271
76566140 13971271
76568830 13971285
76568834 13971285
76568835 13971285
76568837 13971285
76568847 13971285
76568995 13971285
76569000 13971285
76569012 13971285
76569245 13971285
76569351 13971285
76569358 13971285
76569365 13971285
76569367 13971285
76569368 13971285
76569390 13971285
76569393 13971285
76569398 13971285
76569407 13971285
76569412 13971285
76569418 13971285
76569425 13971285
76570067 13971285
76570084 13971285
76570917 13971285
76571264 13971285
76571074 13971287
76565369 13971299
76565610 13971299
76565685 13971299
76569927 13971299
76570218 13971299
76573302 13971301
76570087 13971304
76570492 13971304
76571618 13971304
76563297 13971308
76564120 13971314
76564292 13971314
76566134 13971316
76572352 13971316
76566112 13971317
76566113 13971317
76572350 13971317
76571075 13971319
76569932 13971321
76573006 13971324
76568786 13971325
76569317 13971325
76565074 13971327
76571494 13971329
76571496 13971329
76572922 13971331
76564553 13971332
76565061 13971332
76563339 13971333
76563452 13971333
76568826 13971335
76568827 13971335
76569019 13971335
76571836 13971335
76565701 13971343
76571089 13971343
76571500 13971343
76572386 13971343
76573161 13971347
76567687 13971351
76567764 13971351
76567684 13971357
76567688 13971357
76567704 13971357
76567767 13971357
76566087 13971360
76566184 13971360
76571213 13971360
76571624 13971360
76568818 13971362
76569320 13971362
76565371 13971367
76565373 13971367
76565490 13971367
76565677 13971367
76565694 13971367
76566734 13971370
76571291 13971371
76565126 13971372
76571553 13971373
76567685 13971376
76571465 13971376
76565953 13971378
76572844 13971378
76572816 13971379
76572820 13971379
76572823 13971379
76573123 13971379
76573124 13971379
76565614 13971381
76572175 13971381
76565969 13971382
76565971 13971382
76565973 13971382
76566624 13971382
76566890 13971382
76563355 13971383
76572506 13971386
76566651 13971387
76569956 13971387
76569989 13971387
76566139 13971389
76566142 13971389
76566143 13971389
76563248 13971393
76570701 13971393
76571655 13971393
76564609 13971398
76564611 13971398
76564612 13971398
76564621 13971398
76572448 13971398
76572449 13971398
76572451 13971398
76572453 13971398
76572455 13971398
76572456 13971398
76572457 13971398
76572458 13971398
76572459 13971398
76564624 13971404
76564635 13971404
76564645 13971404
76564786 13971404
76570772 13971404
76565401 13971413
76565408 13971413
76565411 13971413
76565738 13971413
76570668 13971413
76570669 13971413
76572468 13971413
76572469 13971413
76572470 13971413
76572471 13971413
76572475 13971413
76570642 13971420
76572461 13971420
76572462 13971420
76572975 13971420
76572976 13971420
76572464 13971424
76572466 13971424
76572467 13971424
76563385 13971433
76563399 13971433
76563522 13971433
76563664 13971433
76563917 13971433
76571016 13971433
76571025 13971433
76572286 13971435
76571779 13971436
76566058 13971437
76566111 13971437
76566126 13971437
76566148 13971437
76566155 13971437
76566991 13971437
76563253 13971439
76563830 13971439
76564884 13971441
76571594 13971441
76563323 13971442
76569863 13971442
76570201 13971442
76563336 13971443
76563320 13971444
76564781 13971449
76565863 13971449
76566488 13971449
76566615 13971449
76573223 13971449
76565155 13971454
76569777 13971454
76571454 13971454
76563935 13971458
76563937 13971458
76571347 13971461
76571348 13971461
76566127 13971463
76563250 13971466
76571510 13971466
76564579 13971473
76564590 13971473
76564592 13971473
76564593 13971473
76564747 13971473
76564763 13971473
76564980 13971473
76565134 13971473
76565136 13971473
76565144 13971473
76565219 13971473
76563386 13971482
76563673 13971482
76563894 13971482
76563896 13971482
76571703 13971482
76568815 13971487
76568820 13971487
76568840 13971487
76568841 13971487
76569236 13971487
76569350 13971487
76569369 13971487
76569374 13971487
76569428 13971487
76569463 13971487
76571865 13971487
76571867 13971487
76571868 13971487
76571869 13971487
76571872 13971487
76571873 13971487
76571874 13971487
76571875 13971487
76571876 13971487
76572743 13971487
76572744 13971487
76563243 13971497
76563266 13971497
76563273 13971497
76563276 13971497
76563303 13971497
76563314 13971497
76563331 13971497
76563349 13971497
76563621 13971497
76563988 13971497
76564021 13971497
76564040 13971497
76570702 13971497
76571661 13971497
76571662 13971497
76571663 13971497
76571664 13971497
76571665 13971497
76571667 13971497
76571669 13971497
76571670 13971497
76571688 13971497
76571689 13971497
76571690 13971497
76571691 13971497
76573258 13971497
76573259 13971497
76573264 13971497
76564509 13971499
76564721 13971499
76565178 13971499
76565300 13971499
76571796 13971499
76571797 13971499
76564488 13971501
76570786 13971501
76565943 13971503
76565948 13971503
76565949 13971503
76566356 13971503
76566697 13971503
76566909 13971503
76572338 13971503
76572339 13971503
76573003 13971503
76573004 13971503
76573016 13971503
76573017 13971503
76570369 13971506
76567616 13971508
76572577 13971508
76572620 13971508
76572621 13971508
76567107 13971514
76567108 13971514
76567112 13971514
76567483 13971514
76567485 13971514
76567486 13971514
76567490 13971514
76567491 13971514
76567563 13971514
76565869 13971518
76565884 13971518
76563427 13971521
76563843 13971523
76563268 13971525
76563274 13971525
76563619 13971525
76564862 13971533
76570627 13971533
76572416 13971533
76566169 13971537
76572285 13971537
76572287 13971537
76572505 13971537
76572866 13971537
76572984 13971537
76572985 13971537
76573180 13971537
76570476 13971538
76572931 13971538
76565668 13971542
76563405 13971547
76563410 13971547
76564632 13971548
76572983 13971549
76572435 13971551
76563269 13971562
76570714 13971562
76571513 13971562
76571514 13971562
76573114 13971562
76564257 13971565
76567174 13971577
76563246 13971579
76571638 13971580
76564547 13971583
76570773 13971583
76571027 13971589
76567192 13971596
76572418 13971599
76568778 13971601
76571863 13971602
76571271 13971604
76566797 13971605
76565929 13971607
76566792 13971607
76570365 13971609
76565995 13971610
76565972 13971611
76566898 13971611
76566905 13971611
76564541 13971614
76564545 13971614
76564823 13971614
76564742 13971618
76564829 13971618
76563426 13971619
76563428 13971619
76563932 13971619
76564087 13971627
76564253 13971627
76569565 13971627
76570724 13971627
76573132 13971627
76566088 13971628
76566091 13971628
76566093 13971628
76566094 13971628
76566649 13971628
76571166 13971631
76571804 13971631
76572687 13971631
76573320 13971631
76568728 13971631
76568728 13971633
76566603 13971636
76566606 13971636
76567837 13971636
76566298 13971642
76566923 13971642
76572423 13971645
76573182 13971648
76564089 13971657
76564095 13971657
76564176 13971657
76570725 13971657
76564827 13971659
76571437 13971659
76563709 13971661
76569865 13971661
76571020 13971663
76568774 13971665
76567191 13971673
76567521 13971673
76569970 13971673
76570019 13971673
76570021 13971673
76572701 13971673
76570314 13971676
76571463 13971676
76572420 13971676
76571461 13971677
76564278 13971682
76564286 13971682
76570722 13971682
76570734 13971682
76570735 13971682
76570746 13971685
76572789 13971688
76572792 13971688
76572793 13971688
76564581 13971693
76565405 13971693
76565455 13971693
76565705 13971693
76567854 13971701
76567904 13971701
76568014 13971701
76570985 13971701
76565951 13971702
76564540 13971707
76563929 13971711
76564092 13971717
76564101 13971717
76564209 13971717
76564289 13971717
76564296 13971717
76564563 13971720
76564841 13971720
76572909 13971720
