76894968 13556561
76894968 13993956
76894989 13557076
76894989 13994540
77038574 13559758
77038574 13991839
77038574 189687365
77042097 13559758
77042097 13991839
77042097 189687365
77054765 13559758
77054765 13991839
77054765 189687365
77054767 13559758
77054767 13991839
77054767 189687365
77054768 13559758
77054768 13991839
77054768 189687365
77054761 13563676
77054761 13994701
77039167 13563677
77039167 13994700
77054764 13563677
77054764 13994700
77039152 13564150
77039152 13992664
77038716 13567930
77038716 13994618
77039571 13567930
77039571 13994618
77039572 13567930
77039572 13994618
77039666 13567930
77039666 13994618
77041903 13567930
77041903 13994618
77041904 13567930
77041904 13994618
77041906 13567930
77041906 13994618
77046997 13567930
77046997 13994618
77046998 13567930
77046998 13994618
77054711 13567930
77054711 13994618
77054712 13567930
77054712 13994618
7565388 13592547
7559997 13592547
7559997 13994527
7560111 13592547
7560111 13994527
7565387 13592547
7565387 13994527
77036440 13671143
77036440 13992175
77036441 13671143
77036441 13992176
77036431 13671143
77036431 13992761
77036455 13671143
77036455 13992761
795478 13681092
795478 13993474
795677 13682268
795677 13994165
795470 13682364
795470 13994469
795703 13682364
795703 13994469
795705 13682364
795705 13994469
795708 13682364
795708 13994469
795753 13682364
795753 13994469
795665 13682418
795665 13994616
795671 13682418
795671 13994616
803089 13682418
803089 13994616
805709 13682418
805709 13994616
805710 13682418
805710 13994616
807909 13682418
807909 13994616
808138 13682418
808138 13994616
808139 13682418
808139 13994616
808140 13682418
808140 13994616
808141 13682418
808141 13994616
795469 13682753
795469 13994921
795699 13682753
795699 13994921
77038087 107080529
77038087 13994915
77038091 107080529
77038091 13994915
77038791 107080529
77038791 13994915
77045875 107080529
77045875 13994915
77045876 107080529
77045876 13994915
77038790 107080602
77038790 13994795
77038792 107080602
77038792 13994795
77039160 107080602
77039160 13994795
77040253 107080602
77040253 13994795
77041724 107080602
77041724 13994795
77041725 107080602
77041725 13994795
77045957 107080602
77045957 13994795
77045958 107080602
77045958 13994795
77035918 107180811
77035918 13993253
77036347 107180811
77036347 13993253
77036350 107180811
77036350 13993253
77041880 107180811
77041880 13993253
77041881 107180811
77041881 13993253
77041884 107180811
77041884 13993253
77053553 107180811
77053553 13993253
77035543 107180813
77035543 13994637
77035550 107180813
77035550 13994637
77035556 107180813
77035556 13994637
77035560 107180813
77035560 13994637
77035568 107180813
77035568 13994637
77035578 107180813
77035578 13994637
77035590 107180813
77035590 13994637
77035741 107180813
77035741 13994637
77035744 107180813
77035744 13994637
77035858 107180813
77035858 13994637
77035922 107180813
77035922 13994637
77035924 107180813
77035924 13994637
77035927 107180813
77035927 13994637
77035928 107180813
77035928 13994637
77035930 107180813
77035930 13994637
77035932 107180813
77035932 13994637
77036038 107180813
77036038 13994637
77036096 107180813
77036096 13994637
77036412 107180813
77036412 13994637
77040120 107180813
77040120 13994637
77040143 107180813
77040143 13994637
77041311 107180813
77041311 13994637
77041320 107180813
77041320 13994637
77041321 107180813
77041321 13994637
77041671 107180813
77041671 13994637
77041672 107180813
77041672 13994637
77046857 107180813
77046857 13994637
77046858 107180813
77046858 13994637
77038676 107182095
77038676 107331542
77038676 13993350
77038676 13994523
77038688 107182095
77038688 107331542
77038688 13993350
77038688 13994523
77038689 107182095
77038689 107331542
77038689 13993350
77038689 13994523
77038963 107182095
77038963 107331542
77038963 13993350
77038963 13994523
77039004 107182095
77039004 107331542
77039004 13993350
77039004 13994523
77039090 107182095
77039090 107331542
77039090 13993350
77039090 13994523
77039092 107182095
77039092 107331542
77039092 13993350
77039092 13994523
77039094 107182095
77039094 107331542
77039094 13993350
77039094 13994523
77042119 107182095
77042119 107331542
77042119 13993350
77042119 13994523
77035637 107182103
77035637 13993213
77035639 107182103
77035639 13993213
77035640 107182103
77035640 13993213
77035673 107182103
77035673 13993213
77035792 107182103
77035792 13993213
77035794 107182103
77035794 13993213
77035865 107182103
77035865 13993213
77036976 107182103
77036976 13993213
77037330 107182103
77037330 13993213
77037332 107182103
77037332 13993213
77037337 107182103
77037337 13993213
77038000 107182103
77038000 13993213
77038210 107182103
77038210 13993213
77038220 107182103
77038220 13993213
77041335 107182103
77041335 13993213
77041336 107182103
77041336 13993213
77041354 107182103
77041354 13993213
77041390 107182103
77041390 13993213
77041401 107182103
77041401 13993213
77041402 107182103
77041402 13993213
77041407 107182103
77041407 13993213
77041408 107182103
77041408 13993213
77042057 107182103
77042057 13993213
77042069 107182103
77042069 13993213
77042070 107182103
77042070 13993213
77042196 107182103
77042196 13993213
77045613 107182103
77045613 13993213
77045614 107182103
77045614 13993213
77034870 107236811
77034870 13994583
77034938 107236811
77034938 13994583
77035026 107236811
77035026 13994583
77035055 107236811
77035055 13994583
77035058 107236811
77035058 13994583
77035117 107236811
77035117 13994583
77035274 107236811
77035274 13994583
77035473 107236811
77035473 13994583
77040072 107236811
77040072 13994583
77041559 107236811
77041559 13994583
77042045 107236811
77042045 13994583
77042877 107236811
77042877 13994583
77042879 107236811
77042879 13994583
77042880 107236811
77042880 13994583
77042881 107236811
77042881 13994583
77042882 107236811
77042882 13994583
77046287 107236811
77046287 13994583
77046288 107236811
77046288 13994583
77046289 107236811
77046289 13994583
77046290 107236811
77046290 13994583
77047037 107236811
77047037 13994583
77047038 107236811
77047038 13994583
77047187 107236811
77047187 13994583
77047189 107236811
77047189 13994583
77047191 107236811
77047191 13994583
77047193 107236811
77047193 13994583
77047195 107236811
77047195 13994583
77047196 107236811
77047196 13994583
77038677 107331383
77038677 13993426
77038679 107331383
77038679 13993426
77038683 107331383
77038683 13993426
77038859 107331383
77038859 13993426
77037010 107581976
77037010 13994611
77037014 107581976
77037014 13994611
77037015 107581976
77037015 13994611
77037276 107581976
77037276 13994611
77037421 107581976
77037421 13994611
77037450 107581976
77037450 13994611
77037817 107581976
77037817 13994611
77045201 107581976
77045201 13994611
77045202 107581976
77045202 13994611
77045230 107581976
77045230 13994611
77045273 107581976
77045273 13994611
77045275 107581976
77045275 13994611
77045276 107581976
77045276 13994611
77036295 13991763
77034465 13991771
77034558 13991771
77042098 13991771
77035386 13991772
77040090 13991772
77040826 13991774
77035931 13991782
77035935 13991782
77035936 13991782
77042117 13991782
77042120 13991782
77040819 13991787
77041025 13991789
77041025 13994416
77034453 13991798
77034468 13991798
77034483 13991798
77034531 13991798
77036601 13991798
77036838 13991798
77039930 13991798
77041121 13991798
77041122 13991798
77046233 13991798
77046234 13991798
77034562 13991806
77039923 13991806
77039924 13991806
77035989 13991812
77036287 13991812
77034458 13991817
77034526 13991817
77040057 13991817
77041119 13991817
77053636 13991817
77038095 13991819
77038522 13991819
77039698 13991821
77041870 13991822
77042175 13991822
77042177 13991824
77035866 13991827
77035902 13991827
77042194 13991830
77042195 13991833
77041392 13991834
77041399 13991834
77042197 13991834
77043691 13991836
77043692 13991836
77039566 13991839
77039566 189687365
77041683 13991839
77041683 189687365
77034593 13991840
77042043 13991842
77034594 13991844
77042047 13991846
77042048 13991847
77042026 13991853
77042029 13991853
77042032 13991853
77042213 13991853
77047179 13991853
77047180 13991853
77034598 13991855
77036955 13991857
77039411 13991857
77037001 13991865
77037857 13991865
77039413 13991865
77034444 13991868
77039581 13991871
77047033 13991873
77047034 13991873
77039583 13991875
77047035 13991877
77047036 13991877
77042064 13991879
77042065 13991879
77042066 13991882
77034461 13991885
77034464 13991889
77034466 13991890
77034467 13991892
77042081 13991893
77042084 13991894
77042087 13991895
77034480 13991896
77035818 13991897
77047079 13991898
77047080 13991898
77038407 13991899
77038562 13991899
77039307 13991899
77042428 13991899
77035832 13991900
77034778 13991901
77034801 13991901
77039324 13991901
77034876 13991904
77039329 13991904
77039331 13991904
77035859 13991905
77035158 13991907
77039348 13991907
77044879 13991909
77044880 13991909
77044889 13991912
77044890 13991912
77039218 13991913
77039664 13991913
77036564 13991921
77039383 13991921
77039387 13991921
77053701 13991927
77039101 13991929
77039103 13991930
77039105 13991931
77039109 13991932
77039127 13991933
77039140 13991936
77039141 13991936
77039143 13991938
77039148 13991941
77039149 13991941
77053610 13991942
77035210 13991975
77035221 13991975
77035370 13991975
77035481 13991975
77043285 13991975
77043286 13991975
77043615 13991975
77043616 13991975
77053611 13991975
77039163 13991983
77039164 13991985
77035528 13991989
77039188 13991990
77039189 13991991
77037685 13991992
77040919 13991992
77036952 13991995
77037770 13991995
77046195 13991998
77046197 13991998
77046200 13991998
77053673 13991998
77035583 13991999
77037675 13992001
77040935 13992001
77035437 13992005
77035439 13992007
77048023 13992009
77048024 13992009
77048025 13992009
77039091 13992012
77035450 13992015
77039093 13992016
77035152 13992021
77035451 13992021
77035453 13992023
77035455 13992025
77039099 13992029
77035459 13992030
77036849 13992032
77035470 13992034
77035474 13992036
77035477 13992039
77036868 13992042
77035495 13992043
77036879 13992048
77036880 13992048
77036882 13992050
77036542 13992056
77036885 13992056
77044351 13992058
77044353 13992058
77044354 13992058
77053458 13992059
77036603 13992062
77041915 13992065
77045879 13992066
77045880 13992066
77036578 13992074
77036588 13992074
77036629 13992074
77036810 13992074
77036826 13992074
77044243 13992077
77044244 13992077
77044247 13992078
77044248 13992078
77034838 13992080
77035104 13992080
77035108 13992083
77034777 13992087
77034779 13992087
77034872 13992087
77035109 13992087
77054861 13992092
77041800 13992094
77041803 13992095
77041806 13992097
77034900 13992102
77035127 13992102
77035153 13992108
77035163 13992108
77035165 13992108
77035298 13992108
77041819 13992110
77041820 13992110
77041821 13992111
77041824 13992113
77035145 13992128
77036491 13992128
77039335 13992128
77040075 13992128
77041840 13992130
77041845 13992131
77035157 13992141
77035160 13992141
77043267 13992141
77043268 13992141
77041848 13992143
77034856 13992146
77035017 13992146
77041866 13992149
77041869 13992151
77036400 13992154
77041716 13992156
77041718 13992158
77041719 13992160
77036259 13992162
77044025 13992162
77044026 13992162
77036567 13992166
77036577 13992166
77041885 13992167
77041732 13992169
77041735 13992171
77036591 13992174
77036928 13992174
77036432 13992180
77036433 13992180
77036442 13992180
77041752 13992182
77041756 13992184
77037616 13992188
77037947 13992188
77038479 13992188
77040628 13992188
77040629 13992188
77045397 13992188
77045398 13992188
77041602 13992192
77041608 13992194
77041771 13992195
77041776 13992198
77041779 13992200
77045417 13992203
77045418 13992203
77046909 13992205
77046911 13992205
77046912 13992205
77046913 13992207
77046915 13992207
77046917 13992207
77046918 13992207
77041626 13992208
77041629 13992209
77041791 13992210
77041795 13992211
77041796 13992211
77041797 13992212
77046929 13992215
77046931 13992215
77046932 13992215
77041645 13992216
77041646 13992216
77046939 13992217
77046940 13992217
77041649 13992218
77036351 13992219
77046945 13992220
77046947 13992220
77046949 13992220
77046950 13992220
77046951 13992223
77046952 13992223
77041661 13992225
77036359 13992228
77041664 13992229
77046959 13992232
77041667 13992234
77038729 13992237
77046807 13992237
77046808 13992237
77041514 13992240
77036370 13992242
77036372 13992243
77041518 13992245
77036374 13992246
77046967 13992248
77046969 13992248
77046970 13992248
77041681 13992250
77036379 13992254
77036380 13992254
77046979 13992256
77041689 13992257
77041690 13992257
77046819 13992258
77046820 13992258
77046821 13992259
77046823 13992259
77046824 13992259
77041530 13992261
77041533 13992262
77046827 13992264
77046828 13992264
77037721 13992265
77039590 13992265
77039629 13992265
77041536 13992266
77041538 13992267
77041542 13992267
77041539 13992268
77036394 13992270
77046989 13992272
77046991 13992272
77046992 13992272
77046993 13992275
77046994 13992275
77046995 13992278
77046996 13992278
77036245 13992279
77046313 13992279
77046314 13992279
77041551 13992281
77041554 13992282
77046849 13992284
77046850 13992284
77037745 13992285
77037747 13992287
77037749 13992288
77041400 13992289
77041403 13992291
77041406 13992293
77041409 13992293
77046861 13992294
77046862 13992294
77046863 13992296
77046864 13992296
77046865 13992298
77046866 13992298
77037760 13992300
77041574 13992302
77041575 13992302
77046867 13992304
77046869 13992304
77046870 13992304
77037763 13992305
77037764 13992305
77041578 13992306
77037766 13992310
77037768 13992313
77037769 13992316
77037845 13992316
77041422 13992318
77034745 13992325
77034749 13992325
77034751 13992325
77037601 13992325
77037605 13992325
77037609 13992325
77037611 13992325
77037612 13992325
77037929 13992325
77039299 13992325
77039322 13992325
77040985 13992325
77040997 13992325
77040998 13992325
77042274 13992325
77042329 13992325
77042330 13992325
77042381 13992325
77042382 13992325
77042777 13992325
77042778 13992325
77042781 13992325
77042782 13992325
77046389 13992325
77046391 13992325
77046392 13992325
77046805 13992325
77046806 13992325
77041425 13992327
77041428 13992329
77046879 13992330
77046880 13992330
77046885 13992332
77046887 13992334
77046888 13992334
77037782 13992337
77046889 13992338
77046891 13992338
77046893 13992338
77046894 13992338
77041598 13992340
77041599 13992340
77038722 13992345
77038968 13992345
77039087 13992345
77037631 13992348
77037634 13992349
77037638 13992353
77038817 13992357
77038996 13992357
77038819 13992359
77040285 13992360
77040287 13992364
77041460 13992365
77041466 13992368
77037037 13992370
77037654 13992370
77037655 13992372
77041469 13992375
77037657 13992376
77037659 13992380
77041310 13992384
77041313 13992385
77041316 13992387
77041319 13992389
77041484 13992391
77036436 13992394
77040153 13992394
77044273 13992394
77044274 13992394
77041331 13992395
77041334 13992396
77041337 13992397
77047809 13992399
77047970 13992401
77041352 13992402
77041355 13992403
77041201 13992404
77041206 13992405
77041207 13992405
77041208 13992408
77041370 13992409
77041373 13992412
77041376 13992413
77041379 13992414
77038745 13992416
77041222 13992418
77038747 13992420
77041228 13992423
77041229 13992423
77050498 13992424
77050499 13992426
77041394 13992427
77040063 13992429
77034903 13992431
77042891 13992431
77042892 13992431
77037578 13992434
77037579 13992434
77037586 13992434
77037589 13992434
77038413 13992434
77038627 13992434
77039519 13992434
77039638 13992434
77040655 13992434
77040656 13992434
77042261 13992434
77042289 13992434
77042429 13992434
77042450 13992434
77047869 13992438
77047870 13992438
77041249 13992440
77041261 13992441
77041262 13992442
77041263 13992442
77041264 13992443
77041267 13992445
77038456 13992446
77038458 13992446
77038460 13992446
77038462 13992446
77038466 13992446
77038468 13992446
77038470 13992446
77038631 13992446
77042416 13992446
77045869 13992446
77045871 13992446
77045873 13992446
77045874 13992446
77046401 13992447
77046402 13992447
77038122 13992450
77038545 13992450
77038635 13992450
77041111 13992451
77041114 13992453
77041117 13992455
77041280 13992456
77041283 13992457
77041286 13992458
77041289 13992459
77041132 13992461
77041137 13992463
77041153 13992464
77038678 13992465
77041156 13992468
77041159 13992470
77038525 13992472
77038527 13992473
77041171 13992475
77041174 13992476
77041177 13992478
77038343 13992479
77038544 13992479
77038547 13992480
77034905 13992483
77034907 13992483
77039339 13992483
77041192 13992484
77041195 13992486
77041040 13992487
77041043 13992488
77039913 13992489
77034528 13992492
77039914 13992492
77039916 13992492
77041062 13992493
77041065 13992494
77039640 13992496
77046201 13992496
77046202 13992496
77039714 13992497
77046207 13992497
77046208 13992497
77039931 13992499
77037105 13992500
77041080 13992501
77039936 13992503
77039937 13992504
77041083 13992505
77038474 13992506
77042417 13992506
77041086 13992507
77041089 13992508
77038423 13992514
77038425 13992514
77038427 13992514
77038429 13992514
77038431 13992514
77038433 13992514
77038435 13992514
77038437 13992514
77038439 13992514
77038441 13992514
77038443 13992514
77038445 13992514
77038449 13992514
77038451 13992514
77038453 13992514
77039030 13992514
77039032 13992514
77039305 13992514
77040262 13992514
77040562 13992514
77045867 13992514
77045868 13992514
77046075 13992514
77046076 13992514
77046077 13992514
77046078 13992514
77046655 13992514
77046656 13992514
77034816 13992517
77034818 13992519
77039945 13992521
77039951 13992521
77046241 13992521
77046242 13992521
77039956 13992523
77039975 13992524
77039978 13992525
77038491 13992526
77042300 13992528
77038493 13992529
77037019 13992537
77034874 13992540
77042496 13992541
77035166 13992543
77035167 13992543
77039350 13992543
77046139 13992543
77046140 13992543
77039866 13992544
77039869 13992545
77039709 13992547
77039710 13992547
77039712 13992548
77039716 13992549
77037052 13992551
77039885 13992552
77039888 13992553
77041031 13992554
77042210 13992556
77042211 13992556
77034760 13992559
77034761 13992559
77042218 13992560
77042222 13992560
77039751 13992561
77039620 13992563
77039752 13992563
77039753 13992564
77039960 13992566
77042233 13992566
77037751 13992568
77039621 13992568
77034655 13992570
77034753 13992570
77042105 13992570
77034506 13992572
77039643 13992574
77042129 13992575
77047263 13992577
77047264 13992577
77042298 13992579
77039667 13992581
77039669 13992582
77039535 13992584
77039536 13992584
77042181 13992585
77042185 13992587
77038058 13992588
77042052 13992589
77035934 13992591
77039578 13992592
77042055 13992594
77042058 13992595
77034450 13992597
77034457 13992600
77035950 13992602
77042078 13992603
77042090 13992604
77042093 13992606
77035820 13992608
77035826 13992609
77034494 13992610
77034495 13992610
77035828 13992611
77035829 13992611
77035840 13992612
77035842 13992613
77035844 13992615
77035848 13992616
77035849 13992617
77034888 13992646
77034901 13992646
77034902 13992646
77035131 13992646
77039333 13992646
77039337 13992646
77040077 13992646
77035861 13992649
77043241 13992653
77043242 13992653
77039111 13992655
77039131 13992656
77039135 13992658
77053601 13992661
77039151 13992663
77039155 13992667
77035531 13992670
77035537 13992672
77035538 13992673
77036948 13992674
77040163 13992674
77035573 13992676
77035427 13992679
77048011 13992681
77048012 13992681
77048013 13992681
77048014 13992681
77035428 13992682
77048019 13992684
77035443 13992685
77035445 13992686
77036985 13992687
77035449 13992688
77037136 13992689
77037592 13992689
77039983 13992689
77040961 13992689
77042137 13992689
77037130 13992690
77040963 13992690
77040968 13992691
77035461 13992692
77035462 13992693
77036851 13992695
77036855 13992696
77036859 13992697
77035480 13992698
77035482 13992699
77035484 13992700
77035487 13992703
77035489 13992704
77036872 13992705
77036874 13992706
77044327 13992708
77044328 13992708
77036876 13992709
77036878 13992711
77036890 13992712
77037680 13992714
77040877 13992714
77053461 13992715
77035191 13992717
77035375 13992717
77041902 13992719
77035226 13992720
77046965 13992721
77046966 13992721
77053487 13992721
77035110 13992724
77035111 13992725
77035112 13992726
77035135 13992726
77035114 13992727
77036437 13992731
77044271 13992731
77044272 13992731
77041810 13992732
77041811 13992732
77041812 13992733
77041815 13992735
77041830 13992736
77036529 13992737
77041834 13992739
77041837 13992740
77036493 13992742
77036698 13992742
77041853 13992743
77041854 13992743
77035171 13992746
77041857 13992748
77036566 13992749
77042316 13992749
77041877 13992751
77041878 13992751
77041879 13992752
77035198 13992755
77041723 13992756
77041727 13992757
77041728 13992757
77041729 13992758
77041896 13992759
77041899 13992760
77041742 13992762
77041745 13992763
77037730 13992764
77037933 13992764
77041748 13992765
77041760 13992766
77041763 13992767
77041766 13992768
77041767 13992769
77046901 13992770
77046902 13992770
77046903 13992772
77046904 13992772
77041611 13992773
77041616 13992774
77041617 13992774
77041782 13992775
77041785 13992776
77041788 13992777
77041632 13992778
77046925 13992779
77046927 13992779
77046928 13992779
77041637 13992780
77036495 13992782
77036340 13992784
77036343 13992785
77041651 13992786
77036348 13992787
77041652 13992788
77036349 13992789
77041656 13992790
77041503 13992791
77036363 13992792
77046961 13992793
77046962 13992793
77036367 13992794
77041673 13992795
77046813 13992796
77046814 13992796
77041522 13992797
77041523 13992797
77046817 13992798
77046818 13992798
77041524 13992800
77036382 13992801
77036384 13992802
77036387 13992803
77041691 13992804
77041694 13992805
77041697 13992806
77041545 13992807
77046851 13992809
77041560 13992810
77041563 13992811
77037756 13992812
77037758 13992814
77041416 13992817
77046871 13992819
77046872 13992819
77041582 13992820
77041583 13992820
77046875 13992822
77046876 13992822
77041584 13992823
77046877 13992824
77046878 13992824
77041587 13992825
77040255 13992826
77041434 13992828
77036291 13992829
77041437 13992830
77037624 13992832
77037626 13992833
77046895 13992835
77046896 13992835
77037792 13992838
77041451 13992839
77050558 13992843
77050559 13992843
77037640 13992845
77041454 13992847
77037645 13992850
77041301 13992851
77041304 13992852
77041307 13992854
77040295 13992855
77041472 13992857
77041475 13992860
77041322 13992861
77041325 13992863
77041328 13992865
77041493 13992866
77041496 13992867
77041340 13992868
77041344 13992870
77041347 13992870
77041348 13992870
77041361 13992872
77041367 13992874
77041211 13992875
77041212 13992876
77041382 13992877
77042883 13992879
77042884 13992879
77050337 13992880
77050338 13992881
77038758 13992882
77041252 13992883
77041256 13992884
77041257 13992884
77041258 13992885
77041102 13992886
77041105 13992887
77041108 13992888
77041270 13992889
77041271 13992890
77041274 13992891
77041277 13992892
77041120 13992895
77039927 13992896
77046415 13992896
77046417 13992896
77046419 13992896
77046421 13992896
77046422 13992896
77041123 13992897
77038484 13992898
77038648 13992898
77041126 13992900
77041129 13992901
77041292 13992903
77041295 13992904
77041298 13992905
77041140 13992906
77041143 13992908
77041146 13992911
77038510 13992912
77038682 13992914
77038684 13992916
77041162 13992917
77041165 13992919
77041168 13992920
77038537 13992922
77041180 13992923
77041183 13992925
77041186 13992926
77041189 13992928
77038551 13992929
77038555 13992931
77037221 13992932
77037224 13992932
77037222 13992933
77039906 13992934
77041052 13992935
77041055 13992936
77041058 13992937
77041071 13992938
77041074 13992939
77041077 13992940
77041092 13992941
77041096 13992942
77041099 13992943
77034823 13992945
77046235 13992946
77046236 13992946
77039961 13992947
77039962 13992948
77038482 13992949
77038486 13992950
77034844 13992953
77039891 13992953
77038488 13992955
77039981 13992957
77039984 13992958
77034863 13992961
77042315 13992963
77039859 13992964
77039704 13992966
77039706 13992967
77039708 13992969
77039872 13992971
77039721 13992972
77034757 13992974
77043705 13992976
77043706 13992976
77034601 13992978
77034605 13992980
77039743 13992982
77046183 13992984
77046184 13992984
77042223 13992985
77042224 13992985
77042227 13992986
77042228 13992987
77039769 13992988
77042247 13992989
77039787 13992990
77042286 13992991
77039658 13992992
77039672 13992993
77038021 13992994
77039677 13992995
77042159 13992996
77037060 13992999
77050500 13992999
77035592 13993000
77043693 13993002
77043695 13993002
77043696 13993002
77036365 13993003
77037228 13993005
77041085 13993005
77046829 13993005
77046830 13993005
77034957 13993013
77035102 13993013
77042108 13993013
77042875 13993013
77042876 13993013
77043017 13993013
77043018 13993013
77037732 13993014
77038007 13993016
77041372 13993016
77041383 13993016
77041384 13993016
77041387 13993016
77041417 13993016
77041418 13993016
77046709 13993018
77046711 13993018
77046712 13993018
77042507 13993019
77046769 13993019
77046771 13993019
77046773 13993019
77046775 13993019
77046776 13993019
77046777 13993019
77046778 13993019
77035177 13993023
77035479 13993023
77035938 13993033
77035938 33036408
77035938 33036409
77035938 33036466
77035938 33036471
77035938 33036483
77035938 33036484
77035938 33036507
77035938 33036509
77035938 33036526
77035938 33036528
77035938 33036546
77035938 33036550
77035938 33036561
77035938 33036562
77035938 33036566
77035938 33036567
77035945 13993033
77035945 33036408
77035945 33036409
77035945 33036466
77035945 33036471
77035945 33036483
77035945 33036484
77035945 33036507
77035945 33036509
77035945 33036526
77035945 33036528
77035945 33036546
77035945 33036550
77035945 33036561
77035945 33036562
77035945 33036566
77035945 33036567
77035967 13993033
77035967 33036408
77035967 33036409
77035967 33036466
77035967 33036471
77035967 33036483
77035967 33036484
77035967 33036507
77035967 33036509
77035967 33036526
77035967 33036528
77035967 33036546
77035967 33036550
77035967 33036561
77035967 33036562
77035967 33036566
77035967 33036567
77035968 13993033
77035968 33036408
77035968 33036409
77035968 33036466
77035968 33036471
77035968 33036483
77035968 33036484
77035968 33036507
77035968 33036509
77035968 33036526
77035968 33036528
77035968 33036546
77035968 33036550
77035968 33036561
77035968 33036562
77035968 33036566
77035968 33036567
77035975 13993033
77035975 33036408
77035975 33036409
77035975 33036466
77035975 33036471
77035975 33036483
77035975 33036484
77035975 33036507
77035975 33036509
77035975 33036526
77035975 33036528
77035975 33036546
77035975 33036550
77035975 33036561
77035975 33036562
77035975 33036566
77035975 33036567
77035978 13993033
77035978 33036408
77035978 33036409
77035978 33036466
77035978 33036471
77035978 33036483
77035978 33036484
77035978 33036507
77035978 33036509
77035978 33036526
77035978 33036528
77035978 33036546
77035978 33036550
77035978 33036561
77035978 33036562
77035978 33036566
77035978 33036567
77036049 13993033
77036049 33036408
77036049 33036409
77036049 33036466
77036049 33036471
77036049 33036483
77036049 33036484
77036049 33036507
77036049 33036509
77036049 33036526
77036049 33036528
77036049 33036546
77036049 33036550
77036049 33036561
77036049 33036562
77036049 33036566
77036049 33036567
77036057 13993033
77036057 33036408
77036057 33036409
77036057 33036466
77036057 33036471
77036057 33036483
77036057 33036484
77036057 33036507
77036057 33036509
77036057 33036526
77036057 33036528
77036057 33036546
77036057 33036550
77036057 33036561
77036057 33036562
77036057 33036566
77036057 33036567
77036064 13993033
77036064 33036408
77036064 33036409
77036064 33036466
77036064 33036471
77036064 33036483
77036064 33036484
77036064 33036507
77036064 33036509
77036064 33036526
77036064 33036528
77036064 33036546
77036064 33036550
77036064 33036561
77036064 33036562
77036064 33036566
77036064 33036567
77036076 13993033
77036076 33036408
77036076 33036409
77036076 33036466
77036076 33036471
77036076 33036483
77036076 33036484
77036076 33036507
77036076 33036509
77036076 33036526
77036076 33036528
77036076 33036546
77036076 33036550
77036076 33036561
77036076 33036562
77036076 33036566
77036076 33036567
77036127 13993033
77036127 33036408
77036127 33036409
77036127 33036466
77036127 33036471
77036127 33036483
77036127 33036484
77036127 33036507
77036127 33036509
77036127 33036526
77036127 33036528
77036127 33036546
77036127 33036550
77036127 33036561
77036127 33036562
77036127 33036566
77036127 33036567
77036137 13993033
77036137 33036408
77036137 33036409
77036137 33036466
77036137 33036471
77036137 33036483
77036137 33036484
77036137 33036507
77036137 33036509
77036137 33036526
77036137 33036528
77036137 33036546
77036137 33036550
77036137 33036561
77036137 33036562
77036137 33036566
77036137 33036567
77036139 13993033
77036139 33036408
77036139 33036409
77036139 33036466
77036139 33036471
77036139 33036483
77036139 33036484
77036139 33036507
77036139 33036509
77036139 33036526
77036139 33036528
77036139 33036546
77036139 33036550
77036139 33036561
77036139 33036562
77036139 33036566
77036139 33036567
77036163 13993033
77036163 33036408
77036163 33036409
77036163 33036466
77036163 33036471
77036163 33036483
77036163 33036484
77036163 33036507
77036163 33036509
77036163 33036526
77036163 33036528
77036163 33036546
77036163 33036550
77036163 33036561
77036163 33036562
77036163 33036566
77036163 33036567
77036186 13993033
77036186 33036408
77036186 33036409
77036186 33036466
77036186 33036471
77036186 33036483
77036186 33036484
77036186 33036507
77036186 33036509
77036186 33036526
77036186 33036528
77036186 33036546
77036186 33036550
77036186 33036561
77036186 33036562
77036186 33036566
77036186 33036567
77036204 13993033
77036204 33036408
77036204 33036409
77036204 33036466
77036204 33036471
77036204 33036483
77036204 33036484
77036204 33036507
77036204 33036509
77036204 33036526
77036204 33036528
77036204 33036546
77036204 33036550
77036204 33036561
77036204 33036562
77036204 33036566
77036204 33036567
77036206 13993033
77036206 33036408
77036206 33036409
77036206 33036466
77036206 33036471
77036206 33036483
77036206 33036484
77036206 33036507
77036206 33036509
77036206 33036526
77036206 33036528
77036206 33036546
77036206 33036550
77036206 33036561
77036206 33036562
77036206 33036566
77036206 33036567
77036208 13993033
77036208 33036408
77036208 33036409
77036208 33036466
77036208 33036471
77036208 33036483
77036208 33036484
77036208 33036507
77036208 33036509
77036208 33036526
77036208 33036528
77036208 33036546
77036208 33036550
77036208 33036561
77036208 33036562
77036208 33036566
77036208 33036567
77036267 13993033
77036267 33036408
77036267 33036409
77036267 33036466
77036267 33036471
77036267 33036483
77036267 33036484
77036267 33036507
77036267 33036509
77036267 33036526
77036267 33036528
77036267 33036546
77036267 33036550
77036267 33036561
77036267 33036562
77036267 33036566
77036267 33036567
77036276 13993033
77036276 33036408
77036276 33036409
77036276 33036466
77036276 33036471
77036276 33036483
77036276 33036484
77036276 33036507
77036276 33036509
77036276 33036526
77036276 33036528
77036276 33036546
77036276 33036550
77036276 33036561
77036276 33036562
77036276 33036566
77036276 33036567
77038857 13993033
77038857 33036408
77038857 33036409
77038857 33036466
77038857 33036471
77038857 33036483
77038857 33036484
77038857 33036507
77038857 33036509
77038857 33036526
77038857 33036528
77038857 33036546
77038857 33036550
77038857 33036561
77038857 33036562
77038857 33036566
77038857 33036567
77038861 13993033
77038861 33036408
77038861 33036409
77038861 33036466
77038861 33036471
77038861 33036483
77038861 33036484
77038861 33036507
77038861 33036509
77038861 33036526
77038861 33036528
77038861 33036546
77038861 33036550
77038861 33036561
77038861 33036562
77038861 33036566
77038861 33036567
77038895 13993033
77038895 33036408
77038895 33036409
77038895 33036466
77038895 33036471
77038895 33036483
77038895 33036484
77038895 33036507
77038895 33036509
77038895 33036526
77038895 33036528
77038895 33036546
77038895 33036550
77038895 33036561
77038895 33036562
77038895 33036566
77038895 33036567
77040456 13993033
77040456 33036408
77040456 33036409
77040456 33036466
77040456 33036471
77040456 33036483
77040456 33036484
77040456 33036507
77040456 33036509
77040456 33036526
77040456 33036528
77040456 33036546
77040456 33036550
77040456 33036561
77040456 33036562
77040456 33036566
77040456 33036567
77040457 13993033
77040457 33036408
77040457 33036409
77040457 33036466
77040457 33036471
77040457 33036483
77040457 33036484
77040457 33036507
77040457 33036509
77040457 33036526
77040457 33036528
77040457 33036546
77040457 33036550
77040457 33036561
77040457 33036562
77040457 33036566
77040457 33036567
77044125 13993033
77044125 33036408
77044125 33036409
77044125 33036466
77044125 33036471
77044125 33036483
77044125 33036484
77044125 33036507
77044125 33036509
77044125 33036526
77044125 33036528
77044125 33036546
77044125 33036550
77044125 33036561
77044125 33036562
77044125 33036566
77044125 33036567
77044126 13993033
77044126 33036408
77044126 33036409
77044126 33036466
77044126 33036471
77044126 33036483
77044126 33036484
77044126 33036507
77044126 33036509
77044126 33036526
77044126 33036528
77044126 33036546
77044126 33036550
77044126 33036561
77044126 33036562
77044126 33036566
77044126 33036567
77045929 13993033
77045929 33036408
77045929 33036409
77045929 33036466
77045929 33036471
77045929 33036483
77045929 33036484
77045929 33036507
77045929 33036509
77045929 33036526
77045929 33036528
77045929 33036546
77045929 33036550
77045929 33036561
77045929 33036562
77045929 33036566
77045929 33036567
77040139 13993034
77037116 13993035
77039723 13993036
77046211 13993036
77046212 13993036
77041978 13993037
77035195 13993039
77035463 13993039
77041190 13993041
77041191 13993041
77036584 13993042
77040162 13993042
77038550 13993047
77040802 13993047
77040803 13993047
77045633 13993047
77045634 13993047
77035964 13993048
77035965 13993048
77035969 13993049
77035970 13993050
77040731 13993051
77037103 13993053
77037683 13993053
77040946 13993053
77041976 13993054
77041979 13993054
77035316 13993058
77035330 13993058
77041509 13993058
77041516 13993058
77041517 13993058
77041520 13993058
77046908 13993058
77053639 13993058
77035190 13993061
77035285 13993061
77035356 13993061
77043287 13993061
77043288 13993061
77041492 13993064
77036988 13993068
77036992 13993068
77037004 13993068
77037021 13993068
77037025 13993068
77037305 13993068
77037313 13993068
77037403 13993068
77037408 13993068
77037455 13993068
77037460 13993068
77037478 13993068
77037633 13993068
77037878 13993068
77040208 13993068
77050404 13993069
77040754 13993070
77040755 13993070
77038106 13993071
77038509 13993071
77038815 13993071
77041032 13993071
77035161 13993073
77041891 13993077
77041892 13993077
77046189 13993077
77046191 13993077
77046193 13993077
77046194 13993077
77041240 13993079
77040114 13993083
77035562 13993085
77035825 13993085
77037053 13993087
77037158 13993091
77037159 13993091
77037092 13993093
77037094 13993093
77037095 13993093
77037097 13993093
77037098 13993093
77037100 13993093
77037102 13993093
77037673 13993093
77037678 13993093
77041278 13993096
77041281 13993096
77041282 13993096
77036538 13993102
77036551 13993102
77036644 13993102
77036751 13993102
77036756 13993102
77036764 13993102
77036785 13993102
77037210 13993110
77037211 13993110
77037212 13993110
77037216 13993110
77037280 13993110
77040185 13993110
77041054 13993110
77041056 13993110
77041057 13993110
77041088 13993110
77041090 13993110
77041091 13993110
77041743 13993110
77041744 13993110
77041746 13993110
77042126 13993110
77044999 13993110
77045000 13993110
77046359 13993110
77046360 13993110
77038937 13993113
77039027 13993113
77041287 13993117
77041288 13993117
77035566 13993125
77035574 13993125
77035579 13993125
77035711 13993125
77035777 13993125
77040273 13993126
77040494 13993130
77041579 13993130
77040190 13993137
77042472 13993137
77035227 13993149
77037375 13993149
77037778 13993149
77040164 13993149
77041576 13993149
77041577 13993149
77044969 13993149
77044971 13993149
77044972 13993149
77045415 13993149
77045416 13993149
77054721 13993149
77053465 13993165
77053522 13993174
77037016 13993181
77037813 13993181
77045193 13993181
77045194 13993181
77040811 13993209
77040812 13993209
77038104 13993214
77038508 13993214
77038808 13993214
77038809 13993214
77038810 13993214
77036034 13993217
77040118 13993217
77040122 13993217
77040125 13993217
77040133 13993217
77035597 13993218
77035755 13993218
77036994 13993231
77036997 13993231
77037006 13993231
77037234 13993231
77037397 13993231
77037400 13993231
77037423 13993231
77037803 13993231
77040169 13993231
77037716 13993233
77035625 13993237
77035626 13993237
77035668 13993237
77035764 13993237
77035862 13993237
77035987 13993237
77036192 13993237
77036200 13993237
77040128 13993237
77040135 13993237
77043737 13993237
77043738 13993237
77035594 13993238
77035596 13993238
77041332 13993238
77041333 13993238
77036198 13993239
77041627 13993239
77041628 13993239
77042050 13993239
77042051 13993239
77041268 13993241
77041269 13993242
77042000 13993243
77042017 13993243
77035912 13993246
77035916 13993246
77036355 13993246
77044021 13993246
77044022 13993246
77035631 13993251
77035768 13993251
77035518 13993255
77037193 13993261
77037202 13993261
77040372 13993263
77053646 13993263
77035800 13993268
77035841 13993268
77035843 13993268
77035894 13993268
77038103 13993273
77038105 13993273
77038506 13993273
77038777 13993273
77040246 13993273
77042149 13993273
77046809 13993277
77046810 13993277
77041675 13993279
77035633 13993285
77035863 13993285
77040824 13993286
77040825 13993286
77036964 13993290
77037334 13993290
77042267 13993290
77047003 13993290
77047004 13993290
77042006 13993292
77036858 13993294
77037061 13993296
77037072 13993296
77037241 13993296
77035183 13993298
77035184 13993298
77035448 13993298
77040097 13993298
77040098 13993298
77041525 13993298
77041526 13993298
77046293 13993298
77046294 13993298
77036975 13993301
77036984 13993301
77037410 13993301
77037625 13993301
77037637 13993301
77037641 13993301
77041432 13993301
77041433 13993301
77041435 13993301
77041436 13993301
77041586 13993301
77041594 13993301
77041937 13993301
77041960 13993301
77041961 13993301
77041988 13993301
77041989 13993301
77042199 13993301
77042324 13993301
77045399 13993301
77045400 13993301
77046355 13993301
77046356 13993301
77046935 13993301
77046937 13993301
77046938 13993301
77047009 13993301
77047010 13993301
77034504 13993302
77035957 13993303
77036272 13993303
77036292 13993303
77041194 13993305
77035444 13993309
77043689 13993309
77043690 13993309
77054680 13993311
77041544 13993312
77041547 13993312
77041550 13993312
77041553 13993312
77046921 13993312
77046922 13993312
77036581 13993320
77037533 13993320
77040154 13993320
77044995 13993320
77044996 13993320
77038708 13993325
77038710 13993325
77038711 13993325
77038887 13993325
77038908 13993325
77039153 13993325
77053599 13993325
77035207 13993327
77035216 13993327
77041556 13993328
77046923 13993328
77046924 13993328
77042562 13993330
77042563 13993330
77042564 13993330
77042053 13993337
77042054 13993337
77043739 13993337
77043741 13993337
77043742 13993337
77038755 13993338
77039133 13993338
77039226 13993338
77038772 13993340
77039138 13993340
77039192 13993340
77039252 13993340
77038111 13993341
77038113 13993341
77042151 13993341
77048428 13993343
77035853 13993347
77037708 13993351
77037709 13993351
77037710 13993351
77035464 13993352
77035465 13993353
77035478 13993355
77050505 13993356
77040725 13993358
77034889 13993361
77038694 13993363
77038699 13993363
77038700 13993363
77038760 13993363
77038833 13993363
77046115 13993363
77046116 13993363
77035605 13993369
77035613 13993369
77035615 13993369
77035616 13993369
77035621 13993369
77035789 13993369
77040110 13993369
77041272 13993369
77041275 13993369
77041314 13993369
77041315 13993369
77041326 13993369
77041329 13993369
77041339 13993369
77041341 13993369
77041342 13993369
77041359 13993369
77041360 13993369
77041368 13993369
77041369 13993369
77041377 13993369
77041378 13993369
77046859 13993369
77046860 13993369
77035558 13993380
77035563 13993380
77035582 13993380
77035823 13993380
77035880 13993380
77035882 13993380
77039904 13993380
77039905 13993380
77040820 13993380
77040821 13993380
77041380 13993380
77041381 13993380
77041505 13993380
77041634 13993380
77041635 13993380
77041636 13993380
77035553 13993382
77038748 13993384
77039130 13993384
77039230 13993384
77053602 13993384
77050335 13993385
77037750 13993388
77039711 13993388
77041050 13993388
77041051 13993388
77037432 13993392
77037644 13993392
77037863 13993392
77044975 13993392
77044976 13993392
77044977 13993392
77044978 13993392
77047091 13993392
77047096 13993392
77053648 13993392
77037005 13993396
77038101 13993398
77038101 13993573
77034688 13993400
77034728 13993400
77034741 13993400
77041847 13993400
77042757 13993400
77037110 13993402
77037175 13993405
77037505 13993405
77037949 13993405
77040182 13993405
77037302 13993411
77037321 13993411
77037453 13993411
77037458 13993411
77040172 13993411
77044979 13993411
77044980 13993411
77045617 13993411
77045618 13993411
77038498 13993412
77035958 13993413
77040704 13993416
77040706 13993416
77046707 13993416
77046708 13993416
77046713 13993416
77046714 13993416
77046726 13993416
77038492 13993422
77038499 13993422
77041730 13993422
77041731 13993422
77053589 13993422
77038114 13993427
77038119 13993427
77042476 13993427
77037181 13993432
77037186 13993432
77034890 13993443
77034895 13993443
77035044 13993443
77035047 13993443
77035053 13993443
77035067 13993443
77035203 13993443
77035204 13993443
77035382 13993443
77042887 13993443
77042888 13993443
77042889 13993443
77042890 13993443
77036516 13993450
77053558 13993456
77037059 13993458
77037062 13993461
77037065 13993461
77046801 13993461
77053472 13993461
77036052 13993466
77036302 13993466
77036393 13993466
77050279 13993467
77050280 13993467
77050281 13993467
77038047 13993470
77045625 13993470
77045627 13993470
77045628 13993470
77039863 13993473
77038535 13993477
77042552 13993479
77053457 13993479
77039794 13993480
77040771 13993480
77040743 13993481
77040746 13993482
77038067 13993483
77038313 13993483
77038320 13993483
77038332 13993483
77045629 13993483
77045630 13993483
77035200 13993485
77035460 13993485
77035980 13993486
77053469 13993486
77045943 13993487
77045944 13993487
77038891 13993488
77039202 13993488
77038713 13993489
77038724 13993489
77038899 13993489
77039644 13993489
77039661 13993489
77041196 13993489
77041197 13993489
77038035 13993490
77038045 13993490
77038060 13993490
77038174 13993490
77038281 13993490
77038284 13993490
77041721 13993490
77041722 13993490
77041867 13993490
77041868 13993490
77045709 13993490
77045710 13993490
77045877 13993490
77045878 13993490
77040475 13993492
77037088 13993493
77041923 13993493
77041924 13993493
77046753 13993494
77046754 13993494
77046755 13993495
77046756 13993495
77038743 13993496
77038947 13993496
77040510 13993496
77038108 13993497
77038109 13993497
77038110 13993497
77039290 13993497
77039180 13993499
77039286 13993499
77041030 13993499
77039182 13993501
77039183 13993501
77038107 13993503
77038368 13993503
77038370 13993503
77040241 13993503
77038063 13993505
77038071 13993505
77038528 13993505
77038530 13993505
77038778 13993506
77038778 174201140
77040547 13993506
77040547 174201140
77040548 13993506
77040548 174201140
77041209 13993506
77041209 174201140
77041210 13993506
77041210 174201140
77042295 13993506
77042295 174201140
77038529 13993507
77035212 13993508
77035196 13993513
77035206 13993513
77039898 13993513
77039899 13993513
77053640 13993513
77038019 13993515
77038243 13993515
77038483 13993515
77034462 13993522
77034463 13993522
77034469 13993522
77034556 13993522
77040840 13993523
77046757 13993524
77046758 13993524
77040749 13993525
77042419 13993526
77042420 13993526
77040804 13993527
77041911 13993528
77034484 13993529
77034433 13993534
77034440 13993534
77034470 13993534
77034472 13993534
77034592 13993534
77042571 13993534
77042573 13993534
77042574 13993534
77042579 13993534
77042580 13993534
77042607 13993534
77042608 13993534
77047185 13993534
77047186 13993534
77042099 13993536
77037665 13993537
77037667 13993537
77035217 13993545
77035501 13993545
77036490 13993545
77036494 13993545
77036496 13993545
77034486 13993549
77034591 13993549
77035908 13993550
77038763 13993552
77034884 13993554
77036704 13993565
77040076 13993565
77043209 13993565
77043211 13993565
77043213 13993565
77043214 13993565
77053514 13993565
77035116 13993566
77038161 13993567
77042148 13993567
77042154 13993567
77034491 13993572
77034579 13993572
77038099 13993573
77034820 13993577
77034897 13993577
77035050 13993577
77042859 13993577
77042860 13993577
77053484 13993580
77041680 13993581
77038115 13993583
77038770 13993589
77038774 13993589
77039547 13993589
77039548 13993589
77039864 13993589
77039867 13993589
77039883 13993589
77040268 13993589
77041011 13993589
77041021 13993589
77041203 13993589
77041204 13993589
77042178 13993589
77042180 13993589
77034570 13993596
77034573 13993596
77041133 13993596
77041134 13993596
77042100 13993596
77042657 13993596
77042658 13993596
77037162 13993598
77037507 13993598
77037581 13993598
77037585 13993598
77046365 13993598
77046366 13993598
77040969 13993600
77038539 13993602
77041548 13993603
77040474 13993604
77036947 13993607
77036951 13993607
77036972 13993611
77036977 13993611
77040823 13993613
77034612 13993614
77038726 13993615
77039014 13993615
77034503 13993617
77040816 13993619
77039122 13993620
77038906 13993621
77039146 13993621
77039150 13993621
77045939 13993621
77045940 13993621
77046059 13993621
77046060 13993621
77034482 13993622
77034606 13993622
77034607 13993622
77042593 13993622
77042594 13993622
77042503 13993624
77034576 13993626
77041116 13993626
77042581 13993626
77042582 13993626
77053635 13993626
77035630 13993635
77035634 13993635
77035997 13993635
77035998 13993635
77036002 13993635
77036234 13993635
77036238 13993635
77036249 13993635
77040423 13993635
77040424 13993635
77041609 13993635
77041610 13993635
77041625 13993635
77041926 13993635
77041927 13993635
77044031 13993635
77044032 13993635
77046953 13993635
77046954 13993635
77036470 13993638
77036555 13993638
77036434 13993640
77045942 13993642
77040845 13993645
77034508 13993647
77038455 13993649
77053475 13993649
77053571 13993649
77044983 13993650
77044984 13993650
77036354 13993653
77040756 13993655
77038799 13993656
77038806 13993656
77046759 13993657
77046761 13993657
77046762 13993657
77037057 13993658
77040875 13993658
77042543 13993658
77038773 13993661
77039123 13993661
77041613 13993665
77039726 13993667
77039727 13993667
77042497 13993672
77041513 13993675
77041519 13993679
77053486 13993681
77039144 13993682
77038725 13993683
77038739 13993684
77038911 13993684
77037712 13993685
77035991 13993692
77036221 13993692
77035992 13993693
77042869 13993696
77042870 13993696
77040865 13993697
77038542 13993700
77038543 13993700
77037121 13993701
77037291 13993701
77037682 13993701
77040181 13993701
77040948 13993701
77040949 13993701
77042260 13993701
77035559 13993704
77035736 13993704
77037044 13993707
77037725 13993707
77037726 13993707
77037982 13993707
77037986 13993707
77040791 13993707
77042140 13993707
77037548 13993710
77040179 13993710
77040180 13993710
77041855 13993710
77041856 13993710
77037029 13993713
77037483 13993713
77037969 13993713
77042487 13993716
77042495 13993716
77035546 13993718
77035641 13993726
77041375 13993726
77041415 13993726
77042198 13993726
77034477 13993731
77034478 13993731
77053692 13993734
77037074 13993737
77037076 13993737
77037078 13993737
77037080 13993737
77037662 13993737
77037086 13993740
77037089 13993740
77037676 13993740
77040929 13993740
77035850 13993745
77035851 13993745
77038001 13993745
77041420 13993745
77041421 13993745
77038805 13993746
77038805 174201268
77038956 13993746
77038956 174201268
77039184 13993746
77039184 174201268
77039542 13993746
77039542 174201268
77040269 13993746
77040269 174201268
77038563 13993748
77039560 13993748
77040667 13993767
77040670 13993767
77040768 13993767
77042353 13993767
77042372 13993767
77042375 13993767
77042377 13993767
77042378 13993767
77042383 13993767
77042389 13993767
77042404 13993767
77042405 13993767
77042411 13993767
77042418 13993767
77042421 13993767
77042424 13993767
77042427 13993767
77042430 13993767
77042431 13993767
77042449 13993767
77047311 13993767
77047312 13993767
77047315 13993767
77047316 13993767
77047325 13993767
77047327 13993767
77047329 13993767
77047330 13993767
77041236 13993768
77038010 13993771
77036112 13993776
77041674 13993776
77037003 13993780
77038519 13993782
77038520 13993782
77038378 13993785
77038517 13993785
77038011 13993789
77038218 13993789
77038224 13993789
77038017 13993792
77038263 13993792
77038596 13993792
77040087 13993793
77039608 13993795
77039720 13993795
77044997 13993795
77044998 13993795
77046203 13993795
77046205 13993795
77046206 13993795
77040796 13993796
77053464 13993797
77035519 13993800
77035527 13993800
77035651 13993800
77035819 13993800
77041630 13993800
77041631 13993800
77035522 13993803
77039790 13993806
77039792 13993806
77035151 13993822
77035155 13993822
77041443 13993822
77041444 13993822
77041450 13993822
77041452 13993822
77041453 13993822
77041456 13993822
77041459 13993822
77041467 13993822
77041468 13993822
77041471 13993822
77041474 13993822
77041531 13993822
77041535 13993822
77042039 13993822
77043273 13993822
77043274 13993822
77043275 13993822
77043276 13993822
77046881 13993822
77046882 13993822
77046919 13993822
77046920 13993822
77047029 13993822
77047031 13993822
77047032 13993822
77053638 13993822
77036560 13993825
77036672 13993840
77036856 13993840
77037027 13993840
77037761 13993840
77037765 13993840
77039425 13993840
77041036 13993840
77041042 13993840
77041045 13993840
77041047 13993840
77041048 13993840
77041600 13993840
77041601 13993840
77041603 13993840
77041604 13993840
77041606 13993840
77041607 13993840
77041753 13993840
77041754 13993840
77044981 13993840
77044982 13993840
77046815 13993840
77046816 13993840
77037067 13993848
77037492 13993848
77039429 13993848
77040941 13993848
77045515 13993848
77045516 13993848
77036582 13993857
77036583 13993857
77039399 13993857
77037041 13993864
77037757 13993864
77037825 13993864
77040653 13993874
77053491 13993874
77039421 13993875
77040843 13993875
77040902 13993875
77040903 13993875
77040911 13993875
77040912 13993875
77041987 13993875
77053567 13993875
77035949 13993882
77036099 13993882
77036102 13993882
77036145 13993882
77040126 13993882
77041982 13993882
77041983 13993882
77044105 13993882
77044106 13993882
77044113 13993882
77044114 13993882
77046321 13993882
77046322 13993882
77037180 13993884
77034604 13993890
77042083 13993890
77047044 13993890
77053643 13993890
77036592 13993913
77036594 13993913
77036682 13993913
77036816 13993913
77036821 13993913
77036833 13993913
77044363 13993913
77044365 13993913
77044366 13993913
77046701 13993924
77046703 13993924
77053629 13993924
77036509 13993925
77040313 13993925
77046457 13993925
77046459 13993925
77046460 13993925
77042251 13993930
77038787 13993932
77038503 13993933
77053618 13993934
77041612 13993936
77039158 13993937
77039159 13993937
77040807 13993938
77042500 13993939
77035536 13993943
77035544 13993943
77041648 13993943
77046955 13993943
77046956 13993943
77053593 13993945
77041239 13993946
77041363 13993948
77041365 13993948
77041366 13993948
77040701 13993950
77035557 13993952
77037093 13993953
77040776 13993953
77040882 13993955
77050245 13993957
77038030 13993961
77039632 13993961
77035569 13993971
77035724 13993971
77035729 13993971
77035732 13993971
77035839 13993971
77053503 13993973
77039161 13993974
77039162 13993975
77037587 13993977
77037943 13993977
77040204 13993977
77040620 13993977
77038052 13993980
77038271 13993980
77038538 13993980
77045791 13993980
77045792 13993980
77035620 13993982
77034842 13993984
77034950 13993984
77034992 13993984
77041662 13993984
77041663 13993984
77036571 13993995
77036575 13993995
77036576 13993995
77036922 13993995
77044787 13993995
77044788 13993995
77046153 13993995
77034764 13993999
77034765 13993999
77034851 13994006
77034963 13994006
77035022 13994006
77042797 13994006
77042798 13994006
77042871 13994006
77042873 13994006
77042874 13994006
77043039 13994006
77043040 13994006
77038765 13994009
77053606 13994009
77039679 13994010
77035532 13994013
77035533 13994017
77040103 13994017
77034850 13994022
77034857 13994022
77034988 13994022
77035010 13994022
77035097 13994022
77035098 13994022
77042239 13994029
77038507 13994030
77036556 13994040
77036580 13994040
77036586 13994040
77036593 13994040
77036677 13994040
77036799 13994040
77036807 13994040
77036813 13994040
77036818 13994040
77041749 13994040
77041750 13994040
77044771 13994040
77044772 13994040
77037167 13994043
77050458 13994043
77035002 13994046
77040080 13994046
77041199 13994047
77041200 13994047
77034660 13994051
77034718 13994051
77037229 13994051
77037563 13994051
77039950 13994051
77039955 13994051
77039973 13994051
77039974 13994051
77040187 13994051
77040188 13994051
77041073 13994051
77041076 13994051
77041078 13994051
77041093 13994051
77041097 13994051
77041098 13994051
77041106 13994051
77042085 13994051
77042086 13994051
77042725 13994051
77042726 13994051
77046243 13994051
77046244 13994051
77046835 13994051
77046836 13994051
77038934 13994052
77046731 13994059
77046732 13994059
77034852 13994070
77034859 13994070
77034862 13994070
77034873 13994070
77034877 13994070
77034892 13994070
77042107 13994070
77038769 13994071
77039250 13994071
77039870 13994071
77042215 13994071
77042216 13994071
77053603 13994071
77047181 13994072
77047182 13994072
77036950 13994073
77046363 13994073
77054826 13994073
77054827 13994073
77035623 13994074
77036968 13994076
77037012 13994080
77037430 13994080
77046361 13994080
77046362 13994080
77040235 13994084
77041259 13994084
77041260 13994084
77034754 13994085
77034866 13994086
77035107 13994086
77040070 13994086
77038764 13994089
77038766 13994089
77034490 13994097
77039912 13994097
77041127 13994097
77041128 13994097
77035430 13994100
77045941 13994104
77036989 13994106
77037630 13994106
77047281 13994110
77047282 13994110
77037109 13994115
77037111 13994115
77037113 13994115
77037114 13994115
77037115 13994115
77037119 13994115
77037123 13994115
77037135 13994115
77037520 13994115
77037672 13994115
77037677 13994115
77040200 13994115
77040751 13994115
77040952 13994115
77040953 13994115
77039166 13994117
77045050 13994118
77053560 13994118
77037152 13994120
77042258 13994122
77035520 13994130
77035523 13994130
77035682 13994130
77035685 13994130
77035688 13994130
77035925 13994130
77036080 13994130
77036089 13994130
77036339 13994130
77036342 13994130
77040115 13994130
77037164 13994135
77037594 13994135
77037717 13994135
77041908 13994135
77053642 13994135
77038069 13994146
77038069 51979719
77038074 13994146
77038074 51979719
77038076 13994146
77038076 51979719
77038077 13994146
77038077 51979719
77038157 13994146
77038157 51979719
77038169 13994146
77038169 51979719
77038182 13994146
77038182 51979719
77038304 13994146
77038304 51979719
77038323 13994146
77038323 51979719
77038326 13994146
77038326 51979719
77038330 13994146
77038330 51979719
77038337 13994146
77038337 51979719
77038444 13994146
77038444 51979719
77038521 13994146
77038521 51979719
77039559 13994146
77039559 51979719
77039668 13994146
77039668 51979719
77040225 13994146
77040225 51979719
77040228 13994146
77040228 51979719
77040229 13994146
77040229 51979719
77040230 13994146
77040230 51979719
77040805 13994146
77040805 51979719
77040806 13994146
77040806 51979719
77045631 13994146
77045631 51979719
77045632 13994146
77045632 51979719
77045807 13994146
77045807 51979719
77045808 13994146
77045808 51979719
77047113 13994146
77047113 51979719
77047114 13994146
77047114 51979719
77038994 13994149
77038994 71873939
77040541 13994149
77040541 71873939
77040542 13994149
77040542 71873939
77041692 13994149
77041692 71873939
77041693 13994149
77041693 71873939
77041696 13994149
77041696 71873939
77046963 13994149
77046963 71873939
77046964 13994149
77046964 71873939
77047345 13994151
77048031 13994151
77048032 13994151
77047344 13994153
77037141 13994156
77044989 13994156
77044991 13994156
77044992 13994156
77040761 13994162
77040764 13994162
77040767 13994162
77042447 13994162
77038757 13994165
77038761 13994165
77039463 13994165
77039802 13994165
77039803 13994165
77037223 13994171
77037225 13994171
77037226 13994171
77045409 13994171
77045411 13994171
77045412 13994171
77035985 13994192
77035990 13994192
77036045 13994192
77036183 13994192
77038741 13994192
77039104 13994192
77039857 13994192
77039858 13994192
77040438 13994192
77040439 13994192
77041138 13994192
77041139 13994192
77041161 13994192
77041167 13994192
77041170 13994192
77041173 13994192
77041175 13994192
77041176 13994192
77041187 13994192
77041188 13994192
77041621 13994192
77041622 13994192
77046069 13994192
77046845 13994192
77046846 13994192
77046847 13994192
77046848 13994192
77053470 13994192
77034451 13994202
77034492 13994202
77034493 13994202
77034496 13994202
77036836 13994202
77041764 13994202
77041769 13994202
77041770 13994202
77041777 13994202
77042103 13994202
77042203 13994202
77046971 13994202
77046972 13994202
77047151 13994202
77047152 13994202
77040889 13994204
77036083 13994206
77036086 13994206
77036377 13994206
77036378 13994206
77036381 13994206
77036426 13994206
77044225 13994206
77044226 13994206
77038559 13994208
77038112 13994211
77037743 13994213
77042368 13994213
77038775 13994218
77038957 13994218
77039545 13994218
77040553 13994218
77041230 13994218
77041234 13994218
77041235 13994218
77041237 13994218
77041238 13994218
77041241 13994218
77041244 13994218
77041245 13994218
77042294 13994218
77046651 13994218
77046652 13994218
77037101 13994221
77037120 13994221
77038780 13994226
77041220 13994226
77041221 13994226
77041225 13994226
77042192 13994226
77038942 13994230
77038945 13994230
77038974 13994230
77040559 13994230
77040560 13994230
77040780 13994231
77036993 13994235
77040167 13994235
77036497 13994251
77036506 13994251
77036510 13994251
77039409 13994251
77040481 13994251
77040482 13994251
77044315 13994251
77044317 13994251
77044319 13994251
77044321 13994251
77044322 13994251
77038921 13994263
77039110 13994263
77039848 13994263
77041163 13994263
77041164 13994263
77046213 13994263
77046214 13994263
77046405 13994263
77046407 13994263
77046408 13994263
77038732 13994267
77038734 13994267
77038846 13994267
77038849 13994267
77038903 13994267
77039000 13994267
77039001 13994267
77039007 13994267
77045945 13994267
77045946 13994267
77034821 13994272
77038893 13994274
77039200 13994274
77041193 13994275
77042697 13994278
77036515 13994309
77036662 13994309
77036998 13994309
77037798 13994309
77038737 13994310
77053609 13994310
77035913 13994311
77036352 13994311
77035194 13994324
77035350 13994324
77036946 13994324
77043549 13994324
77043550 13994324
77043707 13994324
77043709 13994324
77043710 13994324
77046523 13994324
77046529 13994324
77046530 13994324
77047061 13994324
77047062 13994324
77053518 13994324
77053625 13994324
77054853 13994324
77054854 13994324
77036527 13994328
77036531 13994328
77036848 13994328
77036892 13994328
77037096 13994329
77042299 13994330
77037131 13994332
77040904 13994336
77038686 13994343
77038692 13994343
77038693 13994343
77038868 13994343
77053624 13994343
77038930 13994346
77038932 13994346
77053608 13994346
77046735 13994348
77046737 13994348
77046738 13994348
77036543 13994372
77036723 13994372
77036850 13994372
77036852 13994372
77039395 13994372
77044655 13994372
77044656 13994372
77044905 13994372
77044906 13994372
77036557 13994385
77046353 13994385
77046354 13994385
77044967 13994393
77044968 13994393
77037165 13994394
77035943 13994395
77036129 13994395
77036373 13994395
77045935 13994399
77045936 13994399
77037192 13994401
77041864 13994403
77041865 13994403
77038802 13994405
77038807 13994405
77039172 13994405
77039174 13994405
77039176 13994405
77039177 13994405
77039178 13994405
77040258 13994405
77053623 13994405
77036522 13994410
77036904 13994410
77040822 13994412
77038720 13994416
77040783 13994417
77036519 13994423
77036734 13994423
77040800 13994423
77036059 13994427
77036395 13994427
77036397 13994427
77044127 13994427
77044128 13994427
77053552 13994427
77040571 13994428
77036523 13994436
77042125 13994436
77044343 13994436
77044344 13994436
77038834 13994443
77038835 13994443
77038812 13994445
77035856 13994447
77036561 13994450
77039389 13994450
77039391 13994450
77039228 13994453
77053600 13994453
77053607 13994456
77040801 13994467
77047081 13994467
77047082 13994467
77036536 13994478
77036537 13994478
77036544 13994478
77036550 13994478
77036618 13994478
77036639 13994478
77036768 13994478
77036771 13994478
77036875 13994478
77036877 13994478
77036886 13994478
77040151 13994478
77044335 13994478
77044336 13994478
77053621 13994478
77035261 13994482
77041461 13994482
77043269 13994482
77043270 13994482
77043277 13994482
77043279 13994482
77043281 13994482
77043282 13994482
77043697 13994482
77043698 13994482
77046295 13994482
77046297 13994482
77046298 13994482
77046299 13994482
77046300 13994482
77046883 13994482
77046884 13994482
77039113 13994485
77053489 13994486
77036289 13994493
77038964 13994493
77039367 13994493
77039369 13994493
77040450 13994493
77044207 13994493
77044208 13994493
77046591 13994493
77046592 13994493
77036258 13994494
77036262 13994494
77036264 13994494
77036265 13994494
77036271 13994494
77036277 13994494
77036278 13994494
77040979 13994494
77040980 13994494
77044191 13994494
77044193 13994494
77044194 13994494
77044201 13994494
77044202 13994494
77044203 13994494
77044204 13994494
77038981 13994497
77039539 13994497
77040550 13994497
77040551 13994497
77041698 13994497
77039005 13994498
77036539 13994512
77036541 13994512
77036914 13994512
77039381 13994512
77053554 13994512
77053559 13994513
77035838 13994523
77035838 33036524
77035944 13994523
77035944 33036524
77035960 13994523
77035960 33036524
77035972 13994523
77035972 33036524
77035986 13994523
77035986 33036524
77039371 13994523
77039371 33036524
77040465 13994523
77040465 33036524
77040466 13994523
77040466 33036524
77036596 13994524
77038414 13994525
77042163 13994526
77036970 13994528
77041995 13994528
77037106 13994529
77040592 13994530
77037203 13994534
77037542 13994534
77039609 13994534
77040765 13994534
77047808 13994534
77050512 13994534
77050513 13994534
77040589 13994535
77042367 13994535
77050336 13994536
77034843 13994538
77034845 13994538
77034847 13994538
77034848 13994538
77034854 13994538
77034855 13994538
77034990 13994538
77034999 13994538
77041655 13994538
77041658 13994538
77041659 13994538
77041660 13994538
77041665 13994538
77041666 13994538
77041668 13994538
77042237 13994538
77046957 13994538
77046958 13994538
77035586 13994539
77034865 13994541
77035015 13994541
77038028 13994549
77038048 13994549
77038051 13994549
77038066 13994549
77038231 13994549
77039639 13994549
77039674 13994549
77042282 13994549
77045893 13994549
77045894 13994549
77039107 13994552
77035831 13994553
77035595 13994556
77035773 13994556
77037071 13994558
77037099 13994560
77037117 13994560
77039728 13994586
77035561 13994592
77035564 13994592
77035580 13994592
77035584 13994592
77035585 13994592
77035707 13994592
77035719 13994592
77035726 13994592
77041638 13994592
77041639 13994592
77035524 13994597
77035525 13994597
77035529 13994597
77035530 13994597
77035535 13994597
77035554 13994597
77035827 13994597
77035830 13994597
77043731 13994597
77043732 13994597
77034609 13994613
77040252 13994614
77041179 13994620
77041182 13994620
77041184 13994620
77042302 13994620
77040850 13994623
77046763 13994623
77046765 13994626
77046766 13994626
77038800 13994628
77038801 13994628
77038803 13994628
77035526 13994641
77035658 13994641
77035648 13994652
77035714 13994652
77035872 13994652
77040105 13994652
77053521 13994652
77035552 13994653
77041482 13994653
77041485 13994653
77041486 13994653
77041488 13994653
77041494 13994653
77041497 13994653
77041498 13994653
77046897 13994653
77046899 13994653
77046900 13994653
77037206 13994657
77037217 13994657
77037755 13994657
77039427 13994657
77039592 13994657
77039649 13994657
77039652 13994657
77039655 13994657
77039713 13994657
77039717 13994657
77041740 13994657
77041741 13994657
77041843 13994657
77041844 13994657
77035077 13994672
77036492 13994672
77036517 13994672
77036521 13994672
77036530 13994672
77036713 13994672
77036728 13994672
77036739 13994672
77036745 13994672
77036753 13994672
77036778 13994672
77036854 13994672
77036888 13994672
77036908 13994672
77040156 13994672
77042256 13994672
77044323 13994672
77044325 13994672
77044326 13994672
77044329 13994672
77044330 13994672
77044333 13994672
77044334 13994672
77044347 13994672
77044348 13994672
77044717 13994672
77044719 13994672
77044720 13994672
77037013 13994674
77037018 13994674
77037759 13994674
77039419 13994674
77039603 13994674
77039648 13994674
77039788 13994674
77039791 13994674
77040493 13994674
77041580 13994675
77036597 13994677
77046319 13994679
77046320 13994679
77036399 13994681
77040140 13994681
77041141 13994681
77041142 13994681
77037009 13994687
77037435 13994687
77037658 13994687
77041676 13994687
77041677 13994687
77042340 13994687
77042341 13994687
77045401 13994687
77045402 13994687
77037187 13994689
77053617 13994691
77038704 13994696
77038927 13994696
77039037 13994696
77039860 13994696
77039861 13994696
77040249 13994696
77045947 13994696
77045948 13994696
77038496 13994699
77038497 13994699
77037518 13994709
77050463 13994709
77053633 13994709
77035591 13994719
77041324 13994719
77041642 13994719
77038037 13994726
77039633 13994726
77039676 13994726
77040220 13994726
77041426 13994726
77041427 13994726
77046399 13994726
77046400 13994726
77036999 13994729
77042015 13994731
77042016 13994731
77042020 13994731
77042021 13994731
77036957 13994733
77036974 13994733
77037342 13994733
77037345 13994733
77036953 13994736
77036956 13994736
77036959 13994736
77036960 13994736
77037354 13994736
77037357 13994736
77037773 13994736
77040384 13994736
77041949 13994736
77042325 13994736
77045119 13994736
77045120 13994736
77045125 13994736
77045126 13994736
77045133 13994736
77045135 13994736
77045137 13994736
77045138 13994736
77045530 13994736
77046555 13994736
77046556 13994736
77053566 13994736
77045611 13994737
77045612 13994737
77036971 13994738
77038005 13994740
77038013 13994740
77038018 13994740
77038024 13994740
77038026 13994740
77038031 13994740
77038226 13994740
77038234 13994740
77038247 13994740
77038490 13994740
77038604 13994740
77041897 13994740
77041898 13994740
77045697 13994740
77045698 13994740
77039594 13994748
77038032 13994764
77038252 13994764
77034837 13994770
77034840 13994770
77053504 13994770
77053505 13994770
77037176 13994774
77037177 13994774
77044339 13994779
77044341 13994779
77044342 13994779
77038020 13994786
77038239 13994786
77039634 13994786
77041423 13994786
77042088 13994786
77053649 13994786
77040860 13994787
77037201 13994788
77037201 51979718
77037544 13994788
77037544 51979718
77039610 13994788
77039610 51979718
77040020 13994788
77040020 51979718
77040587 13994788
77040587 51979718
77041862 13994788
77041862 51979718
77041863 13994788
77041863 51979718
77047335 13994788
77047335 51979718
77047336 13994788
77047336 51979718
77054727 13994788
77054727 51979718
77035951 13994791
77035952 13994791
77035954 13994791
77035973 13994791
77036042 13994791
77036171 13994791
77036390 13994791
77044027 13994791
77044028 13994791
77042482 13994792
77038022 13994793
77038025 13994793
77038485 13994793
77042076 13994793
77042077 13994793
77038027 13994794
77037664 13994796
77037666 13994796
77040950 13994797
77035150 13994799
77035156 13994799
77053520 13994799
77037622 13994800
77042209 13994800
77040221 13994801
77047139 13994804
77047141 13994804
77047147 13994804
77047148 13994804
77053650 13994804
77053651 13994804
77041618 13994805
77041619 13994805
77034471 13994811
77034520 13994811
77036589 13994811
77036873 13994811
77036936 13994811
77039397 13994811
77039401 13994811
77039469 13994811
77040155 13994811
77044359 13994811
77044360 13994811
77038078 13994813
77038301 13994813
77038548 13994813
77041254 13994813
77041266 13994813
77046855 13994813
77046856 13994813
77035154 13994815
77035306 13994815
77035432 13994815
77035433 13994815
77042511 13994819
77046853 13994820
77046854 13994820
77038379 13994826
77038380 13994826
77038385 13994826
77038387 13994826
77038389 13994826
77038391 13994826
77038393 13994826
77038395 13994826
77038397 13994826
77038399 13994826
77038401 13994826
77038403 13994826
77038405 13994826
77038448 13994826
77039309 13994826
77039457 13994826
77039562 13994826
77042027 13994826
77042028 13994826
77038995 13994832
77038995 165229776
77038999 13994832
77038999 165229776
77039139 13994832
77039139 165229776
77039187 13994832
77039187 165229776
77039254 13994832
77039254 165229776
77039532 13994832
77039532 165229776
77040544 13994832
77040544 165229776
77040545 13994832
77040545 165229776
77046173 13994832
77046173 165229776
77046174 13994832
77046174 165229776
77039852 13994836
77046049 13994836
77046050 13994836
77046051 13994836
77046052 13994836
77046215 13994836
77046217 13994836
77046219 13994836
77046220 13994836
77034589 13994839
77034590 13994839
77034738 13994839
77034740 13994839
77034743 13994839
77034763 13994839
77042231 13994839
77042645 13994839
77042647 13994839
77042649 13994839
77042651 13994839
77042652 13994839
77042653 13994839
77042655 13994839
77042656 13994839
77042775 13994839
77042776 13994839
77038371 13994841
77038372 13994841
77038513 13994841
77038055 13994843
77038315 13994843
77040224 13994843
77045881 13994843
77045882 13994843
77036585 13994846
77036600 13994846
77036926 13994846
77043271 13994848
77043272 13994848
77042470 13994851
77041515 13994854
77037191 13994856
77037788 13994856
77037161 13994858
77037169 13994858
77037178 13994858
77037179 13994858
77037185 13994858
77037590 13994858
77037705 13994858
77039595 13994858
77039742 13994858
77040199 13994858
77040202 13994858
77041913 13994858
77042475 13994858
77047001 13994858
77047002 13994858
77037184 13994860
77036990 13994864
77036991 13994864
77038554 13994864
77040217 13994864
77041247 13994864
77041248 13994864
77041429 13994864
77041430 13994864
77042283 13994864
77038050 13994867
77038259 13994867
77038056 13994869
77038059 13994869
77038061 13994869
77038536 13994869
77041714 13994869
77041715 13994869
77041131 13994871
77053637 13994871
77036595 13994880
77036602 13994880
77036632 13994880
77036871 13994880
77036934 13994880
77044361 13994880
77044362 13994880
77035438 13994886
77040092 13994886
77041464 13994886
77041465 13994886
77035923 13994887
77036344 13994887
77036345 13994887
77036047 13994888
77040129 13994888
77040136 13994888
77035959 13994890
77035976 13994890
77036167 13994890
77042322 13994890
77042323 13994890
77044029 13994890
77044030 13994890
77040453 13994895
77040454 13994895
77034896 13994902
77034941 13994902
77035113 13994902
77040078 13994902
77046291 13994902
77046292 13994902
77034883 13994906
77038514 13994908
77038515 13994908
77045621 13994913
77045623 13994913
77045624 13994913
77037036 13994918
77037039 13994918
77037297 13994918
77040835 13994918
77040837 13994918
77050548 13994918
77042499 13994920
77037194 13994923
77037546 13994923
