11363100 18407176
11363100 18565618
11363358 18407176
11363358 18565618
11363132 18407415
11363132 18565885
11363816 18409284
11363816 18565997
11362352 18411823
11362352 18565304
11361811 18411918
11361834 18411918
11361848 18411918
11368171 18411918
11368173 18411918
11368174 18411918
11368184 18411918
11361809 18411918
11361809 18566315
11368167 18411918
11368167 18566315
11368169 18411918
11368169 18566315
11368170 18411918
11368170 18566315
11368183 18411918
11368183 18566315
11362027 18411939
11362198 18411939
11362026 18411939
11362026 18566297
11362346 18411939
11362346 18566297
11362542 18412400
11362808 18412400
11364298 18412400
11368275 18412400
11368276 18412400
11362539 18412400
11362539 18566664
11362544 18412400
11362544 18566664
11362545 18412400
11362545 18566664
11362777 18412400
11362777 18566664
11362781 18412400
11362781 18566664
11368267 18412400
11368267 18566664
11368269 18412400
11368269 18566664
11368271 18412400
11368271 18566664
11368272 18412400
11368272 18566664
11368308 18412400
11368308 18566664
11363118 18412455
11363117 18412455
11363117 18567097
11363096 18565790
13023961 18540414
13023961 18565921
13028221 18540699
13028221 18565487
13028223 18540699
13028223 18565487
13028224 18540699
13028224 18565487
13024267 18540969
13024267 18565551
13024277 18540969
13024277 18565551
13024278 18540969
13024278 18565551
13021627 18541066
13021627 18565735
13021282 18541339
13021282 18565892
13025391 18542379
13025391 18566359
13025392 18542379
13025392 18566359
13025672 18543022
13025952 18543022
13021318 18543022
13021318 18566726
13021323 18543022
13021323 18566726
13021385 18543022
13021385 18566726
13021907 18543022
13021907 18566726
13022626 18543022
13022626 18566726
13025671 18543022
13025671 18566726
13025951 18543022
13025951 18566726
13021307 18543036
13021359 18543036
13023206 18543036
13023207 18543036
13025949 18543036
13025950 18543036
13021305 18543036
13021305 18566744
13021451 18543036
13021451 18566744
13020891 18543252
13020891 18566905
13021252 18543492
13023204 18543492
13026247 18543492
13026248 18543492
13026952 18543492
13042292 18543492
13021159 18543492
13021159 18567106
13021166 18543492
13021166 18567106
13021254 18543492
13021254 18567106
13021256 18543492
13021256 18567106
13021302 18543492
13021302 18567106
13023202 18543492
13023202 18567106
13023203 18543492
13023203 18567106
13023654 18543492
13023654 18567106
13023655 18543492
13023655 18567106
13023656 18543492
13023656 18567106
13026951 18543492
13026951 18567106
13042293 18543492
13042293 18567106
13026949 18543508
13021146 18543508
13021146 18567122
13026947 18543508
13026947 18567122
13026950 18543508
13026950 18567122
13074723 18565457
13074723 18579748
13075130 18566190
13075130 18584114
13075220 18566190
13075220 18584114
13075360 18566190
13075360 18584114
13075396 18566190
13075396 18584114
13075397 18566190
13075397 18584114
13075399 18566190
13075399 18584114
13075404 18566190
13075404 18584114
13075406 18566190
13075406 18584114
13075407 18566190
13075407 18584114
13074635 18566223
13074635 18584146
13074643 18566332
13074643 18577751
13074642 18567016
13074642 18582680
13074698 18567016
13074698 18582680
13074725 18567016
13074725 18582680
13074726 18567016
13074726 18582680
13074749 18567016
13074749 18582680
13074750 18567016
13074750 18582680
13085701 18567018
13085701 18582678
13085702 18567018
13085702 18582678
13074842 18567020
13074842 18582679
13075032 18567020
13075032 18582679
13075009 18567021
13075009 18582682
13075141 18567358
13075141 18583268
13075398 18567358
13075398 18583268
13074569 18566203
13074569 18727444
13074747 18566466
13074747 18727644
13074520 18567013
13074520 18728137
13074631 18567013
13074631 18728137
13074700 18567013
13074700 18728137
13074733 18567013
13074733 18728137
13074734 18567013
13074734 18728137
13074459 18567344
13074459 18728475
13076892 125826674
13076892 18567369
13076892 54450771
13076892 54450772
13076894 125826674
13076894 18567369
13076894 54450771
13076894 54450772
13085326 125826674
13085326 18567369
13085326 54450771
13085326 54450772
13082739 132901494
13082739 18566115
13082739 18566406
13076792 132901512
13076792 18567203
13076800 132901512
13076800 18567203
13076802 132901512
13076802 18567203
13077428 132901512
13077428 18567203
13082379 132901512
13082379 18567203
13084763 132901512
13084763 18567203
13085380 132901512
13085380 18567203
13080046 132901516
13080046 18565876
13080054 132901516
13080054 18565876
13080041 132901520
13080041 18565909
13080049 132901520
13080049 18565909
13079782 142754025
13079782 18566532
13079782 54450773
13079782 54450774
13079784 142754025
13079784 18566532
13079784 54450773
13079784 54450774
13079785 142754025
13079785 18566532
13079785 54450773
13079785 54450774
13076990 142754036
13076990 18566355
13077019 142754036
13077019 18566355
13077031 142754036
13077031 18566355
13077040 142754036
13077040 18566355
13079789 142754036
13079789 18566355
13080424 142754036
13080424 18566355
13080430 142754036
13080430 18566355
13084096 142754036
13084096 18566355
13085301 142754036
13085301 18566355
13078970 142754088
13078970 142754107
13078970 18566435
13078970 54450764
13078970 54450765
13078975 142754088
13078975 142754107
13078975 18566435
13078975 54450764
13078975 54450765
13078980 142754088
13078980 142754107
13078980 18566435
13078980 54450764
13078980 54450765
13079190 142754088
13079190 142754107
13079190 18566435
13079190 54450764
13079190 54450765
13079283 142754088
13079283 142754107
13079283 18566435
13079283 54450764
13079283 54450765
13079429 142754088
13079429 142754107
13079429 18566435
13079429 54450764
13079429 54450765
13079430 142754088
13079430 142754107
13079430 18566435
13079430 54450764
13079430 54450765
13080345 142754088
13080345 142754107
13080345 18566435
13080345 54450764
13080345 54450765
13082569 142754088
13082569 142754107
13082569 18566435
13082569 54450764
13082569 54450765
13084529 142754088
13084529 142754107
13084529 18566435
13084529 54450764
13084529 54450765
13084530 142754088
13084530 142754107
13084530 18566435
13084530 54450764
13084530 54450765
13085263 142754088
13085263 142754107
13085263 18566435
13085263 54450764
13085263 54450765
13086186 142754088
13086186 142754107
13086186 18566435
13086186 54450764
13086186 54450765
13086188 142754088
13086188 142754107
13086188 18566435
13086188 54450764
13086188 54450765
13086191 142754088
13086191 142754107
13086191 18566435
13086191 54450764
13086191 54450765
13086192 142754088
13086192 142754107
13086192 18566435
13086192 54450764
13086192 54450765
13086234 142754088
13086234 142754107
13086234 18566435
13086234 54450764
13086234 54450765
13086235 142754088
13086235 142754107
13086235 18566435
13086235 54450764
13086235 54450765
13086237 142754088
13086237 142754107
13086237 18566435
13086237 54450764
13086237 54450765
13086238 142754088
13086238 142754107
13086238 18566435
13086238 54450764
13086238 54450765
13086352 142754088
13086352 142754107
13086352 18566435
13086352 54450764
13086352 54450765
13086356 142754088
13086356 142754107
13086356 18566435
13086356 54450764
13086356 54450765
13079950 142754124
13079950 142754129
13079950 18566444
13084823 142754130
13084823 18565980
13084823 18566608
13084824 142754130
13084824 18565980
13084824 18566608
13086220 142754130
13086220 18565980
13086220 18566608
13079901 142754132
13079901 18565548
13079901 44416183
13079904 142754132
13079904 18565548
13079904 44416183
13079923 142754132
13079923 18565548
13079923 44416183
13079924 142754132
13079924 18565548
13079924 44416183
13084548 162877498
13084548 18565403
13084549 162877498
13084549 18565403
13077720 162931807
13077720 18566243
13077721 162931807
13077721 18566243
13077724 162931807
13077724 18566243
13077725 162931807
13077725 18566243
13077727 162931807
13077727 18566243
13077730 162931807
13077730 18566243
13078035 162931807
13078035 18566243
13078186 162931807
13078186 18566243
13081502 162931807
13081502 18566243
13082427 162931807
13082427 18566243
13077842 162931972
13077842 18566500
13084660 162932199
13084660 18566013
13084661 162932199
13084661 18566013
13078901 162932453
13078901 162932454
13078901 18567362
13078909 162932453
13078909 162932454
13078909 18567362
13079173 162932453
13079173 162932454
13079173 18567362
13082652 162932453
13082652 162932454
13082652 18567362
13076405 162932581
13076405 18566889
13076419 162932581
13076419 18566889
13076458 162932581
13076458 18566889
13085210 162932581
13085210 18566889
13075604 162933538
13075604 162933539
13075604 162933540
13075604 162933541
13075604 18566490
13075605 162933538
13075605 162933539
13075605 162933540
13075605 162933541
13075605 18566490
13075607 162933538
13075607 162933539
13075607 162933540
13075607 162933541
13075607 18566490
13075609 162933538
13075609 162933539
13075609 162933540
13075609 162933541
13075609 18566490
13075848 162933538
13075848 162933539
13075848 162933540
13075848 162933541
13075848 18566490
13075850 162933538
13075850 162933539
13075850 162933540
13075850 162933541
13075850 18566490
13075852 162933538
13075852 162933539
13075852 162933540
13075852 162933541
13075852 18566490
13075853 162933538
13075853 162933539
13075853 162933540
13075853 162933541
13075853 18566490
13075854 162933538
13075854 162933539
13075854 162933540
13075854 162933541
13075854 18566490
13075858 162933538
13075858 162933539
13075858 162933540
13075858 162933541
13075858 18566490
13075861 162933538
13075861 162933539
13075861 162933540
13075861 162933541
13075861 18566490
13076097 162933538
13076097 162933539
13076097 162933540
13076097 162933541
13076097 18566490
13076112 162933538
13076112 162933539
13076112 162933540
13076112 162933541
13076112 18566490
13076234 162933538
13076234 162933539
13076234 162933540
13076234 162933541
13076234 18566490
13076243 162933538
13076243 162933539
13076243 162933540
13076243 162933541
13076243 18566490
13076282 162933538
13076282 162933539
13076282 162933540
13076282 162933541
13076282 18566490
13082203 162933538
13082203 162933539
13082203 162933540
13082203 162933541
13082203 18566490
13082205 162933538
13082205 162933539
13082205 162933540
13082205 162933541
13082205 18566490
13084157 162933538
13084157 162933539
13084157 162933540
13084157 162933541
13084157 18566490
13085465 162933538
13085465 162933539
13085465 162933540
13085465 162933541
13085465 18566490
13085466 162933538
13085466 162933539
13085466 162933540
13085466 162933541
13085466 18566490
13085498 162933538
13085498 162933539
13085498 162933540
13085498 162933541
13085498 18566490
13085499 162933538
13085499 162933539
13085499 162933540
13085499 162933541
13085499 18566490
13085501 162933538
13085501 162933539
13085501 162933540
13085501 162933541
13085501 18566490
13085502 162933538
13085502 162933539
13085502 162933540
13085502 162933541
13085502 18566490
13085504 162933538
13085504 162933539
13085504 162933540
13085504 162933541
13085504 18566490
13085505 162933538
13085505 162933539
13085505 162933540
13085505 162933541
13085505 18566490
13085800 162933538
13085800 162933539
13085800 162933540
13085800 162933541
13085800 18566490
13077302 162934380
13077302 162934383
13077302 162934597
13077302 162934599
13077302 18567303
13077304 162934380
13077304 162934383
13077304 162934597
13077304 162934599
13077304 18567303
13077306 162934380
13077306 162934383
13077306 162934597
13077306 162934599
13077306 18567303
13077308 162934380
13077308 162934383
13077308 162934597
13077308 162934599
13077308 18567303
13077310 162934380
13077310 162934383
13077310 162934597
13077310 162934599
13077310 18567303
13077312 162934380
13077312 162934383
13077312 162934597
13077312 162934599
13077312 18567303
13077314 162934380
13077314 162934383
13077314 162934597
13077314 162934599
13077314 18567303
13077316 162934380
13077316 162934383
13077316 162934597
13077316 162934599
13077316 18567303
13077318 162934380
13077318 162934383
13077318 162934597
13077318 162934599
13077318 18567303
13077320 162934380
13077320 162934383
13077320 162934597
13077320 162934599
13077320 18567303
13077322 162934380
13077322 162934383
13077322 162934597
13077322 162934599
13077322 18567303
13077324 162934380
13077324 162934383
13077324 162934597
13077324 162934599
13077324 18567303
13077549 162934380
13077549 162934383
13077549 162934597
13077549 162934599
13077549 18567303
13081004 162934380
13081004 162934383
13081004 162934597
13081004 162934599
13081004 18567303
13081006 162934380
13081006 162934383
13081006 162934597
13081006 162934599
13081006 18567303
13081008 162934380
13081008 162934383
13081008 162934597
13081008 162934599
13081008 18567303
13077326 162934596
13077326 18567302
13077328 162934596
13077328 18567302
13077330 162934596
13077330 18567302
13077335 162934596
13077335 18567302
13080991 162934596
13080991 18567302
13080995 162934596
13080995 18567302
13080998 162934596
13080998 18567302
13081000 162934596
13081000 18567302
13081002 162934596
13081002 18567302
13082399 162934596
13082399 18567302
13084589 162934596
13084589 18567302
13084590 162934596
13084590 18567302
13085221 162934596
13085221 18567302
13077159 162934598
13077159 18565485
13077613 162934598
13077613 18565485
13082401 162934598
13082401 18565485
13076973 162934652
13076973 18567210
13076986 162934652
13076986 18567210
13077018 162934652
13077018 18567210
13077036 162934652
13077036 18567210
13079768 162934652
13079768 18567210
13080427 162934652
13080427 18567210
13080432 162934652
13080432 18567210
13081179 162934652
13081179 18567210
13081481 162934652
13081481 18567210
13076804 162937197
13076804 162937839
13076804 18566424
13076898 162937197
13076898 162937839
13076898 18566424
13076965 162937197
13076965 162937839
13076965 18566424
13077219 162937197
13077219 162937839
13077219 18566424
13084072 162937197
13084072 162937839
13084072 18566424
13084073 162937197
13084073 162937839
13084073 18566424
13084075 162937198
13084075 18566351
13084076 162937198
13084076 18566351
13076824 162937199
13076824 18566645
13076832 162937199
13076832 18566645
13076843 162937199
13076843 18566645
13076857 162937199
13076857 18566645
13076882 162937199
13076882 18566645
13076920 162937199
13076920 18566645
13076939 162937199
13076939 18566645
13076962 162937199
13076962 18566645
13077478 162937199
13077478 18566645
13077479 162937199
13077479 18566645
13076844 162937200
13076844 171187083
13076844 18566296
13076848 162937200
13076848 171187083
13076848 18566296
13076851 162937200
13076851 171187083
13076851 18566296
13076853 162937200
13076853 171187083
13076853 18566296
13076854 162937200
13076854 171187083
13076854 18566296
13077473 162937200
13077473 171187083
13077473 18566296
13077489 162937200
13077489 171187083
13077489 18566296
13077494 162937200
13077494 171187083
13077494 18566296
13082388 162937200
13082388 171187083
13082388 18566296
13076954 162937840
13076954 18567083
13076957 162937840
13076957 18567083
13076960 162937840
13076960 18567083
13076963 162937840
13076963 18567083
13076964 162937840
13076964 18567083
13076968 162937840
13076968 18567083
13076969 162937840
13076969 18567083
13076932 162937843
13076932 18567275
13076935 162937843
13076935 18567275
13076936 162937843
13076936 18567275
13076938 162937843
13076938 18567275
13076940 162937843
13076940 18567275
13076943 162937843
13076943 18567275
13085223 162937843
13085223 18567275
13079793 162938385
13079793 18566758
13079795 162938385
13079795 18566758
13081565 162938385
13081565 18566758
13077002 162938386
13077002 18567340
13077003 162938386
13077003 18567340
13077005 162938386
13077005 18567340
13076879 162938387
13076879 18565316
13077470 162938387
13077470 18565316
13076808 162939712
13076808 162939713
13076808 18567372
13076815 162939712
13076815 162939713
13076815 18567372
13076816 162939712
13076816 162939713
13076816 18567372
13077395 162939712
13077395 162939713
13077395 18567372
13085147 162939712
13085147 162939713
13085147 18567372
13079978 162940829
13079978 18567086
13079980 162940829
13079980 18567086
13080605 162940829
13080605 18567086
13080770 162940829
13080770 18567086
13082727 162940829
13082727 18567086
13083564 162940829
13083564 18567086
13083565 162940829
13083565 18567086
13080753 162943858
13080753 162945214
13080753 18567360
13080757 162943858
13080757 162945214
13080757 18567360
13080762 162943858
13080762 162945214
13080762 18567360
13080765 162943858
13080765 162945214
13080765 18567360
13085156 162943858
13085156 162945214
13085156 18567360
13079914 162943860
13079914 18566933
13079914 44416162
13079914 44416163
13080488 162943860
13080488 18566933
13080488 44416162
13080488 44416163
13080844 162943860
13080844 18566933
13080844 44416162
13080844 44416163
13080880 162943860
13080880 18566933
13080880 44416162
13080880 44416163
13082974 162943860
13082974 18566933
13082974 44416162
13082974 44416163
13082975 162943860
13082975 18566933
13082975 44416162
13082975 44416163
13085092 162943860
13085092 18566933
13085092 44416162
13085092 44416163
13079994 162944208
13079994 18566797
13079997 162944208
13079997 18566797
13079998 162944208
13079998 18566797
13080600 162944208
13080600 18566797
13080613 162944208
13080613 18566797
13080867 162944208
13080867 18566797
13080869 162944208
13080869 18566797
13080870 162944208
13080870 18566797
13080873 162944208
13080873 18566797
13080875 162944208
13080875 18566797
13083560 162944208
13083560 18566797
13083610 162944208
13083610 18566797
13085098 162944208
13085098 18566797
13080955 162944209
13080955 18566347
13075483 162945215
13075483 162945217
13075483 18567306
13075485 162945215
13075485 162945217
13075485 18567306
13075487 162945215
13075487 162945217
13075487 18567306
13075488 162945215
13075488 162945217
13075488 18567306
13080822 162945215
13080822 162945217
13080822 18567306
13080824 162945215
13080824 162945217
13080824 18567306
13080826 162945215
13080826 162945217
13080826 18567306
13080828 162945215
13080828 162945217
13080828 18567306
13080830 162945215
13080830 162945217
13080830 18567306
13080831 162945215
13080831 162945217
13080831 18567306
13080898 162945215
13080898 162945217
13080898 18567306
13080900 162945215
13080900 162945217
13080900 18567306
13080908 162945215
13080908 162945217
13080908 18567306
13080970 162945215
13080970 162945217
13080970 18567306
13081025 162945215
13081025 162945217
13081025 18567306
13081029 162945215
13081029 162945217
13081029 18567306
13081031 162945215
13081031 162945217
13081031 18567306
13081033 162945215
13081033 162945217
13081033 18567306
13081035 162945215
13081035 162945217
13081035 18567306
13081057 162945215
13081057 162945217
13081057 18567306
13081597 162945215
13081597 162945217
13081597 18567306
13081599 162945215
13081599 162945217
13081599 18567306
13082912 162945215
13082912 162945217
13082912 18567306
13082913 162945215
13082913 162945217
13082913 18567306
13085954 162945215
13085954 162945217
13085954 18567306
13080819 162945220
13080819 18565773
13080961 162945220
13080961 18565773
13082777 162945220
13082777 18565773
13082834 162945220
13082834 18565773
13085105 162945220
13085105 18565773
13076868 171187090
13076868 171187091
13076868 18567115
13077225 171187090
13077225 171187091
13077225 18567115
13084592 171187090
13084592 171187091
13084592 18567115
13084593 171187090
13084593 171187091
13084593 18567115
13074799 173138317
13074799 173138318
13074799 18566268
13074814 173138317
13074814 173138318
13074814 18566268
13074818 173138317
13074818 173138318
13074818 18566268
13074830 173138317
13074830 173138318
13074830 18566268
13074837 173138317
13074837 173138318
13074837 18566268
13074992 173138317
13074992 173138318
13074992 18566268
13083638 173138317
13083638 173138318
13083638 18566268
13083639 173138317
13083639 173138318
13083639 18566268
13085055 173138317
13085055 173138318
13085055 18566268
13086268 173138317
13086268 173138318
13086268 18566268
13086269 173138317
13086269 173138318
13086269 18566268
13081521 18565299
13082565 18565299
13082648 18565299
13082177 18565300
13075881 18565301
13074617 18565302
13074619 18565302
13074620 18565302
13074622 18565302
13074688 18565302
13074703 18565302
13076926 18565303
13076949 18565303
13081605 18565303
13084867 18565305
13081427 18565306
13081430 18565306
13081431 18565306
13085884 18565308
13085885 18565308
13079866 18565309
13080229 18565309
13080084 18565310
13082468 18565312
13084291 18565312
13084292 18565312
13085070 18565312
13085992 18565312
13085995 18565312
13085997 18565312
13085998 18565312
13078954 18565313
13082667 18565314
13079074 18565315
13079162 18565315
13079794 18565317
13081551 18565317
13081566 18565317
13078017 18565318
13077755 18565319
13077756 18565319
13077758 18565319
13077760 18565319
13077763 18565319
13075908 18565320
13078797 18565321
13078798 18565321
13086392 18565322
13078799 18565323
13082409 18565324
13084559 18565324
13084560 18565324
13086395 18565325
13086396 18565327
13081181 18565328
13083780 18565329
13076946 18565330
13082407 18565330
13084565 18565330
13084566 18565330
13086399 18565331
13077440 18565333
13083783 18565334
13083786 18565336
13077446 18565338
13083789 18565341
13084053 18565344
13084059 18565344
13084061 18565344
13084062 18565344
13085042 18565344
13075619 18565346
13075737 18565346
13080471 18565347
13080544 18565348
13076805 18565349
13076806 18565350
13081409 18565351
13084480 18565351
13084481 18565352
13085824 18565353
13085827 18565355
13078783 18565357
13078785 18565358
13078789 18565359
13084550 18565360
13082355 18565361
13083772 18565362
13083773 18565363
13081176 18565364
13081177 18565364
13081603 18565364
13080393 18565365
13078275 18565366
13085035 18565366
13081241 18565367
13080460 18565368
13080946 18565368
13080946 18566402
13079841 18565368
13079841 18566403
13081574 18565368
13081574 18566403
13082707 18565368
13082707 18566403
13080461 18565369
13083846 18565370
13079240 18565371
13082559 18565371
13076724 18565372
13079244 18565374
13081219 18565374
13078921 18565375
13078061 18565376
13078063 18565377
13085743 18565379
13083912 18565380
13076160 18565381
13076267 18565381
13083918 18565381
13085764 18565381
13079028 18565386
13079314 18565386
13081402 18565386
13082630 18565386
13084439 18565386
13084440 18565386
13083690 18565388
13078707 18565390
13078709 18565390
13078710 18565390
13081092 18565390
13083696 18565392
13083699 18565392
13083700 18565392
13085812 18565394
13085816 18565396
13078772 18565398
13085819 18565399
13078778 18565400
13078779 18565400
13084542 18565401
13083763 18565402
13080381 18565405
13083766 18565406
13080385 18565408
13083769 18565409
13085023 18565411
13085027 18565412
13082413 18565413
13083831 18565414
13081234 18565415
13082308 18565415
13083834 18565417
13083836 18565419
13080453 18565421
13083837 18565423
13074596 18565424
13080457 18565427
13080459 18565428
13076716 18565429
13077093 18565429
13076719 18565430
13078052 18565432
13078053 18565433
13084397 18565434
13083900 18565436
13083903 18565437
13081307 18565438
13086290 18565440
13086293 18565441
13084460 18565442
13084459 18565443
13084461 18565443
13084462 18565443
13086296 18565444
13084463 18565445
13083685 18565446
13085806 18565447
13074709 18565449
13074710 18565449
13074731 18565449
13079085 18565450
13079602 18565450
13082691 18565450
13074732 18565452
13078762 18565453
13085809 18565455
13074724 18565457
13074736 18565457
13082330 18565459
13075290 18565462
13084533 18565465
13084534 18565465
13078978 18565467
13082699 18565467
13084535 18565467
13083753 18565469
13077411 18565471
13077413 18565474
13077415 18565475
13083758 18565479
13085015 18565481
13081793 18565484
13081794 18565484
13081223 18565489
13083821 18565490
13083823 18565491
13079777 18565492
13079797 18565492
13079783 18565493
13079798 18565493
13081228 18565495
13083826 18565496
13078905 18565497
13078907 18565498
13084386 18565499
13083313 18565503
13083314 18565503
13085729 18565503
13080516 18565505
13086281 18565506
13086284 18565507
13084452 18565508
13086287 18565509
13083669 18565510
13083670 18565510
13083673 18565511
13077333 18565512
13079770 18565512
13079791 18565512
13079071 18565513
13074721 18565514
13082897 18565515
13084432 18565515
13074727 18565516
13086357 18565518
13083740 18565519
13077401 18565521
13083745 18565523
13077767 18565524
13081147 18565524
13080364 18565526
13080366 18565526
13080367 18565526
13077409 18565529
13086420 18565530
13086423 18565531
13086426 18565532
13086429 18565533
13081215 18565534
13081218 18565535
13079210 18565536
13083597 18565538
13078678 18565539
13086273 18565540
13084442 18565541
13084443 18565541
13085491 18565542
13086278 18565543
13084446 18565544
13084447 18565544
13085494 18565545
13083661 18565546
13085497 18565547
13077329 18565549
13074717 18565550
13083734 18565552
13074462 18565553
13074498 18565553
13074585 18565553
13082955 18565555
13082956 18565555
13075244 18565562
13075246 18565562
13077350 18565562
13077352 18565562
13077354 18565562
13077356 18565562
13077358 18565562
13077360 18565562
13077362 18565562
13077364 18565562
13077366 18565562
13077368 18565562
13077369 18565562
13080340 18565562
13080342 18565562
13080344 18565562
13080346 18565562
13080348 18565562
13080350 18565562
13080352 18565562
13080354 18565562
13080356 18565562
13080358 18565562
13080360 18565562
13082093 18565562
13085190 18565562
13086132 18565562
13086133 18565562
13078811 18565563
13082094 18565564
13084290 18565565
13084293 18565566
13082099 18565567
13084295 18565568
13086411 18565569
13086414 18565570
13086417 18565571
13083801 18565572
13083802 18565572
13075345 18565574
13075346 18565574
13081205 18565575
13076396 18565576
13080429 18565578
13086193 18565579
13084361 18565580
13084364 18565581
13086198 18565582
13083579 18565583
13083582 18565583
13084367 18565584
13084369 18565585
13079840 18565586
13078663 18565587
13078665 18565589
13086262 18565590
13084431 18565591
13086265 18565592
13084435 18565594
13085485 18565595
13083653 18565597
13083654 18565597
13084438 18565598
13075445 18565601
13081055 18565601
13081056 18565601
13085488 18565602
13074705 18565603
13074706 18565603
13077952 18565604
13084503 18565606
13074926 18565609
13074928 18565609
13074930 18565609
13074932 18565609
13074933 18565609
13075258 18565609
13075260 18565609
13075266 18565609
13082142 18565609
13085188 18565609
13083725 18565612
13084281 18565613
13084284 18565614
13084287 18565615
13086402 18565616
13086408 18565619
13086180 18565620
13086183 18565622
13086187 18565623
13084354 18565624
13083570 18565625
13074624 18565628
13084995 18565629
13074626 18565630
13080324 18565634
13080326 18565634
13080328 18565634
13080329 18565634
13080660 18565634
13083006 18565634
13085121 18565634
13086250 18565637
13086253 18565638
13084421 18565639
13084422 18565639
13075177 18565641
13075180 18565641
13085471 18565643
13085472 18565643
13086256 18565644
13084424 18565645
13084428 18565645
13084425 18565646
13085473 18565647
13083640 18565648
13086259 18565649
13083644 18565650
13083645 18565650
13083646 18565651
13083647 18565652
13083648 18565652
13077081 18565653
13083713 18565654
13083719 18565655
13076869 18565657
13077157 18565657
13074540 18565658
13074547 18565659
13086171 18565660
13085389 18565661
13085390 18565661
13077796 18565662
13077935 18565662
13086174 18565663
13084342 18565664
13085391 18565666
13086177 18565667
13084348 18565669
13085397 18565670
13083568 18565672
13077228 18565673
13074614 18565674
13086242 18565675
13084410 18565676
13086245 18565678
13085461 18565679
13086246 18565680
13084413 18565681
13075172 18565682
13082118 18565682
13086247 18565683
13085464 18565684
13085467 18565685
13083634 18565686
13078712 18565687
13084192 18565689
13078716 18565690
13084198 18565691
13077074 18565692
13085533 18565693
13083703 18565694
13085537 18565695
13079100 18565696
13083709 18565697
13086091 18565698
13086094 18565699
13077785 18565702
13077915 18565702
13086165 18565704
13085382 18565705
13086168 18565707
13085385 18565709
13085388 18565710
13083556 18565711
13083557 18565713
13081592 18565714
13086230 18565716
13086233 18565717
13084400 18565719
13079592 18565720
13085453 18565721
13085454 18565721
13086239 18565722
13085455 18565723
13084407 18565724
13085063 18565724
13083623 18565726
13085458 18565727
13083626 18565729
13078704 18565730
13084183 18565731
13085522 18565733
13075145 18565736
13075237 18565736
13086081 18565737
13086085 18565738
13082058 18565742
13084254 18565743
13086088 18565744
13080574 18565746
13080956 18565746
13076353 18565748
13074528 18565749
13074529 18565749
13086150 18565750
13086153 18565751
13085371 18565753
13086156 18565755
13086159 18565756
13084326 18565758
13085378 18565759
13083545 18565760
13085379 18565761
13082765 18565762
13081281 18565763
13081581 18565763
13083927 18565764
13083930 18565764
13083933 18565764
13083935 18565764
13083936 18565764
13084968 18565764
13086221 18565766
13086224 18565767
13085442 18565768
13086227 18565769
13085445 18565770
13083613 18565771
13085448 18565772
13084173 18565774
13079019 18565775
13080871 18565776
13085133 18565776
13085512 18565777
13085513 18565778
13082900 18565779
13086074 18565780
13084241 18565781
13086075 18565782
13086076 18565782
13086077 18565783
13081575 18565784
13085292 18565784
13080941 18565785
13080944 18565786
13081423 18565787
13082681 18565787
13076345 18565788
13083196 18565788
13084985 18565788
13086141 18565789
13086144 18565791
13084312 18565792
13085359 18565793
13085360 18565793
13084313 18565794
13086147 18565795
13075939 18565796
13085367 18565797
13083534 18565798
13085358 18565799
13085368 18565799
13083536 18565800
13084094 18565801
13077834 18565802
13086212 18565803
13081579 18565804
13084098 18565805
13086213 18565806
13086214 18565806
13086215 18565807
13085432 18565808
13083600 18565809
13086218 18565810
13085435 18565811
13085436 18565812
13085439 18565813
13078395 18565814
13084164 18565815
13085500 18565816
13085503 18565817
13085506 18565818
13085509 18565819
13086062 18565820
13086063 18565820
13080928 18565821
13080930 18565821
13080931 18565821
13084234 18565822
13080932 18565824
13084236 18565825
13084237 18565825
13084238 18565826
13075045 18565827
13080072 18565827
13086134 18565828
13086135 18565828
13085351 18565829
13086138 18565830
13085356 18565831
13085357 18565831
13085990 18565832
13085991 18565833
13081562 18565834
13085994 18565835
13085999 18565836
13086203 18565837
13086206 18565838
13085426 18565839
13085429 18565840
13084150 18565841
13084790 18565842
13084792 18565843
13084798 18565844
13086052 18565845
13086054 18565845
13086053 18565846
13086057 18565847
13080060 18565848
13080061 18565848
13086120 18565849
13086123 18565850
13079481 18565851
13075053 18565852
13075462 18565852
13075462 18566142
13075482 18565852
13075482 18566142
13086128 18565853
13086129 18565853
13085347 18565854
13085348 18565854
13085982 18565855
13081554 18565856
13085987 18565857
13080774 18565858
13084079 18565859
13085412 18565860
13079555 18565861
13085415 18565862
13084142 18565863
13079626 18565864
13082632 18565864
13079627 18565865
13086041 18565866
13086042 18565866
13086043 18565867
13082016 18565868
13082018 18565869
13086046 18565870
13084213 18565871
13085262 18565872
13084216 18565873
13084219 18565874
13082650 18565875
13080056 18565877
13086115 18565878
13086116 18565878
13086117 18565879
13075044 18565880
13085970 18565881
13081541 18565882
13085973 18565883
13085976 18565884
13084067 18565886
13084068 18565886
13085979 18565887
13081549 18565888
13084069 18565889
13085400 18565890
13085409 18565891
13084132 18565893
13074971 18565894
13085182 18565895
13084135 18565896
13084138 18565897
13085186 18565898
13077011 18565899
13084139 18565900
13077008 18565901
13077013 18565901
13078981 18565902
13082571 18565902
13086184 18565902
13076231 18565903
13084770 18565904
13076235 18565905
13086037 18565906
13075827 18565907
13084207 18565908
13080047 18565910
13081284 18565910
13083765 18565910
13083765 18567082
13085891 18565911
13081461 18565912
13084848 18565913
13085238 18565913
13081465 18565914
13081467 18565915
13086102 18565916
13086107 18565917
13086108 18565917
13079465 18565918
13085969 18565919
13079539 18565920
13081601 18565922
13074939 18565923
13074941 18565923
13074943 18565923
13074945 18565923
13074950 18565923
13074952 18565923
13074953 18565923
13085165 18565923
13085171 18565923
13081606 18565924
13085173 18565925
13084125 18565927
13081609 18565928
13078950 18565929
13082561 18565929
13079459 18565930
13082562 18565930
13076220 18565931
13082564 18565932
13076222 18565933
13084761 18565934
13084764 18565935
13081382 18565936
13086021 18565937
13086024 18565938
13079381 18565939
13085241 18565940
13082635 18565941
13082636 18565942
13084833 18565944
13085882 18565946
13085886 18565948
13079451 18565949
13079454 18565950
13079458 18565951
13084904 18565953
13084042 18565955
13081525 18565957
13085094 18565958
13084047 18565959
13084048 18565959
13085095 18565960
13084110 18565961
13084113 18565963
13084116 18565964
13076787 18565965
13084119 18565966
13074956 18565968
13085168 18565969
13084750 18565970
13084751 18565971
13084757 18565973
13086012 18565974
13083977 18565975
13086015 18565976
13086018 18565977
13079379 18565978
13085873 18565979
13085876 18565979
13084827 18565980
13079776 18565980
13079776 18566606
13079779 18565980
13079779 18566606
13079796 18565980
13079796 18566606
13080143 18565980
13080143 18566606
13080392 18565980
13080392 18566606
13080396 18565980
13080396 18566606
13080397 18565980
13080397 18566606
13082784 18565980
13082784 18566606
13084577 18565980
13084577 18566606
13084578 18565980
13084578 18566606
13084825 18565980
13084825 18566606
13085113 18565980
13085113 18566606
13085441 18565980
13085441 18566606
13085535 18565980
13085535 18566606
13081446 18565982
13085879 18565983
13079445 18565984
13079448 18565986
13084036 18565987
13079510 18565988
13079514 18565989
13081291 18565990
13084102 18565991
13076773 18565993
13084105 18565994
13076200 18565995
13076107 18565996
13083960 18565996
13086002 18565998
13076841 18565999
13076873 18565999
13077460 18565999
13076842 18566000
13083969 18566001
13086005 18566002
13086006 18566003
13086009 18566004
13085863 18566005
13085868 18566006
13079433 18566007
13077540 18566008
13082395 18566008
13079438 18566009
13084020 18566010
13081508 18566011
13079503 18566012
13081283 18566014
13077543 18566015
13078967 18566016
13079278 18566016
13084738 18566017
13083956 18566018
13085216 18566019
13077390 18566020
13077394 18566021
13077396 18566022
13085853 18566023
13079995 18566024
13085858 18566025
13082382 18566026
13079423 18566027
13079427 18566028
13077464 18566030
13077465 18566030
13076681 18566031
13076682 18566031
13084013 18566032
13085065 18566033
13085069 18566034
13082452 18566036
13080497 18566037
13079274 18566039
13083946 18566040
13076822 18566041
13080569 18566043
13077380 18566044
13077382 18566045
13085841 18566046
13085844 18566047
13085845 18566048
13077388 18566049
13083151 18566050
13083152 18566050
13080638 18566051
13079416 18566052
13079418 18566053
13078231 18566055
13077450 18566056
13083796 18566057
13076672 18566058
13076674 18566059
13084642 18566060
13083861 18566061
13084647 18566062
13084648 18566062
13083864 18566065
13083867 18566067
13076740 18566068
13085124 18566069
13076749 18566070
13082518 18566071
13082519 18566072
13084718 18566073
13085830 18566074
13077376 18566075
13085833 18566076
13077378 18566077
13085836 18566078
13074765 18566079
13083825 18566081
13077206 18566082
13077449 18566082
13077451 18566082
13085021 18566082
13084768 18566084
13084769 18566084
13085384 18566084
13085532 18566084
13076368 18566086
13082283 18566086
13076352 18566088
13078346 18566093
13078456 18566093
13082491 18566093
13083711 18566093
13086403 18566093
13086404 18566093
13076905 18566094
13076917 18566094
13077519 18566095
13080431 18566097
13080433 18566097
13080434 18566097
13079772 18566098
13086199 18566099
13086307 18566099
13086308 18566099
13079125 18566100
13079426 18566100
13078997 18566101
13079306 18566101
13082575 18566101
13084353 18566101
13085967 18566101
13085968 18566101
13086240 18566102
13086241 18566102
13086243 18566102
13086244 18566102
13083708 18566103
13080566 18566104
13085971 18566104
13085972 18566104
13083686 18566105
13083687 18566105
13075451 18566106
13081192 18566108
13081195 18566108
13084129 18566109
13076878 18566110
13077469 18566111
13077471 18566111
13085394 18566112
13084310 18566113
13084311 18566113
13080764 18566115
13080495 18566116
13076168 18566118
13083671 18566118
13083672 18566118
13084955 18566118
13086406 18566118
13086407 18566118
13077685 18566120
13084506 18566123
13086390 18566124
13086391 18566124
13083627 18566125
13085446 18566126
13085447 18566126
13085746 18566126
13074663 18566127
13086424 18566127
13086425 18566127
13075895 18566129
13083707 18566131
13083014 18566133
13083016 18566133
13083008 18566134
13084467 18566136
13080521 18566137
13078319 18566139
13078320 18566139
13075054 18566145
13081050 18566145
13082106 18566145
13083778 18566145
13083779 18566145
13074781 18566147
13081607 18566149
13075539 18566151
13075857 18566151
13085486 18566153
13085487 18566153
13085797 18566153
13078043 18566154
13078129 18566154
13078179 18566154
13082437 18566154
13077733 18566156
13077737 18566156
13077740 18566156
13078009 18566156
13078011 18566156
13085239 18566156
13085019 18566158
13085730 18566159
13085428 18566160
13085430 18566160
13085431 18566160
13085433 18566160
13085434 18566160
13083593 18566161
13080399 18566163
13084323 18566163
13085091 18566163
13085413 18566163
13085414 18566163
13085375 18566164
13081550 18566165
13078452 18566166
13078651 18566166
13084288 18566166
13084289 18566166
13079871 18566167
13079861 18566168
13079837 18566169
13084344 18566170
13085985 18566170
13085986 18566170
13079855 18566171
13085977 18566172
13085980 18566172
13085981 18566172
13086223 18566172
13086225 18566172
13086226 18566172
13086228 18566172
13086297 18566172
13086298 18566172
13084252 18566173
13084256 18566173
13084723 18566173
13084724 18566173
13078730 18566174
13074819 18566175
13074900 18566175
13074931 18566175
13085769 18566175
13084366 18566179
13086351 18566179
13079055 18566180
13079023 18566181
13083477 18566182
13075494 18566184
13084158 18566185
13078309 18566187
13085342 18566187
13082548 18566188
13075365 18566192
13086097 18566192
13086098 18566192
13078960 18566194
13078966 18566194
13078974 18566194
13079280 18566194
13079300 18566194
13082698 18566194
13086294 18566194
13086295 18566194
13086029 18566196
13086032 18566196
13078251 18566197
13078254 18566197
13078255 18566197
13078257 18566197
13078248 18566198
13079442 18566200
13086405 18566201
13077959 18566204
13078397 18566204
13078335 18566205
13078336 18566205
13084672 18566205
13084673 18566205
13078040 18566206
13080262 18566207
13085793 18566208
13077526 18566209
13077527 18566209
13075615 18566211
13085515 18566211
13084298 18566214
13085731 18566215
13086111 18566217
13075210 18566218
13085750 18566218
13074831 18566219
13075208 18566220
13075343 18566220
13075444 18566220
13075486 18566220
13081058 18566220
13082150 18566220
13079092 18566221
13079578 18566221
13079585 18566221
13079132 18566222
13081437 18566222
13078365 18566224
13078374 18566224
13078454 18566224
13078592 18566224
13078596 18566224
13078598 18566224
13075859 18566225
13076347 18566226
13083722 18566227
13077674 18566228
13077687 18566228
13078147 18566228
13082454 18566228
13085235 18566228
13076839 18566231
13077466 18566231
13077619 18566231
13081076 18566231
13084070 18566231
13084071 18566231
13084077 18566231
13085242 18566232
13080729 18566236
13080732 18566236
13084782 18566237
13084778 18566240
13079070 18566241
13079089 18566241
13080794 18566245
13078290 18566247
13078292 18566247
13078296 18566247
13084667 18566247
13084668 18566247
13085170 18566249
13085240 18566250
13077520 18566251
13077531 18566251
13082394 18566251
13077518 18566252
13077522 18566252
13077525 18566252
13084586 18566252
13084587 18566252
13085759 18566253
13075775 18566255
13082456 18566255
13083856 18566255
13085828 18566255
13085829 18566255
13077729 18566258
13077781 18566258
13077784 18566258
13078050 18566258
13078140 18566258
13078225 18566258
13083684 18566258
13083736 18566258
13085846 18566258
13085847 18566258
13078362 18566259
13078839 18566259
13082554 18566259
13084679 18566262
13086010 18566262
13086348 18566262
13078276 18566263
13078277 18566263
13078662 18566263
13078664 18566263
13078795 18566263
13084690 18566263
13085243 18566263
13078349 18566271
13078353 18566271
13074769 18566274
13078982 18566274
13078984 18566274
13078988 18566274
13078993 18566274
13079007 18566274
13079015 18566274
13079037 18566274
13079058 18566274
13079066 18566274
13079090 18566274
13079095 18566274
13079422 18566274
13079591 18566274
13079647 18566274
13079687 18566274
13082675 18566274
13082679 18566274
13084396 18566274
13084398 18566274
13084399 18566274
13084418 18566274
13084453 18566274
13084454 18566274
13085272 18566274
13076988 18566277
13076991 18566277
13076993 18566277
13076995 18566277
13076997 18566277
13076998 18566277
13081571 18566277
13081570 18566279
13083878 18566280
13085792 18566282
13075659 18566283
13075667 18566283
13075764 18566283
13085822 18566283
13085887 18566283
13085888 18566283
13079546 18566284
13079551 18566284
13084697 18566284
13085281 18566284
13080842 18566285
13076925 18566286
13076913 18566287
13076914 18566287
13076918 18566287
13076919 18566287
13076921 18566287
13076924 18566287
13077480 18566287
13077504 18566287
13077505 18566287
13079041 18566288
13079042 18566288
13079595 18566288
13079622 18566288
13081394 18566288
13081395 18566288
13081414 18566288
13084429 18566288
13084430 18566288
13084433 18566288
13084434 18566288
13085271 18566288
13077027 18566289
13077032 18566289
13081173 18566289
13081482 18566289
13079939 18566290
13079942 18566290
13079945 18566290
13082734 18566290
13084755 18566290
13080754 18566291
13082837 18566291
13078886 18566293
13078887 18566293
13079550 18566293
13077472 18566294
13083662 18566294
13084657 18566298
13085339 18566298
13077709 18566299
13077709 41500978
13078038 18566299
13078038 41500978
13078192 18566299
13078192 41500978
13082426 18566299
13082426 41500978
13082436 18566299
13082436 41500978
13084783 18566300
13084787 18566301
13079886 18566302
13079888 18566302
13079916 18566302
13079920 18566302
13079933 18566302
13079955 18566303
13077697 18566305
13077713 18566305
13078150 18566305
13085234 18566305
13085850 18566305
13076945 18566306
13076966 18566306
13076838 18566308
13076850 18566308
13076885 18566308
13074791 18566309
13074892 18566309
13082501 18566309
13079143 18566310
13077681 18566316
13077683 18566316
13077684 18566316
13077686 18566316
13078082 18566316
13083549 18566319
13083549 44880759
13083549 44880760
13083761 18566319
13083761 44880759
13083761 44880760
13085297 18566319
13085297 44880759
13085297 44880760
13085751 18566319
13085751 44880759
13085751 44880760
13085752 18566319
13085752 44880759
13085752 44880760
13086409 18566319
13086409 44880759
13086409 44880760
13086410 18566319
13086410 44880759
13086410 44880760
13084351 18566321
13077430 18566322
13076393 18566323
13084200 18566325
13076360 18566326
13076492 18566326
13078059 18566327
13078089 18566328
13082455 18566328
13085420 18566331
13085421 18566331
13080734 18566334
13076384 18566335
13076390 18566335
13076402 18566335
13076610 18566335
13076432 18566337
13084990 18566337
13084199 18566338
13082217 18566339
13075943 18566340
13079098 18566341
13082693 18566342
13076316 18566343
13076747 18566344
13077099 18566344
13077339 18566344
13077412 18566344
13084980 18566346
13079919 18566349
13079930 18566349
13079941 18566349
13079952 18566349
13077703 18566353
13078194 18566353
13085233 18566353
13085874 18566353
13085875 18566353
13084373 18566354
13077759 18566356
13077773 18566356
13078019 18566356
13078023 18566356
13084794 18566356
13084795 18566356
13080589 18566357
13080590 18566357
13075620 18566358
13083950 18566360
13077101 18566361
13077343 18566361
13082186 18566362
13075931 18566364
13075932 18566364
13081727 18566364
13081728 18566364
13085796 18566364
13081476 18566365
13083858 18566367
13075780 18566372
13078215 18566372
13082463 18566372
13083739 18566372
13084752 18566374
13076335 18566375
13076339 18566376
13076392 18566380
13076623 18566380
13082288 18566380
13084614 18566380
13084983 18566380
13075841 18566382
13075842 18566382
13075855 18566382
13075863 18566382
13075871 18566382
13075883 18566382
13075907 18566382
13081065 18566382
13085634 18566382
13085635 18566382
13076389 18566383
13075914 18566384
13076381 18566384
13076388 18566384
13081725 18566384
13086320 18566384
13086321 18566384
13077853 18566387
13077899 18566387
13082443 18566387
13084941 18566388
13079077 18566389
13077523 18566390
13077524 18566390
13076858 18566391
13076860 18566391
13076862 18566391
13076865 18566391
13077486 18566391
13077488 18566391
13078879 18566392
13078882 18566392
13079537 18566392
13077670 18566393
13077682 18566393
13077693 18566393
13081457 18566394
13078287 18566396
13078289 18566396
13077819 18566397
13077827 18566397
13078203 18566397
13080942 18566397
13082418 18566397
13082424 18566397
13085741 18566397
13083879 18566398
13082040 18566399
13074833 18566400
13086205 18566400
13086207 18566400
13086208 18566400
13074654 18566401
13085289 18566404
13085319 18566404
13080806 18566404
13080806 18567204
13080968 18566404
13080968 18567204
13079959 18566407
13079966 18566407
13083577 18566407
13083578 18566407
13077747 18566408
13077757 18566408
13078026 18566408
13078027 18566408
13085864 18566408
13085865 18566408
13076975 18566411
13076996 18566411
13077006 18566411
13077021 18566411
13077029 18566411
13077042 18566412
13084603 18566412
13085160 18566412
13083521 18566414
13074836 18566416
13075006 18566417
13082041 18566417
13086421 18566417
13074827 18566418
13075015 18566418
13074804 18566422
13082045 18566422
13079913 18566425
13079913 44416164
13078250 18566426
13083916 18566427
13083917 18566428
13083983 18566429
13081248 18566431
13079158 18566436
13079043 18566438
13079575 18566438
13079032 18566440
13082579 18566440
13082685 18566440
13085265 18566440
13079428 18566442
13075866 18566443
13077009 18566445
13077009 44416069
13077010 18566445
13077010 44416069
13080937 18566445
13080937 44416069
13078885 18566447
13079547 18566447
13079548 18566447
13079083 18566448
13079091 18566448
13079581 18566448
13079582 18566448
13078252 18566449
13078266 18566449
13078288 18566449
13078318 18566449
13081216 18566449
13081513 18566449
13085258 18566449
13076110 18566451
13085492 18566451
13085493 18566451
13079571 18566452
13075851 18566453
13076047 18566454
13083437 18566454
13083442 18566454
13083443 18566454
13084935 18566454
13083899 18566455
13076035 18566456
13075648 18566458
13075650 18566458
13075651 18566458
13075652 18566458
13075714 18566458
13081238 18566459
13081523 18566461
13081524 18566461
13077788 18566465
13077793 18566465
13077808 18566465
13077813 18566465
13078200 18566465
13082867 18566465
13083865 18566465
13083866 18566465
13085033 18566465
13074625 18566468
13074633 18566468
13082015 18566468
13084601 18566468
13084602 18566468
13074446 18566470
13074448 18566470
13074452 18566470
13081040 18566470
13074453 18566472
13074543 18566472
13074544 18566472
13084117 18566472
13084118 18566472
13077337 18566476
13078939 18566478
13074965 18566479
13083819 18566481
13085773 18566481
13079036 18566485
13079347 18566485
13079376 18566485
13082683 18566485
13084426 18566485
13084427 18566485
13076346 18566486
13076351 18566486
13076354 18566486
13076587 18566486
13077594 18566488
13082336 18566488
13082353 18566488
13077485 18566491
13077501 18566491
13076899 18566492
13077476 18566492
13076903 18566494
13076906 18566495
13078366 18566496
13078594 18566496
13084988 18566497
13078242 18566498
13078243 18566498
13082539 18566498
13078330 18566499
13082349 18566501
13076776 18566502
13085010 18566502
13076370 18566503
13077580 18566504
13078261 18566505
13078273 18566505
13078295 18566505
13081213 18566505
13081511 18566505
13083850 18566507
13075601 18566508
13075614 18566508
13075741 18566508
13081311 18566509
13082141 18566510
13075102 18566512
13082123 18566512
13084929 18566513
13078223 18566514
13078214 18566515
13084032 18566515
13084049 18566515
13084050 18566515
13084064 18566515
13084736 18566515
13076872 18566516
13076874 18566516
13076876 18566516
13076884 18566516
13076887 18566516
13085725 18566516
13085726 18566516
13079976 18566517
13080767 18566517
13080768 18566517
13083566 18566517
13083567 18566517
13081510 18566518
13083688 18566518
13083689 18566518
13086161 18566519
13086166 18566519
13086167 18566519
13086163 18566520
13086164 18566521
13076775 18566523
13079009 18566524
13079022 18566524
13082628 18566524
13084359 18566524
13084360 18566524
13086038 18566524
13086039 18566524
13086044 18566524
13086045 18566524
13086047 18566524
13086048 18566524
13081530 18566525
13082634 18566526
13082339 18566527
13076847 18566528
13077447 18566528
13084759 18566528
13084760 18566528
13085407 18566528
13085536 18566528
13079064 18566529
13079086 18566529
13079790 18566530
13080436 18566530
13079781 18566531
13078270 18566533
13078291 18566533
13078310 18566533
13078323 18566533
13078801 18566533
13085250 18566533
13082534 18566534
13077790 18566535
13077791 18566535
13077924 18566535
13082431 18566535
13078926 18566536
13078385 18566537
13078386 18566537
13078580 18566537
13078603 18566537
13078615 18566537
13078711 18566537
13078776 18566537
13078824 18566537
13086271 18566537
13086272 18566537
13086079 18566538
13086080 18566538
13078367 18566539
13078369 18566539
13078371 18566539
13078419 18566539
13078653 18566539
13080975 18566539
13078649 18566540
13086270 18566541
13086267 18566542
13079079 18566543
13079081 18566543
13079084 18566543
13075809 18566544
13074450 18566545
13075080 18566546
13075212 18566546
13082125 18566546
13074838 18566547
13086099 18566548
13075616 18566549
13075618 18566549
13075621 18566549
13075740 18566549
13082171 18566549
13075643 18566551
13075707 18566551
13075826 18566551
13082193 18566551
13075663 18566554
13075723 18566554
13075766 18566554
13082173 18566554
13083495 18566554
13085820 18566554
13085821 18566554
13075599 18566556
13075600 18566556
13075602 18566556
13075743 18566556
13075746 18566556
13077677 18566557
13077688 18566557
13077965 18566557
13078159 18566557
13082412 18566557
13079230 18566562
13079649 18566562
13082656 18566562
13076252 18566564
13076254 18566564
13085201 18566564
13084103 18566565
13084104 18566565
13083426 18566567
13083427 18566567
13077083 18566569
13077184 18566569
13077542 18566569
13082352 18566569
13085212 18566569
13085748 18566570
13079532 18566571
13079544 18566571
13082661 18566571
13084643 18566571
13084644 18566571
13085067 18566571
13080731 18566572
13085136 18566572
13074593 18566573
13074684 18566573
13078483 18566573
13082008 18566573
13085050 18566573
13074630 18566575
13074634 18566575
13078347 18566577
13078379 18566577
13078587 18566577
13078606 18566577
13078715 18566577
13078828 18566577
13074628 18566578
13084148 18566578
13084149 18566578
13075843 18566580
13080763 18566581
13080913 18566581
13083830 18566581
13080588 18566582
13082736 18566582
13083828 18566582
13079767 18566583
13080425 18566583
13080426 18566583
13081555 18566583
13080884 18566585
13080885 18566586
13077045 18566588
13078348 18566589
13078585 18566589
13078853 18566589
13084280 18566589
13085253 18566589
13077803 18566592
13075073 18566594
13075862 18566596
13074793 18566601
13074840 18566601
13074841 18566601
13074866 18566601
13074873 18566601
13074960 18566601
13082025 18566601
13084137 18566601
13086146 18566601
13086353 18566601
13086257 18566603
13086258 18566603
13079921 18566604
13079925 18566604
13075202 18566605
13075263 18566605
13083811 18566605
13075021 18566609
13078036 18566610
13077660 18566611
13077675 18566611
13076812 18566612
13076813 18566612
13077463 18566612
13074636 18566614
13074720 18566614
13077821 18566615
13077896 18566615
13077954 18566615
13082420 18566615
13077828 18566616
13077949 18566616
13086072 18566616
13086073 18566616
13077795 18566617
13077933 18566617
13078239 18566617
13082415 18566617
13083692 18566617
13074815 18566618
13084368 18566619
13083757 18566620
13083759 18566621
13080444 18566622
13074613 18566623
13074608 18566624
13078253 18566625
13078268 18566625
13078286 18566625
13078639 18566625
13082909 18566626
13074904 18566627
13082148 18566627
13086059 18566627
13086336 18566627
13085108 18566628
13079013 18566632
13080037 18566632
13080038 18566632
13080686 18566632
13082747 18566632
13084363 18566632
13085738 18566632
13085739 18566632
13078888 18566633
13078891 18566633
13079556 18566633
13084639 18566633
13083589 18566634
13077038 18566635
13077041 18566635
13077043 18566635
13081341 18566635
13081483 18566635
13080780 18566637
13081608 18566638
13077814 18566639
13082417 18566639
13077736 18566640
13077744 18566640
13077754 18566640
13077769 18566640
13078030 18566640
13084605 18566640
13085026 18566640
13080004 18566641
13080597 18566641
13083519 18566641
13080586 18566642
13080587 18566642
13079949 18566643
13075930 18566647
13075095 18566652
13075098 18566652
13075160 18566652
13075295 18566652
13082856 18566652
13083787 18566652
13083788 18566652
13085189 18566652
13083817 18566654
13083818 18566654
13078874 18566655
13078876 18566655
13081540 18566655
13084612 18566655
13084613 18566655
13082467 18566656
13075782 18566665
13075893 18566665
13075894 18566665
13082179 18566665
13085744 18566665
13086078 18566666
13085754 18566667
13085755 18566667
13081479 18566668
13075970 18566669
13082240 18566669
13075958 18566670
13075942 18566671
13075929 18566672
13075933 18566672
13075911 18566673
13075622 18566674
13075624 18566674
13075625 18566674
13075700 18566674
13075749 18566674
13078217 18566675
13084040 18566675
13084043 18566675
13084044 18566675
13085202 18566675
13074810 18566676
13083631 18566677
13078726 18566678
13078748 18566678
13085338 18566679
13078935 18566680
13078938 18566680
13078946 18566680
13079254 18566680
13081095 18566681
13078904 18566682
13078912 18566682
13078917 18566683
13078949 18566686
13079154 18566686
13079275 18566686
13079441 18566686
13079443 18566686
13079444 18566686
13079446 18566686
13082563 18566686
13075051 18566688
13075242 18566688
13075306 18566688
13080045 18566688
13080050 18566688
13080359 18566688
13082070 18566688
13083795 18566688
13086100 18566688
13086101 18566688
13086103 18566688
13086104 18566688
13086125 18566688
13086130 18566688
13086300 18566688
13086301 18566688
13086195 18566689
13086197 18566689
13086202 18566689
13086309 18566689
13086310 18566689
13084349 18566690
13084350 18566690
13080248 18566691
13080687 18566691
13085306 18566691
13085310 18566691
13078969 18566692
13078971 18566692
13079508 18566693
13085077 18566693
13078948 18566694
13077751 18566695
13078091 18566695
13077745 18566696
13077746 18566696
13077748 18566696
13078090 18566696
13082505 18566698
13083680 18566699
13083681 18566699
13082896 18566700
13082898 18566700
13083732 18566702
13083733 18566702
13083574 18566703
13083575 18566704
13082825 18566705
13080727 18566706
13080728 18566706
13077538 18566707
13077734 18566709
13077753 18566709
13078044 18566709
13082458 18566709
13079979 18566710
13079993 18566710
13080092 18566710
13080592 18566710
13082967 18566710
13082968 18566710
13074789 18566711
13074969 18566711
13074970 18566711
13083907 18566713
13083910 18566713
13083911 18566713
13083914 18566713
13075808 18566714
13075634 18566715
13078883 18566716
13079221 18566716
13074809 18566717
13074968 18566717
13075101 18566718
13085774 18566718
13076554 18566719
13076322 18566720
13076474 18566720
13084180 18566721
13077384 18566723
13081708 18566724
13081716 18566724
13082256 18566724
13085117 18566728
13078033 18566729
13079986 18566731
13080591 18566731
13085294 18566731
13078327 18566733
13078735 18566733
13078817 18566733
13079943 18566735
13077672 18566736
13079175 18566738
13078894 18566745
13074800 18566746
13074803 18566748
13074807 18566748
13078111 18566750
13077696 18566752
13077841 18566752
13077843 18566752
13078006 18566752
13085856 18566752
13085857 18566752
13084836 18566753
13085277 18566755
13085733 18566755
13086254 18566756
13086255 18566756
13076999 18566759
13077007 18566759
13082874 18566761
13079960 18566762
13085480 18566764
13085481 18566764
13085482 18566765
13085474 18566767
13085475 18566767
13085477 18566769
13085478 18566769
13078314 18566770
13078316 18566770
13078743 18566770
13076332 18566772
13076333 18566772
13076334 18566772
13076564 18566772
13076569 18566772
13076582 18566772
13082204 18566772
13082296 18566772
13082297 18566772
13085728 18566773
13081301 18566774
13082138 18566774
13079907 18566775
13081288 18566776
13084921 18566776
13081286 18566777
13075007 18566778
13082531 18566779
13085256 18566779
13076765 18566780
13077248 18566780
13085005 18566780
13074816 18566781
13080836 18566782
13082940 18566782
13079929 18566783
13079931 18566783
13079932 18566783
13083743 18566783
13080749 18566785
13080751 18566785
13080879 18566785
13075917 18566786
13076121 18566786
13076126 18566786
13076289 18566786
13085489 18566786
13085897 18566786
13083961 18566787
13084896 18566788
13082976 18566789
13076984 18566790
13076994 18566790
13077004 18566790
13084301 18566791
13076972 18566792
13079590 18566793
13078392 18566795
13078612 18566795
13080655 18566798
13084074 18566799
13078218 18566800
13078529 18566800
13082516 18566800
13081520 18566801
13078897 18566802
13082517 18566803
13075366 18566804
13084956 18566807
13083987 18566809
13083990 18566809
13083993 18566809
13083996 18566809
13083998 18566809
13076728 18566811
13077414 18566811
13077417 18566812
13085017 18566815
13084337 18566816
13076746 18566817
13082840 18566817
13076772 18566818
13077044 18566820
13077044 18566821
13079771 18566820
13079771 18566821
13079780 18566820
13079780 18566821
13079788 18566821
13080742 18566822
13080745 18566822
13080748 18566822
13080855 18566822
13081585 18566822
13081590 18566822
13077700 18566823
13078148 18566823
13085859 18566823
13085860 18566823
13080730 18566824
13080739 18566825
13078890 18566826
13079553 18566826
13079564 18566826
13081538 18566826
13083730 18566827
13077673 18566828
13077663 18566830
13084356 18566831
13083832 18566832
13083835 18566832
13075610 18566833
13082195 18566833
13075612 18566834
13077957 18566835
13083717 18566835
13074458 18566838
13074512 18566838
13074539 18566838
13084863 18566838
13077783 18566839
13085883 18566839
13076580 18566840
13076683 18566840
13082278 18566840
13082313 18566841
13082304 18566842
13076349 18566844
13076955 18566846
13085224 18566846
13077717 18566848
13085861 18566848
13085862 18566848
13077497 18566849
13077498 18566849
13079811 18566853
13079826 18566853
13082706 18566853
13082753 18566853
13082754 18566853
13079075 18566854
13079082 18566854
13079133 18566854
13079589 18566854
13084465 18566854
13080611 18566855
13082954 18566855
13085145 18566855
13080777 18566856
13083940 18566856
13079989 18566857
13083954 18566859
13077702 18566861
13077704 18566861
13078154 18566861
13077840 18566861
13077840 18566968
13077691 18566861
13077691 18567376
13078157 18566861
13078157 18567376
13075100 18566862
13082102 18566862
13083797 18566862
13086416 18566862
13086418 18566862
13086419 18566862
13086064 18566863
13086066 18566863
13086070 18566863
13086071 18566863
13086068 18566864
13086069 18566864
13075062 18566866
13083705 18566868
13086400 18566868
13086401 18566868
13076017 18566869
13079061 18566870
13079063 18566870
13085742 18566872
13078958 18566875
13085064 18566875
13086291 18566875
13086292 18566875
13078964 18566879
13082720 18566879
13082472 18566883
13078961 18566884
13074621 18566886
13084127 18566886
13084128 18566886
13085784 18566887
13082893 18566888
13076793 18566890
13085386 18566890
13085387 18566890
13081462 18566892
13076789 18566893
13082374 18566893
13079049 18566895
13079051 18566895
13082676 18566895
13081188 18566897
13085283 18566898
13085734 18566899
13074743 18566901
13080933 18566902
13082843 18566902
13078680 18566903
13082855 18566906
13074538 18566907
13074441 18566908
13074447 18566908
13074473 18566908
13074493 18566908
13074500 18566908
13074537 18566908
13081930 18566908
13081988 18566908
13082526 18566908
13086172 18566908
13086173 18566908
13082010 18566909
13074678 18566910
13074792 18566910
13074794 18566910
13074796 18566910
13074874 18566910
13074955 18566910
13074957 18566910
13074883 18566912
13075012 18566912
13075016 18566914
13075944 18566916
13084943 18566916
13077357 18566918
13077387 18566918
13085215 18566918
13082342 18566919
13082858 18566921
13085877 18566923
13081193 18566924
13078910 18566926
13078911 18566926
13079238 18566926
13079513 18566926
13079824 18566926
13080333 18566926
13082709 18566926
13086020 18566927
13086022 18566927
13086023 18566927
13084233 18566928
13084033 18566930
13074449 18566931
13074454 18566931
13074491 18566931
13074546 18566931
13077529 18566932
13077530 18566932
13076348 18566934
13081748 18566934
13082281 18566934
13085775 18566934
13083206 18566935
13085000 18566935
13076743 18566936
13079801 18566937
13078389 18566939
13078390 18566939
13078391 18566939
13078620 18566939
13078777 18566939
13078784 18566939
13079017 18566939
13082482 18566939
13082544 18566939
13084111 18566939
13084112 18566939
13078393 18566941
13082483 18566941
13086346 18566941
13078945 18566944
13079851 18566944
13080218 18566944
13080380 18566944
13078550 18566948
13078557 18566948
13084691 18566948
13086275 18566948
13086276 18566948
13086277 18566948
13085261 18566949
13078941 18566952
13084849 18566952
13086034 18566952
13086035 18566952
13086036 18566952
13084743 18566953
13085403 18566954
13079068 18566955
13082583 18566955
13079065 18566957
13079603 18566957
13079679 18566957
13081537 18566957
13084448 18566957
13084449 18566957
13077762 18566958
13077776 18566958
13078016 18566958
13078018 18566958
13078173 18566958
13085880 18566958
13085881 18566958
13076971 18566960
13076987 18566960
13077016 18566960
13077026 18566960
13077037 18566960
13085014 18566960
13078246 18566962
13078535 18566962
13086283 18566962
13086286 18566962
13086354 18566962
13085768 18566963
13081296 18566965
13081297 18566965
13081584 18566967
13084720 18566967
13076365 18566969
13076359 18566971
13079142 18566974
13078679 18566975
13078554 18566979
13079440 18566981
13079016 18566982
13079018 18566984
13077532 18566986
13077533 18566986
13076856 18566987
13077468 18566987
13077564 18566987
13079853 18566993
13080200 18566993
13079844 18566998
13079844 44880765
13079844 44880766
13079847 18566998
13079847 44880765
13079847 44880766
13080146 18566998
13080146 44880765
13080146 44880766
13085106 18566998
13085106 44880765
13085106 44880766
13085111 18566998
13085111 44880765
13085111 44880766
13085288 18566998
13085288 44880765
13085288 44880766
13085303 18566998
13085303 44880765
13085303 44880766
13076473 18567001
13079860 18567005
13082756 18567005
13082942 18567006
13082935 18567007
13080814 18567008
13080818 18567008
13079535 18567009
13079536 18567009
13080800 18567010
13083840 18567010
13083842 18567010
13083843 18567010
13082836 18567011
13085137 18567011
13074457 18567019
13079969 18567022
13085028 18567023
13076245 18567025
13076725 18567037
13076725 44415951
13076725 44415953
13076725 44415968
13077177 18567037
13077177 44415951
13077177 44415953
13077177 44415968
13077266 18567037
13077266 44415951
13077266 44415953
13077266 44415968
13079892 18567037
13079892 44415951
13079892 44415953
13079892 44415968
13079922 18567037
13079922 44415951
13079922 44415953
13079922 44415968
13079964 18567037
13079964 44415951
13079964 44415953
13079964 44415968
13080014 18567037
13080014 44415951
13080014 44415953
13080014 44415968
13080039 18567037
13080039 44415951
13080039 44415953
13080039 44415968
13080044 18567037
13080044 44415951
13080044 44415953
13080044 44415968
13080048 18567037
13080048 44415951
13080048 44415953
13080048 44415968
13080053 18567037
13080053 44415951
13080053 44415953
13080053 44415968
13080559 18567037
13080559 44415951
13080559 44415953
13080559 44415968
13081309 18567037
13081309 44415951
13081309 44415953
13081309 44415968
13082826 18567037
13082826 44415951
13082826 44415953
13082826 44415968
13082995 18567037
13082995 44415951
13082995 44415953
13082995 44415968
13082996 18567037
13082996 44415951
13082996 44415953
13082996 44415968
13083039 18567037
13083039 44415951
13083039 44415953
13083039 44415968
13083048 18567037
13083048 44415951
13083048 44415953
13083048 44415968
13083049 18567037
13083049 44415951
13083049 44415953
13083049 44415968
13085120 18567037
13085120 44415951
13085120 44415953
13085120 44415968
13085174 18567037
13085174 44415951
13085174 44415953
13085174 44415968
13085175 18567037
13085175 44415951
13085175 44415953
13085175 44415968
13085305 18567037
13085305 44415951
13085305 44415953
13085305 44415968
13085312 18567037
13085312 44415951
13085312 44415953
13085312 44415968
13085350 18567037
13085350 44415951
13085350 44415953
13085350 44415968
13085526 18567037
13085526 44415951
13085526 44415953
13085526 44415968
13078274 18567039
13081547 18567041
13084340 18567041
13084341 18567041
13086412 18567041
13086413 18567041
13077535 18567042
13077536 18567042
13083974 18567043
13085802 18567043
13085804 18567043
13085805 18567043
13074606 18567044
13082006 18567045
13082170 18567053
13085424 18567053
13085425 18567053
13085521 18567053
13077930 18567054
13074787 18567059
13074974 18567059
13085736 18567059
13084021 18567061
13084003 18567063
13084006 18567063
13084022 18567063
13084023 18567063
13084024 18567065
13084025 18567065
13084026 18567066
13084012 18567067
13084017 18567068
13078020 18567069
13078021 18567069
13078024 18567070
13078025 18567070
13077768 18567072
13077771 18567072
13078234 18567073
13084204 18567075
13080797 18567077
13085320 18567077
13077341 18567079
13077381 18567079
13084329 18567080
13084123 18567081
13084124 18567081
13085791 18567084
13086087 18567087
13086089 18567087
13086090 18567087
13086340 18567087
13085183 18567088
13077467 18567089
13076825 18567090
13076827 18567090
13076830 18567090
13078992 18567091
13076737 18567093
13076742 18567093
13076755 18567093
13077092 18567093
13077377 18567093
13077601 18567093
13082369 18567093
13085211 18567093
13076761 18567094
13077103 18567094
13085009 18567094
13085018 18567094
13084203 18567095
13076771 18567098
13074495 18567099
13074526 18567099
13074573 18567099
13081980 18567099
13083727 18567099
13083728 18567099
13082157 18567100
13078229 18567101
13078630 18567101
13080936 18567102
13085761 18567103
13078244 18567104
13078245 18567104
13078247 18567104
13074788 18567105
13081169 18567108
13081596 18567109
13085142 18567110
13085230 18567111
13075112 18567112
13074775 18567116
13082043 18567116
13079506 18567118
13079634 18567118
13083844 18567123
13083845 18567123
13080736 18567124
13080840 18567124
13085020 18567125
13075645 18567126
13075757 18567126
13078947 18567127
13085770 18567130
13085786 18567132
13085787 18567133
13078032 18567135
13076982 18567136
13076992 18567136
13077001 18567136
13077563 18567136
13085103 18567139
13082166 18567142
13075670 18567143
13075760 18567143
13075836 18567143
13075676 18567144
13078272 18567145
13078293 18567145
13078751 18567145
13082533 18567145
13085789 18567146
13083891 18567147
13075022 18567148
13080725 18567149
13080887 18567149
13077017 18567151
13077022 18567151
13077024 18567151
13077025 18567151
13081171 18567151
13081480 18567151
13084479 18567152
13086252 18567156
13086350 18567156
13086049 18567158
13086050 18567158
13082738 18567160
13080005 18567161
13080006 18567161
13080599 18567161
13080839 18567163
13082733 18567163
13079638 18567164
13075623 18567166
13074790 18567168
13074972 18567168
13076331 18567171
13076481 18567171
13085776 18567171
13076317 18567174
13081069 18567174
13076324 18567175
13086261 18567178
13086263 18567178
13086264 18567178
13080543 18567179
13081578 18567180
13079056 18567181
13079080 18567181
13079096 18567181
13079099 18567181
13079367 18567181
13081292 18567183
13082818 18567183
13076833 18567184
13076835 18567184
13076837 18567184
13076840 18567184
13076875 18567185
13079967 18567186
13082819 18567187
13078249 18567188
13085034 18567188
13083562 18567189
13078263 18567190
13078265 18567190
13078267 18567190
13083782 18567191
13083332 18567192
13086397 18567192
13086398 18567192
13083323 18567193
13082305 18567195
13075069 18567196
13084380 18567196
13084693 18567196
13084381 18567198
13086393 18567200
13086394 18567200
13079970 18567205
13084253 18567206
13084255 18567207
13078144 18567208
13080861 18567209
13081589 18567209
13082702 18567211
13075849 18567212
13083554 18567213
13078341 18567214
13085039 18567214
13078060 18567218
13082440 18567218
13084747 18567220
13085765 18567220
13085766 18567220
13076937 18567222
13076959 18567222
13078339 18567224
13078340 18567224
13078343 18567224
13078582 18567224
13078816 18567224
13078007 18567226
13078130 18567227
13078181 18567227
13078034 18567228
13075114 18567229
13075885 18567231
13076082 18567231
13082265 18567231
13085777 18567231
13075979 18567236
13076314 18567236
13082250 18567236
13085763 18567236
13074612 18567238
13082479 18567238
13084145 18567238
13084146 18567238
13075936 18567239
13076142 18567239
13083239 18567239
13078394 18567241
13085798 18567243
13084469 18567245
13076502 18567247
13085206 18567247
13083909 18567248
13084147 18567249
13085237 18567250
13085406 18567251
13082321 18567252
13076387 18567253
13075940 18567254
13076199 18567255
13085749 18567256
13081604 18567257
13081299 18567258
13076907 18567260
13081573 18567260
13079356 18567261
13084385 18567261
13084415 18567261
13079002 18567263
13079792 18567264
13074905 18567267
13083641 18567267
13083642 18567267
13083650 18567267
13086210 18567267
13086335 18567267
13078893 18567268
13084625 18567268
13084626 18567268
13085745 18567274
13081442 18567276
13081443 18567276
13074707 18567277
13074714 18567277
13074629 18567278
13074695 18567278
13079918 18567279
13079538 18567280
13082591 18567280
13082664 18567280
13084640 18567280
13084641 18567280
13084645 18567280
13084646 18567280
13083514 18567281
13078328 18567282
13078329 18567282
13085255 18567282
13078737 18567284
13078322 18567285
13078324 18567285
13078325 18567285
13078226 18567287
13078520 18567287
13082488 18567287
13079227 18567288
13079232 18567288
13079640 18567288
13082592 18567288
13078542 18567289
13078841 18567289
13085762 18567289
13078915 18567290
13078916 18567291
13079507 18567291
13081200 18567292
13080206 18567293
13080376 18567293
13080669 18567293
13082832 18567293
13084918 18567293
13085114 18567293
13084314 18567295
13084316 18567295
13078924 18567298
13079246 18567298
13079263 18567298
13079471 18567298
13079475 18567298
13082643 18567298
13085260 18567298
13078259 18567299
13078652 18567310
13078654 18567310
13078655 18567310
13079355 18567310
13082553 18567310
13075240 18567312
13079470 18567313
13079474 18567313
13079472 18567314
13077361 18567318
13082347 18567318
13082360 18567318
13076418 18567322
13076499 18567322
13076618 18567322
13076701 18567322
13077574 18567322
13082345 18567322
13082346 18567322
13083146 18567322
13085208 18567322
13086344 18567322
13082380 18567324
13075898 18567327
13085495 18567327
13085525 18567327
13085801 18567327
13074648 18567329
13074713 18567329
13082009 18567329
13074609 18567331
13081044 18567331
13084130 18567331
13084131 18567331
13076616 18567333
13076634 18567333
13078871 18567333
13083148 18567333
13083149 18567333
13079251 18567334
13086025 18567334
13076549 18567336
13082272 18567336
13080465 18567338
13085132 18567339
13077653 18567341
13077654 18567341
13077655 18567341
13077656 18567341
13077657 18567341
13077658 18567341
13085024 18567347
13077492 18567348
13077493 18567348
13077500 18567348
13083580 18567349
13083581 18567349
13080889 18567350
13080002 18567352
13080617 18567352
13083615 18567352
13083602 18567353
13080735 18567354
13075115 18567355
13079453 18567356
13079248 18567364
13076472 18567366
13076632 18567366
13076817 18567366
13076819 18567366
13076820 18567366
13077122 18567366
13077365 18567366
13078870 18567366
13078872 18567366
13082293 18567366
13082348 18567366
13076867 18567370
13075941 18567373
13083682 18567374
13076373 18567378
13082282 18567378
13086016 18567380
13086017 18567380
13084345 18567382
13078968 18567383
13079447 18567383
13085051 18567383
13075440 18567385
13075465 18567385
13075478 18567385
13075499 18567385
13075436 18567386
13080812 18567386
13081567 18567387
13081568 18567387
13081569 18567387
