13016589 18539832
13016589 18727009
13016437 18539846
13016437 18727040
13016680 18542319
13016680 18727519
13016683 18542319
13016683 18727519
13016698 18542319
13016698 18727519
13016773 18542319
13016773 18727519
13016611 18542447
13016611 18727641
13074569 18566203
13074569 18727444
13074747 18566466
13074747 18727644
13074520 18567013
13074520 18728137
13074631 18567013
13074631 18728137
13074700 18567013
13074700 18728137
13074733 18567013
13074733 18728137
13074734 18567013
13074734 18728137
13074459 18567344
13074459 18728475
24959440 18571491
24959440 18727006
24972702 18572181
24972702 18727189
24955666 18573078
24955666 18726911
24955678 18573078
24955678 18726911
24955744 18573078
24955744 18726911
24955897 18573078
24955897 18726911
24955724 18573111
24955724 18728408
24952600 18574101
24952595 18574101
24952595 18727684
24952616 18574101
24952616 18727684
24952618 18574101
24952618 18727684
24952707 18574101
24952707 18727684
24952727 18574101
24952727 18727684
24962157 18574101
24962157 18727684
24965320 18574101
24965320 18727684
24965321 18574101
24965321 18727684
24959098 18575374
24959098 18728353
24955876 18575682
24955876 18728008
24962035 18728408
24966046 18728408
24966047 18728408
25344615 179066505
25344615 18581480
25344615 18727240
25344616 179066505
25344616 18581920
25344616 18727240
25341241 18582509
25341272 18582509
25341293 18582509
25341295 18582509
25341354 18582509
25341278 18582509
25341278 18728532
25341347 18582509
25341347 18728532
25341349 18582509
25341349 18728532
25341374 18582509
25341374 18728532
25342087 18583581
25342087 18728107
25341363 18583593
25341363 18728235
25342673 18583593
25342673 18728235
25342674 18583593
25342674 18728235
25341268 18583612
25341828 18583612
25341834 18583612
25341958 18583612
25341960 18583612
25342669 18583612
25342681 18583612
25342682 18583612
25343619 18583612
25343620 18583612
25343748 18583612
25343749 18583612
25344617 18583612
25344618 18583612
25341836 18583612
25341836 18728258
25342668 18583612
25342668 18728262
25341857 18583634
25341948 18583634
25342092 18583634
25341840 18583634
25341840 18728286
25342407 18583634
25342407 18728286
25340559 18583952
25340559 18727410
25340560 18583952
25340560 18727410
25340605 18583952
25340605 18727410
25340647 18583952
25340647 18727410
25342521 18583952
25342521 18727410
25342522 18583952
25342522 18727410
25341234 18584204
25341234 18727944
25340171 18589896
25340171 18726939
25340184 18589903
25340184 18726938
25344791 18589911
25344790 18589911
25344790 18726943
25339174 18589913
25339174 18726946
25341569 18590876
25341569 18726962
25342089 18590876
25342089 18726962
25342101 18590876
25342101 18726962
25344754 18590876
25344754 18726962
25344755 18590876
25344755 18726962
25344756 18590876
25344756 18726962
25344758 18590876
25344758 18726962
25344759 18590876
25344759 18726962
25344751 18591920
25344751 18727012
25340054 18592746
25340054 18727113
25340055 18592746
25340055 18727113
25340106 18593967
25340106 18727377
25339340 18594102
25339340 18727463
25339213 18594103
25339213 18727464
25344792 18594104
25344792 18727461
25344752 18594111
25344752 18727465
25344753 18594111
25344753 18727465
25340006 18594227
25341487 18594227
25341488 18594227
25341488 18727539
25341636 18594227
25341636 18727539
25341773 18594227
25341773 18727539
25341791 18594227
25341791 18727539
25344775 18594230
25344777 18594230
25344774 18594230
25344774 18727538
25344776 18594230
25344776 18727538
25339185 18594480
25339185 18727716
25339338 18594480
25339338 18727716
25339428 18594480
25339428 18727716
25344796 18594480
25344796 18727716
25344797 18594480
25344797 18727716
25344798 18594480
25344798 18727716
25344799 18594480
25344799 18727716
25344250 18594844
25340172 18594844
25340172 18728054
25340193 18594844
25340193 18728054
25344249 18594844
25344249 18728054
25344801 18594846
25344803 18594846
25344805 18594846
25339353 18594846
25339353 18728055
25344804 18594846
25344804 18728055
25339740 18594865
25339735 18594865
25339735 18728078
25339742 18594865
25339742 18728078
25339743 18594865
25339743 18728078
25339744 18594865
25339744 18728078
25339746 18594865
25339746 18728078
25339896 18594865
25339896 18728078
25339900 18594865
25339900 18728078
25339902 18594865
25339902 18728078
25339910 18594865
25339910 18728078
25344778 18594865
25344778 18728078
25344780 18594865
25344780 18728078
25344781 18594865
25344781 18728078
25344782 18594865
25344782 18728078
25344783 18594865
25344783 18728078
25344784 18594865
25344784 18728078
25344785 18594865
25344785 18728078
25344786 18594865
25344786 18728078
25344788 18594865
25344788 18728078
25344789 18594865
25344789 18728078
25344772 18595250
25344772 18728274
25344773 18595250
25344773 18728274
25340110 18595539
25340110 18728508
25340177 18595539
25340177 18728508
25344810 18595539
25344810 18728508
25344812 18595539
25344812 18728508
25344813 18595539
25344813 18728508
25340107 18595555
25340107 18728524
25340124 18595555
25340124 18728524
25342191 18595555
25342191 18728524
25344814 18595555
25344814 18728524
25344816 18595555
25344816 18728524
25344817 18595555
25344817 18728524
25340186 18728508
25344808 18728508
25344809 18728508
25339488 115026459
25339488 173664377
25339488 18728135
25339834 115026459
25339834 173664377
25339834 18728135
25340035 115026459
25340035 173664377
25340035 18728135
25340063 115026459
25340063 173664377
25340063 18728135
25343014 115026459
25343014 173664377
25343014 18728135
25343997 115026459
25343997 173664377
25343997 18728135
25344000 115026459
25344000 173664377
25344000 18728135
25344409 115026459
25344409 173664377
25344409 18728135
25344413 115026459
25344413 173664377
25344413 18728135
25338933 115026476
25338933 115026528
25338933 116703222
25338933 116703227
25338933 116703232
25338933 116703235
25338933 116703246
25338933 116703248
25338933 116703252
25338933 173664438
25338933 173664446
25338933 18727979
25339075 115026476
25339075 115026528
25339075 116703222
25339075 116703227
25339075 116703232
25339075 116703235
25339075 116703246
25339075 116703248
25339075 116703252
25339075 173664438
25339075 173664446
25339075 18727979
25339078 115026476
25339078 115026528
25339078 116703222
25339078 116703227
25339078 116703232
25339078 116703235
25339078 116703246
25339078 116703248
25339078 116703252
25339078 173664438
25339078 173664446
25339078 18727979
25339090 115026476
25339090 115026528
25339090 116703222
25339090 116703227
25339090 116703232
25339090 116703235
25339090 116703246
25339090 116703248
25339090 116703252
25339090 173664438
25339090 173664446
25339090 18727979
25339094 115026476
25339094 115026528
25339094 116703222
25339094 116703227
25339094 116703232
25339094 116703235
25339094 116703246
25339094 116703248
25339094 116703252
25339094 173664438
25339094 173664446
25339094 18727979
25339095 115026476
25339095 115026528
25339095 116703222
25339095 116703227
25339095 116703232
25339095 116703235
25339095 116703246
25339095 116703248
25339095 116703252
25339095 173664438
25339095 173664446
25339095 18727979
25339099 115026476
25339099 115026528
25339099 116703222
25339099 116703227
25339099 116703232
25339099 116703235
25339099 116703246
25339099 116703248
25339099 116703252
25339099 173664438
25339099 173664446
25339099 18727979
25339100 115026476
25339100 115026528
25339100 116703222
25339100 116703227
25339100 116703232
25339100 116703235
25339100 116703246
25339100 116703248
25339100 116703252
25339100 173664438
25339100 173664446
25339100 18727979
25339113 115026476
25339113 115026528
25339113 116703222
25339113 116703227
25339113 116703232
25339113 116703235
25339113 116703246
25339113 116703248
25339113 116703252
25339113 173664438
25339113 173664446
25339113 18727979
25339115 115026476
25339115 115026528
25339115 116703222
25339115 116703227
25339115 116703232
25339115 116703235
25339115 116703246
25339115 116703248
25339115 116703252
25339115 173664438
25339115 173664446
25339115 18727979
25339118 115026476
25339118 115026528
25339118 116703222
25339118 116703227
25339118 116703232
25339118 116703235
25339118 116703246
25339118 116703248
25339118 116703252
25339118 173664438
25339118 173664446
25339118 18727979
25339290 115026476
25339290 115026528
25339290 116703222
25339290 116703227
25339290 116703232
25339290 116703235
25339290 116703246
25339290 116703248
25339290 116703252
25339290 173664438
25339290 173664446
25339290 18727979
25339327 115026476
25339327 115026528
25339327 116703222
25339327 116703227
25339327 116703232
25339327 116703235
25339327 116703246
25339327 116703248
25339327 116703252
25339327 173664438
25339327 173664446
25339327 18727979
25339460 115026476
25339460 115026528
25339460 116703222
25339460 116703227
25339460 116703232
25339460 116703235
25339460 116703246
25339460 116703248
25339460 116703252
25339460 173664438
25339460 173664446
25339460 18727979
25339472 115026476
25339472 115026528
25339472 116703222
25339472 116703227
25339472 116703232
25339472 116703235
25339472 116703246
25339472 116703248
25339472 116703252
25339472 173664438
25339472 173664446
25339472 18727979
25339617 115026476
25339617 115026528
25339617 116703222
25339617 116703227
25339617 116703232
25339617 116703235
25339617 116703246
25339617 116703248
25339617 116703252
25339617 173664438
25339617 173664446
25339617 18727979
25339858 115026476
25339858 115026528
25339858 116703222
25339858 116703227
25339858 116703232
25339858 116703235
25339858 116703246
25339858 116703248
25339858 116703252
25339858 173664438
25339858 173664446
25339858 18727979
25339865 115026476
25339865 115026528
25339865 116703222
25339865 116703227
25339865 116703232
25339865 116703235
25339865 116703246
25339865 116703248
25339865 116703252
25339865 173664438
25339865 173664446
25339865 18727979
25340090 115026476
25340090 115026528
25340090 116703222
25340090 116703227
25340090 116703232
25340090 116703235
25340090 116703246
25340090 116703248
25340090 116703252
25340090 173664438
25340090 173664446
25340090 18727979
25341454 115026476
25341454 115026528
25341454 116703222
25341454 116703227
25341454 116703232
25341454 116703235
25341454 116703246
25341454 116703248
25341454 116703252
25341454 173664438
25341454 173664446
25341454 18727979
25341455 115026476
25341455 115026528
25341455 116703222
25341455 116703227
25341455 116703232
25341455 116703235
25341455 116703246
25341455 116703248
25341455 116703252
25341455 173664438
25341455 173664446
25341455 18727979
25341456 115026476
25341456 115026528
25341456 116703222
25341456 116703227
25341456 116703232
25341456 116703235
25341456 116703246
25341456 116703248
25341456 116703252
25341456 173664438
25341456 173664446
25341456 18727979
25341461 115026476
25341461 115026528
25341461 116703222
25341461 116703227
25341461 116703232
25341461 116703235
25341461 116703246
25341461 116703248
25341461 116703252
25341461 173664438
25341461 173664446
25341461 18727979
25342371 115026476
25342371 115026528
25342371 116703222
25342371 116703227
25342371 116703232
25342371 116703235
25342371 116703246
25342371 116703248
25342371 116703252
25342371 173664438
25342371 173664446
25342371 18727979
25342393 115026476
25342393 115026528
25342393 116703222
25342393 116703227
25342393 116703232
25342393 116703235
25342393 116703246
25342393 116703248
25342393 116703252
25342393 173664438
25342393 173664446
25342393 18727979
25343223 115026476
25343223 115026528
25343223 116703222
25343223 116703227
25343223 116703232
25343223 116703235
25343223 116703246
25343223 116703248
25343223 116703252
25343223 173664438
25343223 173664446
25343223 18727979
25343790 115026476
25343790 115026528
25343790 116703222
25343790 116703227
25343790 116703232
25343790 116703235
25343790 116703246
25343790 116703248
25343790 116703252
25343790 173664438
25343790 173664446
25343790 18727979
25344495 115026476
25344495 115026528
25344495 116703222
25344495 116703227
25344495 116703232
25344495 116703235
25344495 116703246
25344495 116703248
25344495 116703252
25344495 173664438
25344495 173664446
25344495 18727979
25337384 115026491
25337384 18728048
25337384 95565300
25337386 115026491
25337386 18728048
25337386 95565300
25337475 115026491
25337475 18728048
25337475 95565300
25337482 115026491
25337482 18728048
25337482 95565300
25342985 115026494
25342985 115026522
25342985 18726957
25344528 115026494
25344528 115026522
25344528 18726957
25337387 115026526
25337387 142747255
25337387 18727594
25337542 115026526
25337542 142747255
25337542 18727594
25337557 115026526
25337557 142747255
25337557 18727594
25338651 115026526
25338651 142747255
25338651 18727594
25339076 115026526
25339076 142747255
25339076 18727594
25342186 115026526
25342186 142747255
25342186 18727594
25342946 115026526
25342946 142747255
25342946 18727594
25344308 115026526
25344308 142747255
25344308 18727594
25341880 116703217
25341880 18727846
25341891 116703217
25341891 18727846
25341900 116703217
25341900 18727846
25341911 116703217
25341911 18727846
25341984 116703217
25341984 18727846
25341995 116703217
25341995 18727846
25338900 116703223
25338900 116703251
25338900 18728446
25338902 116703223
25338902 116703251
25338902 18728446
25338904 116703223
25338904 116703251
25338904 18728446
25338906 116703223
25338906 116703251
25338906 18728446
25338908 116703223
25338908 116703251
25338908 18728446
25338909 116703223
25338909 116703251
25338909 18728446
25338910 116703223
25338910 116703251
25338910 18728446
25338938 116703223
25338938 116703251
25338938 18728446
25339056 116703223
25339056 116703251
25339056 18728446
25339061 116703223
25339061 116703251
25339061 18728446
25339365 116703223
25339365 116703251
25339365 18728446
25339367 116703223
25339367 116703251
25339367 18728446
25339369 116703223
25339369 116703251
25339369 18728446
25339371 116703223
25339371 116703251
25339371 18728446
25339372 116703223
25339372 116703251
25339372 18728446
25339379 116703223
25339379 116703251
25339379 18728446
25339380 116703223
25339380 116703251
25339380 18728446
25339382 116703223
25339382 116703251
25339382 18728446
25339462 116703223
25339462 116703251
25339462 18728446
25339468 116703223
25339468 116703251
25339468 18728446
25339921 116703223
25339921 116703251
25339921 18728446
25339923 116703223
25339923 116703251
25339923 18728446
25339925 116703223
25339925 116703251
25339925 18728446
25339927 116703223
25339927 116703251
25339927 18728446
25339928 116703223
25339928 116703251
25339928 18728446
25339968 116703223
25339968 116703251
25339968 18728446
25340069 116703223
25340069 116703251
25340069 18728446
25344487 116703223
25344487 116703251
25344487 18728446
25341652 116703241
25341652 116703249
25341652 18727062
25341772 116703241
25341772 116703249
25341772 18727062
25343794 116703241
25343794 116703249
25343794 18727062
25338657 142747251
25338657 18728458
25338687 142747251
25338687 18728458
25338712 142747251
25338712 18728458
25338719 142747251
25338719 18728458
25338907 142747251
25338907 18728458
25338915 142747251
25338915 18728458
25342813 142747251
25342813 18728458
25337369 142747310
25337369 18727609
25337369 95565294
25337369 95565296
25337382 142747310
25337382 18727609
25337382 95565294
25337382 95565296
25337435 142747310
25337435 18727609
25337435 95565294
25337435 95565296
25337459 142747310
25337459 18727609
25337459 95565294
25337459 95565296
25337473 142747310
25337473 18727609
25337473 95565294
25337473 95565296
25337480 142747310
25337480 18727609
25337480 95565294
25337480 95565296
25342806 142747310
25342806 18727609
25342806 95565294
25342806 95565296
25342807 142747310
25342807 18727609
25342807 95565294
25342807 95565296
25342811 142747310
25342811 18727609
25342811 95565294
25342811 95565296
25337063 162867562
25337063 162867564
25337063 162873105
25337063 162873116
25337063 18728494
25337186 162867562
25337186 162867564
25337186 162873105
25337186 162873116
25337186 18728494
25340723 162873107
25340723 162873114
25340723 18727815
25340962 162873107
25340962 162873114
25340962 18727815
25340819 162873109
25340819 18727854
25340921 162873109
25340921 18727854
25338222 162873111
25338222 162873118
25338222 18728164
25338419 162873111
25338419 162873118
25338419 18728164
25338423 162873111
25338423 162873118
25338423 18728164
25338622 162873111
25338622 162873118
25338622 18728164
25340728 162873111
25340728 162873118
25340728 18728164
25340730 162873111
25340730 162873118
25340730 18728164
25340972 162873111
25340972 162873118
25340972 18728164
25340975 162873111
25340975 162873118
25340975 18728164
25340980 162873111
25340980 162873118
25340980 18728164
25340989 162873111
25340989 162873118
25340989 18728164
25340993 162873111
25340993 162873118
25340993 18728164
25340996 162873111
25340996 162873118
25340996 18728164
25341004 162873111
25341004 162873118
25341004 18728164
25341104 162873111
25341104 162873118
25341104 18728164
25341220 162873111
25341220 162873118
25341220 18728164
25341253 162873111
25341253 162873118
25341253 18728164
25343805 162873111
25343805 162873118
25343805 18728164
25344694 162873111
25344694 162873118
25344694 18728164
25344697 162873111
25344697 162873118
25344697 18728164
25344698 162873111
25344698 162873118
25344698 18728164
25340681 162875118
25340681 162875119
25340681 18727876
25340699 162875118
25340699 162875119
25340699 18727876
25340718 162875118
25340718 162875119
25340718 18727876
25340825 162875118
25340825 162875119
25340825 18727876
25340942 162875118
25340942 162875119
25340942 18727876
25341084 162875118
25341084 162875119
25341084 18727876
25344703 162875118
25344703 162875119
25344703 18727876
25344704 162875118
25344704 162875119
25344704 18727876
25341341 162875120
25341341 18727056
25344073 162875120
25344073 18727056
25340562 162876435
25340562 162876436
25340562 18726916
25340564 162876435
25340564 162876436
25340564 18726916
25340600 162876435
25340600 162876436
25340600 18726916
25340610 162876435
25340610 162876436
25340610 18726916
25343084 162876435
25343084 162876436
25343084 18726916
25343401 162876435
25343401 162876436
25343401 18726916
25343402 162876435
25343402 162876436
25343402 18726916
25344436 162876435
25344436 162876436
25344436 18726916
25339114 173664383
25339114 18728147
25338671 18726912
25338686 18726912
25341674 18726913
25340737 18726914
25340740 18726914
25340751 18726914
25341015 18726914
25339650 18726918
25339683 18726918
25339949 18726918
25341869 18726919
25338705 18726921
25338707 18726921
25338911 18726921
25344057 18726921
25344058 18726921
25344041 18726922
25344042 18726922
25344424 18726925
25343737 18726927
25340657 18726928
25343086 18726928
25343087 18726928
25336751 18726929
25340244 18726932
25343035 18726932
25339276 18726933
25339450 18726933
25341909 18726934
25341910 18726934
25337113 18726936
25340741 18726937
25343591 18726937
25344447 18726937
25344670 18726941
25339571 18726948
25339587 18726948
25339603 18726948
25339931 18726948
25339941 18726948
25339104 18726949
25338206 18726950
25338407 18726950
25337676 18726954
25338013 18726954
25338015 18726954
25338017 18726954
25342129 18726954
25342132 18726954
25342171 18726954
25342854 18726963
25344191 18726965
25344194 18726966
25344197 18726967
25344171 18726968
25344174 18726970
25344059 18726971
25344061 18726971
25337498 18726972
25344063 18726973
25344177 18726974
25344154 18726975
25344155 18726977
25344043 18726979
25344047 18726981
25344049 18726981
25344681 18726983
25344207 18726986
25344464 18726986
25344130 18726987
25344132 18726987
25344133 18726987
25342130 18726988
25344356 18726988
25344134 18726989
25337982 18726990
25344660 18726991
25344028 18726992
25337985 18726994
25337126 18726995
25344666 18726996
25344669 18726997
25344222 18726998
25339385 18727004
25339387 18727004
25339392 18727004
25339394 18727004
25339396 18727004
25339398 18727004
25339399 18727004
25339957 18727004
25339959 18727004
25339961 18727004
25339963 18727004
25339965 18727004
25339967 18727004
25339969 18727004
25339971 18727004
25339973 18727004
25339975 18727004
25339977 18727004
25339979 18727004
25339981 18727004
25339982 18727004
25340076 18727004
25341671 18727004
25341675 18727004
25341677 18727004
25341678 18727004
25342979 18727004
25344549 18727004
25344112 18727005
25344001 18727007
25344228 18727008
25344117 18727010
25344004 18727011
25344865 18727013
25344866 18727013
25337623 18727015
25337850 18727015
25344867 18727016
25337965 18727020
25337630 18727022
25337637 18727022
25337747 18727022
25337981 18727022
25344200 18727024
25341069 18727027
25341070 18727027
25341324 18727027
25341329 18727027
25341331 18727027
25341332 18727027
25341334 18727027
25341335 18727027
25343144 18727027
25343616 18727027
25343617 18727027
25339374 18727028
25339376 18727028
25339377 18727028
25341074 18727029
25344729 18727030
25344730 18727030
25337309 18727031
25337943 18727032
25337945 18727034
25344737 18727035
25337611 18727036
25337505 18727038
25344711 18727041
25344712 18727042
25344715 18727043
25344718 18727045
25341362 18727047
25339029 18727049
25341364 18727050
25339444 18727052
25341147 18727053
25341149 18727054
25339004 18727055
25341342 18727057
25341344 18727058
25341346 18727059
25339421 18727060
25341123 18727061
25341124 18727061
25341659 18727064
25341546 18727065
25343174 18727066
25339403 18727067
25341106 18727069
25341107 18727069
25339930 18727070
25341746 18727071
25341749 18727072
25343369 18727073
25343370 18727073
25343791 18727074
25341838 18727075
25343992 18727077
25341927 18727079
25342026 18727079
25342027 18727079
25343246 18727079
25343247 18727079
25343882 18727080
25343995 18727082
25343885 18727083
25343772 18727084
25343998 18727085
25343888 18727086
25343779 18727088
25339939 18727091
25339940 18727091
25339943 18727091
25339945 18727091
25343332 18727091
25343333 18727091
25339618 18727092
25339618 18727606
25340092 18727092
25340092 18727606
25343973 18727093
25343974 18727094
25343975 18727095
25343862 18727096
25343750 18727098
25343865 18727099
25343753 18727100
25343979 18727101
25343756 18727102
25343759 18727103
25343954 18727105
25343955 18727105
25343208 18727107
25343732 18727108
25340491 18727109
25343738 18727110
25343930 18727112
25343821 18727114
25343934 18727115
25343824 18727117
25343711 18727118
25343937 18727119
25343828 18727121
25343715 18727122
25343716 18727122
25338483 18727123
25340471 18727124
25343717 18727125
25336927 18727127
25340250 18727129
25340478 18727129
25340479 18727129
25340545 18727129
25338155 18727130
25343911 18727132
25343916 18727134
25338575 18727135
25343807 18727136
25340450 18727137
25340231 18727139
25340359 18727139
25340237 18727140
25339402 18727142
25339404 18727142
25339406 18727142
25339408 18727142
25339410 18727142
25339412 18727142
25339414 18727142
25339416 18727142
25339418 18727142
25339419 18727142
25340128 18727142
25340129 18727142
25340191 18727142
25342060 18727143
25342067 18727145
25342015 18727146
25342016 18727146
25342017 18727146
25342020 18727146
25342018 18727147
25342021 18727147
25342135 18727148
25342330 18727150
25342114 18727151
25338919 18727153
25338921 18727153
25338922 18727153
25338925 18727153
25338926 18727153
25344092 18727154
25342844 18727157
25344293 18727160
25342736 18727161
25344071 18727162
25344076 18727163
25342936 18727165
25342938 18727166
25344272 18727168
25343721 18727170
25344498 18727170
25344499 18727172
25337260 18727174
25344276 18727175
25344052 18727176
25337264 18727178
25344168 18727179
25344690 18727180
25344693 18727181
25344696 18727183
25337680 18727184
25337751 18727184
25344699 18727185
25344251 18727186
25337575 18727188
25344031 18727192
25344146 18727193
25344674 18727194
25344675 18727194
25344678 18727195
25344231 18727197
25344120 18727198
25344234 18727199
25344121 18727200
25344010 18727201
25344870 18727202
25344124 18727204
25344013 18727205
25344127 18727206
25344016 18727207
25337115 18727209
25337004 18727210
25344657 18727211
25337644 18727213
25337645 18727214
25344213 18727215
25344439 18727216
25344216 18727218
25344103 18727219
25344104 18727219
25344105 18727220
25344219 18727222
25344106 18727223
25344740 18727224
25341087 18727225
25344109 18727226
25344743 18727227
25344520 18727229
25344417 18727230
25339364 18727231
25339031 18727233
25344723 18727235
25344726 18727237
25344727 18727238
25337710 18727239
25339457 18727242
25344702 18727244
25344705 18727245
25344708 18727246
25341352 18727247
25341355 18727248
25341774 18727249
25341447 18727250
25341867 18727251
25341955 18727251
25341756 18727252
25341758 18727253
25339502 18727255
25339504 18727255
25339509 18727256
25341843 18727257
25341845 18727257
25343235 18727257
25343690 18727260
25343693 18727260
25341844 18727262
25339924 18727263
25343698 18727265
25343368 18727266
25343894 18727267
25343781 18727269
25343782 18727270
25343783 18727271
25343784 18727271
25343897 18727273
25343785 18727276
25341715 18727278
25341716 18727278
25343788 18727279
25343679 18727280
25336663 18727282
25343982 18727283
25343871 18727284
25343985 18727285
25343762 18727287
25343876 18727289
25343763 18727290
25343879 18727291
25343767 18727292
25340197 18727293
25343964 18727294
25343741 18727295
25336951 18727296
25343969 18727297
25343857 18727298
25336953 18727300
25343747 18727301
25340286 18727302
25343940 18727303
25343943 18727304
25343946 18727307
25343722 18727308
25343949 18727310
25343836 18727312
25336933 18727313
25338494 18727314
25338120 18727316
25338381 18727316
25343839 18727317
25340480 18727318
25340481 18727318
25343729 18727319
25340487 18727320
25340042 18727321
25343923 18727322
25343810 18727323
25343926 18727324
25343813 18727325
25343701 18727326
25343929 18727327
25343816 18727328
25338142 18727329
25340134 18727330
25340136 18727331
25343908 18727332
25338565 18727333
25338014 18727334
25338016 18727336
25338018 18727337
25340005 18727338
25338768 18727339
25342387 18727340
25342029 18727341
25342031 18727341
25342032 18727341
25342033 18727341
25340711 18727343
25342036 18727344
25342037 18727344
25340714 18727345
25342986 18727346
25342127 18727347
25342019 18727348
25338654 18727349
25338655 18727349
25337031 18727350
25339531 18727352
25339656 18727352
25339920 18727352
25339976 18727352
25339101 18727353
25339368 18727353
25342964 18727353
25341078 18727354
25343798 18727354
25343799 18727354
25344401 18727356
25339736 18727357
25339689 18727359
25340369 18727361
25343028 18727361
25341421 18727363
25343202 18727363
25344479 18727363
25343101 18727364
25344741 18727364
25344742 18727364
25338653 18727365
25338663 18727365
25338675 18727365
25338700 18727365
25338897 18727365
25338960 18727365
25339059 18727365
25344307 18727365
25339121 18727366
25339122 18727366
25344402 18727366
25341452 18727367
25341466 18727367
25341607 18727367
25341617 18727367
25341732 18727367
25343189 18727367
25341431 18727368
25341602 18727368
25344545 18727368
25339726 18727369
25339729 18727369
25339734 18727369
25343003 18727369
25341524 18727370
25343184 18727370
25343203 18727370
25338799 18727371
25339131 18727372
25339135 18727372
25339139 18727372
25339241 18727372
25339299 18727372
25339456 18727372
25343130 18727373
25338426 18727374
25344165 18727374
25341852 18727375
25339541 18727376
25339891 18727376
25338121 18727378
25342940 18727378
25337587 18727379
25341412 18727380
25341413 18727380
25341414 18727380
25341549 18727380
25341554 18727380
25341593 18727380
25341594 18727380
25341832 18727381
25341970 18727381
25342039 18727381
25342041 18727381
25342042 18727381
25343210 18727381
25343233 18727381
25337570 18727383
25337572 18727383
25344196 18727383
25344353 18727383
25343501 18727384
25342848 18727386
25338750 18727387
25339151 18727388
25343001 18727389
25344022 18727390
25339350 18727391
25344248 18727391
25337669 18727392
25337671 18727392
25338021 18727392
25338023 18727392
25341704 18727393
25338136 18727395
25344676 18727395
25344677 18727395
25340022 18727396
25336577 18727398
25344258 18727398
25340568 18727401
25337091 18727402
25343776 18727403
25344468 18727403
25343422 18727404
25343423 18727404
25344227 18727404
25344229 18727404
25344230 18727404
25337980 18727405
25339669 18727407
25336625 18727411
25343290 18727412
25344530 18727413
25336582 18727415
25336583 18727415
25336607 18727415
25336629 18727415
25336632 18727415
25336710 18727415
25342732 18727415
25341604 18727416
25343416 18727416
25343417 18727416
25338271 18727418
25342739 18727419
25340679 18727420
25337014 18727421
25340211 18727423
25343831 18727423
25343832 18727423
25343840 18727423
25343841 18727423
25339572 18727426
25339579 18727426
25339589 18727426
25341873 18727428
25342077 18727428
25338713 18727429
25338718 18727429
25338716 18727430
25338720 18727430
25338217 18727432
25338223 18727432
25338224 18727432
25344383 18727432
25337056 18727434
25337042 18727435
25337043 18727436
25344118 18727438
25344119 18727438
25344467 18727438
25341863 18727439
25338761 18727441
25338764 18727441
25344145 18727441
25344403 18727441
25336714 18727442
25343136 18727446
25340767 18727448
25340772 18727448
25343133 18727448
25343580 18727448
25343583 18727448
25344452 18727448
25337033 18727449
25339664 18727451
25339620 18727452
25339636 18727452
25338243 18727454
25344381 18727454
25337038 18727455
25337189 18727455
25342795 18727456
25343687 18727457
25336589 18727459
25336602 18727459
25336653 18727459
25343854 18727459
25343855 18727459
25337810 18727460
25340752 18727466
25340753 18727466
25341013 18727466
25341020 18727466
25337034 18727468
25337166 18727468
25337174 18727468
25340252 18727471
25340253 18727471
25340256 18727471
25340390 18727471
25342783 18727471
25343057 18727471
25340780 18727473
25340840 18727473
25341028 18727473
25339619 18727474
25339626 18727474
25339630 18727474
25341905 18727475
25341907 18727475
25338737 18727476
25338738 18727476
25338739 18727476
25338741 18727476
25338744 18727476
25337015 18727477
25337160 18727477
25340736 18727478
25342201 18727478
25338226 18727479
25338518 18727479
25340276 18727480
25340278 18727480
25340279 18727480
25340297 18727480
25340423 18727480
25342120 18727480
25343038 18727480
25343039 18727480
25343064 18727480
25338782 18727481
25338785 18727481
25344655 18727482
25344656 18727482
25339623 18727483
25339634 18727484
25339635 18727484
25339639 18727484
25339643 18727484
25342635 18727485
25344267 18727485
25342289 18727487
25342289 95564662
25342992 18727487
25342992 95564662
25344240 18727487
25344240 95564662
25344241 18727487
25344241 95564662
25344496 18727487
25344496 95564662
25339600 18727489
25339612 18727489
25339632 18727489
25339947 18727489
25336719 18727490
25336853 18727490
25344505 18727490
25336737 18727491
25344034 18727492
25344871 18727494
25340743 18727495
25342203 18727495
25344080 18727496
25343061 18727497
25344081 18727497
25340232 18727499
25340239 18727499
25340393 18727499
25344077 18727499
25336741 18727501
25336744 18727501
25336745 18727501
25336992 18727501
25344876 18727501
25338233 18727502
25342346 18727502
25339723 18727503
25337024 18727504
25342761 18727504
25338159 18727506
25338260 18727507
25343811 18727507
25343812 18727507
25337069 18727508
25337213 18727508
25342319 18727509
25337084 18727510
25338805 18727511
25338841 18727511
25339051 18727511
25343825 18727512
25342341 18727513
25338698 18727514
25338802 18727515
25338854 18727515
25338813 18727516
25342956 18727516
25338816 18727517
25338819 18727517
25338822 18727517
25338825 18727517
25338826 18727517
25344157 18727520
25337619 18727521
25337621 18727521
25337868 18727521
25342841 18727521
25344348 18727521
25336893 18727522
25337085 18727522
25337341 18727522
25343892 18727522
25343893 18727522
25336760 18727523
25336880 18727523
25338098 18727524
25337597 18727525
25344007 18727527
25337035 18727528
25337066 18727528
25337601 18727529
25337605 18727529
25340742 18727530
25341017 18727530
25343808 18727530
25343809 18727530
25339519 18727532
25339837 18727532
25339848 18727532
25343962 18727532
25343963 18727532
25341250 18727533
25341257 18727534
25343727 18727534
25343728 18727534
25341246 18727535
25341350 18727535
25343168 18727536
25338798 18727537
25344399 18727537
25343664 18727540
25338212 18727542
25338807 18727543
25338682 18727544
25339034 18727544
25337989 18727545
25344033 18727545
25344517 18727545
25342904 18727547
25338692 18727548
25338717 18727548
25338936 18727548
25342352 18727548
25342353 18727548
25344138 18727548
25344139 18727548
25337822 18727549
25342834 18727549
25336691 18727550
25336699 18727550
25336796 18727550
25336947 18727550
25336948 18727550
25342751 18727550
25338455 18727552
25338475 18727552
25339486 18727552
25342907 18727552
25342924 18727552
25344427 18727552
25339490 18727553
25339817 18727553
25339496 18727554
25339498 18727555
25339500 18727555
25339812 18727555
25340671 18727556
25343096 18727556
25343117 18727556
25343118 18727556
25340665 18727557
25340673 18727557
25340895 18727557
25339144 18727559
25339318 18727559
25339127 18727560
25339133 18727560
25339279 18727560
25339309 18727560
25337889 18727561
25338002 18727561
25342837 18727561
25337622 18727563
25337887 18727563
25338003 18727563
25338696 18727564
25338812 18727566
25338814 18727566
25338815 18727566
25338844 18727566
25341498 18727569
25343777 18727569
25343778 18727569
25344738 18727570
25344739 18727570
25339575 18727572
25339593 18727572
25339607 18727572
25339933 18727572
25339942 18727572
25336769 18727574
25336808 18727574
25336855 18727574
25342749 18727574
25342750 18727574
25339646 18727575
25339658 18727575
25339678 18727575
25339497 18727576
25344428 18727576
25339517 18727578
25339887 18727578
25339889 18727578
25339962 18727580
25339146 18727582
25339314 18727582
25337625 18727584
25337826 18727584
25337831 18727584
25337380 18727586
25337381 18727586
25337470 18727586
25337477 18727586
25337518 18727586
25338215 18727588
25338232 18727588
25344328 18727589
25342286 18727590
25342397 18727590
25341599 18727591
25343204 18727591
25338817 18727596
25342957 18727596
25344008 18727596
25344009 18727596
25338820 18727598
25337032 18727599
25342984 18727600
25337804 18727603
25343931 18727603
25341890 18727605
25341893 18727605
25339605 18727606
25339608 18727606
25339611 18727606
25343718 18727606
25338724 18727607
25338724 189681262
25338726 18727607
25338726 189681262
25344529 18727607
25344529 189681262
25337740 18727608
25342836 18727608
25337357 18727611
25337609 18727611
25337984 18727611
25336678 18727615
25336689 18727615
25336696 18727615
25336725 18727615
25336887 18727615
25336932 18727615
25336987 18727615
25342752 18727615
25342753 18727615
25336748 18727620
25336904 18727620
25337564 18727620
25337576 18727620
25337577 18727620
25337598 18727620
25337599 18727620
25337602 18727620
25342831 18727620
25342852 18727620
25342878 18727620
25344192 18727620
25344193 18727620
25344519 18727620
25336728 18727622
25336732 18727622
25336735 18727622
25336738 18727622
25336876 18727622
25336984 18727622
25336993 18727622
25344035 18727622
25344036 18727622
25338800 18727623
25338881 18727623
25340101 18727623
25340108 18727623
25340119 18727623
25342958 18727623
25343018 18727623
25344664 18727623
25344665 18727623
25339119 18727624
25339140 18727624
25339370 18727624
25342187 18727624
25342968 18727624
25342969 18727624
25342970 18727624
25342976 18727624
25342978 18727624
25342980 18727624
25344405 18727624
25338368 18727625
25338564 18727625
25343878 18727625
25344202 18727625
25341232 18727627
25342208 18727627
25342802 18727628
25338930 18727629
25338931 18727629
25336722 18727630
25336739 18727630
25336793 18727630
25336848 18727630
25336952 18727630
25336956 18727630
25336957 18727630
25342737 18727630
25339682 18727631
25338085 18727632
25338356 18727632
25338087 18727633
25338209 18727636
25338617 18727636
25342902 18727636
25343814 18727636
25343822 18727636
25343823 18727636
25344374 18727636
25344378 18727636
25343800 18727637
25344461 18727639
25341889 18727643
25341899 18727643
25341908 18727643
25341986 18727643
25341994 18727643
25338728 18727646
25338740 18727646
25338756 18727646
25338959 18727646
25344055 18727646
25338736 18727647
25338749 18727647
25338780 18727647
25344533 18727647
25342180 18727649
25342897 18727649
25344203 18727649
25344204 18727649
25338630 18727650
25341205 18727651
25344456 18727651
25340225 18727653
25340230 18727653
25340235 18727653
25340361 18727653
25340374 18727653
25343026 18727653
25343029 18727653
25337409 18727654
25342974 18727655
25338164 18727656
25338166 18727656
25338169 18727656
25338532 18727656
25337670 18727658
25337918 18727658
25339067 18727660
25339079 18727660
25339088 18727660
25339098 18727660
25339265 18727660
25344523 18727660
25343796 18727662
25344483 18727663
25338708 18727664
25338711 18727664
25339560 18727665
25339565 18727666
25338884 18727667
25339043 18727667
25339069 18727670
25339071 18727670
25339249 18727670
25339420 18727670
25339487 18727670
25342995 18727670
25343011 18727670
25343947 18727670
25344169 18727670
25344170 18727670
25344172 18727670
25344173 18727670
25344412 18727670
25337050 18727671
25337272 18727671
25343884 18727672
25338110 18727673
25338366 18727673
25338216 18727674
25336740 18727677
25336757 18727677
25336921 18727677
25336977 18727677
25337566 18727677
25337585 18727677
25337588 18727677
25337607 18727677
25337774 18727677
25337794 18727677
25337814 18727677
25342172 18727677
25342745 18727677
25342835 18727677
25344868 18727677
25344875 18727677
25337631 18727679
25341473 18727681
25343795 18727681
25343797 18727681
25344083 18727685
25344087 18727685
25340572 18727686
25339704 18727687
25344346 18727688
25344320 18727689
25339092 18727691
25339257 18727691
25338213 18727692
25338229 18727692
25340783 18727693
25341025 18727693
25341033 18727693
25344458 18727693
25338829 18727694
25338830 18727694
25338831 18727694
25338883 18727694
25339030 18727694
25339041 18727694
25336742 18727695
25337549 18727696
25339348 18727697
25339415 18727697
25340165 18727697
25340173 18727697
25340200 18727697
25339675 18727699
25339685 18727699
25343177 18727700
25340260 18727703
25340263 18727703
25340272 18727703
25340284 18727703
25340378 18727703
25340380 18727703
25340385 18727703
25340549 18727703
25343058 18727703
25340271 18727706
25343036 18727706
25343037 18727706
25343866 18727706
25343867 18727706
25343869 18727706
25343870 18727706
25340399 18727708
25340409 18727708
25340569 18727708
25340570 18727708
25340571 18727708
25340653 18727708
25342194 18727708
25343080 18727708
25339564 18727710
25339569 18727710
25339577 18727710
25339596 18727710
25339929 18727710
25339938 18727710
25343337 18727710
25339102 18727716
25339103 18727716
25339120 18727716
25339123 18727716
25339130 18727716
25339149 18727716
25339153 18727716
25339301 18727716
25337633 18727718
25342843 18727718
25338199 18727719
25338200 18727719
25338203 18727719
25343326 18727719
25343327 18727719
25344685 18727721
25344686 18727721
25344687 18727722
25340579 18727724
25340621 18727724
25343744 18727725
25337060 18727726
25337204 18727726
25342165 18727726
25343843 18727727
25338141 18727728
25338156 18727728
25342900 18727728
25343935 18727728
25343936 18727728
25338320 18727729
25338547 18727729
25343914 18727729
25343915 18727729
25337603 18727731
25337604 18727731
25337610 18727731
25337613 18727731
25337693 18727731
25337820 18727731
25342173 18727731
25342838 18727731
25343505 18727731
25343515 18727731
25343516 18727731
25344323 18727731
25339181 18727732
25339182 18727732
25339183 18727732
25339186 18727732
25339358 18727732
25339401 18727732
25342981 18727732
25344018 18727733
25339430 18727734
25341827 18727737
25343241 18727737
25343242 18727737
25339717 18727738
25339719 18727738
25339720 18727738
25339081 18727739
25341699 18727741
25341700 18727742
25339841 18727743
25339491 18727744
25339815 18727744
25342760 18727748
25342762 18727748
25344185 18727748
25344186 18727748
25338667 18727750
25338670 18727750
25338672 18727750
25338674 18727750
25338935 18727750
25341394 18727752
25343185 18727752
25343754 18727752
25343755 18727752
25336730 18727754
25336731 18727754
25336859 18727754
25336862 18727754
25336868 18727754
25336871 18727754
25336886 18727754
25336983 18727754
25337067 18727754
25337073 18727754
25337202 18727754
25342166 18727754
25342743 18727754
25342765 18727754
25342797 18727754
25343863 18727754
25340576 18727757
25343085 18727757
25342741 18727760
25340115 18727762
25344023 18727762
25344024 18727762
25344029 18727762
25344030 18727762
25344431 18727762
25339526 18727763
25339839 18727764
25344037 18727765
25337021 18727767
25342689 18727770
25343239 18727770
25342379 18727771
25337628 18727773
25337635 18727773
25337646 18727773
25337655 18727773
25337840 18727773
25337901 18727773
25337999 18727773
25338074 18727773
25343518 18727773
25343519 18727773
25339193 18727775
25339407 18727775
25337672 18727776
25337944 18727776
25339084 18727777
25339089 18727777
25343769 18727779
25343499 18727780
25343500 18727780
25344325 18727780
25344156 18727781
25336765 18727783
25342740 18727783
25336756 18727785
25342411 18727786
25338172 18727787
25338528 18727787
25343970 18727788
25336718 18727790
25339562 18727791
25338107 18727793
25338109 18727793
25338111 18727793
25338112 18727793
25338383 18727793
25338394 18727793
25338569 18727793
25338570 18727793
25339688 18727796
25339711 18727796
25339879 18727796
25342365 18727796
25342375 18727796
25342376 18727796
25339624 18727797
25339628 18727797
25339663 18727797
25339610 18727798
25337565 18727799
25337779 18727799
25336753 18727801
25336755 18727801
25339521 18727803
25339523 18727803
25339525 18727803
25341405 18727803
25341406 18727803
25341597 18727803
25338219 18727805
25338221 18727805
25338579 18727805
25340760 18727806
25343733 18727806
25341067 18727808
25341391 18727808
25341415 18727808
25343141 18727808
25343413 18727808
25343600 18727808
25344465 18727808
25340739 18727809
25339625 18727810
25339629 18727810
25339633 18727810
25341901 18727811
25338733 18727812
25338735 18727812
25342354 18727812
25342951 18727812
25336681 18727814
25336711 18727818
25342728 18727818
25339085 18727819
25339093 18727819
25344335 18727819
25338147 18727820
25340660 18727822
25340875 18727822
25340878 18727822
25342890 18727822
25343874 18727822
25343875 18727822
25336838 18727823
25338673 18727825
25338691 18727825
25338714 18727825
25344135 18727825
25342800 18727826
25340726 18727828
25340965 18727828
25340977 18727828
25341404 18727831
25341410 18727831
25341435 18727831
25341449 18727831
25341540 18727831
25341556 18727831
25341698 18727831
25341703 18727831
25343183 18727831
25343770 18727831
25343773 18727831
25343774 18727831
25344477 18727831
25340744 18727834
25340770 18727834
25340775 18727834
25340785 18727834
25341009 18727834
25341041 18727834
25341146 18727834
25341385 18727834
25341574 18727834
25343209 18727834
25344357 18727835
25341859 18727836
25337245 18727838
25339739 18727839
25337105 18727844
25337106 18727844
25337108 18727844
25337114 18727844
25337246 18727844
25337290 18727844
25337320 18727844
25337331 18727844
25344287 18727844
25344289 18727844
25338967 18727848
25338101 18727849
25342898 18727851
25342799 18727853
25340688 18727855
25340689 18727855
25340906 18727855
25340923 18727855
25340686 18727856
25340908 18727856
25340677 18727857
25340881 18727857
25340910 18727857
25342435 18727859
25338252 18727862
25338256 18727862
25338257 18727862
25338444 18727862
25338447 18727862
25338458 18727862
25338461 18727862
25338640 18727862
25344682 18727862
25344683 18727862
25344688 18727862
25344689 18727862
25336698 18727863
25336701 18727863
25336707 18727863
25336708 18727863
25336836 18727863
25336840 18727863
25336845 18727863
25339142 18727864
25339143 18727864
25339324 18727864
25339655 18727864
25339660 18727864
25339915 18727864
25339978 18727864
25340072 18727864
25340074 18727864
25343672 18727864
25343673 18727864
25344429 18727864
25340041 18727865
25341242 18727866
25339872 18727868
25340048 18727868
25339584 18727869
25339763 18727869
25339926 18727869
25341917 18727870
25342223 18727870
25338228 18727871
25338230 18727871
25338231 18727871
25338234 18727871
25341434 18727872
25340682 18727873
25340884 18727873
25340893 18727873
25340898 18727873
25341178 18727873
25343120 18727873
25340217 18727875
25340221 18727875
25340229 18727875
25340261 18727875
25340473 18727875
25342195 18727875
25343053 18727875
25344066 18727875
25344067 18727875
25340262 18727877
25340264 18727877
25340275 18727877
25340318 18727877
25340486 18727877
25340668 18727877
25343119 18727877
25339530 18727878
25339532 18727878
25344731 18727879
25340722 18727881
25341247 18727881
25343125 18727881
25344732 18727881
25344733 18727881
25344735 18727882
25344736 18727882
25343803 18727883
25344482 18727884
25344426 18727885
25342773 18727886
25343880 18727886
25343881 18727886
25343363 18727887
25343364 18727888
25339072 18727889
25340720 18727890
25340947 18727890
25338835 18727891
25338891 18727891
25339028 18727891
25344020 18727891
25344021 18727891
25337638 18727892
25337641 18727892
25337895 18727892
25344215 18727892
25337643 18727893
25337979 18727893
25338152 18727894
25338165 18727894
25338170 18727894
25338629 18727894
25343837 18727895
25343845 18727895
25343846 18727895
25343848 18727895
25343849 18727895
25338137 18727896
25338626 18727897
25341266 18727900
25341308 18727900
25341311 18727900
25341317 18727900
25341322 18727900
25341330 18727900
25341825 18727900
25341829 18727900
25341835 18727900
25341837 18727900
25341926 18727900
25341929 18727900
25342684 18727900
25343176 18727900
25343608 18727900
25343760 18727900
25343761 18727900
25341855 18727901
25341950 18727901
25342091 18727901
25343245 18727901
25341615 18727902
25341847 18727902
25341848 18727902
25343200 18727902
25344469 18727902
25344476 18727902
25342058 18727903
25344554 18727903
25337248 18727907
25344515 18727907
25341881 18727910
25343702 18727910
25343705 18727910
25339810 18727913
25339983 18727913
25344114 18727913
25339522 18727914
25339822 18727914
25339613 18727915
25339710 18727915
25339877 18727915
25344418 18727915
25339721 18727916
25339722 18727916
25340015 18727917
25344421 18727917
25342381 18727918
25340931 18727919
25341243 18727919
25341345 18727919
25340934 18727921
25340949 18727921
25341099 18727921
25341216 18727921
25339665 18727922
25339667 18727922
25339668 18727922
25339670 18727922
25339671 18727922
25339881 18727922
25342998 18727922
25338777 18727923
25338860 18727924
25339108 18727924
25339272 18727924
25339282 18727924
25339443 18727924
25344395 18727924
25340684 18727925
25343850 18727926
25343851 18727926
25343852 18727926
25338625 18727927
25342919 18727927
25338771 18727928
25338943 18727928
25338958 18727928
25343819 18727930
25343820 18727930
25339745 18727931
25339875 18727931
25343977 18727931
25343978 18727931
25337393 18727934
25338652 18727934
25338664 18727934
25338681 18727934
25338709 18727934
25338722 18727934
25338903 18727934
25343365 18727935
25340692 18727936
25336761 18727937
25336874 18727937
25336899 18727937
25337568 18727937
25337807 18727938
25343895 18727938
25343896 18727938
25343927 18727938
25343928 18727938
25337379 18727939
25338404 18727940
25336592 18727942
25342747 18727942
25341490 18727946
25343217 18727946
25344493 18727946
25342075 18727947
25338099 18727948
25337377 18727949
25344220 18727949
25344516 18727949
25337412 18727950
25339690 18727951
25343288 18727951
25343289 18727951
25343354 18727952
25344166 18727954
25344392 18727954
25338668 18727955
25338685 18727955
25338715 18727955
25338914 18727955
25338795 18727956
25339005 18727956
25339006 18727956
25342949 18727956
25342960 18727956
25337593 18727957
25337964 18727957
25337592 18727959
25338117 18727959
25342874 18727959
25344326 18727959
25338449 18727960
25344088 18727960
25338242 18727961
25338435 18727961
25341383 18727963
25343179 18727963
25343180 18727963
25341666 18727965
25343206 18727965
25343207 18727967
25338259 18727970
25338261 18727970
25338262 18727970
25338464 18727970
25339484 18727970
25340761 18727970
25340764 18727970
25340799 18727970
25341121 18727970
25342908 18727970
25342909 18727970
25343111 18727970
25343163 18727970
25343166 18727970
25337388 18727972
25337389 18727972
25337515 18727972
25342814 18727972
25342820 18727972
25342945 18727972
25341736 18727984
25341737 18727984
25343700 18727984
25344470 18727984
25344551 18727984
25344553 18727984
25338034 18727985
25340227 18727986
25340242 18727986
25340323 18727986
25340342 18727986
25340449 18727986
25340529 18727986
25342193 18727986
25344433 18727986
25338154 18727987
25338157 18727987
25338160 18727987
25343306 18727987
25343307 18727987
25336786 18727988
25344663 18727989
25343739 18727990
25343740 18727990
25343032 18727991
25342640 18727993
25342641 18727993
25338130 18727995
25338114 18727996
25338328 18727997
25340350 18727998
25344434 18727998
25337667 18727999
25337923 18727999
25338012 18727999
25342832 18728001
25337687 18728003
25340781 18728004
25340784 18728004
25340846 18728004
25341060 18728004
25341062 18728004
25341065 18728004
25343132 18728004
25343742 18728004
25343743 18728004
25338115 18728006
25340268 18728010
25342196 18728010
25343678 18728011
25344557 18728011
25341864 18728012
25341872 18728012
25342063 18728014
25339777 18728017
25342994 18728017
25342996 18728018
25344351 18728019
25343181 18728020
25342443 18728021
25340213 18728023
25340216 18728023
25340332 18728023
25340453 18728023
25343055 18728023
25344435 18728023
25337385 18728024
25339567 18728025
25339574 18728025
25338173 18728026
25338182 18728026
25343909 18728026
25343910 18728026
25344380 18728026
25343736 18728028
25340991 18728029
25337709 18728033
25337893 18728033
25337907 18728033
25339554 18728034
25339555 18728034
25341882 18728035
25341888 18728035
25338721 18728036
25338723 18728036
25340755 18728037
25341191 18728037
25343107 18728037
25340269 18728039
25340388 18728039
25342320 18728040
25339080 18728041
25339082 18728041
25339260 18728041
25339087 18728042
25339267 18728042
25339698 18728043
25339694 18728044
25339695 18728044
25339697 18728046
25339699 18728046
25338218 18728047
25338225 18728047
25338236 18728047
25339595 18728049
25339609 18728049
25341395 18728050
25341585 18728050
25341589 18728050
25344064 18728052
25339527 18728057
25338519 18728058
25344364 18728059
25340735 18728061
25340749 18728061
25343007 18728062
25343950 18728062
25343956 18728062
25343957 18728062
25344175 18728062
25339590 18728064
25339604 18728064
25343331 18728064
25343334 18728064
25343335 18728064
25338694 18728065
25340209 18728066
25337002 18728068
25340219 18728073
25340563 18728073
25343050 18728073
25344070 18728073
25344432 18728073
25343182 18728080
25343751 18728080
25343752 18728080
25340057 18728081
25339591 18728082
25339594 18728082
25339601 18728082
25341879 18728083
25340766 18728084
25341127 18728084
25341187 18728084
25340255 18728085
25340382 18728085
25343033 18728085
25340544 18728086
25343901 18728087
25341467 18728088
25341754 18728088
25338932 18728089
25338823 18728090
25338878 18728090
25339045 18728090
25340904 18728091
25343099 18728091
25342551 18728092
25343109 18728092
25343573 18728092
25343574 18728092
25337668 18728093
25337925 18728093
25337019 18728094
25337040 18728095
25339687 18728096
25340706 18728097
25344691 18728097
25344692 18728097
25344542 18728098
25340719 18728099
25340958 18728099
25338875 18728100
25339169 18728100
25342982 18728100
25344014 18728100
25344400 18728100
25338205 18728101
25339160 18728102
25339225 18728102
25339393 18728102
25342975 18728102
25339152 18728103
25339227 18728103
25339132 18728104
25343059 18728105
25340464 18728106
25338240 18728108
25342181 18728108
25343757 18728109
25343758 18728109
25337353 18728110
25337354 18728110
25337448 18728110
25342815 18728110
25342822 18728110
25339145 18728111
25339147 18728111
25339154 18728111
25339312 18728111
25339316 18728111
25339331 18728111
25339334 18728111
25342185 18728111
25342983 18728111
25344050 18728112
25339621 18728113
25339860 18728113
25341440 18728113
25341442 18728113
25341448 18728113
25344481 18728113
25344546 18728113
25339173 18728114
25339341 18728114
25339395 18728114
25339426 18728114
25339627 18728115
25339640 18728115
25337044 18728116
25343054 18728117
25337590 18728118
25342877 18728118
25339638 18728119
25339648 18728119
25339673 18728119
25338867 18728120
25339134 18728120
25339136 18728120
25339138 18728120
25339307 18728120
25342977 18728120
25344011 18728120
25344012 18728120
25337281 18728121
25343284 18728122
25339894 18728124
25341457 18728124
25341654 18728124
25343192 18728124
25338174 18728125
25339141 18728126
25339375 18728126
25339381 18728126
25339155 18728127
25339158 18728127
25339383 18728127
25341489 18728128
25341644 18728128
25338766 18728129
25338776 18728129
25339124 18728130
25339126 18728130
25339293 18728130
25339303 18728130
25344396 18728130
25337847 18728131
25344158 18728132
25339536 18728133
25339537 18728133
25339539 18728133
25341424 18728133
25342190 18728133
25337259 18728134
25338263 18728136
25341398 18728138
25341528 18728138
25341679 18728138
25343765 18728138
25343766 18728138
25344466 18728138
25344189 18728139
25344190 18728139
25344667 18728139
25344668 18728139
25337626 18728140
25337627 18728140
25337842 18728140
25341474 18728141
25341640 18728141
25343228 18728141
25339107 18728142
25339274 18728142
25339459 18728142
25336906 18728143
25343257 18728143
25338697 18728144
25338701 18728144
25338702 18728144
25338704 18728144
25338973 18728144
25339003 18728144
25343293 18728144
25343294 18728144
25343299 18728144
25343303 18728144
25343304 18728144
25344538 18728144
25343287 18728145
25339111 18728146
25339328 18728146
25338254 18728148
25344679 18728148
25344680 18728148
25343601 18728149
25338270 18728150
25337291 18728151
25342782 18728152
25337837 18728153
25338190 18728153
25342869 18728153
25339715 18728154
25343686 18728155
25340102 18728156
25340162 18728156
25340164 18728156
25340166 18728156
25340168 18728156
25340170 18728156
25340190 18728156
25340196 18728156
25344026 18728156
25344027 18728156
25344140 18728157
25339179 18728158
25338123 18728159
25338125 18728159
25338656 18728160
25338658 18728160
25338659 18728160
25338660 18728160
25338662 18728160
25342349 18728160
25342350 18728160
25337029 18728161
25337054 18728161
25337182 18728161
25337282 18728161
25337283 18728161
25342772 18728161
25337596 18728162
25337791 18728162
25341255 18728163
25341361 18728163
25343730 18728163
25343731 18728163
25337817 18728165
25337620 18728166
25337845 18728166
25342905 18728167
25340175 18728168
25340179 18728168
25336997 18728169
25339363 18728170
25342965 18728170
25344334 18728171
25337288 18728172
25339597 18728173
25339602 18728173
25339606 18728173
25339614 18728173
25341896 18728174
25341898 18728174
25338730 18728175
25338731 18728175
25344446 18728176
25338272 18728177
25338306 18728177
25338472 18728177
25340167 18728178
25340277 18728179
25340461 18728179
25339993 18728180
25339995 18728180
25339191 18728181
25339192 18728181
25344662 18728181
25339091 18728182
25339112 18728182
25339117 18728182
25339248 18728182
25339252 18728182
25343860 18728183
25343861 18728183
25337028 18728184
25340174 18728185
25340178 18728185
25338963 18728186
25339063 18728186
25339159 18728187
25339580 18728188
25339662 18728188
25343667 18728188
25343668 18728188
25339483 18728190
25344224 18728190
25336998 18728192
25336999 18728192
25342321 18728192
25344090 18728193
25344091 18728194
25337649 18728195
25339686 18728196
25339693 18728196
25339716 18728196
25343268 18728196
25336680 18728198
25339196 18728199
25339356 18728199
25339168 18728200
25344404 18728200
25337059 18728201
25337072 18728201
25337193 18728201
25336733 18728202
25338976 18728204
25343663 18728205
25339824 18728206
25339830 18728206
25344414 18728206
25337012 18728207
25341757 18728208
25338220 18728209
25338227 18728209
25338237 18728209
25344113 18728210
25339510 18728211
25339511 18728212
25339515 18728213
25338551 18728215
25343321 18728215
25343322 18728215
25337005 18728216
25342794 18728216
25336679 18728219
25336683 18728219
25336783 18728219
25336798 18728219
25336950 18728219
25337151 18728219
25337305 18728219
25337306 18728219
25342758 18728219
25344281 18728219
25337218 18728220
25344531 18728221
25344187 18728222
25344152 18728224
25339637 18728225
25339641 18728225
25339645 18728225
25339651 18728225
25343710 18728225
25338745 18728226
25338747 18728226
25343387 18728227
25344305 18728227
25338729 18728229
25338742 18728229
25338758 18728229
25338923 18728229
25340698 18728231
25344707 18728231
25344709 18728231
25344710 18728231
25337363 18728233
25337634 18728237
25337881 18728237
25342867 18728237
25336690 18728239
25336692 18728239
25336694 18728239
25336934 18728239
25343938 18728239
25343939 18728239
25344273 18728239
25343853 18728240
25336759 18728241
25341397 18728243
25340734 18728244
25343106 18728244
25344717 18728244
25344719 18728244
25344720 18728244
25337364 18728245
25337365 18728245
25337368 18728245
25337456 18728245
25337461 18728245
25337464 18728245
25337497 18728245
25337125 18728246
25336700 18728248
25336703 18728248
25336704 18728248
25341299 18728249
25343167 18728249
25343173 18728251
25340683 18728252
25343123 18728252
25336588 18728253
25336637 18728253
25336646 18728253
25344262 18728253
25337344 18728255
25337347 18728257
25337423 18728257
25343622 18728257
25343623 18728257
25344210 18728257
25344211 18728257
25344301 18728257
25337351 18728264
25337875 18728265
25338000 18728265
25342868 18728265
25344089 18728265
25338241 18728266
25341183 18728267
25337624 18728268
25337886 18728268
25337574 18728269
25337767 18728269
25336763 18728270
25343301 18728272
25344536 18728272
25339732 18728275
25340004 18728275
25340089 18728277
25339748 18728279
25343960 18728281
25343961 18728281
25342817 18728282
25337356 18728288
25344302 18728290
25339642 18728291
25339653 18728291
25341236 18728292
25341282 18728293
25343726 18728294
25338184 18728295
25338185 18728295
25338188 18728295
25343324 18728295
25343325 18728295
25342744 18728297
25343941 18728297
25343942 18728297
25341943 18728299
25342071 18728299
25342072 18728299
25342213 18728299
25343237 18728299
25341861 18728300
25338790 18728302
25344394 18728302
25339538 18728303
25339956 18728303
25340685 18728305
25340691 18728305
25340694 18728305
25340806 18728305
25340918 18728305
25340927 18728305
25341077 18728305
25341212 18728305
25343097 18728305
25343129 18728305
25337453 18728306
25344303 18728306
25339754 18728307
25339156 18728310
25339727 18728310
25339728 18728310
25340078 18728310
25344410 18728310
25339163 18728311
25340014 18728313
25343286 18728313
25343350 18728313
25344286 18728313
25344294 18728313
25338751 18728314
25338752 18728314
25338753 18728314
25338755 18728314
25338760 18728314
25343826 18728314
25343827 18728314
25341290 18728316
25343172 18728316
25337111 18728317
25344284 18728317
25337247 18728319
25341850 18728321
25341964 18728321
25339507 18728322
25339524 18728322
25339820 18728322
25340664 18728323
25341073 18728323
25343116 18728323
25340662 18728324
25340890 18728324
25340678 18728326
25340687 18728326
25340886 18728326
25340708 18728328
25340716 18728328
25340937 18728328
25339705 18728329
25343121 18728333
25344459 18728333
25340663 18728335
25337853 18728337
25342856 18728337
25337450 18728338
25342821 18728338
25339556 18728340
25339558 18728340
25344271 18728340
25343002 18728342
25338568 18728344
25342889 18728344
25338684 18728345
25338688 18728345
25338689 18728345
25342437 18728347
25341418 18728349
25341425 18728349
25341441 18728349
25341453 18728349
25341656 18728349
25344480 18728349
25339570 18728350
25339576 18728350
25339583 18728350
25341874 18728351
25342062 18728351
25344025 18728354
25338143 18728356
25338191 18728356
25338189 18728358
25338413 18728358
25344407 18728359
25339731 18728361
25339903 18728361
25343980 18728361
25343981 18728361
25338358 18728362
25338095 18728364
25341259 18728366
25341458 18728367
25341486 18728367
25341632 18728367
25341285 18728369
25344532 18728370
25344510 18728372
25339647 18728373
25339654 18728373
25339657 18728373
25339659 18728373
25344068 18728374
25341912 18728375
25341870 18728376
25341878 18728376
25338666 18728377
25338683 18728377
25338710 18728377
25338913 18728377
25339566 18728379
25339566 95564650
25339566 95564651
25339581 18728379
25339581 95564650
25339581 95564651
25339598 18728379
25339598 95564650
25339598 95564651
25339615 18728379
25339615 95564650
25339615 95564651
25339935 18728379
25339935 95564650
25339935 95564651
25339944 18728379
25339944 95564650
25339944 95564651
25342359 18728379
25342359 95564650
25342359 95564651
25343339 18728379
25343339 95564650
25343339 95564651
25343340 18728379
25343340 95564650
25343340 95564651
25344125 18728379
25344125 95564650
25344125 95564651
25344126 18728379
25344126 95564650
25344126 95564651
25344232 18728379
25344232 95564650
25344232 95564651
25344233 18728379
25344233 95564650
25344233 95564651
25337658 18728381
25337659 18728381
25338386 18728382
25344198 18728382
25344389 18728382
25338132 18728383
25338331 18728383
25342742 18728384
25339674 18728386
25339676 18728386
25339679 18728386
25339680 18728386
25339681 18728386
25339684 18728386
25339751 18728386
25344420 18728386
25338832 18728387
25343902 18728388
25343905 18728388
25342441 18728390
25338746 18728392
25338762 18728392
25338773 18728392
25338781 18728392
25338772 18728393
25338774 18728393
25338754 18728395
25338767 18728395
25338778 18728395
25344534 18728395
25343906 18728397
25344201 18728397
25338096 18728399
25338581 18728399
25339631 18728403
25339631 52324408
25339644 18728403
25339644 52324408
25339672 18728403
25339672 52324408
25339691 18728403
25339691 52324408
25339701 18728403
25339701 52324408
25342436 18728403
25342436 52324408
25339714 18728405
25338743 18728406
25338759 18728406
25338770 18728406
25338784 18728406
25338789 18728406
25344017 18728410
25344658 18728411
25337656 18728413
25337920 18728413
25337942 18728413
25343991 18728413
25344331 18728413
25344345 18728413
25343988 18728415
25338088 18728417
25338106 18728417
25338363 18728417
25338371 18728417
25338586 18728417
25343883 18728418
25342366 18728419
25342378 18728419
25340347 18728421
25338836 18728424
25338890 18728424
25338893 18728424
25340099 18728424
25340143 18728424
25343017 18728424
25343019 18728424
25337677 18728426
25338171 18728427
25338181 18728427
25338195 18728427
25342930 18728427
25338151 18728428
25337001 18728430
25337006 18728430
25337027 18728430
25337051 18728430
25337070 18728430
25337163 18728430
25337180 18728430
25337206 18728430
25337285 18728430
25337286 18728430
25340778 18728432
25341036 18728432
25341044 18728432
25341047 18728432
25341051 18728432
25341148 18728432
25341333 18728432
25343745 18728432
25343746 18728432
25340505 18728433
25339932 18728442
25339948 18728442
25339950 18728442
25339954 18728442
25340096 18728442
25341645 18728442
25341647 18728442
25341653 18728442
25341657 18728442
25341745 18728442
25341822 18728442
25341985 18728442
25341987 18728442
25341989 18728442
25341990 18728442
25342001 18728442
25343273 18728442
25343330 18728442
25343376 18728442
25343377 18728442
25343448 18728442
25343793 18728442
25344253 18728442
25344255 18728442
25344256 18728442
25344279 18728442
25344415 18728442
25344475 18728442
25341992 18728443
25341993 18728443
25341996 18728443
25341997 18728443
25337632 18728447
25337733 18728447
25337866 18728447
25337878 18728447
25343886 18728448
25343887 18728448
25343891 18728449
25338167 18728450
25338177 18728450
25338201 18728450
25343308 18728451
25340105 18728452
25338665 18728453
25340364 18728454
25342857 18728456
25337650 18728457
25337654 18728457
25343993 18728457
25343994 18728457
25344218 18728457
25344521 18728457
25338150 18728460
25338153 18728460
25340771 18728462
25341038 18728462
25341055 18728462
25343110 18728462
25338163 18728463
25338527 18728463
25339568 18728464
25339766 18728464
25344872 18728465
25344874 18728467
25340214 18728469
25338168 18728470
25338175 18728470
25338187 18728470
25338202 18728470
25344065 18728471
25340304 18728473
25340515 18728473
25337209 18728477
25342790 18728477
25341468 18728478
25341471 18728478
25341755 18728480
25343786 18728480
25343787 18728480
25338149 18728481
25338580 18728481
25337090 18728484
25337240 18728484
25341884 18728485
25341892 18728485
25341903 18728486
25342079 18728486
25338994 18728488
25343320 18728489
25343323 18728489
25343707 18728490
25337037 18728496
25337039 18728496
25337041 18728496
25337046 18728496
25337187 18728496
25339724 18728497
25339772 18728497
25343983 18728497
25343984 18728497
25338247 18728500
25338258 18728500
25338269 18728500
25338314 18728500
25338604 18728500
25339482 18728500
25339492 18728500
25339499 18728500
25339505 18728500
25339508 18728500
25339512 18728500
25339520 18728500
25339785 18728500
25340021 18728500
25342922 18728500
25344110 18728500
25344111 18728500
25344115 18728500
25344116 18728500
25337009 18728502
25337030 18728502
25337036 18728502
25337263 18728502
25342757 18728502
25344511 18728502
25336670 18728504
25342396 18728505
25338734 18728506
25338763 18728506
25338775 18728506
25338783 18728506
25338791 18728506
25338918 18728506
25344150 18728506
25344151 18728506
25343986 18728509
25337093 18728513
25337095 18728513
25337099 18728513
25337326 18728513
25342769 18728513
25337101 18728515
25342796 18728515
25341876 18728516
25341883 18728516
25341895 18728516
25341913 18728516
25341988 18728516
25341991 18728516
25342066 18728516
25343250 18728516
25343352 18728518
25340758 18728519
25341215 18728519
25343602 18728519
25343603 18728519
25343605 18728519
25343606 18728519
25336716 18728521
25336864 18728521
25340144 18728522
25344097 18728526
25344099 18728526
25344100 18728526
25342564 18728527
25340745 18728528
25344713 18728528
25344714 18728528
25340561 18728534
25343989 18728535
25344019 18728536
25340746 18728538
25341002 18728538
25341222 18728538
25342202 18728538
25340397 18728540
25340407 18728540
25340413 18728540
25340416 18728540
25340573 18728540
25340574 18728540
25343065 18728540
25343079 18728540
