163542040 5418829
163542040 5553670
163558719 5419419
163558719 92745679
163558719 92745694
163558719 92752109
163558719 92752131
163558720 5419419
163558720 92745679
163558720 92745694
163558720 92752109
163558720 92752131
153389798 5416629
153389798 5726061
153389822 5416629
153389822 5726061
153389823 5416629
153389823 5726061
153389804 5416978
153403273 5417048
153403273 5726701
153403274 5417048
153403274 5726701
153400146 5417278
153400146 5726182
153390305 5418402
153390433 5418402
153390242 5418402
153390242 5727224
153390243 5418402
153390243 5727224
153390261 5418402
153390261 5727224
153390302 5418402
153390302 5727224
153390310 5418402
153390310 5727224
153390385 5418402
153390385 5727224
153390448 5418402
153390448 5727224
153400122 5418532
153400122 5728170
153402642 5418533
153402642 5728171
153402643 5418533
153402643 5728171
166644208 126004528
166644208 5416970
166644208 5761917
166644254 5416053
166644254 5760281
166644229 5416260
166644229 5760256
166644237 5416260
166644237 5760256
166644235 5416269
166644235 5760254
166644236 5416269
166644236 5760254
166644244 5416269
166644244 5760254
166644245 5416269
166644245 5760254
166644246 5416269
166644246 5760254
166644248 5416269
166644248 5760254
166644231 5416276
166644231 5760252
166644232 5416276
166644232 5760252
166644234 5416276
166644234 5760252
166644247 5416276
166644247 5760252
166644249 5416276
166644249 5760252
166644251 5416276
166644251 5760252
166644252 5416276
166644252 5760252
166644182 5416598
166644182 5761705
166644183 5416598
166644183 5761705
166644184 5416598
166644184 5761705
166644185 5416598
166644185 5761705
166644186 5416598
166644186 5761705
166644188 5416598
166644188 5761705
166644222 5416598
166644222 5761705
166644223 5416598
166644223 5761705
166644179 5416599
166644179 5760801
166644225 5416599
166644225 5760801
166645354 5416717
166645354 5760805
166644040 5416769
166644040 5760234
166644040 62334238
166644209 5416769
166644209 5760234
166644209 62334238
166644217 5416769
166644217 5760234
166644217 62334238
166644242 5416769
166644242 5760256
166644242 62334238
166644219 5416772
166644219 5760234
166645318 5416850
166645318 5760741
166645318 62334244
166645249 5416850
166645249 5760906
166645249 62334244
166645251 5416850
166645251 5760906
166645251 62334244
166645275 5416850
166645275 5760906
166645275 62334244
166645321 5416850
166645321 5760906
166645321 62334244
166644032 5416964
166644032 5761916
166644035 5416964
166644035 5761916
166644053 5416964
166644053 5761916
166644205 5416964
166644205 5761916
166644206 5416964
166644206 5761916
166644207 5416964
166644207 5761916
166644027 5416991
166644027 5760822
166644195 5416991
166644195 5760822
166644052 5416998
166644052 5761520
166644198 5416998
166644198 5761520
166644024 5417149
166644024 5760801
166644178 5417149
166644178 5760801
166644189 5417409
166644189 5762159
166644196 5417412
166644196 5760829
166644197 5417412
166644197 5760829
166644199 5417412
166644199 5760829
166644025 5417555
166644025 5760837
166644048 5417555
166644048 5760837
166644187 5417555
166644187 5760837
166644149 5417667
166644149 5760796
166644174 5417667
166644174 5760796
166645271 5417703
166645271 5762130
166645344 5417703
166645344 5762130
166645338 5417721
166645338 5760781
166645340 5417721
166645340 5760781
166644163 5417731
166644163 5762129
166644164 5417734
166644164 5762129
166644166 5417734
166644166 5762129
166644167 5417734
166644167 5762129
166644168 5417734
166644168 5762129
166644169 5417734
166644169 5762129
166644170 5417734
166644170 5762129
166644171 5417734
166644171 5762129
166647371 5419222
166647371 5762824
166647374 5419225
166647374 5762825
166647376 5419225
166647376 5762825
166645342 5760807
166645356 5760807
166652881 124064520
166652881 5417337
166652889 124064520
166652889 5417337
166652896 124064520
166652896 5417337
166657150 124064520
166657150 5417337
166657151 124064520
166657151 5417337
166644947 126004519
166644947 5419310
166644948 126004519
166644948 5419310
166644957 126004519
166644957 5419310
166644965 126004519
166644965 5419310
166644970 126004519
166644970 5419310
166644978 126004519
166644978 5419310
166645132 126004519
166645132 5419310
166645147 126004519
166645147 5419310
166645239 126004519
166645239 5419310
166646983 126004521
166646983 5419242
166646989 126004521
166646989 5419242
166646998 126004521
166646998 5419242
166647091 126004521
166647091 5419242
166647092 126004521
166647092 5419242
166647093 126004521
166647093 5419242
166647182 126004521
166647182 5419242
166647193 126004521
166647193 5419242
166647346 126004521
166647346 5419242
166651398 126004521
166651398 5419242
166652914 126004521
166652914 5419242
166658139 126004521
166658139 5419242
166658140 126004521
166658140 5419242
166658888 126004521
166658888 5419242
166658889 126004521
166658889 5419242
166658911 126004521
166658911 5419242
166658912 126004521
166658912 5419242
166658915 126004521
166658915 5419242
166658916 126004521
166658916 5419242
166658918 126004521
166658918 5419242
166659046 126004521
166659046 5419242
166659047 126004521
166659047 5419242
166659052 126004521
166659052 5419242
166659055 126004521
166659055 5419242
166659056 126004521
166659056 5419242
166645010 126004530
166645010 5416403
166645011 126004530
166645011 5416403
166647216 126004534
166647216 5415915
166647348 126004534
166647348 5415915
166652964 126004534
166652964 5415915
166644044 126004540
166644044 5417168
166644044 5417837
166644044 5417844
166644158 126004540
166644158 5417168
166644158 5417837
166644158 5417844
166644159 126004540
166644159 5417168
166644159 5417837
166644159 5417844
166644892 126004540
166644892 5417168
166644892 5417837
166644892 5417844
166644045 126004542
166644045 5417168
166644045 5417837
166644894 126004542
166644894 5417168
166644894 5417837
166644897 126004542
166644897 5417168
166644897 5417837
166644900 126004542
166644900 5417168
166644900 5417837
166644901 126004542
166644901 5417168
166644901 5417837
166659641 126257056
166659641 126257066
166659641 5418675
166659641 5419170
166652998 126257056
166652998 126257066
166652998 5419170
166655483 126257056
166655483 126257066
166655483 5419170
166647758 126257079
166647758 5418606
166647761 126257079
166647761 5418606
166647858 126257079
166647858 5418606
166649867 126257079
166649867 5418606
166650010 126257079
166650010 5418606
166650012 126257079
166650012 5418606
166650015 126257079
166650015 5418606
166647710 127654590
166647710 127654611
166647710 5416235
166647893 127654590
166647893 127654611
166647893 5416235
166647949 127654590
166647949 127654611
166647949 5416235
166647579 127654590
166647579 5415847
166647579 5416134
166647579 5416235
166647579 5416355
166647610 127654590
166647610 5415847
166647610 5416134
166647610 5416235
166647610 5416355
166647630 127654590
166647630 5415847
166647630 5416134
166647630 5416235
166647630 5416355
166647657 127654590
166647657 5415847
166647657 5416134
166647657 5416235
166647657 5416355
166647611 127654590
166647611 5415847
166647611 5416235
166647661 127654590
166647661 5415847
166647661 5416235
166647661 5418373
166647629 127654590
166647629 5415847
166647629 5416235
166647629 5419192
166647666 127654590
166647666 5416235
166647666 5418375
166647614 127654590
166647614 5416235
166647614 5418475
166647615 127654590
166647615 5416235
166647615 5418475
166659640 127654590
166659640 5416235
166659640 5418475
166659639 127654590
166659639 5416235
166659639 5419197
166647677 127654593
166647677 127654601
166647677 5418348
166647677 5419202
166647677 63944094
166647677 63944095
166647677 63944097
166647677 63944098
166647681 127654593
166647681 127654601
166647681 5418348
166647681 5419202
166647681 63944094
166647681 63944095
166647681 63944097
166647681 63944098
166647689 127654593
166647689 127654601
166647689 5418348
166647689 5419202
166647689 63944094
166647689 63944095
166647689 63944097
166647689 63944098
166647735 127654593
166647735 127654601
166647735 5418348
166647735 5419202
166647735 63944094
166647735 63944095
166647735 63944097
166647735 63944098
166647747 127654593
166647747 127654601
166647747 5418348
166647747 5419202
166647747 63944094
166647747 63944095
166647747 63944097
166647747 63944098
166647819 127654593
166647819 127654601
166647819 5418348
166647819 5419202
166647819 63944094
166647819 63944095
166647819 63944097
166647819 63944098
166653004 127654593
166653004 127654601
166653004 5418348
166653004 5419202
166653004 63944094
166653004 63944095
166653004 63944097
166653004 63944098
166653006 127654593
166653006 127654601
166653006 5418348
166653006 5419202
166653006 63944094
166653006 63944095
166653006 63944097
166653006 63944098
166653008 127654593
166653008 127654601
166653008 5418348
166653008 5419202
166653008 63944094
166653008 63944095
166653008 63944097
166653008 63944098
166647871 127654593
166647871 5416397
166647871 5418652
166647871 5419672
166647871 63944097
166657766 127654593
166657766 5416397
166657766 5418652
166657766 5419672
166657766 63944097
166657767 127654593
166657767 5416397
166657767 5418652
166657767 5419672
166657767 63944097
166647751 127654593
166647751 5418151
166647751 63944097
166647753 127654593
166647753 5418151
166647753 63944097
166647814 127654593
166647814 5418151
166647814 63944097
166654072 127654593
166654072 5418151
166654072 63944097
166656797 127654593
166656797 5418151
166656797 63944097
166647748 127654593
166647748 5418466
166647748 63944097
166647714 127654593
166647714 5419487
166647714 63944097
166647749 127654593
166647749 5419487
166647749 63944097
166656796 127654593
166656796 5419487
166656796 63944097
166657162 127654593
166657162 5419666
166657162 63944097
166647606 127654606
166647606 5419516
166647624 127654606
166647624 5419516
166647883 127654606
166647883 5419516
166656783 127654606
166656783 5419516
166656789 127654606
166656789 5419516
166658076 127654606
166658076 5419516
166658077 127654606
166658077 5419516
166647727 127654607
166647727 5419138
166647729 127654607
166647729 5419138
166647769 127654607
166647769 5419138
166647797 127654607
166647797 5419138
166647915 127654607
166647915 5419138
166647924 127654607
166647924 5419138
166650310 127654607
166650310 5419138
166650312 127654607
166650312 5419138
166650314 127654607
166650314 5419138
166650315 127654607
166650315 5419138
166654085 127654607
166654085 5419138
166654088 127654607
166654088 5419138
166654091 127654607
166654091 5419138
166654096 127654607
166654096 5419138
166654098 127654607
166654098 5419138
166655487 127654607
166655487 5419138
166656804 127654607
166656804 5419138
166647726 127654610
166647726 5416041
166647913 127654610
166647913 5416041
166647979 127654610
166647979 5416041
166647980 127654610
166647980 5416041
166654093 127654610
166654093 5416041
166654101 127654610
166654101 5416041
166656812 127654610
166656812 5416041
166656952 127654610
166656952 5416041
166651399 127654617
166651399 5415998
166651399 5417630
166651399 63944095
166652564 127654617
166652564 5415998
166652564 5417630
166652564 63944095
166653005 127654617
166653005 5415998
166653005 5417630
166653005 63944095
166653009 127654617
166653009 5415998
166653009 5417630
166653009 63944095
166647684 127654617
166647684 5416397
166647684 5417630
166647684 5419671
166647684 5419672
166647684 63944098
166647695 127654617
166647695 5416397
166647695 5417630
166647695 5419671
166647695 5419672
166647695 63944098
166657775 127654617
166657775 5416397
166657775 5417630
166657775 5419671
166657775 5419672
166657775 63944098
166657777 127654617
166657777 5416397
166657777 5417630
166657777 5419671
166657777 5419672
166657777 63944098
166647688 127654617
166647688 5417630
166657776 127654617
166657776 5417630
166647685 127654617
166647685 5417630
166647685 5419202
166647686 127654617
166647686 5417630
166647686 5419202
166647765 127654617
166647765 5417630
166647765 5419202
166653007 127654617
166653007 5417630
166653007 5419202
166653014 127654617
166653014 5417630
166653014 5419202
166647716 127654619
166647716 40118486
166647716 5416243
166647812 127654619
166647812 40118486
166647812 5416243
166654069 127654619
166654069 40118486
166654069 5416243
166648041 127654621
166648041 5416131
166648041 5418447
166648042 127654621
166648042 5416131
166648042 5418447
166648358 127654621
166648358 5416131
166648358 5418447
166648487 127654621
166648487 5416131
166648487 5418447
166653185 127654621
166653185 5416131
166653185 5418447
166647709 127654623
166647709 5416408
166654013 127654623
166654013 5416408
166654014 127654623
166654014 5416408
166651888 153015695
166651888 153015696
166651888 5416502
166651890 153015695
166651890 153015696
166651890 5416502
166651892 153015695
166651892 153015696
166651892 5416502
166651990 153015695
166651990 153015696
166651990 5416502
166651991 153015695
166651991 153015696
166651991 5416502
166652022 153015695
166652022 153015696
166652022 5416502
166652023 153015695
166652023 153015696
166652023 5416502
166652077 153015695
166652077 153015696
166652077 5416502
166652079 153015695
166652079 153015696
166652079 5416502
166652114 153015695
166652114 153015696
166652114 5416502
166652115 153015695
166652115 153015696
166652115 5416502
166652120 153015695
166652120 153015696
166652120 5416502
166654827 153015695
166654827 153015696
166654827 5416502
166654829 153015695
166654829 153015696
166654829 5416502
166656063 153015695
166656063 153015696
166656063 5416502
166656169 153015695
166656169 153015696
166656169 5416502
166656177 153015695
166656177 153015696
166656177 5416502
166659810 153015695
166659810 153015696
166659810 5416502
166660079 153015695
166660079 153015696
166660079 5416502
166660080 153015695
166660080 153015696
166660080 5416502
166660091 153015695
166660091 153015696
166660091 5416502
166650375 153015697
166650375 5416980
166652005 153015697
166652005 5416980
166655989 153015697
166655989 5416980
166655995 153015697
166655995 5416980
166649755 159177599
166649755 5418811
166649757 159177599
166649757 5418811
166649765 159177599
166649765 5418811
166660003 159177599
166660003 5418811
166648508 37451079
166648508 5419396
166648511 37451079
166648511 5419396
166653270 37451079
166653270 5419396
166653276 37451079
166653276 5419396
166658850 37451079
166658850 5419396
166658851 37451079
166658851 5419396
166659479 37451079
166659479 5419396
166659972 37451079
166659972 5419396
166653962 40117649
166653962 5419055
166657821 40117649
166657821 5419055
166657873 40117649
166657873 5419055
166658354 40117649
166658354 5419055
166659837 40117649
166659837 5419055
166654006 40117651
166654006 40117652
166654006 40117706
166654006 5416776
166654008 40117651
166654008 40117652
166654008 40117706
166654008 5416776
166654010 40117651
166654010 40117652
166654010 40117706
166654010 5416776
166654221 40117651
166654221 40117652
166654221 40117706
166654221 5416776
166647906 40118486
166647906 5419467
166647940 40118486
166647940 5419467
166647943 40118486
166647943 5419467
166653023 40118486
166653023 5419467
166654159 40118486
166654159 5419467
166656802 40118486
166656802 5419467
166646631 40414381
166646631 5419425
166646633 40414381
166646633 5419425
166646635 40414381
166646635 5419425
166646637 40414381
166646637 5419425
166646638 40414381
166646638 5419425
166646695 40414381
166646695 5419425
166646432 40414385
166646432 5416441
166646433 40414385
166646433 5416441
166646434 40414385
166646434 5416441
166646470 40414385
166646470 5416441
166646471 40414385
166646471 5416441
166646472 40414385
166646472 5416441
166646473 40414385
166646473 5416441
166646579 40414385
166646579 5416441
166653897 40414385
166653897 5416441
166653905 40414385
166653905 5416441
166653912 40414385
166653912 5416441
166657246 40414385
166657246 5416441
166646474 40414386
166646474 5418359
166648184 41160169
166648184 41160170
166648184 5419439
166648237 41160169
166648237 41160170
166648237 5419439
166648687 41160169
166648687 41160170
166648687 5419439
166653265 41160169
166653265 41160170
166653265 5419439
166653573 41160169
166653573 41160170
166653573 5419439
166655779 41160169
166655779 41160170
166655779 5419439
166655780 41160169
166655780 41160170
166655780 5419439
166648495 41160172
166648495 41160189
166648495 5419404
166648498 41160172
166648498 41160189
166648498 5419404
166648499 41160172
166648499 41160189
166648499 5419404
166648501 41160172
166648501 41160189
166648501 5419404
166648503 41160172
166648503 41160189
166648503 5419404
166648542 41160172
166648542 41160189
166648542 5419404
166648642 41160172
166648642 41160189
166648642 5419404
166648752 41160172
166648752 41160189
166648752 5419404
166648984 41160172
166648984 41160189
166648984 5419404
166648986 41160172
166648986 41160189
166648986 5419404
166653274 41160172
166653274 41160189
166653274 5419404
166653630 41160172
166653630 41160189
166653630 5419404
166653637 41160172
166653637 41160189
166653637 5419404
166655966 41160172
166655966 41160189
166655966 5419404
166656055 41160172
166656055 41160189
166656055 5419404
166658853 41160172
166658853 41160189
166658853 5419404
166658854 41160172
166658854 41160189
166658854 5419404
166659482 41160172
166659482 41160189
166659482 5419404
166659691 41160172
166659691 41160189
166659691 5419404
166659697 41160172
166659697 41160189
166659697 5419404
166659971 41160172
166659971 41160189
166659971 5419404
166645478 41160440
166645478 41160443
166645478 42328298
166645478 5418554
166645498 41160440
166645498 41160443
166645498 42328298
166645498 5418554
166645624 41160440
166645624 41160443
166645624 42328298
166645624 5418554
166651288 41160440
166651288 41160443
166651288 42328298
166651288 5418554
166651308 41160440
166651308 41160443
166651308 42328298
166651308 5418554
166651379 41160440
166651379 41160443
166651379 42328298
166651379 5418554
166652053 41160440
166652053 41160443
166652053 42328298
166652053 5418554
166652054 41160440
166652054 41160443
166652054 42328298
166652054 5418554
166652055 41160440
166652055 41160443
166652055 42328298
166652055 5418554
166652058 41160440
166652058 41160443
166652058 42328298
166652058 5418554
166652068 41160440
166652068 41160443
166652068 42328298
166652068 5418554
166652104 41160440
166652104 41160443
166652104 42328298
166652104 5418554
166652182 41160440
166652182 41160443
166652182 42328298
166652182 5418554
166652221 41160440
166652221 41160443
166652221 42328298
166652221 5418554
166652242 41160440
166652242 41160443
166652242 42328298
166652242 5418554
166652272 41160440
166652272 41160443
166652272 42328298
166652272 5418554
166654962 41160440
166654962 41160443
166654962 42328298
166654962 5418554
166656186 41160440
166656186 41160443
166656186 42328298
166656186 5418554
166656187 41160440
166656187 41160443
166656187 42328298
166656187 5418554
166656375 41160440
166656375 41160443
166656375 42328298
166656375 5418554
166656376 41160440
166656376 41160443
166656376 42328298
166656376 5418554
166656583 41160440
166656583 41160443
166656583 42328298
166656583 5418554
166656584 41160440
166656584 41160443
166656584 42328298
166656584 5418554
166656590 41160440
166656590 41160443
166656590 42328298
166656590 5418554
166660097 41160440
166660097 41160443
166660097 42328298
166660097 5418554
166650918 41160446
166650918 41160447
166650918 5418577
166651055 41160446
166651055 41160447
166651055 5418577
166651373 41160446
166651373 41160447
166651373 5418577
166645405 42328290
166645405 5418522
166645442 42328290
166645442 5418522
166645508 42328290
166645508 5418522
166645729 42328290
166645729 5418522
166645741 42328290
166645741 5418522
166646584 42652667
166646584 5419476
166659621 42652667
166659621 5419476
166648643 43049275
166648643 5419687
166648645 43049275
166648645 5419687
166648646 43049275
166648646 5419687
166659950 43049275
166659950 5419687
166651381 52732744
166651381 5418617
166651381 92752117
166655131 52732744
166655131 5418617
166655131 92752117
166659759 52732744
166659759 5418617
166659759 92752117
166659877 52732744
166659877 5418617
166659877 92752117
166660177 5415830
166660186 5415830
166660228 5415830
166646827 5415831
166646994 5415831
166647002 5415831
166658146 5415832
166652866 5415833
166648612 5415839
166653360 5415839
166656824 5415839
166657883 5415839
166645876 5415843
166645911 5415843
166656637 5415843
166656646 5415843
166656555 5415845
166647632 5415846
166647632 5416355
166658807 5415848
166658681 5415849
166658466 5415850
166658001 5415851
166644874 5415853
166659003 5415853
166659004 5415853
166644672 5415855
166644673 5415855
166644678 5415855
166655434 5415855
166656523 5415855
166660227 5415855
166657994 5415856
166648047 5415864
166648048 5415864
166648050 5415864
166648368 5415864
166648385 5415864
166648563 5415864
166650352 5415864
166650353 5415864
166650356 5415864
166650656 5415864
166650674 5415864
166650888 5415864
166653172 5415864
166653184 5415864
166653998 5415864
166654000 5415864
166655982 5415864
166656821 5415864
166658492 5415864
166658528 5415864
166658529 5415864
166659389 5415864
166659946 5415864
166659963 5415864
166654590 5415865
166647077 5415874
166647356 5415874
166654649 5415874
166656754 5415874
166656755 5415874
166657489 5415876
166643768 5415902
166643768 95303733
166643768 95341774
166643841 5415902
166643841 95303733
166643841 95341774
166643848 5415902
166643848 95303733
166643848 95341774
166643868 5415902
166643868 95303733
166643868 95341774
166643873 5415902
166643873 95303733
166643873 95341774
166643874 5415902
166643874 95303733
166643874 95341774
166643916 5415902
166643916 95303733
166643916 95341774
166643923 5415902
166643923 95303733
166643923 95341774
166643926 5415902
166643926 95303733
166643926 95341774
166643935 5415902
166643935 95303733
166643935 95341774
166643950 5415902
166643950 95303733
166643950 95341774
166643976 5415902
166643976 95303733
166643976 95341774
166643977 5415902
166643977 95303733
166643977 95341774
166643981 5415902
166643981 95303733
166643981 95341774
166643983 5415902
166643983 95303733
166643983 95341774
166643989 5415902
166643989 95303733
166643989 95341774
166644058 5415902
166644058 95303733
166644058 95341774
166644062 5415902
166644062 95303733
166644062 95341774
166644065 5415902
166644065 95303733
166644065 95341774
166644068 5415902
166644068 95303733
166644068 95341774
166644072 5415902
166644072 95303733
166644072 95341774
166644075 5415902
166644075 95303733
166644075 95341774
166644076 5415902
166644076 95303733
166644076 95341774
166644150 5415902
166644150 95303733
166644150 95341774
166659891 5415902
166659891 95303733
166659891 95341774
166648052 5415904
166645365 5415905
166645365 89506382
166645374 5415905
166645374 89506382
166645400 5415905
166645400 89506382
166645407 5415905
166645407 89506382
166659586 5415905
166659586 89506382
166659903 5415905
166659903 89506382
166657857 5415906
166657860 5415906
166648117 5415907
166648118 5415907
166648119 5415907
166648120 5415907
166648634 5415907
166648681 5415907
166647089 5415912
166652963 5415912
166647239 5415921
166652933 5415921
166652934 5415921
166652936 5415921
166652940 5415921
166652941 5415921
166652943 5415921
166652945 5415921
166652968 5415921
166652973 5415921
166649101 5415922
166649145 5415922
166654549 5415922
166654574 5415922
166645118 5415924
166653210 5415925
166653212 5415925
166656820 5415925
166649148 5415929
166656880 5415929
166648364 5415932
166653991 5415932
166654108 5415932
166654111 5415932
166658161 5415933
166658162 5415933
166644969 5415938
166644971 5415938
166644975 5415938
166644976 5415938
166644977 5415938
166645161 5415938
166658163 5415940
166644972 5415941
166644973 5415944
166645163 5415944
166653352 5415946
166653355 5415946
166658166 5415947
166653349 5415948
166653353 5415948
166646754 5415949
166647013 5415949
166659627 5415949
166653350 5415952
166653356 5415952
166653358 5415952
166655492 5415952
166644979 5415959
166644981 5415959
166644982 5415959
166644983 5415959
166653357 5415962
166649042 5415964
166649224 5415964
166659985 5415964
166653359 5415967
166659986 5415969
166647018 5415971
166647022 5415971
166656745 5415971
166652018 5415972
166652173 5415972
166654870 5415972
166654490 5415973
166654492 5415973
166659987 5415973
166659330 5415976
166659331 5415976
166659988 5415976
166648034 5415978
166648423 5415978
166648426 5415978
166648432 5415978
166648617 5415978
166648628 5415978
166655963 5415978
166647965 5415982
166653988 5415982
166653990 5415982
166653992 5415982
166656818 5415982
166657254 5415982
166643852 5415987
166643987 5415987
166643992 5415987
166643999 5415987
166644004 5415987
166659412 5415989
166653993 5415991
166651396 5415992
166655023 5415992
166659415 5415994
166653996 5415996
166658631 5416000
166643787 5416004
166643792 5416004
166643798 5416004
166643904 5416004
166643906 5416004
166644009 5416004
166647960 5416009
166647961 5416009
166647962 5416009
166653984 5416009
166653995 5416009
166653997 5416009
166647655 5416011
166659418 5416015
166645826 5416016
166658236 5416018
166658239 5416018
166658242 5416018
166646769 5416022
166653427 5416022
166653428 5416025
166653433 5416025
166646382 5416027
166652754 5416027
166652769 5416027
166659181 5416028
166659189 5416028
166659192 5416028
166644350 5416030
166658700 5416030
166646439 5416035
166652880 5416035
166658704 5416043
166658705 5416043
166652883 5416045
166652885 5416045
166652891 5416045
166658706 5416046
166652884 5416048
166652882 5416049
166652886 5416049
166652888 5416049
166652887 5416050
166656473 5416053
166649068 5416055
166646787 5416059
166652850 5416059
166656740 5416059
166646819 5416061
166646879 5416061
166646937 5416061
166652821 5416061
166652823 5416061
166656741 5416061
166644257 5416062
166659226 5416063
166659244 5416063
166659263 5416063
166654913 5416065
166654919 5416065
166656060 5416065
166654915 5416067
166654918 5416067
166659268 5416069
166644893 5416072
166644893 5417837
166653264 5416074
166653267 5416074
166653269 5416074
166653271 5416074
166650967 5416077
166650969 5416077
166651206 5416077
166651535 5416077
166651538 5416077
166651547 5416077
166657022 5416077
166644896 5416083
166644899 5416083
166644903 5416083
166644909 5416083
166645026 5416083
166645077 5416083
166645079 5416083
166645081 5416083
166645230 5416083
166652950 5416085
166652953 5416085
166654059 5416090
166647103 5416093
166647107 5416093
166647109 5416093
166647110 5416093
166652951 5416093
166644927 5416101
166644937 5416101
166645095 5416101
166645098 5416101
166645100 5416101
166645102 5416101
166655262 5416101
166655471 5416102
166652954 5416103
166653279 5416104
166653282 5416104
166644928 5416111
166644929 5416111
166644931 5416111
166644932 5416111
166645105 5416111
166652958 5416112
166652960 5416112
166656773 5416112
166654689 5416113
166654691 5416113
166654692 5416113
166654695 5416113
166654696 5416113
166649135 5416114
166652082 5416115
166652094 5416115
166652959 5416119
166654693 5416120
166647570 5416121
166654697 5416122
166654698 5416125
166659332 5416127
166659335 5416132
166644956 5416140
166644961 5416140
166644962 5416140
166644964 5416140
166644974 5416140
166645153 5416140
166658153 5416144
166650821 5416145
166654146 5416145
166654172 5416145
166655542 5416145
166654126 5416147
166648112 5416148
166658154 5416148
166644959 5416150
166644963 5416150
166645149 5416150
166648609 5416151
166648611 5416151
166648613 5416151
166648615 5416151
166648616 5416151
166648620 5416151
166648622 5416151
166648623 5416151
166648692 5416151
166648992 5416151
166653328 5416151
166653502 5416151
166655782 5416151
166656836 5416151
166658424 5416151
166658425 5416151
166659698 5416151
166657370 5416154
166649948 5416158
166650323 5416158
166650442 5416158
166650467 5416158
166650823 5416158
166653344 5416159
166653346 5416159
166653347 5416159
166644966 5416160
166644967 5416160
166653336 5416161
166653339 5416161
166653340 5416161
166653345 5416161
166653348 5416161
166653550 5416161
166643780 5416162
166643781 5416163
166647118 5416165
166647236 5416165
166657379 5416165
166651380 5416167
166659399 5416171
166659400 5416171
166659401 5416172
166654710 5416178
166654713 5416178
166660627 5416178
166653178 5416180
166653985 5416180
166653987 5416180
166657197 5416180
166647644 5416181
166650934 5416184
166651263 5416184
166651274 5416184
166651389 5416184
166654991 5416184
166654992 5416184
166654994 5416184
166659406 5416185
166659407 5416187
166659408 5416187
166653989 5416189
166644885 5416194
166659409 5416194
166658222 5416196
166658626 5416197
166653411 5416198
166653414 5416198
166653416 5416198
166653418 5416198
166658225 5416200
166646808 5416206
166646809 5416206
166646810 5416206
166646811 5416206
166646891 5416206
166647015 5416206
166653400 5416206
166653402 5416206
166653413 5416206
166656749 5416206
166659628 5416206
166659630 5416206
166650032 5416218
166650238 5416218
166656936 5416218
166658228 5416219
166646804 5416223
166646806 5416223
166655614 5416223
166653419 5416224
166655259 5416224
166651450 5416229
166651451 5416230
166651523 5416230
166659187 5416231
166659188 5416231
166654836 5416233
166654838 5416233
166651454 5416237
166651520 5416237
166654314 5416237
166647712 5416238
166654151 5416238
166654154 5416238
166653191 5416239
166653192 5416240
166653195 5416240
166645468 5416241
166645599 5416241
166646795 5416247
166646796 5416247
166646797 5416247
166646992 5416247
166652853 5416247
166652857 5416247
166652858 5416247
166652870 5416247
166652873 5416247
166652871 5416248
166645009 5416250
166645009 5416403
166645021 5416250
166645021 5416403
166645022 5416250
166645022 5416403
166645226 5416250
166645226 5416403
166656526 5416250
166656526 5416403
166653197 5416251
166653200 5416251
166649051 5416257
166649053 5416257
166649059 5416257
166649249 5416257
166656867 5416257
166649052 5416258
166649258 5416258
166644240 5416260
166649945 5416261
166650101 5416261
166650167 5416261
166652878 5416263
166659254 5416278
166645487 5416280
166645660 5416280
166656589 5416280
166656739 5416282
166649693 5416283
166658073 5416284
166654045 5416285
166644884 5416286
166653262 5416287
166654048 5416293
166657783 5416293
166659892 5416295
166644888 5416296
166644889 5416296
166653551 5416299
166653554 5416299
166655796 5416299
166658155 5416299
166659128 5416299
166659894 5416299
166647136 5416302
166647137 5416302
166647252 5416302
166654680 5416302
166652944 5416305
166652947 5416305
166652970 5416305
166647138 5416308
166647139 5416308
166654681 5416308
166654682 5416308
166654683 5416308
166654685 5416308
166652949 5416310
166646749 5416317
166646762 5416317
166647038 5416317
166654684 5416317
166654686 5416317
166656769 5416317
166646764 5416320
166646765 5416320
166646766 5416320
166646905 5416320
166647045 5416320
166655469 5416320
166659320 5416324
166659321 5416324
166647560 5416328
166647562 5416328
166647564 5416328
166647565 5416328
166654687 5416330
166659324 5416331
166658141 5416335
166658897 5416335
166658898 5416335
166659329 5416336
166644950 5416339
166644951 5416339
166644952 5416339
166645134 5416339
166645234 5416339
166646860 5416341
166658143 5416341
166650393 5416342
166650811 5416342
166644953 5416343
166656543 5416343
166653326 5416345
166653329 5416345
166653331 5416345
166653333 5416345
166644955 5416349
166644958 5416349
166644960 5416349
166645151 5416349
166643756 5416350
166643773 5416350
166648890 5416351
166648989 5416351
166653480 5416351
166653482 5416351
166653485 5416351
166656851 5416351
166656852 5416351
166654750 5416352
166643777 5416353
166656453 5416353
166647633 5416355
166658610 5416356
166658611 5416356
166653935 5416358
166653938 5416358
166653976 5416358
166650521 5416359
166650521 5418733
166650541 5416359
166650541 5418733
166650566 5416359
166650566 5418733
166650594 5416359
166650594 5418733
166652792 5416360
166658212 5416362
166653401 5416365
166653406 5416365
166652796 5416369
166658215 5416371
166653404 5416372
166653399 5416374
166653405 5416374
166657212 5416374
166658218 5416375
166658219 5416375
166643842 5416378
166643881 5416378
166643884 5416378
166644313 5416381
166644314 5416381
166644316 5416381
166644602 5416381
166644604 5416381
166646355 5416381
166646357 5416381
166646359 5416381
166646361 5416381
166646363 5416381
166646365 5416381
166646366 5416381
166646368 5416381
166646370 5416381
166646372 5416381
166646374 5416381
166646376 5416381
166656484 5416381
166656511 5416381
166656651 5416382
166646098 5416384
166646362 5416384
166652698 5416384
166643844 5416387
166643895 5416387
166643944 5416387
166659163 5416390
166659164 5416390
166659172 5416390
166659173 5416390
166652224 5416391
166652228 5416391
166652231 5416391
166660096 5416391
166659176 5416392
166647696 5416395
166647696 5416397
166647696 5419672
166647701 5416395
166647701 5416397
166647701 5419672
166647703 5416397
166647863 5416397
166647697 5416397
166647697 5418065
166647697 5419672
166647854 5416397
166647854 5418065
166647854 5419672
166657765 5416397
166657765 5419672
166657768 5416397
166657768 5419672
166653182 5416399
166653222 5416399
166653229 5416399
166659841 5416399
166660111 5416399
166653183 5416400
166652859 5416404
166652862 5416404
166646801 5416412
166646887 5416412
166652864 5416412
166652867 5416412
166658147 5416412
166645013 5416415
166645016 5416415
166645209 5416415
166645014 5416418
166645212 5416418
166652909 5416418
166645015 5416421
166645017 5416428
166645301 5416428
166646729 5416428
166645006 5416435
166645019 5416435
166659241 5416436
166644238 5416439
166647386 5416447
166647387 5416447
166647483 5416447
166646435 5416449
166653904 5416449
166654029 5416450
166654032 5416450
166659249 5416451
166659934 5416451
166647380 5416459
166647381 5416459
166647383 5416459
166647385 5416459
166647489 5416459
166653246 5416460
166653248 5416460
166653250 5416460
166657204 5416460
166648000 5416461
166648402 5416461
166653251 5416461
166653580 5416461
166649686 5416464
166655521 5416464
166652930 5416468
166656559 5416468
166654039 5416470
166649689 5416472
166652931 5416473
166653259 5416475
166651986 5416477
166651987 5416477
166652073 5416477
166652128 5416477
166652170 5416477
166652318 5416477
166652320 5416477
166654669 5416480
166654672 5416480
166654675 5416480
166647120 5416481
166652939 5416481
166654674 5416484
166644304 5416486
166654676 5416504
166654677 5416504
166654678 5416505
166651295 5416506
166653889 5416508
166653894 5416508
166653899 5416508
166653893 5416511
166653896 5416511
166653900 5416511
166653902 5416511
166654100 5416513
166649743 5416516
166649744 5416516
166649746 5416516
166649748 5416516
166649750 5416516
166649759 5416516
166649811 5416516
166653898 5416517
166647558 5416518
166647559 5416518
166644939 5416519
166644940 5416519
166653318 5416522
166653320 5416522
166653325 5416522
166644943 5416525
166644944 5416525
166644945 5416525
166653324 5416526
166644946 5416529
166658645 5416531
166659090 5416531
166659092 5416531
166659093 5416531
166644949 5416533
166644949 5419310
166652136 5416536
166652143 5416536
166656171 5416536
166660092 5416536
166659094 5416539
166659095 5416540
166654591 5416541
166659096 5416541
166659097 5416541
166651003 5416545
166651116 5416545
166651252 5416545
166651361 5416545
166655009 5416545
166656025 5416545
166656077 5416545
166660044 5416545
166654746 5416546
166659098 5416551
166654747 5416553
166649894 5416554
166650583 5416554
166650585 5416554
166650589 5416554
166655987 5416554
166655988 5416554
166653968 5416555
166647626 5416556
166658602 5416557
166657998 5416558
166659567 5416558
166658202 5416559
166658607 5416560
166658609 5416560
166658205 5416561
166652786 5416563
166658208 5416564
166658209 5416566
166643831 5416567
166646338 5416570
166646342 5416570
166646344 5416570
166646346 5416570
166646348 5416570
166646350 5416570
166646352 5416570
166646353 5416570
166646675 5416570
166646677 5416570
166646679 5416570
166646682 5416570
166648579 5416570
166648581 5416570
166648583 5416570
166648585 5416570
166648587 5416570
166648589 5416570
166648590 5416570
166652752 5416570
166653126 5416570
166656734 5416570
166657232 5416570
166657235 5416570
166659939 5416570
166651348 5416581
166651350 5416581
166651352 5416581
166651354 5416581
166651356 5416581
166651358 5416581
166651360 5416581
166651362 5416581
166651364 5416581
166651375 5416581
166652580 5416581
166652582 5416581
166652594 5416581
166656093 5416581
166656094 5416581
166656422 5416581
166656642 5416581
166657121 5416581
166657122 5416581
166657344 5416581
166657622 5416581
166657623 5416581
166659599 5416581
166659784 5416581
166659785 5416581
166646096 5416584
166646277 5416584
166646356 5416584
166655719 5416584
166659167 5416585
166650987 5416589
166651437 5416589
166651485 5416589
166651487 5416589
166651489 5416589
166651492 5416589
166655703 5416589
166657271 5416589
166651438 5416591
166651495 5416591
166651496 5416591
166651498 5416591
166651505 5416591
166655705 5416591
166653171 5416593
166653174 5416593
166653176 5416593
166653179 5416593
166644998 5416594
166645000 5416594
166652854 5416595
166654595 5416600
166656711 5416602
166656712 5416604
166659231 5416605
166647392 5416610
166647467 5416610
166647471 5416610
166647499 5416610
166654598 5416611
166646423 5416614
166646425 5416614
166646445 5416614
166646446 5416614
166652804 5416618
166652807 5416618
166656714 5416618
166646617 5416625
166653073 5416625
166656715 5416625
166657188 5416625
166647388 5416627
166647390 5416627
166647474 5416627
166659236 5416628
166644751 5416633
166644755 5416633
166644860 5416633
166644862 5416633
166654023 5416636
166654025 5416636
166647393 5416641
166647394 5416641
166647479 5416641
166649586 5416641
166654764 5416641
166649676 5416642
166654028 5416644
166650725 5416646
166655034 5416646
166656202 5416646
166658263 5416650
166659870 5416650
166649679 5416652
166652921 5416655
166644868 5416656
166644869 5416656
166646738 5416660
166646739 5416660
166652923 5416660
166652924 5416660
166652927 5416660
166644388 5416662
166656490 5416662
166652925 5416663
166649102 5416665
166652062 5416666
166652064 5416666
166649103 5416668
166649104 5416670
166649105 5416670
166649106 5416670
166654576 5416670
166654577 5416670
166658829 5416672
166659878 5416672
166654659 5416674
166654662 5416674
166654665 5416674
166654664 5416675
166654667 5416675
166656498 5416676
166651283 5416679
166658543 5416679
166656499 5416682
166647395 5416693
166647520 5416693
166647540 5416693
166647510 5416697
166647512 5416697
166647536 5416697
166647542 5416697
166647545 5416697
166647548 5416697
166644915 5416698
166644930 5416698
166644925 5416700
166644933 5416700
166645087 5416700
166644934 5416703
166644935 5416704
166647778 5416710
166659941 5416710
166653316 5416711
166648100 5416713
166657784 5416713
166659944 5416713
166659945 5416714
166653319 5416715
166652132 5416716
166656563 5416717
166649317 5416720
166654425 5416720
166655515 5416720
166660063 5416720
166656564 5416722
166653124 5416726
166653127 5416726
166653129 5416726
166653946 5416726
166653948 5416726
166653950 5416726
166653952 5416726
166653954 5416726
166657189 5416726
166650001 5416729
166654202 5416729
166654205 5416729
166657264 5416729
166659150 5416730
166659151 5416730
166647391 5416732
166659154 5416733
166649591 5416734
166656911 5416734
166659157 5416736
166647397 5416737
166646095 5416738
166646198 5416738
166646349 5416738
166646981 5416742
166659834 5416742
166653156 5416745
166657192 5416745
166652841 5416746
166644669 5416749
166644670 5416749
166644677 5416749
166644788 5416749
166653167 5416751
166653169 5416751
166652844 5416752
166646823 5416753
166652845 5416753
166651397 5416753
166651397 5419216
166646972 5416754
166652846 5416754
166654580 5416755
166644211 5416757
166644211 5761917
166644214 5416758
166647460 5416760
166649354 5416760
166654587 5416763
166659221 5416764
166644230 5416769
166644230 62334238
166654589 5416771
166648798 5416778
166648882 5416778
166653440 5416778
166653443 5416778
166653445 5416778
166652910 5416779
166657262 5416781
166644668 5416784
166644857 5416784
166646740 5416788
166646741 5416788
166646742 5416788
166652912 5416788
166652928 5416788
166652913 5416790
166647069 5416792
166652915 5416792
166646112 5416796
166646192 5416796
166652916 5416799
166654650 5416800
166652052 5416802
166652430 5416802
166656068 5416802
166656080 5416802
166656185 5416802
166647129 5416803
166647358 5416803
166654651 5416803
166654336 5416806
166654341 5416806
166659867 5416806
166654652 5416807
166654653 5416813
166654656 5416813
166654658 5416813
166654332 5416814
166659869 5416814
166644489 5416820
166644492 5416820
166644504 5416820
166656488 5416820
166656489 5416822
166653876 5416824
166652690 5416825
166652691 5416828
166644921 5416829
166645231 5416829
166652694 5416830
166652697 5416830
166652699 5416830
166653306 5416831
166645237 5416832
166656550 5416832
166646727 5416837
166646960 5416837
166656551 5416837
166658908 5416837
166658909 5416837
166645266 5416843
166645307 5416843
166656552 5416843
166656915 5416846
166656921 5416846
166657337 5416846
166659071 5416847
166656556 5416850
166656556 62334244
166649803 5416851
166649803 5727780
166649805 5416853
166649805 5727780
166649807 5416856
166649807 5725730
166652746 5416865
166652758 5416865
166652766 5416865
166657144 5416865
166651983 5416868
166654958 5416868
166648166 5416870
166647382 5416875
166647384 5416887
166646091 5416893
166646339 5416893
166652751 5416893
166652785 5416893
166649583 5416899
166649584 5416899
166651414 5416901
166647389 5416905
166649358 5416926
166649457 5416926
166649561 5416926
166649589 5416926
166656891 5416926
166659780 5416931
166652831 5416935
166650638 5416939
166652833 5416943
166649008 5416946
166649010 5416946
166656112 5416946
166654570 5416953
166655135 5416955
166659787 5416955
166646776 5416960
166654569 5416960
166654571 5416960
166644202 5416962
166654575 5416966
166646400 5416967
166646630 5416967
166646662 5416967
166653823 5416967
166653840 5416967
166646398 5416967
166646398 5418966
166659211 5416969
166659212 5416969
166649189 5416972
166654578 5416972
166659213 5416973
166659198 5416974
166659199 5416974
166659206 5416974
166659207 5416974
166659216 5416974
166650424 5416976
166650936 5416976
166655993 5416976
166654004 5416981
166654220 5416981
166648546 5416983
166648548 5416983
166648550 5416983
166648552 5416983
166648554 5416983
166648556 5416983
166653224 5416983
166653247 5416983
166653718 5416985
166659851 5416985
166657253 5416987
166653745 5416988
166659853 5416988
166652903 5416990
166656470 5416991
166648819 5416993
166648820 5416993
166648825 5416993
166648848 5416993
166648877 5416993
166648886 5416993
166653459 5416993
166653488 5416993
166653539 5416993
166656859 5416993
166659847 5416993
166653764 5416996
166658500 5416996
166659854 5416996
166644031 5416998
166656471 5416998
166652905 5416999
166647799 5417000
166647895 5417000
166657257 5417000
166654641 5417002
166654644 5417002
166654648 5417005
166656775 5417005
166644653 5417007
166644739 5417007
166644742 5417007
166644910 5417007
166645074 5417007
166645075 5417007
166644912 5417014
166644914 5417014
166644916 5417014
166644918 5417014
166644920 5417014
166644924 5417014
166644913 5417016
166657321 5417018
166657322 5417018
166644917 5417020
166654625 5417025
166657323 5417025
166658641 5417025
166658642 5417025
166644919 5417028
166651664 5417031
166654712 5417031
166659929 5417032
166659067 5417033
166653931 5417034
166659069 5417035
166659845 5417035
166644685 5417043
166644691 5417043
166644809 5417043
166650425 5417046
166650550 5417046
166650611 5417046
166650429 5417049
166650554 5417049
166646757 5417054
166646759 5417054
166646814 5417054
166646893 5417054
166655274 5417056
166655276 5417056
166654491 5417059
166654493 5417060
166655278 5417061
166654494 5417062
166659130 5417063
166651401 5417064
166645543 5417065
166659139 5417066
166645519 5417068
166645521 5417068
166645548 5417068
166645549 5417068
166652817 5417069
166652820 5417069
166653146 5417070
166653149 5417070
166652822 5417072
166648797 5417076
166654564 5417076
166654566 5417076
166646685 5417078
166646687 5417078
166646689 5417078
166646691 5417078
166646692 5417078
166646694 5417078
166646696 5417078
166646698 5417078
166646700 5417078
166646708 5417078
166646710 5417078
166646711 5417078
166648595 5417078
166648597 5417078
166648598 5417078
166653148 5417078
166653825 5417078
166653847 5417078
166653884 5417078
166653886 5417078
166653929 5417078
166657425 5417078
166659305 5417078
166659306 5417078
166659835 5417078
166652824 5417079
166652827 5417079
166652829 5417079
166654560 5417080
166646728 5417092
166646730 5417092
166646784 5417092
166646931 5417092
166646934 5417092
166646962 5417092
166646965 5417092
166646968 5417092
166652830 5417092
166652832 5417092
166652834 5417092
166652835 5417092
166652838 5417092
166652840 5417092
166658902 5417092
166658903 5417092
166658993 5417094
166659589 5417094
166658995 5417095
166646777 5417102
166648932 5417102
166654559 5417102
166654565 5417102
166658594 5417105
166658595 5417105
166654567 5417107
166658999 5417108
166659202 5417109
166647404 5417113
166647443 5417113
166658598 5417115
166655981 5417116
166647414 5417118
166647448 5417118
166657244 5417122
166657245 5417123
166657248 5417126
166659846 5417128
166647410 5417138
166647412 5417138
166654628 5417138
166654631 5417138
166654632 5417139
166657919 5417140
166657921 5417140
166659848 5417140
166654633 5417141
166653839 5417145
166653842 5417145
166653844 5417145
166653845 5417145
166653848 5417145
166653850 5417145
166646094 5417147
166646151 5417147
166646178 5417147
166644180 5417149
166656469 5417149
166650931 5417152
166650932 5417152
166651120 5417152
166651254 5417152
166647511 5417153
166653927 5417154
166657882 5417154
166647515 5417155
166650972 5417157
166651229 5417157
166652363 5417157
166652364 5417157
166652365 5417157
166652667 5417157
166652671 5417157
166647518 5417158
166644904 5417171
166657311 5417174
166654243 5417176
166655199 5417176
166647113 5417177
166659049 5417177
166659050 5417177
166659051 5417178
166646114 5417182
166646227 5417182
166646242 5417182
166654701 5417186
166654548 5417194
166657319 5417194
166646760 5417198
166654702 5417198
166659054 5417201
166654703 5417204
166654704 5417204
166649353 5417212
166649355 5417212
166649356 5417212
166649488 5417212
166649490 5417212
166659057 5417214
166647403 5417217
166649492 5417217
166649499 5417217
166649501 5417217
166649503 5417217
166649505 5417217
166649508 5417217
166647142 5417219
166647297 5417219
166657950 5417220
166657957 5417220
166657958 5417220
166644681 5417222
166644805 5417222
166653925 5417223
166657956 5417224
166657959 5417224
166644686 5417226
166651960 5417229
166660028 5417229
166654480 5417230
166659123 5417231
166659124 5417231
166659125 5417232
166644753 5417233
166657161 5417239
166648784 5417240
166644660 5417242
166644747 5417242
166644757 5417242
166646485 5417243
166646485 5419206
166652811 5417243
166652811 5419206
166652812 5417244
166652815 5417244
166652814 5417245
166648788 5417246
166654550 5417247
166658578 5417248
166658579 5417248
166658580 5417248
166654552 5417249
166654535 5417250
166657317 5417250
166658582 5417250
166654554 5417252
166658583 5417253
166646099 5417254
166647082 5417256
166647424 5417256
166647426 5417256
166647430 5417256
166658586 5417258
166654558 5417259
166658589 5417260
166653776 5417263
166656130 5417263
166659838 5417265
166656455 5417272
166656455 95191881
166652025 5417276
166651803 5417278
166651932 5417278
166652027 5417278
166656358 5417278
166656360 5417278
166656361 5417278
166652028 5417279
166647503 5417285
166653846 5417287
166654408 5417289
166654413 5417289
166654416 5417289
166654418 5417289
166657301 5417289
166652668 5417290
166648925 5417291
166653682 5417291
166655969 5417291
166659041 5417293
166659042 5417293
166647127 5417296
166647128 5417296
166647278 5417296
166647282 5417296
166647336 5417296
166647357 5417296
166659045 5417298
166653911 5417301
166653915 5417301
166653917 5417301
166653919 5417301
166659048 5417302
166647126 5417308
166647150 5417308
166647165 5417308
166647268 5417308
166647286 5417308
166647288 5417308
166644671 5417309
166653914 5417310
166653916 5417312
166650533 5417313
166650533 5417567
166650533 5418679
166655073 5417313
166655073 5417567
166655073 5418679
166644674 5417315
166644679 5417315
166653918 5417316
166655244 5417321
166655250 5417321
166646818 5417326
166646874 5417326
166653467 5417326
166653469 5417326
166655254 5417327
166659686 5417331
166653500 5417332
166658429 5417332
166659687 5417332
166653690 5417333
166647353 5417334
166650399 5417335
166650601 5417335
166652803 5417338
166652806 5417338
166646079 5417340
166655201 5417340
166657157 5417340
166657158 5417340
166654537 5417344
166654540 5417344
166654541 5417344
166657159 5417346
166654542 5417349
166652809 5417350
166654543 5417352
166654546 5417352
166653762 5417353
166647420 5417354
166647423 5417354
166647425 5417354
166649099 5417356
166654547 5417356
166658575 5417357
166658576 5417357
166647421 5417364
166647427 5417364
166647428 5417364
166647418 5417372
166647419 5417372
166647422 5417372
166647429 5417372
166655477 5417372
166649347 5417376
166649617 5417376
166649621 5417376
166658004 5417377
166657220 5417379
166653572 5417380
166657222 5417380
166650999 5417384
166651000 5417384
166651001 5417384
166651118 5417384
166651123 5417384
166651260 5417384
166652370 5417384
166654989 5417384
166656046 5417384
166656079 5417384
166656192 5417384
166659820 5417384
166652009 5417386
166652010 5417386
166656179 5417386
166654608 5417391
166654611 5417391
166654618 5417391
166654620 5417391
166654621 5417391
166654599 5417395
166654600 5417395
166654602 5417395
166654604 5417395
166654613 5417395
166654619 5417395
166654609 5417402
166654614 5417402
166654615 5417404
166653824 5417406
166653826 5417406
166653827 5417406
166653829 5417406
166653831 5417406
166653833 5417406
166653835 5417406
166653837 5417406
166650343 5417407
166650453 5417407
166644191 5417409
166644028 5417412
166656472 5417412
166646794 5417415
166654391 5417418
166654415 5417418
166646798 5417419
166646799 5417422
166648918 5417423
166644391 5417425
166656512 5417425
166647132 5417428
166647133 5417428
166647262 5417428
166647272 5417428
166659036 5417430
166644665 5417431
166644849 5417431
166656519 5417431
166656520 5417431
166656528 5417431
166656529 5417431
166653906 5417433
166649478 5417436
166646802 5417439
166646803 5417439
166646861 5417439
166652865 5417439
166658892 5417441
166658894 5417441
166658895 5417441
166655248 5417443
166658896 5417445
166659101 5417446
166653684 5417448
166647342 5417452
166659104 5417453
166659107 5417454
166659108 5417456
166653110 5417459
166653113 5417459
166644733 5417460
166657142 5417462
166653115 5417464
166653117 5417464
166647986 5417466
166648451 5417466
166646826 5417470
166652874 5417470
166657149 5417470
166654532 5417471
166658562 5417472
166645257 5417475
166645293 5417475
166645302 5417475
166658967 5417476
166658566 5417477
166658567 5417477
166645259 5417478
166645261 5417478
166645263 5417478
166645264 5417478
166645296 5417478
166645303 5417478
166647411 5417484
166647413 5417484
166657781 5417485
166650371 5417486
166650517 5417486
166658568 5417488
166645256 5417494
166645260 5417494
166645298 5417494
166645305 5417494
166647094 5417494
166647341 5417494
166653755 5417496
166653757 5417496
166658569 5417497
166647987 5417500
166648449 5417500
166648455 5417500
166654132 5417500
166655952 5417500
166655955 5417500
166656143 5417500
166656146 5417500
166653758 5417501
166647417 5417503
166648831 5417505
166653366 5417508
166653368 5417508
166657210 5417508
166646833 5417513
166653374 5417513
166653376 5417513
166653378 5417513
166653383 5417513
166653385 5417513
166655466 5417513
166657211 5417513
166659844 5417513
166649618 5417515
166657214 5417518
166657215 5417522
166657216 5417524
166657218 5417525
166652006 5417527
166649046 5417544
166649083 5417544
166649328 5417544
166649404 5417544
166649406 5417544
166649408 5417544
166654605 5417544
166654606 5417544
166655649 5417544
166658192 5417544
166658193 5417544
166654607 5417547
166652332 5417550
166652439 5417550
166659590 5417550
166655162 5417551
166655165 5417551
166646785 5417553
166646786 5417553
166655166 5417557
166659020 5417558
166647158 5417561
166647266 5417561
166659027 5417563
166659028 5417563
166659029 5417564
166657923 5417566
166650514 5417567
166650514 5418679
166655071 5417567
166655071 5418679
166655072 5417567
166655072 5418679
166655075 5417567
166655075 5418679
166644658 5417568
166658880 5417569
166646858 5417571
166646743 5417573
166646859 5417573
166654454 5417574
166658886 5417575
166658887 5417575
166650262 5417581
166650268 5417581
166650288 5417581
166650294 5417581
166650870 5417581
166650872 5417581
166656983 5417581
166656991 5417581
166657365 5417581
166657639 5417581
166658088 5417581
166658089 5417581
166658695 5417581
166658698 5417581
166658699 5417581
166660025 5417581
166649349 5417584
166649350 5417584
166649530 5417584
166645505 5417587
166645509 5417587
166655875 5417590
166648103 5417591
166653106 5417591
166653107 5417594
166653108 5417595
166658399 5417599
166658400 5417599
166659736 5417599
166656352 5417600
166656354 5417600
166656355 5417600
166646783 5417603
166646916 5417603
166646928 5417603
166652825 5417603
166647977 5417606
166658548 5417607
166658550 5417607
166647978 5417611
166658955 5417613
166658556 5417617
166658826 5417617
166651391 5417622
166651393 5417622
166655003 5417622
166655010 5417622
166656196 5417622
166656197 5417622
166656198 5417622
166658557 5417622
166658558 5417622
166658559 5417623
166647405 5417627
166649512 5417627
166649513 5417627
166649600 5417629
166649601 5417629
166647409 5417631
166652544 5417635
166652550 5417635
166652566 5417635
166656998 5417641
166652567 5417643
166652567 5419424
166652567 92745688
166652567 92745706
166648824 5417647
166653462 5417647
166646103 5417649
166646130 5417649
166653566 5417653
166660165 5417653
166660166 5417653
166657207 5417655
166659427 5417657
166659805 5417657
166659430 5417657
166659430 5419433
166657208 5417659
166646736 5417662
166647101 5417662
166647184 5417662
166658899 5417662
166658900 5417662
166646139 5417663
166644172 5417667
166659580 5417668
166644991 5417669
166644993 5417669
166659581 5417669
166655147 5417670
166655150 5417670
166655152 5417670
166644265 5417671
166644289 5417671
166644579 5417671
166646778 5417672
166647051 5417672
166659000 5417673
166659001 5417673
166659572 5417673
166659588 5417673
166646779 5417674
166651761 5417675
166651856 5417675
166655575 5417675
166651752 5417677
166651753 5417677
166651858 5417677
166657340 5417677
166659013 5417681
166659014 5417681
166647119 5417683
166647255 5417683
166659017 5417684
166653555 5417686
166655793 5417686
166655794 5417686
166653020 5417688
166654158 5417688
166654161 5417688
166653022 5417689
166654162 5417689
166658871 5417690
166654440 5417692
166658463 5417693
166658469 5417693
166658470 5417693
166658874 5417694
166648102 5417696
166658679 5417696
166648533 5417698
166648535 5417698
166648537 5417698
166648539 5417698
166648541 5417698
166648543 5417698
166648544 5417698
166648698 5417698
166648746 5417698
166647966 5417699
166658943 5417701
166645270 5417703
166645272 5417703
166659728 5417705
166654514 5417706
166658946 5417708
166658546 5417709
166658549 5417709
166658547 5417710
166653734 5417714
166653735 5417715
166658460 5417715
166658461 5417715
166652551 5417716
166652559 5417717
166652559 5419204
166648815 5417718
166651776 5417719
166651833 5417719
166645335 5417721
166650968 5417722
166651204 5417722
166660046 5417722
166653804 5417723
166645246 5417725
166645348 5417725
166650422 5417728
166644161 5417730
166655140 5417733
166655143 5417733
166655146 5417733
166646763 5417736
166646812 5417736
166654959 5417737
166655759 5417737
166655760 5417737
166656190 5417737
166655144 5417738
166655145 5417738
166646767 5417739
166646768 5417740
166658673 5417740
166658674 5417740
166658391 5417741
166658796 5417742
166658394 5417744
166658395 5417744
166653361 5417745
166653364 5417745
166653367 5417745
166653547 5417745
166653577 5417745
166653579 5417745
166653582 5417745
166653599 5417745
166657209 5417745
166658396 5417746
166659002 5417747
166659005 5417748
166659006 5417752
166659007 5417752
166647210 5417755
166647247 5417755
166659008 5417760
166649284 5417769
166649289 5417769
166649290 5417769
166649440 5417769
166649445 5417769
166656892 5417769
166644632 5417771
166659561 5417771
166653564 5417773
166655789 5417773
166644634 5417775
166653013 5417776
166644636 5417777
166646832 5417778
166653375 5417778
166653439 5417778
166644638 5417779
166655212 5417781
166655215 5417781
166657046 5417783
166655216 5417784
166644984 5417787
166645191 5417787
166645241 5417787
166658462 5417788
166658865 5417789
166658868 5417791
166657689 5417792
166651690 5417793
166651691 5417793
166651691 5418872
166654775 5417793
166654775 5418872
166657040 5417793
166657040 5418872
166651694 5417793
166651694 5418874
166651754 5417793
166651754 5418874
166651809 5417793
166651809 5418874
166660072 5417794
166647952 5417795
166654500 5417796
166651676 5417797
166651699 5417797
166651706 5417797
166657037 5417797
166658401 5417800
166658404 5417800
166658423 5417800
166658441 5417800
166658444 5417800
166658447 5417800
166658450 5417800
166658453 5417800
166658454 5417800
166658502 5417800
166658505 5417800
166658514 5417800
166658517 5417800
166658520 5417800
166658523 5417800
166658526 5417800
166658530 5417800
166658531 5417800
166660043 5417800
166654504 5417802
166645255 5417808
166645258 5417808
166645262 5417808
166645265 5417808
166645306 5417808
166647095 5417808
166647097 5417808
166656772 5417808
166654505 5417810
166647096 5417811
166658938 5417813
166653722 5417814
166653725 5417814
166654508 5417818
166658536 5417820
166658539 5417820
166649295 5417821
166653726 5417822
166650346 5417823
166655060 5417824
166655064 5417825
166651764 5417826
166650980 5417827
166650981 5417828
166650985 5417830
166650986 5417830
166654250 5417830
166645332 5417831
166644152 5417833
166644153 5417833
166646750 5417836
166644043 5417837
166644156 5417837
166644907 5417837
166644907 5418203
166645068 5417837
166645068 5418203
166645070 5417837
166645070 5418203
166644157 5417839
166646758 5417845
166655138 5417846
166658382 5417847
166658385 5417847
166658388 5417847
166653575 5417849
166648019 5417850
166645402 5417851
166654985 5417853
166654988 5417853
166654990 5417853
166659819 5417853
166655777 5417854
166655778 5417854
166655200 5417856
166654999 5417858
166655001 5417858
166655004 5417858
166654412 5417859
166654419 5417859
166654420 5417859
166654421 5417863
166654424 5417867
166645007 5417869
166645182 5417869
166645186 5417869
166653635 5417870
166653638 5417870
166653640 5417870
166653641 5417873
166653644 5417873
166653646 5417873
166653648 5417873
166647157 5417875
166647300 5417875
166658459 5417876
166655843 5417877
166653649 5417878
166647144 5417883
166647156 5417883
166647308 5417883
166647367 5417883
166654673 5417883
166655269 5417883
166655270 5417883
166651562 5417887
166660060 5417887
166656899 5417891
166656903 5417891
166658920 5417894
166658923 5417896
166649280 5417903
166649281 5417903
166649283 5417903
166645252 5417905
166645253 5417905
166653710 5417907
166649282 5417909
166645254 5417910
166653712 5417912
166653715 5417912
166653717 5417912
166658928 5417913
166649288 5417915
166655046 5417917
166655049 5417917
166655051 5417917
166655053 5417919
166655055 5417922
166655058 5417922
166653491 5417924
166647151 5417930
166647152 5417930
166656766 5417930
166653493 5417932
166653494 5417933
166653497 5417933
166647153 5417934
166647155 5417934
166647154 5417936
166655694 5417937
166647159 5417941
166656770 5417941
166657815 5417942
166648560 5417945
166648562 5417945
166648564 5417945
166648566 5417945
166648573 5417945
166653209 5417945
166656834 5417945
166656835 5417945
166644046 5417949
166644145 5417949
166648576 5417950
166648577 5417950
166646744 5417951
166646745 5417952
166659555 5417953
166658770 5417954
166658771 5417954
166645961 5417955
166658755 5417956
166659556 5417956
166646748 5417957
166647030 5417957
166654342 5417959
166654345 5417959
166654347 5417959
166658370 5417962
166654346 5417963
166654349 5417963
166653558 5417965
166653561 5417965
166653565 5417965
166648008 5417966
166653617 5417966
166649944 5417967
166649946 5417967
166650185 5417967
166650188 5417967
166655763 5417968
166649329 5417971
166649377 5417971
166649410 5417971
166649413 5417971
166649415 5417971
166649419 5417971
166649421 5417971
166649423 5417971
166644418 5417973
166644418 95341768
166644418 95341769
166644615 5417973
166644615 95341768
166644615 95341769
166646813 5417974
166646816 5417975
166654410 5417977
166659629 5417979
166654414 5417982
166653629 5417985
166653631 5417985
166653633 5417985
166659121 5417985
166660118 5417985
166654417 5417987
166658448 5417989
166658449 5417989
166649152 5417990
166656883 5417990
166644399 5417992
166656884 5417993
166655839 5417995
166658910 5417996
166646023 5417998
166654198 5418000
166651679 5418001
166658913 5418003
166645240 5418004
166658914 5418005
166645243 5418006
166645244 5418006
166658917 5418008
166647078 5418010
166649269 5418013
166649273 5418013
166645247 5418015
166649276 5418018
166649277 5418019
166650326 5418020
166650327 5418023
166650328 5418023
166650825 5418023
166655980 5418023
166655996 5418023
166656151 5418023
166655038 5418025
166655041 5418025
166655043 5418025
166655045 5418025
166656203 5418025
166658693 5418026
166658694 5418026
166658291 5418027
166647140 5418028
166653484 5418029
166653487 5418029
166653489 5418031
166649346 5418033
166649348 5418035
166655110 5418037
166655108 5418039
166655111 5418039
166646737 5418041
166647025 5418041
166659546 5418044
166655116 5418046
166658765 5418050
166658366 5418052
166658367 5418054
166653557 5418056
166644601 5418057
166654969 5418063
166654971 5418063
166660045 5418063
166646805 5418064
166658830 5418066
166658430 5418068
166658431 5418068
166658432 5418069
166658433 5418070
166658434 5418070
166658435 5418072
166650937 5418073
166651025 5418073
166658436 5418075
166651026 5418076
166644662 5418083
166644663 5418083
166644769 5418083
166644864 5418083
166645123 5418083
166645126 5418083
166645138 5418083
166645139 5418083
166645141 5418083
166645169 5418083
166647857 5418089
166649829 5418089
166650234 5418089
166650244 5418089
166654152 5418089
166656800 5418089
166657263 5418089
166659390 5418090
166656875 5418091
166649090 5418093
166649097 5418093
166649151 5418093
166656879 5418093
166654182 5418094
166651637 5418099
166651663 5418099
166658901 5418100
166654189 5418102
166658904 5418103
166645232 5418107
166650889 5418109
166656150 5418109
166658907 5418111
166645235 5418113
166645238 5418115
166655030 5418117
166654251 5418118
166654253 5418119
166658284 5418120
166653472 5418122
166658287 5418123
166653474 5418124
166658289 5418125
166653476 5418127
166649332 5418129
166654890 5418132
166654892 5418132
166645308 5418133
166654894 5418134
166654897 5418134
166644042 5418135
166644123 5418135
166644126 5418135
166644128 5418135
166655100 5418136
166655102 5418136
166648558 5418137
166650948 5418139
166655104 5418139
166655105 5418140
166658355 5418142
166653542 5418143
166653543 5418144
166647736 5418145
166647737 5418145
166656791 5418145
166653548 5418146
166654960 5418148
166647209 5418149
166648621 5418150
166659600 5418152
166648625 5418153
166648627 5418153
166658420 5418154
166653615 5418156
166644376 5418158
166649174 5418160
166654592 5418160
166656868 5418160
166654171 5418161
166654174 5418161
166654176 5418161
166654178 5418161
166656148 5418161
166653390 5418162
166653393 5418162
166653394 5418162
166653395 5418162
166659037 5418162
166659038 5418162
166653391 5418163
166651657 5418164
166653396 5418165
166653397 5418167
166653398 5418167
166650302 5418169
166650303 5418169
166645229 5418170
166649792 5418173
166656931 5418173
166656932 5418173
166650307 5418177
166650308 5418177
166655018 5418178
166655021 5418178
166650922 5418180
166655026 5418180
166655028 5418180
166651723 5418181
166647698 5418183
166658272 5418184
166651725 5418185
166653458 5418186
166653461 5418186
166653463 5418188
166658277 5418189
166654249 5418190
166653465 5418191
166650947 5418192
166649321 5418193
166657498 5418194
166649325 5418195
166654885 5418197
166647759 5418198
166647762 5418198
166656140 5418199
166647766 5418202
166647766 5419204
166647803 5418202
166647803 5419204
166654313 5418206
166654316 5418206
166647724 5418213
166647724 63944093
166647725 5418213
166647725 63944093
166647763 5418213
166647763 63944093
166647771 5418213
166647771 63944093
166647946 5418213
166647946 63944093
166649869 5418213
166649869 63944093
166649965 5418213
166649965 63944093
166649966 5418213
166649966 63944093
166654157 5418213
166654157 63944093
166658346 5418214
166658347 5418214
166654318 5418215
166653534 5418216
166656780 5418223
166654087 5418224
166654090 5418224
166654092 5418225
166654095 5418225
166654097 5418225
166650792 5418226
166658812 5418227
166654099 5418228
166658813 5418229
166658413 5418230
166658416 5418231
166655800 5418232
166653606 5418234
166658419 5418236
166650971 5418239
166651231 5418239
166651233 5418239
166651235 5418239
166652414 5418239
166652415 5418239
166657371 5418239
166657634 5418239
166655803 5418240
166649957 5418241
166649958 5418241
166650225 5418241
166649875 5418241
166649875 5418584
166649949 5418241
166649949 5418584
166649972 5418241
166649972 5418584
166649991 5418241
166649991 5418584
166649993 5418241
166649993 5418584
166650293 5418241
166650293 5418584
166650305 5418241
166650305 5418584
166654199 5418241
166654199 5418584
166654203 5418241
166654203 5418584
166648396 5418243
166649872 5418247
166649961 5418247
166650227 5418247
166660020 5418249
166660020 5418321
166658188 5418250
166658191 5418250
166658194 5418250
166658195 5418250
166653381 5418251
166651635 5418255
166651636 5418255
166651648 5418255
166658198 5418256
166653388 5418257
166644033 5418258
166644034 5418259
166644263 5418261
166644438 5418261
166644036 5418264
166644037 5418264
166644102 5418264
166655013 5418266
166659445 5418269
166644038 5418271
166654230 5418272
166659448 5418273
166658664 5418275
166658667 5418276
166650933 5418277
166653453 5418281
166653455 5418281
166653456 5418281
166658268 5418283
166658269 5418283
166653457 5418285
166647116 5418286
166652253 5418287
166652255 5418287
166652257 5418287
166652259 5418287
166652264 5418287
166652266 5418287
166652268 5418287
166652270 5418287
166656064 5418287
166656065 5418287
166649313 5418288
166649314 5418290
166654871 5418291
166654874 5418291
166644906 5418302
166645058 5418302
166645061 5418302
166645062 5418304
166655721 5418305
166653527 5418306
166659290 5418307
166656774 5418309
166654076 5418310
166654080 5418310
166647728 5418311
166654077 5418311
166654081 5418311
166654078 5418312
166654083 5418312
166654084 5418313
166654079 5418314
166654082 5418314
166654086 5418314
166656201 5418315
166647754 5418316
166647816 5418316
166647826 5418316
166654071 5418316
166654073 5418316
166654074 5418316
166654075 5418316
166654089 5418317
166658809 5418318
166653370 5418320
166653372 5418320
166656847 5418320
166660011 5418321
166651633 5418323
166644992 5418324
166654156 5418326
166656912 5418327
166659434 5418328
166647676 5418330
166658252 5418331
166658255 5418331
166653441 5418332
166647102 5418334
166647104 5418337
166653446 5418338
166653447 5418339
166653449 5418341
166647108 5418342
166654869 5418343
166649080 5418350
166653512 5418352
166653515 5418352
166645056 5418353
166649085 5418354
166656760 5418356
166649089 5418357
166653518 5418358
166646475 5418360
166644341 5418362
166644343 5418362
166644346 5418363
166644980 5418366
166658172 5418367
166651627 5418368
166653362 5418369
166644985 5418370
166653369 5418371
166659421 5418372
166659424 5418374
166650911 5418376
166653432 5418377
166653434 5418378
166653438 5418380
166646399 5418382
166647733 5418385
166650697 5418388
166649072 5418389
166653504 5418391
166655701 5418393
166644267 5418395
166659273 5418396
166659276 5418397
166659279 5418398
166654064 5418399
166654067 5418399
166653283 5418400
166653285 5418401
166647361 5418405
166647363 5418405
166647365 5418405
166647366 5418405
166654654 5418405
166654655 5418405
166654657 5418405
166654663 5418405
166647043 5418412
166647123 5418412
166647124 5418412
166647134 5418412
166647135 5418412
166647274 5418412
166647359 5418412
166654668 5418412
166656761 5418412
166657099 5418417
166657635 5418417
166657636 5418417
166646138 5418419
166646341 5418419
166646379 5418419
166652783 5418419
166650997 5418421
166650997 92752125
166651078 5418421
166651078 92752125
166651341 5418421
166651341 92752125
166655198 5418421
166655198 92752125
166647207 5418423
166652952 5418423
166646732 5418434
166646733 5418434
166646734 5418434
166646735 5418434
166647005 5418434
166647006 5418434
166647008 5418434
166647028 5418434
166647100 5418434
166647197 5418434
166647223 5418434
166652922 5418434
166652932 5418434
166652937 5418434
166652955 5418434
166654699 5418434
166659631 5418434
166659632 5418434
166647111 5418436
166647112 5418436
166653137 5418437
166648035 5418439
166648485 5418439
166648602 5418439
166653109 5418439
166653125 5418439
166648624 5418440
166657867 5418440
166657868 5418440
166658676 5418440
166648053 5418441
166659674 5418441
166647781 5418447
166647783 5418447
166647794 5418447
166648036 5418447
166648101 5418447
166648342 5418447
166648344 5418447
166648346 5418447
166648348 5418447
166654009 5418447
166654047 5418447
166654049 5418447
166654222 5418447
166656816 5418447
166657786 5418447
166657787 5418447
166647740 5418455
166647741 5418455
166647742 5418455
166647743 5418455
166654040 5418455
166654046 5418455
166654060 5418455
166647841 5418463
166654033 5418463
166650537 5418468
166650564 5418468
166647580 5418470
166647580 5724934
166659645 5418477
166651998 5418481
166651999 5418481
166652305 5418481
166656364 5418481
166656369 5418481
166656370 5418481
166657044 5418481
166657076 5418481
166659906 5418481
166649890 5418483
166648057 5418486
166648059 5418486
166653305 5418486
166658833 5418486
166658834 5418486
166659948 5418486
166653971 5418487
166648085 5418489
166648086 5418489
166648087 5418489
166648088 5418489
166659190 5418489
166659191 5418489
166659201 5418489
166659209 5418489
166659217 5418489
166659218 5418489
166659222 5418489
166659223 5418489
166659227 5418489
166659228 5418489
166645364 5418491
166656592 5418491
166643788 5418493
166643805 5418493
166643809 5418493
166643813 5418493
166644367 5418493
166644644 5418493
166644708 5418493
166645004 5418497
166645008 5418497
166645018 5418497
166645020 5418497
166645215 5418497
166645218 5418497
166645221 5418497
166646838 5418497
166646854 5418497
166646855 5418497
166646941 5418497
166646945 5418497
166656568 5418497
166648828 5418498
166658164 5418498
166658165 5418498
166659137 5418498
166659138 5418498
166644664 5418504
166644675 5418504
166644736 5418504
166644778 5418504
166644796 5418504
166644843 5418504
166644851 5418504
166644856 5418504
166644870 5418504
166659575 5418504
166646846 5418506
166646850 5418506
166647040 5418506
166647056 5418506
166653420 5418506
166653422 5418506
166653536 5418506
166657475 5418506
166658627 5418506
166658628 5418506
166658827 5418506
166658828 5418506
166659634 5418506
166648827 5418508
166653450 5418508
166653545 5418508
166649654 5418510
166649654 5419464
166650403 5418513
166650404 5418513
166650405 5418513
166650406 5418513
166650407 5418513
166650409 5418513
166650461 5418513
166650529 5418513
166650560 5418513
166650606 5418513
166650646 5418513
166650649 5418513
166650715 5418513
166650785 5418513
166651180 5418513
166651183 5418513
166655054 5418513
166655109 5418513
166655117 5418513
166658551 5418513
166658552 5418513
166658824 5418513
166658825 5418513
166659755 5418513
166659756 5418513
166648115 5418514
166648151 5418514
166648152 5418514
166648153 5418514
166653313 5418514
166653315 5418514
166655680 5418514
166655686 5418514
166659147 5418514
166659148 5418514
166650951 5418516
166650952 5418516
166658375 5418518
166658376 5418518
166658819 5418518
166658377 5418519
166646082 5418523
166660221 5418523
166653207 5418524
166646821 5418525
166652851 5418525
166659578 5418525
166646789 5418525
166646789 5418529
166646790 5418525
166646790 5418529
166646791 5418525
166646791 5418529
166646800 5418525
166646800 5418529
166646884 5418525
166646884 5418529
166646953 5418525
166646953 5418529
166646956 5418525
166646956 5418529
166652842 5418525
166652842 5418529
166652852 5418525
166652852 5418529
166652855 5418525
166652855 5418529
166652856 5418525
166652856 5418529
166658752 5418530
166658757 5418530
166658758 5418530
166658814 5418531
166651672 5418535
166651716 5418535
166657035 5418535
166648060 5418536
166648061 5418536
166659967 5418536
166643847 5418537
166644013 5418537
166656460 5418537
166648116 5418539
166648148 5418539
166648149 5418539
166648150 5418539
166656480 5418539
166648090 5418542
166648091 5418542
166648092 5418542
166659220 5418542
166659224 5418542
166659225 5418542
166659230 5418542
166659232 5418542
166659233 5418542
166659237 5418542
166659238 5418542
166659245 5418542
166659246 5418542
166659949 5418542
166648913 5418558
166648973 5418558
166651005 5418558
166653652 5418558
166653713 5418558
166655134 5418558
166655507 5418558
166658662 5418558
166658663 5418558
166659274 5418558
166659275 5418558
166659979 5418558
166647074 5418561
166647330 5418561
166647396 5418561
166654630 5418561
166656752 5418561
166647398 5418567
166647399 5418567
166647400 5418567
166647401 5418567
166647441 5418567
166647450 5418567
166647453 5418567
166647455 5418567
166647457 5418567
166647073 5418570
166654616 5418570
166654645 5418570
166657944 5418571
166660220 5418572
166654027 5418575
166654034 5418575
166656799 5418575
166647834 5418576
166653808 5418578
166653803 5418579
166660187 5418580
166660188 5418580
166649978 5418588
166649984 5418588
166650231 5418588
166650300 5418588
166658389 5418588
166658390 5418588
166649871 5418590
166649950 5418590
166649980 5418590
166649986 5418590
166650254 5418590
166650304 5418590
166656942 5418590
166648073 5418607
166648074 5418607
166648075 5418607
166659195 5418607
166659196 5418607
166651082 5418610
166651297 5418610
166651351 5418610
166655101 5418610
166650939 5418612
166650942 5418612
166650943 5418612
166651225 5418612
166651345 5418612
166655148 5418612
166650946 5418614
166659277 5418614
166659278 5418614
166659284 5418615
166657249 5418618
166658356 5418618
166657856 5418620
166657869 5418620
166657870 5418620
166646438 5418622
166653967 5418622
166653969 5418622
166653970 5418622
166659350 5418623
166659374 5418623
166659375 5418623
166654898 5418624
166654901 5418624
166654903 5418624
166654907 5418624
166652063 5418625
166654895 5418625
166654899 5418625
166652282 5418628
166652289 5418628
166652294 5418628
166652299 5418628
166652303 5418628
166657093 5418628
166646478 5418641
166646624 5418641
166646666 5418641
166647951 5418641
166648306 5418641
166653838 5418641
166653932 5418641
166653934 5418641
166653936 5418641
166653955 5418641
166656704 5418641
166656716 5418641
166658348 5418641
166658349 5418641
166655747 5418643
166658030 5418643
166658033 5418643
166658037 5418643
166659611 5418643
166648649 5418647
166655812 5418647
166655813 5418647
166655815 5418647
166656837 5418647
166659235 5418647
166659240 5418647
166659242 5418647
166659243 5418647
166659247 5418647
166659248 5418647
166659250 5418647
166659251 5418647
166659264 5418647
166659265 5418647
166659269 5418647
166659270 5418647
166655742 5418649
166659145 5418655
166659160 5418655
166648795 5418658
166648807 5418658
166648903 5418658
166653674 5418658
166655972 5418658
166653673 5418659
166655130 5418662
166655133 5418662
166649914 5418670
166649914 5418679
166660010 5418670
166660010 5418679
166657641 5418679
166659712 5418679
166649997 5418679
166649997 5419633
166650007 5418679
166650007 5419633
166650075 5418679
166650075 5419633
166657638 5418679
166657638 5419633
166658086 5418679
166658086 5419633
166658087 5418679
166658087 5419633
166657656 5418685
166660001 5418685
166649771 5418695
166649772 5418695
166649774 5418695
166649778 5418695
166649780 5418695
166649898 5418695
166649900 5418695
166650103 5418695
166650108 5418695
166650112 5418695
166650119 5418695
166650123 5418695
166650141 5418695
166650142 5418695
166650144 5418695
166650145 5418695
166650149 5418695
166654795 5418695
166656938 5418695
166657341 5418695
166657363 5418695
166657367 5418695
166660008 5418695
166660009 5418695
166660024 5418695
166650438 5418696
166650441 5418696
166650535 5418696
166655076 5418696
166650365 5418697
166650423 5418697
166650717 5418697
166650733 5418697
166650747 5418697
166650750 5418697
166650756 5418697
166650762 5418697
166650767 5418697
166650771 5418697
166650862 5418697
166655024 5418697
166648632 5418698
166659488 5418698
166659650 5418699
166649114 5418703
166649184 5418703
166654596 5418703
166658590 5418703
166658591 5418703
166646184 5418708
166656677 5418708
166644548 5418709
166656491 5418709
166657132 5418711
166644397 5418714
166644562 5418714
166644603 5418714
166646163 5418714
166646169 5418714
166644699 5418715
166644687 5418716
166658773 5418719
166657771 5418720
166657774 5418720
166649291 5418731
166649292 5418731
166649293 5418731
166649426 5418731
166649431 5418731
166649437 5418731
166649442 5418731
166649447 5418731
166649469 5418731
166659995 5418731
166658127 5418732
166658130 5418732
166650431 5418733
166650432 5418733
166650433 5418733
166650547 5418733
166650556 5418733
166645488 5418738
166645632 5418738
166645662 5418738
166645667 5418738
166655773 5418738
166656585 5418738
166656586 5418738
166656593 5418738
166659910 5418738
166648191 5418739
166648192 5418739
166648193 5418739
166648663 5418739
166655499 5418739
166659184 5418739
166659185 5418739
166659656 5418739
166650976 5418749
166650977 5418749
166651027 5418749
166651477 5418749
166651480 5418749
166659770 5418749
166659790 5418749
166659794 5418749
166660114 5418749
166657608 5418751
166657609 5418751
166646321 5418752
166658363 5418752
166646137 5418754
166649879 5418757
166649882 5418757
166649893 5418757
166650401 5418757
166655066 5418757
166657450 5418757
166657451 5418757
166657460 5418757
166657667 5418757
166657668 5418757
166659339 5418757
166659340 5418757
166659718 5418757
166645627 5418767
166658064 5418767
166659911 5418767
166659913 5418767
166655829 5418771
166649370 5418776
166656900 5418776
166645727 5418779
166659168 5418781
166659965 5418781
166658737 5418783
166658745 5418783
166658746 5418783
166658748 5418783
166658749 5418783
166658772 5418783
166659404 5418783
166659405 5418783
166658725 5418786
166658728 5418786
166658729 5418786
166658730 5418786
166658764 5418786
166658767 5418786
166659881 5418786
166659996 5418788
166659719 5418790
166659734 5418790
166645788 5418791
166645800 5418791
166650950 5418792
166657754 5418792
166659760 5418792
166647519 5418797
166647529 5418797
166647551 5418797
166649623 5418797
166649674 5418797
166656916 5418797
166647509 5418800
166647513 5418800
166647514 5418800
166647516 5418800
166647517 5418800
166647568 5418800
166645467 5418804
166645475 5418804
166645618 5418804
166656565 5418804
166659900 5418804
166659908 5418804
166653957 5418813
166657859 5418813
166648575 5418814
166658200 5418815
166658201 5418815
166659704 5418817
166651985 5418818
166652168 5418818
166655163 5418824
166655167 5418824
166657374 5418824
166658540 5418825
166658533 5418826
166658300 5418827
166658301 5418827
166658302 5418827
166651779 5418836
166651821 5418836
166651865 5418836
166657033 5418836
166657041 5418836
166657054 5418836
166657062 5418836
166651760 5418839
166651841 5418839
166660071 5418839
166652185 5418840
166652373 5418840
166654961 5418840
166654986 5418840
166644688 5418843
166644395 5418844
166644570 5418844
166644820 5418844
166646136 5418844
166646223 5418844
166646308 5418844
166652790 5418844
166659895 5418844
166647213 5418857
166647218 5418857
166647235 5418857
166647349 5418857
166647350 5418857
166647352 5418857
166656757 5418857
166647087 5418859
166648939 5418861
166648971 5418861
166653642 5418861
166646545 5418862
166657493 5418863
166657493 85583561
166657494 5418863
166657494 85583561
166657496 5418864
166657497 5418865
166648993 5418866
166659140 5418866
166659141 5418866
166659981 5418866
166659144 5418868
166658380 5418869
166658818 5418869
166659334 5418869
166659862 5418869
166650426 5418880
166650427 5418880
166650428 5418880
166650430 5418880
166650552 5418880
166650613 5418880
166650738 5418880
166655059 5418880
166659953 5418884
166650018 5418886
166650028 5418886
166655525 5418886
166657648 5418886
166657651 5418886
166658652 5418890
166651101 5418895
166651113 5418895
166651359 5418895
166652538 5418895
166655141 5418895
166660109 5418895
166649218 5418901
166649220 5418901
166651472 5418901
166654453 5418901
166654456 5418901
166654461 5418901
166658213 5418903
166658214 5418903
166649037 5418910
166649038 5418910
166649228 5418910
166649245 5418910
166654343 5418910
166659982 5418910
166657335 5418924
166651566 5418933
166651589 5418933
166651591 5418933
166651593 5418933
166649263 5418935
166649265 5418937
166644385 5418939
166644588 5418939
166644373 5418943
166644478 5418943
166644575 5418943
166644375 5418946
166644378 5418946
166644484 5418946
166644495 5418946
166656487 5418946
166644291 5418950
166644371 5418950
166649960 5418951
166659372 5418951
166659372 5418953
166648976 5418958
166649270 5418958
166653672 5418958
166654509 5418958
166656114 5418958
166656857 5418958
166656858 5418958
166657315 5418958
166648783 5418961
166648967 5418961
166653807 5418961
166659973 5418961
166659345 5418964
166659716 5418964
166659720 5418964
166648137 5418965
166648138 5418965
166648139 5418965
166648140 5418965
166659152 5418965
166659153 5418965
166659165 5418965
166659166 5418965
166659174 5418965
166659175 5418965
166659179 5418965
166659180 5418965
166644987 5418967
166644994 5418967
166644995 5418967
166644997 5418967
166645201 5418967
166660167 5418968
166648147 5418969
166648636 5418969
166648638 5418969
166648639 5418969
166658838 5418970
166658839 5418971
166657485 5418972
166644401 5418973
166644539 5418974
166644559 5418974
166644633 5418974
166644637 5418974
166647711 5418976
166647711 5419170
166647897 5418976
166647897 5419170
166651971 5418978
166651971 5418981
166651972 5418978
166651972 5418981
166652098 5418978
166652098 5418981
166652123 5418978
166652123 5418981
166652134 5418978
166652134 5418981
166652160 5418978
166652160 5418981
166656058 5418978
166656058 5418981
166652015 5418981
166656180 5418981
166655061 5418983
166655032 5418986
166643912 5418991
166643914 5418991
166644081 5418991
166644084 5418991
166644154 5418991
166644155 5418991
166644026 5418993
166660193 5418996
166660194 5418996
166660198 5418996
166660201 5418996
166660229 5418996
166646772 5419003
166646773 5419003
166646774 5419003
166647053 5419003
166647075 5419003
166647076 5419003
166647145 5419003
166647146 5419003
166647147 5419003
166647148 5419003
166647320 5419003
166647323 5419003
166647326 5419003
166654568 5419003
166658632 5419003
166658633 5419003
166658090 5419005
166658091 5419005
166659442 5419007
166658303 5419010
166658307 5419010
166658312 5419010
166658313 5419010
166658761 5419012
166659558 5419012
166658338 5419014
166659604 5419014
166658411 5419017
166659861 5419017
166648121 5419019
166648122 5419019
166648123 5419019
166648124 5419019
166648125 5419019
166648126 5419019
166648127 5419019
166648637 5419019
166657843 5419020
166649887 5419021
166649888 5419021
166658665 5419022
166659602 5419025
166647407 5419026
166647408 5419028
166647072 5419031
166656756 5419031
166656751 5419036
166660189 5419037
166660192 5419037
166660195 5419037
166659343 5419039
166659346 5419039
166648128 5419040
166648129 5419040
166648130 5419040
166648131 5419040
166648635 5419040
166648132 5419041
166658229 5419042
166649588 5419043
166645044 5419051
166645047 5419051
166645051 5419051
166658021 5419051
166658024 5419051
166658027 5419051
166658028 5419051
166659585 5419051
166645512 5419052
166645513 5419052
166645514 5419052
166658280 5419056
166658279 5419057
166644041 5419079
166644092 5419079
166644094 5419079
166644112 5419079
166644116 5419079
166644118 5419079
166644120 5419079
166644131 5419079
166644147 5419079
166644647 5419079
166644716 5419079
166644726 5419079
166644891 5419079
166645028 5419079
166645037 5419079
166656515 5419079
166658864 5419079
166658872 5419079
166658873 5419079
166658875 5419079
166658876 5419079
166659897 5419079
166659310 5419084
166659601 5419084
166657941 5419086
166643764 5419100
166643764 95191880
166643764 95191930
166643764 95191943
166643765 5419100
166643765 95191880
166643765 95191930
166643765 95191943
166643786 5419100
166643786 95191880
166643786 95191930
166643786 95191943
166643795 5419100
166643795 95191880
166643795 95191930
166643795 95191943
166643843 5419100
166643843 95191880
166643843 95191930
166643843 95191943
166643845 5419100
166643845 95191880
166643845 95191930
166643845 95191943
166643846 5419100
166643846 95191880
166643846 95191930
166643846 95191943
166643854 5419100
166643854 95191880
166643854 95191930
166643854 95191943
166643857 5419100
166643857 95191880
166643857 95191930
166643857 95191943
166643898 5419100
166643898 95191880
166643898 95191930
166643898 95191943
166644011 5419100
166644011 95191880
166644011 95191930
166644011 95191943
166656458 5419100
166656458 95191880
166656458 95191930
166656458 95191943
166656459 5419115
166656459 95191174
166656459 95191175
166656459 95191177
166656459 95191178
166656459 95191179
166656459 95191182
166656459 95191890
166648779 5419119
166648782 5419119
166648894 5419119
166659142 5419119
166659143 5419119
166660034 5419124
166647402 5419131
166649523 5419131
166649525 5419131
166649527 5419131
166657945 5419132
166658323 5419132
166660213 5419132
166660218 5419132
166660219 5419132
166650960 5419146
166650961 5419146
166650988 5419146
166651075 5419146
166651216 5419146
166651219 5419146
166651427 5419146
166651432 5419146
166654252 5419146
166654254 5419146
166654317 5419146
166655553 5419146
166656210 5419146
166656999 5419146
166657266 5419146
166657267 5419146
166660053 5419146
166660054 5419146
166660055 5419146
166649885 5419148
166658636 5419150
166658638 5419150
166658639 5419150
166650439 5419151
166650440 5419151
166650562 5419151
166656204 5419151
166653301 5419152
166655825 5419152
166658051 5419152
166658063 5419152
166659675 5419152
166659952 5419152
166648064 5419154
166648065 5419154
166645528 5419155
166659433 5419155
166659432 5419157
166657612 5419161
166657615 5419161
166657618 5419161
166657621 5419161
166657624 5419161
166657625 5419161
166658849 5419163
166658852 5419163
166658855 5419163
166658856 5419163
166648812 5419172
166648937 5419172
166656052 5419172
166656117 5419172
166659977 5419172
166647167 5419175
166649111 5419175
166656882 5419175
166659322 5419175
166659323 5419175
166650953 5419176
166651382 5419176
166651386 5419176
166659786 5419176
166644799 5419185
166646482 5419185
166646495 5419185
166646497 5419185
166646716 5419185
166646717 5419185
166652813 5419185
166652816 5419185
166652818 5419185
166652898 5419185
166652904 5419185
166656713 5419185
166658940 5419185
166658941 5419185
166658942 5419185
166658944 5419185
166658945 5419185
166646831 5419187
166646869 5419187
166653429 5419187
166653532 5419187
166657814 5419188
166657871 5419188
166657872 5419188
166659857 5419188
166648113 5419190
166648114 5419190
166648630 5419190
166648608 5419191
166653317 5419191
166655613 5419191
166660212 5419198
166660215 5419198
166647805 5419204
166646444 5419206
166655819 5419208
166659252 5419208
166659253 5419208
166659258 5419208
166659259 5419208
166659261 5419208
166659262 5419208
166659266 5419208
166659267 5419208
166659271 5419208
166659272 5419208
166655828 5419209
166658158 5419210
166657447 5419211
166647168 5419215
166652962 5419215
166647373 5419222
166656553 5419222
166656554 5419222
166647086 5419225
166647378 5419225
166644390 5419245
166644509 5419245
166644524 5419245
166644534 5419245
166644567 5419245
166644629 5419245
166644640 5419245
166656496 5419245
166656497 5419245
166649047 5419248
166649048 5419248
166649210 5419248
166649214 5419250
166649216 5419250
166658184 5419250
166658185 5419250
166649061 5419254
166649117 5419254
166649253 5419254
166654441 5419254
166654477 5419254
166655245 5419254
166655249 5419254
166658232 5419254
166658233 5419254
166659706 5419254
166658781 5419257
166658794 5419257
166658797 5419257
166658811 5419257
166658820 5419257
166658822 5419257
166658823 5419257
166659411 5419257
166659413 5419257
166659414 5419257
166658069 5419259
166658369 5419259
166658498 5419259
166649077 5419264
166654481 5419264
166656846 5419264
166659990 5419264
166649297 5419266
166659301 5419268
166659313 5419268
166658066 5419269
166658747 5419270
166658364 5419271
166658365 5419271
166658203 5419272
166658204 5419272
166657999 5419273
166658000 5419273
166658131 5419274
166658131 5419276
166658133 5419276
166658134 5419276
166658134 5419277
166658640 5419278
166653516 5419279
166658350 5419281
166644039 5419297
166644098 5419297
166644100 5419297
166644105 5419297
166644107 5419297
166658866 5419297
166658867 5419297
166644942 5419299
166645112 5419299
166645129 5419299
166644936 5419302
166644941 5419302
166645114 5419302
166645116 5419302
166644141 5419311
166644142 5419311
166644160 5419311
166644905 5419311
166656540 5419311
166644908 5419317
166644922 5419317
166644923 5419317
166644938 5419317
166645066 5419317
166645084 5419317
166645089 5419317
166645107 5419317
166645120 5419317
166656541 5419317
166644988 5419319
166646458 5419322
166653879 5419322
166657946 5419322
166657952 5419322
166658293 5419322
166658319 5419322
166660200 5419322
166660222 5419322
166660223 5419322
166653303 5419323
166656842 5419323
166658835 5419324
166659657 5419324
166648144 5419325
166648145 5419325
166648146 5419325
166648707 5419325
166658085 5419325
166650362 5419336
166650364 5419336
166650510 5419336
166650575 5419336
166650709 5419336
166650809 5419336
166650816 5419336
166650837 5419336
166658340 5419338
166652106 5419342
166651708 5419356
166651710 5419356
166651729 5419356
166651880 5419356
166651977 5419356
166652117 5419356
166652125 5419356
166654886 5419356
166657036 5419356
166657038 5419356
166659812 5419356
166660067 5419356
166660119 5419356
166659288 5419359
166659289 5419359
166648141 5419361
166648142 5419361
166648143 5419361
166649070 5419373
166649071 5419373
166649082 5419373
166649598 5419373
166655273 5419373
166655275 5419373
166655677 5419373
166658196 5419373
166658197 5419373
166658261 5419373
166658262 5419373
166659991 5419373
166659994 5419373
166649318 5419377
166649324 5419377
166649386 5419377
166658240 5419377
166658241 5419377
166659997 5419377
166649312 5419381
166649327 5419381
166657772 5419381
166657773 5419381
166648641 5419382
166653288 5419382
166653290 5419382
166656221 5419384
166656222 5419384
166659872 5419384
166644303 5419402
166644305 5419402
166644307 5419402
166644309 5419402
166644310 5419402
166644340 5419402
166644580 5419402
166644581 5419402
166651280 5419419
166651280 92745679
166651280 92745694
166651280 92752109
166651280 92752131
166651282 5419419
166651282 92745679
166651282 92745694
166651282 92752109
166651282 92752131
166651286 5419419
166651286 92745679
166651286 92745694
166651286 92752109
166651286 92752131
166651287 5419419
166651287 92745679
166651287 92745694
166651287 92752109
166651287 92752131
166651289 5419419
166651289 92745679
166651289 92745694
166651289 92752109
166651289 92752131
166651290 5419419
166651290 92745679
166651290 92745694
166651290 92752109
166651290 92752131
166651292 5419419
166651292 92745679
166651292 92745694
166651292 92752109
166651292 92752131
166651294 5419419
166651294 92745679
166651294 92745694
166651294 92752109
166651294 92752131
166651296 5419419
166651296 92745679
166651296 92745694
166651296 92752109
166651296 92752131
166651298 5419419
166651298 92745679
166651298 92745694
166651298 92752109
166651298 92752131
166651300 5419419
166651300 92745679
166651300 92745694
166651300 92752109
166651300 92752131
166651302 5419419
166651302 92745679
166651302 92745694
166651302 92752109
166651302 92752131
166651304 5419419
166651304 92745679
166651304 92745694
166651304 92752109
166651304 92752131
166651349 5419419
166651349 92745679
166651349 92745694
166651349 92752109
166651349 92752131
166652565 5419419
166652565 92745679
166652565 92745694
166652565 92752109
166652565 92752131
166655151 5419419
166655151 92745679
166655151 92745694
166655151 92752109
166655151 92752131
166658840 5419419
166658840 92745679
166658840 92745694
166658840 92752109
166658840 92752131
166658841 5419419
166658841 92745679
166658841 92745694
166658841 92752109
166658841 92752131
166659779 5419419
166659779 92745679
166659779 92745694
166659779 92752109
166659779 92752131
166659852 5419419
166659852 92745679
166659852 92745694
166659852 92752109
166659852 92752131
166660050 5419419
166660050 92745679
166660050 92745694
166660050 92752109
166660050 92752131
166651307 5419422
166651309 5419422
166648517 5419423
166648520 5419423
166648521 5419423
166648540 5419423
166648644 5419423
166648750 5419423
166653628 5419423
166658842 5419424
166658842 5419426
166658842 92745688
166658842 92745706
166652568 5419424
166652568 92745688
166652568 92745706
166648512 5419427
166648513 5419427
166648515 5419427
166648516 5419427
166648518 5419428
166658532 5419429
166657445 5419430
166657446 5419430
166657989 5419430
166657992 5419430
166657993 5419430
166658327 5419430
166658328 5419430
166659856 5419430
166658581 5419431
166646468 5419447
166648318 5419447
166648335 5419447
166653112 5419447
166655628 5419447
166649652 5419464
166648790 5419468
166648929 5419468
166659975 5419468
166648675 5419472
166658052 5419472
166648078 5419473
166648079 5419473
166648080 5419473
166658221 5419473
166659183 5419473
166659193 5419473
166659194 5419473
166655783 5419477
166655788 5419477
166659893 5419477
166646872 5419478
166656743 5419478
166648899 5419480
166648957 5419480
166653464 5419480
166653471 5419481
166653473 5419481
166657487 5419481
166657488 5419481
166646857 5419482
166646876 5419482
166659633 5419482
166647713 5419485
166650357 5419488
166650508 5419488
166650730 5419488
166650744 5419488
166650783 5419488
166650394 5419490
166659440 5419491
166660208 5419492
166660209 5419492
166660216 5419492
166660217 5419492
166646751 5419495
166646752 5419495
166657991 5419496
166656762 5419497
166660122 5419499
166655636 5419500
166658371 5419500
166651096 5419501
166655015 5419501
166655557 5419501
166659871 5419501
166654442 5419519
166654436 5419521
166655246 5419521
166649334 5419527
166649372 5419527
166649374 5419527
166649376 5419527
166659999 5419527
166646574 5419530
166657940 5419530
166657981 5419532
166657984 5419532
166657987 5419532
166657988 5419532
166659158 5419533
166659159 5419533
166648159 5419535
166648631 5419535
166648640 5419535
166643850 5419542
166643960 5419542
166643967 5419542
166644007 5419542
166644642 5419542
166643849 5419551
166643920 5419551
166643938 5419551
166643940 5419551
166643962 5419551
166643964 5419551
166646746 5419553
166656737 5419553
166656738 5419553
166647130 5419556
166647257 5419556
166647260 5419556
166656759 5419556
166647032 5419560
166647033 5419560
166647035 5419560
166647114 5419560
166647115 5419560
166647250 5419560
166654679 5419560
166658882 5419560
166658883 5419560
166647245 5419562
166648816 5419563
166653492 5419563
166653568 5419563
166658414 5419564
166658418 5419564
166659351 5419564
166659352 5419564
166659726 5419564
166649351 5419571
166649518 5419571
166649520 5419571
166649532 5419571
166656904 5419571
166649352 5419573
166648185 5419575
166648186 5419575
166648187 5419575
166648188 5419575
166648189 5419575
166659677 5419575
166648067 5419580
166648068 5419580
166648676 5419580
166653295 5419580
166659214 5419580
166659215 5419580
166659658 5419580
166660112 5419580
166648062 5419582
166655827 5419582
166655832 5419582
166655837 5419582
166655838 5419582
166659966 5419582
166646132 5419584
166646133 5419584
166646134 5419584
166646200 5419584
166646279 5419584
166646286 5419584
166646301 5419584
166646347 5419584
166646369 5419584
166659416 5419584
166659417 5419584
166657931 5419592
166657934 5419592
166657937 5419592
166657938 5419592
166646131 5419597
166656659 5419601
166656661 5419601
166648167 5419602
166648821 5419602
166648879 5419602
166648888 5419602
166658168 5419602
166658170 5419602
166659131 5419602
166659132 5419602
166651148 5419606
166651166 5419606
166653777 5419606
166653778 5419606
166657466 5419607
166658808 5419609
166648796 5419618
166648843 5419618
166649092 5419618
166649093 5419618
166649095 5419618
166649143 5419618
166653538 5419618
166654544 5419618
166654555 5419618
166654583 5419618
166656861 5419618
166649091 5419625
166649113 5419625
166649155 5419625
166649157 5419625
166649159 5419625
166649163 5419625
166654634 5419625
166654636 5419625
166654638 5419625
166654640 5419625
166654642 5419625
166655509 5419625
166656878 5419625
166653537 5419628
166653540 5419628
166653519 5419630
166648109 5419634
166653337 5419634
166653549 5419634
166648168 5419635
166648169 5419635
166648170 5419635
166653342 5419635
166657886 5419635
166659126 5419635
166659127 5419635
166645005 5419636
166659441 5419637
166659683 5419639
166648802 5419643
166648803 5419643
166648804 5419643
166648927 5419643
166648942 5419643
166648979 5419643
166650994 5419643
166651069 5419643
166653691 5419643
166656116 5419643
166658273 5419643
166658274 5419643
166659761 5419643
166659764 5419643
166660047 5419643
166653729 5419644
166658405 5419645
166658406 5419645
166658845 5419646
166658846 5419646
166654434 5419647
166651969 5419648
166652050 5419648
166652075 5419648
166652089 5419648
166654887 5419648
166656173 5419648
166656176 5419648
166658176 5419650
166659724 5419651
166659729 5419651
166656022 5419654
166656023 5419654
166659353 5419655
166658779 5419661
166658782 5419661
166659548 5419661
166659549 5419661
166650400 5419664
166650527 5419664
166650603 5419664
166650632 5419664
166650641 5419664
166650654 5419664
166655065 5419664
166650629 5419665
166648818 5419673
166648883 5419673
166648817 5419674
166648876 5419674
166659134 5419677
166659135 5419677
166644657 5419681
166644659 5419681
166644676 5419681
166644749 5419681
166644759 5419681
166644781 5419681
166644846 5419681
166644861 5419681
166644866 5419681
166656530 5419681
166656535 5419682
166651383 5419683
166651400 5419683
166651268 5419691
166659298 5419693
166659308 5419693
166659309 5419693
166657160 5419696
166646166 5419699
166659833 5419699
166646291 5419708
166646343 5419708
166656697 5419708
166657780 5419708
166659609 5419708
166660110 5419708
166649974 5419710
166650348 5419710
166650349 5419710
166650350 5419710
166650495 5419710
166650622 5419710
166650626 5419710
166650636 5419710
166650661 5419710
166650665 5419710
166650871 5419710
166654195 5419710
166647302 5419712
166654670 5419712
166646771 5419719
166647048 5419719
166647294 5419719
166658601 5419719
166647160 5419721
166647312 5419721
166654588 5419721
166646836 5419722
166646837 5419722
166646856 5419722
166646911 5419722
166659685 5419723
