203994780 175492382
203994780 5555347
203994780 5815805
203992270 5552953
203992270 5815519
203992276 5552953
203992276 5815519
203992316 5552953
203992316 5815519
203992355 5552953
203992355 5815519
203992356 5552953
203992356 5815519
203992380 5552953
203992380 5815519
203997009 5553346
203997009 5815621
203990936 5553560
203990936 5815023
203982391 5555414
203982391 5815074
203991030 5555763
203991030 5815526
203992307 5556017
203992307 5815886
203992262 5556078
203992262 5815767
203996925 5556845
203996925 5815010
203996941 5556845
203996941 5815010
203994782 5558500
203994782 5816054
203994787 5558500
203994787 5816054
203994795 5558500
203994795 5816054
203994796 5558500
203994796 5816054
203994848 5558500
203994848 5816054
203997386 5558500
203997386 5816054
203990887 5559081
203990887 5816174
203990889 5559081
203990889 5816174
203982361 5815010
162566383 5741397
162566383 5815580
162566179 5741666
162566179 5814979
162566215 5741666
162566215 5814979
162566226 5741666
162566226 5814979
162566228 5741666
162566228 5814979
162571450 5742009
162571450 5815647
162570892 5742495
162570892 5815288
162570897 5742500
162570897 5815243
162570898 5742501
162570898 5815245
162571436 5742501
162571436 5815245
162571438 5742501
162571438 5815245
162571441 5742501
162571441 5815245
162571445 5742501
162571445 5815245
162571448 5742501
162571448 5815245
162570884 5742638
162570884 5815288
162570887 5742638
162570887 5815288
162570888 5742638
162570888 5815288
162570889 5742638
162570889 5815288
162570908 5742638
162570908 5815288
162570909 5742638
162570909 5815288
162570911 5742638
162570911 5815288
162570912 5742638
162570912 5815288
162570905 5742719
162570905 5815578
162570873 5742753
162570873 5815344
162570875 5742753
162570875 5815344
162570918 5742753
162570918 5815344
162570919 5742753
162570919 5815344
162565687 5743293
162565687 5815547
162565688 5743293
162565688 5815547
162565691 5743293
162565691 5815547
162571459 5743362
162571459 5815584
162571462 5743362
162571462 5815584
162571463 5743362
162571463 5815584
162571468 5743362
162571468 5815584
162566290 5743463
162566290 5815648
162566366 5743463
162566366 5815648
162566376 5743463
162566376 5815648
162566382 5743463
162566382 5815648
162571451 5743465
162571451 5815649
162571454 5743465
162571454 5815649
162571455 5743465
162571455 5815649
162571469 5743465
162571469 5815649
162566367 5743471
162566367 5815650
162566377 5743471
162566377 5815650
162565692 5744320
162565692 5817000
162565046 5744342
162565046 5816189
162565058 5744342
162565058 5816189
162565085 5744342
162565085 5816189
162565138 5744342
162565138 5816189
162565139 5744342
162565139 5816189
162566225 5744467
162566225 5816472
162566227 5744467
162566227 5816472
204289004 5815140
204242302 5778495
204242302 5815035
204242426 5778495
204242426 5815035
204242143 5778591
204242143 5815095
204242144 5778591
204242144 5815095
204242145 5778591
204242145 5815095
204242146 5778591
204242146 5815095
204242229 5778591
204242229 5815095
204242240 5778591
204242240 5815095
204239806 5778822
204239806 5815229
204242041 5778872
204242041 5815260
204242042 5778872
204242042 5815260
204242112 5778872
204242112 5815260
204242150 5778872
204242150 5815260
204242225 5778872
204242225 5815260
204242227 5778872
204242227 5815260
204240425 5779805
204240425 5815929
204242142 5779987
204242142 5816222
204242147 5779987
204242147 5816222
204242148 5779987
204242148 5816222
204242301 5779987
204242301 5816222
204242304 5779987
204242304 5816222
204242305 5779987
204242305 5816222
204242306 5779987
204242306 5816222
204241953 5780039
204241953 5816308
204241960 5780039
204241960 5816308
204242044 5780039
204242044 5816308
204242045 5780039
204242045 5816308
204242141 5780157
204242141 5816458
204242236 5780157
204242236 5816458
204240602 5780277
204240665 5780277
204241945 5780277
204240570 5780277
204240570 5816629
204240570 95120637
204240578 5780277
204240578 5816629
204240578 95120637
204240584 5780277
204240584 5816629
204240584 95120637
204240594 5780277
204240594 5816629
204240594 95120637
204240562 5816309
204240567 5816309
204240675 5816309
204240676 5816309
204289630 101458041
204289630 5816679
204289630 86128008
204289630 86128026
204289632 101458041
204289632 5816679
204289632 86128008
204289632 86128026
204289634 101458041
204289634 5816679
204289634 86128008
204289634 86128026
204289636 101458041
204289636 5816679
204289636 86128008
204289636 86128026
204289637 101458041
204289637 5816679
204289637 86128008
204289637 86128026
204289702 101458041
204289702 5816679
204289702 86128008
204289702 86128026
204292090 101458041
204292090 5816679
204292090 86128008
204292090 86128026
204292120 101458041
204292120 5816679
204292120 86128008
204292120 86128026
204296379 101458041
204296379 5816679
204296379 86128008
204296379 86128026
204296380 101458041
204296380 5816679
204296380 86128008
204296380 86128026
204296383 101458041
204296383 5816679
204296383 86128008
204296383 86128026
204296385 101458041
204296385 5816679
204296385 86128008
204296385 86128026
204296387 101458041
204296387 5816679
204296387 86128008
204296387 86128026
204296389 101458041
204296389 5816679
204296389 86128008
204296389 86128026
204296391 101458041
204296391 5816679
204296391 86128008
204296391 86128026
204296393 101458041
204296393 5816679
204296393 86128008
204296393 86128026
204296395 101458041
204296395 5816679
204296395 86128008
204296395 86128026
204297098 101458041
204297098 5816679
204297098 86128008
204297098 86128026
204297374 101458041
204297374 5816679
204297374 86128008
204297374 86128026
204299039 101458041
204299039 5816679
204299039 86128008
204299039 86128026
204299198 101458041
204299198 5816679
204299198 86128008
204299198 86128026
204299240 101458041
204299240 5816679
204299240 86128008
204299240 86128026
204302079 101458041
204302079 5816679
204302079 86128008
204302079 86128026
204302083 101458041
204302083 5816679
204302083 86128008
204302083 86128026
204302408 101458041
204302408 5816679
204302408 86128008
204302408 86128026
204288203 101458049
204288203 170835487
204288203 5815444
204288203 5816687
204288203 86418841
204288203 86418842
204288203 86418844
204288203 86418845
204288203 86418846
204288203 86418847
204288203 86418848
204288203 86418849
204288203 86418850
204288203 86418851
204288203 86418852
204288203 86418853
204288203 86418855
204288203 86418856
204288203 86418857
204288203 86418858
204288203 86418859
204288203 86418860
204288203 86418861
204288203 86418862
204288203 86418863
204288204 101458049
204288204 170835487
204288204 5815444
204288204 5816687
204288204 86418841
204288204 86418842
204288204 86418844
204288204 86418845
204288204 86418846
204288204 86418847
204288204 86418848
204288204 86418849
204288204 86418850
204288204 86418851
204288204 86418852
204288204 86418853
204288204 86418855
204288204 86418856
204288204 86418857
204288204 86418858
204288204 86418859
204288204 86418860
204288204 86418861
204288204 86418862
204288204 86418863
204299486 101458049
204299486 170835487
204299486 5815444
204299486 5816687
204299486 86418841
204299486 86418842
204299486 86418844
204299486 86418845
204299486 86418846
204299486 86418847
204299486 86418848
204299486 86418849
204299486 86418850
204299486 86418851
204299486 86418852
204299486 86418853
204299486 86418855
204299486 86418856
204299486 86418857
204299486 86418858
204299486 86418859
204299486 86418860
204299486 86418861
204299486 86418862
204299486 86418863
204298286 142995065
204298286 153853953
204298286 154944828
204298286 37361514
204298286 5815124
204298287 142995065
204298287 153853953
204298287 154944828
204298287 37361514
204298287 5815124
204299205 142995065
204299205 153853953
204299205 154944828
204299205 37361514
204299205 5815124
204294100 170835487
204294100 5816695
204301524 170835487
204301524 5816695
204303166 170835487
204303166 5816695
204301267 173730849
204301267 5815863
204301270 173730849
204301270 5815863
204301260 173730851
204301260 5815897
204301265 173730851
204301265 5815897
204301266 173730851
204301266 5815897
204289393 174031402
204289393 5814823
204289396 174031402
204289396 5814823
204289401 174031402
204289401 5814823
204289406 174031402
204289406 5814823
204289620 174031402
204289620 5814823
204295207 174031402
204295207 5814823
204295235 174031402
204295235 5814823
204295240 174031402
204295240 5814823
204295319 174031402
204295319 5814823
204295321 174031402
204295321 5814823
204295387 174031402
204295387 5814823
204295389 174031402
204295389 5814823
204295391 174031402
204295391 5814823
204295392 174031402
204295392 5814823
204295483 174031402
204295483 5814823
204295486 174031402
204295486 5814823
204295570 174031402
204295570 5814823
204295574 174031402
204295574 5814823
204298748 174031402
204298748 5814823
204299320 174031402
204299320 5814823
204299336 174031402
204299336 5814823
204299342 174031402
204299342 5814823
204299548 174031402
204299548 5814823
204302491 174031402
204302491 5814823
204303221 174031402
204303221 5814823
204289445 177421539
204289445 5816277
204289638 177421539
204289638 5816277
204289656 177421539
204289656 5816277
204289704 177421539
204289704 5816277
204290008 177421539
204290008 5816277
204290139 177421539
204290139 5816277
204298796 177421539
204298796 5816277
204302201 177421539
204302201 5816277
204289342 37361494
204289342 37361508
204289342 37361509
204289342 37361510
204289342 37361512
204289342 37361513
204289342 37365584
204289342 37365589
204289342 37366164
204289342 37366166
204289342 37367243
204289342 37367244
204289342 5816773
204289366 37361494
204289366 37361508
204289366 37361509
204289366 37361510
204289366 37361512
204289366 37361513
204289366 37365584
204289366 37365589
204289366 37366164
204289366 37366166
204289366 37367243
204289366 37367244
204289366 5816773
204289521 37361494
204289521 37361508
204289521 37361509
204289521 37361510
204289521 37361512
204289521 37361513
204289521 37365584
204289521 37365589
204289521 37366164
204289521 37366166
204289521 37367243
204289521 37367244
204289521 5816773
204289542 37361494
204289542 37361508
204289542 37361509
204289542 37361510
204289542 37361512
204289542 37361513
204289542 37365584
204289542 37365589
204289542 37366164
204289542 37366166
204289542 37367243
204289542 37367244
204289542 5816773
204289612 37361494
204289612 37361508
204289612 37361509
204289612 37361510
204289612 37361512
204289612 37361513
204289612 37365584
204289612 37365589
204289612 37366164
204289612 37366166
204289612 37367243
204289612 37367244
204289612 5816773
204289711 37361494
204289711 37361508
204289711 37361509
204289711 37361510
204289711 37361512
204289711 37361513
204289711 37365584
204289711 37365589
204289711 37366164
204289711 37366166
204289711 37367243
204289711 37367244
204289711 5816773
204298739 37361494
204298739 37361508
204298739 37361509
204298739 37361510
204298739 37361512
204298739 37361513
204298739 37365584
204298739 37365589
204298739 37366164
204298739 37366166
204298739 37367243
204298739 37367244
204298739 5816773
204298740 37361494
204298740 37361508
204298740 37361509
204298740 37361510
204298740 37361512
204298740 37361513
204298740 37365584
204298740 37365589
204298740 37366164
204298740 37366166
204298740 37367243
204298740 37367244
204298740 5816773
204298743 37361494
204298743 37361508
204298743 37361509
204298743 37361510
204298743 37361512
204298743 37361513
204298743 37365584
204298743 37365589
204298743 37366164
204298743 37366166
204298743 37367243
204298743 37367244
204298743 5816773
204298744 37361494
204298744 37361508
204298744 37361509
204298744 37361510
204298744 37361512
204298744 37361513
204298744 37365584
204298744 37365589
204298744 37366164
204298744 37366166
204298744 37367243
204298744 37367244
204298744 5816773
204298903 37361494
204298903 37361508
204298903 37361509
204298903 37361510
204298903 37361512
204298903 37361513
204298903 37365584
204298903 37365589
204298903 37366164
204298903 37366166
204298903 37367243
204298903 37367244
204298903 5816773
204298907 37361494
204298907 37361508
204298907 37361509
204298907 37361510
204298907 37361512
204298907 37361513
204298907 37365584
204298907 37365589
204298907 37366164
204298907 37366166
204298907 37367243
204298907 37367244
204298907 5816773
204298910 37361494
204298910 37361508
204298910 37361509
204298910 37361510
204298910 37361512
204298910 37361513
204298910 37365584
204298910 37365589
204298910 37366164
204298910 37366166
204298910 37367243
204298910 37367244
204298910 5816773
204298912 37361494
204298912 37361508
204298912 37361509
204298912 37361510
204298912 37361512
204298912 37361513
204298912 37365584
204298912 37365589
204298912 37366164
204298912 37366166
204298912 37367243
204298912 37367244
204298912 5816773
204298913 37361494
204298913 37361508
204298913 37361509
204298913 37361510
204298913 37361512
204298913 37361513
204298913 37365584
204298913 37365589
204298913 37366164
204298913 37366166
204298913 37367243
204298913 37367244
204298913 5816773
204298916 37361494
204298916 37361508
204298916 37361509
204298916 37361510
204298916 37361512
204298916 37361513
204298916 37365584
204298916 37365589
204298916 37366164
204298916 37366166
204298916 37367243
204298916 37367244
204298916 5816773
204298919 37361494
204298919 37361508
204298919 37361509
204298919 37361510
204298919 37361512
204298919 37361513
204298919 37365584
204298919 37365589
204298919 37366164
204298919 37366166
204298919 37367243
204298919 37367244
204298919 5816773
204300168 37361494
204300168 37361508
204300168 37361509
204300168 37361510
204300168 37361512
204300168 37361513
204300168 37365584
204300168 37365589
204300168 37366164
204300168 37366166
204300168 37367243
204300168 37367244
204300168 5816773
204300176 37361494
204300176 37361508
204300176 37361509
204300176 37361510
204300176 37361512
204300176 37361513
204300176 37365584
204300176 37365589
204300176 37366164
204300176 37366166
204300176 37367243
204300176 37367244
204300176 5816773
204300177 37361494
204300177 37361508
204300177 37361509
204300177 37361510
204300177 37361512
204300177 37361513
204300177 37365584
204300177 37365589
204300177 37366164
204300177 37366166
204300177 37367243
204300177 37367244
204300177 5816773
204300209 37361494
204300209 37361508
204300209 37361509
204300209 37361510
204300209 37361512
204300209 37361513
204300209 37365584
204300209 37365589
204300209 37366164
204300209 37366166
204300209 37367243
204300209 37367244
204300209 5816773
204300248 37361494
204300248 37361508
204300248 37361509
204300248 37361510
204300248 37361512
204300248 37361513
204300248 37365584
204300248 37365589
204300248 37366164
204300248 37366166
204300248 37367243
204300248 37367244
204300248 5816773
204300249 37361494
204300249 37361508
204300249 37361509
204300249 37361510
204300249 37361512
204300249 37361513
204300249 37365584
204300249 37365589
204300249 37366164
204300249 37366166
204300249 37367243
204300249 37367244
204300249 5816773
204300260 37361494
204300260 37361508
204300260 37361509
204300260 37361510
204300260 37361512
204300260 37361513
204300260 37365584
204300260 37365589
204300260 37366164
204300260 37366166
204300260 37367243
204300260 37367244
204300260 5816773
204300261 37361494
204300261 37361508
204300261 37361509
204300261 37361510
204300261 37361512
204300261 37361513
204300261 37365584
204300261 37365589
204300261 37366164
204300261 37366166
204300261 37367243
204300261 37367244
204300261 5816773
204298255 37361515
204298255 5815175
204298255 5815214
204298258 37361515
204298258 5815175
204298258 5815214
204298260 37361515
204298260 5815175
204298260 5815214
204298261 37361515
204298261 5815175
204298261 5815214
204298267 37361515
204298267 5815175
204298267 5815214
204299203 37361515
204299203 5815175
204299203 5815214
204293669 37361530
204293669 5815330
204293675 37361530
204293675 5815330
204293677 37361530
204293677 5815330
204293679 37361531
204293679 5816949
204293681 37361531
204293681 5816949
204297120 37361531
204297120 5816949
204297121 37361531
204297121 5816949
204298311 37361531
204298311 5816949
204300873 37361531
204300873 5816949
204302811 37361531
204302811 5816949
204303149 37361531
204303149 5816949
204303257 37361531
204303257 5816949
204293563 37364800
204293563 5815486
204293577 37364800
204293577 5815486
204293578 37364800
204293578 5815486
204293564 37364801
204293564 37364802
204293564 5816662
204293565 37364801
204293565 37364802
204293565 5816662
204293567 37364801
204293567 37364802
204293567 5816662
204293571 37364801
204293571 37364802
204293571 5816662
204293576 37364801
204293576 37364802
204293576 5816662
204294070 37364801
204294070 37364802
204294070 5816662
204294077 37364801
204294077 37364802
204294077 5816662
204294118 37364801
204294118 37364802
204294118 5816662
204294119 37364801
204294119 37364802
204294119 5816662
204294476 37364801
204294476 37364802
204294476 5816662
204294733 37364801
204294733 37364802
204294733 5816662
204294745 37364801
204294745 37364802
204294745 5816662
204297529 37364801
204297529 37364802
204297529 5816662
204298026 37364801
204298026 37364802
204298026 5816662
204298027 37364801
204298027 37364802
204298027 5816662
204303174 37364801
204303174 37364802
204303174 5816662
204303175 37364801
204303175 37364802
204303175 5816662
204303184 37364801
204303184 37364802
204303184 5816662
204292244 37364803
204292244 5815830
204292254 37364803
204292254 5815830
204292255 37364803
204292255 5815830
204292247 37364804
204292247 5815717
204292348 37364804
204292348 5815717
204292350 37364804
204292350 5815717
204292351 37364804
204292351 5815717
204302369 37365380
204302369 5814896
204302370 37365380
204302370 5814896
204292222 37365381
204292222 37365382
204292222 5814839
204292224 37365381
204292224 37365382
204292224 5814839
204292367 37365381
204292367 37365382
204292367 5814839
204292370 37365381
204292370 37365382
204292370 5814839
204292372 37365381
204292372 37365382
204292372 5814839
204292373 37365381
204292373 37365382
204292373 5814839
204292374 37365381
204292374 37365382
204292374 5814839
204292452 37365381
204292452 37365382
204292452 5814839
204292518 37365381
204292518 37365382
204292518 5814839
204292520 37365381
204292520 37365382
204292520 5814839
204292523 37365381
204292523 37365382
204292523 5814839
204292526 37365381
204292526 37365382
204292526 5814839
204292651 37365381
204292651 37365382
204292651 5814839
204292842 37365381
204292842 37365382
204292842 5814839
204292849 37365381
204292849 37365382
204292849 5814839
204292925 37365381
204292925 37365382
204292925 5814839
204297735 37365381
204297735 37365382
204297735 5814839
204297738 37365381
204297738 37365382
204297738 5814839
204297741 37365381
204297741 37365382
204297741 5814839
204297980 37365381
204297980 37365382
204297980 5814839
204297981 37365381
204297981 37365382
204297981 5814839
204299049 37365381
204299049 37365382
204299049 5814839
204299070 37365381
204299070 37365382
204299070 5814839
204299137 37365381
204299137 37365382
204299137 5814839
204302411 37365381
204302411 37365382
204302411 5814839
204292152 37365615
204292152 5815858
204292156 37365615
204292156 5815858
204292176 37365615
204292176 5815858
204292178 37365615
204292178 5815858
204290994 37366158
204290994 37366159
204290994 5816705
204290996 37366158
204290996 37366159
204290996 5816705
204290997 37366158
204290997 37366159
204290997 5816705
204290711 37366160
204290711 37366161
204290711 5815018
204290970 37366160
204290970 37366161
204290970 5815018
204290971 37366160
204290971 37366161
204290971 5815018
204290674 37366162
204290674 37366163
204290674 5816596
204290677 37366162
204290677 37366163
204290677 5816596
204290678 37366162
204290678 37366163
204290678 5816596
204290860 37366162
204290860 37366163
204290860 5816596
204290930 37366162
204290930 37366163
204290930 5816596
204290931 37366162
204290931 37366163
204290931 5816596
204290934 37366162
204290934 37366163
204290934 5816596
204290936 37366162
204290936 37366163
204290936 5816596
204290938 37366162
204290938 37366163
204290938 5816596
204290940 37366162
204290940 37366163
204290940 5816596
204290941 37366162
204290941 37366163
204290941 5816596
204290943 37366162
204290943 37366163
204290943 5816596
204298867 37366162
204298867 37366163
204298867 5816596
204298868 37366162
204298868 37366163
204298868 5816596
204302560 37366162
204302560 37366163
204302560 5816596
204289374 37367249
204289374 5816254
204289375 37367249
204289375 5816254
204289378 37367249
204289378 5816254
204289379 37367249
204289379 5816254
204289575 37367249
204289575 5816254
204289633 37367249
204289633 5816254
204289760 37367249
204289760 5816254
204289761 37367249
204289761 5816254
204302196 37367249
204302196 5816254
204289322 37367254
204289322 37367255
204289322 5815694
204289324 37367254
204289324 37367255
204289324 5815694
204289325 37367254
204289325 37367255
204289325 5815694
204289326 37367254
204289326 37367255
204289326 5815694
204289339 37367254
204289339 37367255
204289339 5815694
204289345 37367254
204289345 37367255
204289345 5815694
204289354 37367254
204289354 37367255
204289354 5815694
204289336 37367256
204289336 5815148
204289344 37367256
204289344 5815148
204289644 37367256
204289644 5815148
204289334 37367257
204289334 5815571
204289343 37367257
204289343 5815571
204289276 37367760
204289276 5816821
204289282 37367760
204289282 5816821
204300833 37367760
204300833 5816821
204300834 37367760
204300834 5816821
204300162 37367768
204300162 5815227
204300173 37367768
204300173 5815227
204300193 37367768
204300193 5815227
204300194 37367768
204300194 5815227
204286345 37379389
204286345 5816383
204286346 37379389
204286346 5816383
204286521 37379389
204286521 5816383
204286661 37379389
204286661 5816383
204297278 37379389
204297278 5816383
204300777 38091428
204300777 5815516
204300780 38091428
204300780 5815516
204300783 38091428
204300783 5815516
204300229 38091429
204300229 5816807
204300232 38091429
204300232 5816807
204300722 38091429
204300722 5816807
204300723 38091429
204300723 5816807
204300730 38091429
204300730 5816807
204289500 38091430
204289500 5814827
204289515 38091430
204289515 5814827
204297706 38091430
204297706 5814827
204297707 38091430
204297707 5814827
204300156 38091430
204300156 5814827
204300712 38091430
204300712 5814827
204300740 38091430
204300740 5814827
204300741 38091430
204300741 5814827
204300746 38091430
204300746 5814827
204300747 38091430
204300747 5814827
204300770 38091430
204300770 5814827
204300773 38091430
204300773 5814827
204300774 38091430
204300774 5814827
204300789 38091430
204300789 5814827
204300792 38091430
204300792 5814827
204300793 38091430
204300793 5814827
204297708 38091431
204297708 5816730
204300238 38091431
204300238 5816730
204300724 38091431
204300724 5816730
204300725 38091431
204300725 5816730
204302200 38091431
204302200 5816730
204289440 38091432
204289440 5814775
204300223 38091432
204300223 5814775
204300226 38091432
204300226 5814775
204289438 38091433
204289438 5816440
204289471 38091433
204289471 5816440
204300218 38091433
204300218 5816440
204300220 38091433
204300220 5816440
204299583 5742325
204299583 5816358
204299583 90773751
204302241 5742325
204302241 5816358
204302241 90773751
204293984 5814762
204296686 5814762
204302034 5814763
204295845 5814764
204295846 5814764
204295938 5814764
204299549 5814764
204296171 5814770
204301180 5814771
204301200 5814771
204301201 5814771
204293971 5814773
204288369 5814774
204288377 5814774
204288402 5814774
204298612 5814774
204290872 5814780
204290874 5814780
204297712 5814780
204298861 5814780
204298887 5814780
204298888 5814780
204300743 5814780
204300744 5814780
204300748 5814780
204300749 5814780
204300775 5814780
204300776 5814780
204300795 5814780
204296225 5814783
204296248 5814783
204296285 5814783
204296330 5814783
204296332 5814783
204299427 5814783
204299431 5814783
204299450 5814783
204299520 5814783
204303230 5814783
204291612 5814784
204292709 5814784
204292716 5814784
204301279 5814784
204300341 5814786
204290708 5814787
204290712 5814787
204290785 5814787
204290788 5814787
204295801 5814787
204295817 5814787
204295841 5814787
204295851 5814787
204295921 5814787
204295926 5814787
204295973 5814787
204295974 5814787
204298874 5814787
204298875 5814787
204299381 5814787
204299395 5814787
204290410 5814797
204290430 5814797
204290434 5814797
204290443 5814797
204290553 5814797
204290560 5814797
204290627 5814797
204290630 5814797
204291653 5814797
204291663 5814797
204291682 5814797
204297926 5814797
204298851 5814797
204302265 5814797
204302266 5814797
204302267 5814797
204302340 5814797
204291698 5814800
204294758 5814802
204303188 5814802
204301286 5814803
204294198 5814807
204294200 5814807
204294201 5814807
204293773 5814808
204293777 5814808
204293779 5814808
204297355 5814808
204300536 5814808
204300879 5814808
204300880 5814808
204294179 5814809
204295195 5814812
204295195 85877063
204295195 85877069
204295197 5814812
204295197 85877063
204295197 85877069
204295198 5814812
204295198 85877063
204295198 85877069
204295372 5814812
204295372 85877063
204295372 85877069
204299333 5814812
204299333 85877063
204299333 85877069
204302489 5814812
204302489 85877063
204302489 85877069
204289348 5814814
204295354 5814814
204295356 5814814
204295361 5814814
204295435 5814814
204302520 5814814
204289341 5814824
204293791 5814825
204293812 5814825
204294018 5814828
204293788 5814829
204293817 5814829
204289740 5814832
204289742 5814832
204289749 5814832
204289750 5814832
204289751 5814832
204289945 5814832
204289977 5814832
204301955 5814832
204301956 5814832
204302209 5814832
204302212 5814832
204302214 5814832
204294840 5814834
204297716 5814835
204293951 5814842
204301002 5814844
204300547 5814846
204303041 5814846
204291902 5814846
204291902 5815495
204293602 5814847
204294375 5814847
204299211 5814847
204302466 5814847
204300396 5814849
204287620 5814851
204287823 5814851
204295796 5814854
204296898 5814854
204295798 5814857
204295805 5814857
204296001 5814859
204295782 5814860
204296004 5814860
204296006 5814860
204292450 5814862
204297996 5814862
204299059 5814862
204301243 5814864
204300460 5814865
204300469 5814865
204300472 5814865
204302295 5814866
204302296 5814868
204300447 5814870
204300463 5814870
204300466 5814870
204300475 5814870
204302050 5814870
204287251 5814871
204287252 5814871
204297420 5814871
204298044 5814871
204298045 5814871
204301249 5814872
204289730 5814874
204290017 5814874
204288187 5814876
204303144 5814877
204286984 5814881
204286994 5814881
204287003 5814881
204287018 5814881
204287035 5814881
204302137 5814881
204286983 5814887
204286996 5814887
204287005 5814887
204287124 5814887
204298079 5814887
204298447 5814887
204298454 5814887
204289033 5814891
204292168 5814892
204292278 5814892
204302367 5814892
204300534 5814894
204286997 5814895
204287001 5814895
204287307 5814897
204287308 5814897
204287470 5814897
204298450 5814899
204287153 5814900
204288226 5814900
204288259 5814900
204298451 5814901
204301093 5814902
204287059 5814909
204287061 5814909
204287062 5814909
204287068 5814909
204287142 5814909
204288220 5814909
204298083 5814909
204298452 5814909
204301959 5814911
204298456 5814912
204301098 5814913
204288892 5814914
204289678 5814916
204292920 5814918
204300929 5814918
204293444 5814919
204302434 5814919
204292924 5814920
204292926 5814921
204300608 5814922
204300609 5814922
204292067 5814924
204288221 5814929
204288323 5814929
204288532 5814929
204288324 5814931
204295071 5814932
204295173 5814932
204299302 5814932
204288326 5814935
204298134 5814935
204298621 5814935
204298622 5814935
204298520 5814939
204288329 5814941
204295175 5814942
204299306 5814942
204301162 5814944
204299308 5814946
204299909 5814949
204300380 5814949
204302452 5814949
204300381 5814950
204287835 5814952
204298526 5814952
204295784 5814953
204295896 5814953
204295788 5814956
204295797 5814956
204295900 5814956
204295969 5814956
204302545 5814956
204287298 5814967
204287613 5814967
204287619 5814967
204287621 5814967
204287732 5814967
204287824 5814967
204298487 5814967
204298499 5814967
204302997 5814967
204303063 5814968
204287615 5814970
204287617 5814970
204301236 5814971
204301237 5814971
204300452 5814972
204300455 5814972
204293099 5814975
204293101 5814975
204293103 5814975
204302406 5814975
204301238 5814977
204288981 5814979
204287390 5814981
204287065 5814984
204287148 5814984
204287239 5814984
204287240 5814984
204287396 5814984
204287400 5814984
204287401 5814984
204287407 5814984
204287693 5814984
204287694 5814984
204287695 5814984
204300967 5814984
204300968 5814984
204302147 5814984
204295853 5814986
204296037 5814986
204286349 5814990
204292208 5814991
204287399 5814992
204295856 5814995
204296027 5814995
204299390 5814995
204287508 5814996
204301301 5814996
204286980 5814999
204301305 5815001
204302805 5815001
204302806 5815001
204286987 5815002
204286993 5815002
204287250 5815002
204298441 5815002
204300524 5815003
204286979 5815004
204286988 5815004
204287000 5815004
204286954 5815005
204286989 5815005
204287114 5815005
204287205 5815005
204295368 5815006
204295369 5815006
204295370 5815006
204295591 5815006
204295596 5815006
204295597 5815006
204300529 5815007
204288244 5815008
204287299 5815009
204287316 5815009
204287338 5815009
204287352 5815009
204287367 5815009
204287372 5815009
204287461 5815009
204287463 5815009
204296798 5815009
204301082 5815011
204301088 5815011
204294011 5815012
204294012 5815012
204298443 5815013
204298445 5815013
204298455 5815013
204294013 5815014
204294014 5815014
204301064 5815015
204301085 5815015
204298444 5815017
204302136 5815017
204289444 5815019
204289668 5815019
204289690 5815019
204299547 5815019
204298449 5815021
204302424 5815026
204302425 5815026
204286522 5815028
204286523 5815028
204297268 5815028
204294651 5815031
204297511 5815031
204303194 5815031
204293338 5815034
204297362 5815034
204302429 5815034
204298510 5815038
204289721 5815039
204289731 5815039
204287688 5815042
204298512 5815042
204289716 5815043
204289732 5815043
204287698 5815045
204298514 5815045
204301137 5815047
204301156 5815047
204301159 5815047
204300372 5815048
204289736 5815049
204298519 5815051
204298530 5815051
204288091 5815052
204287898 5815053
204288094 5815053
204295769 5815054
204295772 5815054
204296557 5815055
204301220 5815056
204301221 5815057
204291349 5815058
204290411 5815059
204290565 5815059
204293949 5815060
204301226 5815061
204300426 5815062
204300442 5815062
204301229 5815063
204291987 5815064
204287887 5815067
204287896 5815067
204288165 5815067
204298564 5815067
204299142 5815068
204299145 5815070
204287385 5815072
204287386 5815072
204289080 5815074
204295844 5815076
204296021 5815076
204296022 5815076
204296025 5815076
204287389 5815079
204300511 5815080
204301538 5815080
204300574 5815081
204302345 5815081
204290638 5815083
204286965 5815084
204286976 5815084
204286977 5815084
204300490 5815085
204300493 5815085
204300514 5815085
204286978 5815086
204300519 5815087
204295808 5815089
204295902 5815089
204295904 5815089
204295911 5815089
204295942 5815089
204299550 5815089
204301069 5815090
204301072 5815090
204298433 5815093
204289543 5815094
204289654 5815094
204289655 5815097
204289696 5815097
204298439 5815099
204288875 5815100
204294141 5815101
204294143 5815101
204300298 5815101
204302414 5815103
204288302 5815106
204301140 5815107
204287322 5815108
204287324 5815108
204287325 5815108
204287326 5815108
204287497 5815108
204287518 5815108
204287524 5815108
204287643 5815110
204298503 5815110
204301145 5815112
204301148 5815112
204301205 5815112
204287641 5815115
204287645 5815115
204287647 5815115
204287648 5815115
204287754 5815115
204298505 5815115
204287315 5815117
204287330 5815117
204287334 5815117
204287529 5815117
204298506 5815118
204287649 5815120
204287652 5815120
204298507 5815120
204289728 5815121
204300366 5815123
204293071 5815125
204301210 5815126
204301215 5815127
204300431 5815128
204300439 5815128
204286898 5815129
204300436 5815130
204296568 5815131
204296608 5815131
204296611 5815131
204303246 5815131
204295830 5815133
204302332 5815134
204293146 5815136
204286963 5815137
204300480 5815138
204300499 5815138
204300500 5815138
204286967 5815139
204286968 5815139
204295347 5815142
204300485 5815144
204300496 5815144
204300506 5815144
204289008 5815145
204293785 5815146
204294043 5815146
204294407 5815146
204289643 5815147
204287004 5815149
204287012 5815149
204298426 5815149
204302141 5815149
204300284 5815150
204286681 5815155
204286695 5815155
204298428 5815155
204289649 5815156
204286667 5815158
204298429 5815158
204295645 5815161
204295683 5815161
204295710 5815161
204295718 5815161
204299353 5815161
204295627 5815166
204295628 5815166
204295630 5815166
204295631 5815166
204295632 5815166
204295677 5815166
204295679 5815166
204295685 5815166
204295703 5815166
204295707 5815166
204287513 5815167
204301130 5815168
204291896 5815170
204287282 5815171
204287292 5815171
204287303 5815171
204287314 5815171
204287317 5815171
204287345 5815171
204287350 5815171
204287383 5815171
204287560 5815171
204287293 5815173
204300990 5815174
204298269 5815175
204298270 5815175
204287296 5815176
204298486 5815176
204301202 5815177
204302253 5815178
204300417 5815179
204300421 5815179
204286884 5815181
204286885 5815182
204286886 5815182
204286887 5815184
204287351 5815185
204287360 5815185
204287347 5815186
204287361 5815186
204286314 5815187
204286555 5815187
204295820 5815188
204287366 5815189
204288787 5815190
204298691 5815190
204296325 5815191
204296382 5815191
204301281 5815192
204302327 5815192
204297168 5815194
204294551 5815196
204291179 5815197
204301053 5815199
204301056 5815200
204301059 5815200
204297234 5815202
204296683 5815203
204297235 5815203
204293209 5815204
204295671 5815206
204295810 5815206
204295811 5815206
204295812 5815206
204295813 5815206
204295814 5815206
204301120 5815208
204301246 5815208
204301250 5815208
204301125 5815209
204301126 5815210
204301127 5815210
204300978 5815212
204300980 5815212
204296528 5815216
204300983 5815217
204300985 5815219
204300411 5815220
204302246 5815221
204300418 5815224
204287353 5815225
204287354 5815225
204287356 5815225
204287362 5815225
204300963 5815225
204286296 5815226
204286306 5815226
204288743 5815228
204288779 5815228
204287997 5815230
204298555 5815230
204295327 5815231
204294547 5815232
204303185 5815232
204290726 5815236
204290842 5815236
204302091 5815236
204301043 5815238
204287427 5815239
204287590 5815239
204290388 5815240
204289275 5815242
204289275 90774088
204289338 5815242
204289338 90774088
204289629 5815242
204289629 90774088
204293010 5815243
204290450 5815246
204301113 5815247
204286733 5815250
204286791 5815250
204286792 5815250
204286832 5815250
204286840 5815250
204288185 5815250
204288186 5815250
204288188 5815250
204295172 5815251
204299992 5815252
204299992 5816267
204299993 5815252
204299993 5816267
204300010 5815252
204300010 5816267
204300331 5815252
204300331 5816267
204287871 5815255
204288054 5815255
204287270 5815256
204287638 5815258
204287744 5815258
204287751 5815258
204287866 5815258
204287867 5815258
204287869 5815258
204287882 5815258
204288056 5815258
204288101 5815258
204288559 5815261
204288693 5815261
204300403 5815265
204294467 5815266
204287339 5815268
204287341 5815268
204287342 5815268
204287343 5815268
204287344 5815268
204287662 5815268
204287664 5815268
204287346 5815270
204293689 5815271
204295809 5815273
204297145 5815274
204287854 5815276
204287984 5815276
204287611 5815280
204287640 5815280
204287713 5815280
204287988 5815280
204298500 5815280
204298518 5815280
204287412 5815281
204287413 5815284
204287417 5815284
204298494 5815284
204295095 5815290
204295162 5815290
204289461 5815292
204300182 5815292
204300211 5815292
204300254 5815292
204300255 5815292
204288833 5815294
204295097 5815295
204288706 5815300
204288834 5815300
204288837 5815300
204288835 5815302
204291220 5815303
204291222 5815303
204300891 5815304
204300881 5815306
204300894 5815306
204298176 5815307
204298177 5815307
204293824 5815308
204294609 5815310
204286780 5815311
204300899 5815312
204301103 5815313
204302154 5815315
204301108 5815316
204294383 5815317
204300960 5815318
204300961 5815319
204295625 5815320
204295724 5815320
204286854 5815321
204286855 5815322
204292714 5815323
204300931 5815323
204293670 5815324
204293672 5815324
204287332 5815327
204287333 5815327
204293678 5815331
204292493 5815333
204288750 5815334
204292496 5815335
204300924 5815335
204297136 5815337
204301253 5815337
204297137 5815338
204295307 5815340
204295308 5815340
204294528 5815341
204295082 5815342
204301026 5815343
204301029 5815343
204295088 5815345
204287938 5815346
204287941 5815346
204288829 5815346
204289370 5815348
204289381 5815348
204289373 5815350
204289383 5815350
204300887 5815351
204300888 5815351
204286698 5815356
204286734 5815356
204286773 5815356
204302146 5815358
204295155 5815359
204286720 5815360
204286778 5815360
204287902 5815366
204287905 5815366
204287907 5815366
204287909 5815366
204288025 5815366
204288030 5815366
204288068 5815366
204298544 5815366
204298545 5815366
204298581 5815366
204298594 5815366
204302156 5815366
204293590 5815368
204299011 5815369
204295711 5815370
204300951 5815371
204295712 5815377
204296052 5815377
204296150 5815377
204296901 5815377
204302522 5815377
204295640 5815379
204295646 5815379
204295713 5815379
204295716 5815379
204295714 5815381
204295715 5815381
204300955 5815383
204287017 5815384
204300956 5815384
204295717 5815385
204287892 5815386
204287893 5815387
204287894 5815387
204288014 5815387
204288020 5815387
204295224 5815388
204287895 5815389
204298538 5815389
204287897 5815390
204287906 5815390
204288105 5815392
204290227 5815394
204290229 5815394
204290286 5815394
204290308 5815394
204297698 5815398
204287329 5815400
204297123 5815401
204297124 5815402
204298946 5815403
204286690 5815408
204286691 5815410
204286703 5815410
204301013 5815411
204286693 5815412
204286694 5815412
204290991 5815413
204291002 5815413
204291004 5815413
204291218 5815413
204291219 5815413
204291286 5815413
204300920 5815413
204300864 5815414
204300871 5815414
204295633 5815415
204295634 5815416
204290999 5815417
204291001 5815417
204295635 5815421
204295638 5815421
204295639 5815421
204295669 5815421
204295675 5815421
204295708 5815421
204295815 5815421
204300875 5815423
204303255 5815423
204300876 5815424
204299573 5815425
204287131 5815426
204287249 5815426
204287302 5815426
204287305 5815426
204287479 5815426
204287503 5815426
204302135 5815426
204286696 5815427
204286729 5815427
204286767 5815427
204286770 5815427
204286827 5815427
204302138 5815430
204287241 5815431
204287243 5815432
204295704 5815435
204299351 5815435
204300944 5815437
204295705 5815438
204295706 5815438
204300947 5815439
204295709 5815440
204289448 5815443
204286833 5815444
204286835 5815444
204286835 5816693
204286837 5815446
204286838 5815446
204287311 5815449
204287486 5815449
204297682 5815450
204287313 5815451
204297683 5815452
204297688 5815453
204286909 5815454
204300788 5815455
204300791 5815455
204300796 5815456
204289296 5815457
204300797 5815459
204297754 5815460
204300799 5815462
204301004 5815464
204301005 5815464
204286683 5815465
204286684 5815467
204286685 5815468
204301008 5815469
204286687 5815470
204290981 5815472
204290984 5815472
204302287 5815472
204295623 5815473
204295626 5815474
204302525 5815474
204300867 5815475
204300868 5815475
204299561 5815476
204286867 5815479
204299996 5815479
204299998 5815479
204299999 5815479
204300012 5815479
204301480 5815479
204301481 5815479
204302124 5815479
204296067 5815480
204296186 5815480
204287071 5815483
204287233 5815483
204287234 5815484
204293566 5815486
204293566 5815532
204300934 5815488
204300939 5815490
204287863 5815493
204287872 5815493
204287877 5815496
204291906 5815498
204293645 5815500
204293647 5815502
204294124 5815502
204297678 5815503
204287309 5815505
204287319 5815505
204287331 5815505
204287340 5815505
204287355 5815505
204287492 5815505
204287520 5815505
204287527 5815505
204288721 5815508
204298693 5815508
204292468 5815509
204297104 5815511
204288727 5815514
204298686 5815514
204299708 5815515
204298929 5815520
204289286 5815521
204289289 5815522
204302044 5815523
204302047 5815524
204292536 5815525
204300850 5815527
204295613 5815528
204289355 5815529
204295005 5815530
204295128 5815530
204302749 5815531
204302750 5815531
204292383 5815533
204300926 5815535
204287860 5815536
204291030 5815537
204291011 5815539
204291032 5815539
204298846 5815543
204297660 5815546
204288712 5815550
204287932 5815552
204287933 5815552
204287934 5815553
204287073 5815554
204287939 5815556
204300763 5815558
204300766 5815558
204300769 5815558
204300772 5815558
204289274 5815559
204289277 5815561
204302028 5815565
204302031 5815565
204302032 5815566
204296096 5815567
204298699 5815568
204295601 5815569
204287063 5815570
204298121 5815570
204298122 5815570
204298493 5815570
204288563 5815572
204286730 5815575
204287067 5815575
204286732 5815577
204289989 5815582
204293556 5815585
204297496 5815585
204300555 5815585
204300916 5815586
204294973 5815587
204300917 5815588
204287834 5815589
204287850 5815589
204294976 5815590
204301471 5815592
204301472 5815592
204300592 5815596
204300595 5815596
204300640 5815596
204300664 5815596
204300665 5815596
204300668 5815596
204300669 5815596
204300676 5815596
204300677 5815596
204300689 5815596
204300690 5815596
204300694 5815596
204300695 5815596
204303223 5815596
204300691 5815597
204300698 5815599
204286584 5815600
204291661 5815601
204299397 5815602
204288704 5815604
204288707 5815604
204287920 5815606
204298549 5815606
204287060 5815607
204287064 5815607
204298118 5815607
204298119 5815607
204288708 5815608
204287924 5815609
204298546 5815609
204288709 5815611
204298682 5815611
204287689 5815612
204287928 5815612
204286650 5815615
204286653 5815616
204302023 5815617
204295034 5815619
204302027 5815620
204286659 5815622
204298687 5815623
204290933 5815624
204290952 5815624
204302659 5815625
204302660 5815625
204290939 5815627
204290953 5815627
204289335 5815628
204288551 5815630
204289337 5815631
204287707 5815632
204288553 5815632
204298670 5815632
204300838 5815633
204286709 5815641
204286722 5815641
204286724 5815641
204286725 5815641
204286726 5815641
204296151 5815642
204286727 5815644
204289975 5815646
204287842 5815651
204287845 5815655
204298554 5815655
204287847 5815657
204287833 5815659
204287848 5815659
204299310 5815659
204300682 5815661
204300683 5815661
204291014 5815664
204297642 5815665
204299385 5815668
204290868 5815669
204290869 5815669
204290870 5815669
204290871 5815671
204287916 5815674
204300750 5815676
204300753 5815676
204287918 5815678
204297710 5815679
204300718 5815679
204300721 5815679
204297713 5815680
204300758 5815681
204287692 5815682
204287701 5815682
204300972 5815682
204295026 5815684
204295028 5815684
204298650 5815692
204298672 5815692
204297499 5815696
204289327 5815697
204286708 5815699
204286710 5815699
204286712 5815699
204286713 5815699
204286711 5815703
204286714 5815703
204286715 5815703
204286716 5815703
204288549 5815706
204287646 5815708
204287657 5815708
204287658 5815708
204287660 5815708
204287678 5815708
204287759 5815708
204287767 5815708
204287769 5815708
204287772 5815708
204298509 5815708
204296149 5815710
204297560 5815712
204293533 5815713
204302724 5815715
204303276 5815715
204297569 5815718
204287831 5815720
204287832 5815720
204300646 5815721
204300649 5815721
204300652 5815721
204300670 5815721
204296217 5815722
204288392 5815723
204300678 5815724
204297634 5815726
204288393 5815727
204290223 5815728
204290225 5815728
204299370 5815729
204297636 5815730
204288397 5815731
204288896 5815731
204298620 5815731
204298703 5815731
204297638 5815732
204299377 5815733
204299359 5815736
204299378 5815736
204287901 5815737
204288191 5815738
204288208 5815738
204298596 5815738
204302571 5815740
204302572 5815742
204300736 5815743
204300739 5815743
204300742 5815743
204300745 5815743
204297489 5815744
204286701 5815745
204286704 5815746
204286705 5815748
204286706 5815748
204286707 5815749
204302715 5815750
204302716 5815750
204299294 5815752
204295989 5815753
204295991 5815753
204299295 5815754
204294946 5815756
204299296 5815756
204301296 5815756
204295992 5815759
204295993 5815759
204295994 5815759
204299396 5815759
204295795 5815760
204295987 5815760
204295988 5815760
204295995 5815760
204287820 5815762
204295996 5815763
204295999 5815763
204287825 5815764
204287827 5815766
204297622 5815768
204300658 5815769
204300666 5815769
204290212 5815772
204286551 5815776
204297626 5815777
204297629 5815778
204298580 5815781
204286556 5815782
204286546 5815784
204286558 5815784
204291639 5815785
204298009 5815787
204298010 5815787
204295571 5815788
204300731 5815789
204295573 5815790
204299430 5815792
204286622 5815794
204287668 5815796
204287670 5815796
204287672 5815796
204301290 5815797
204287674 5815799
204295007 5815800
204301299 5815801
204290928 5815802
204290929 5815802
204300807 5815803
204303190 5815804
204300585 5815806
204300589 5815806
204293512 5815807
204293512 5816699
204287818 5815808
204302484 5815809
204293299 5815810
204297614 5815811
204297616 5815812
204298572 5815813
204297396 5815814
204297398 5815815
204292183 5815816
204294781 5815817
204300726 5815818
204290825 5815820
204302559 5815820
204296047 5815825
204301287 5815826
204298648 5815827
204296681 5815828
204292246 5815830
204292246 5815873
204296685 5815832
204298716 5815834
204290122 5815836
204300577 5815837
204297536 5815839
204293691 5815841
204293786 5815841
204294046 5815841
204297539 5815841
204295968 5815846
204295970 5815846
204295971 5815846
204287803 5815848
204287805 5815848
204287807 5815848
204303256 5815849
204302472 5815850
204300624 5815851
204300627 5815851
204300638 5815851
204300641 5815851
204286537 5815852
204294130 5815854
204287587 5815855
204300715 5815856
204299412 5815859
204296030 5815861
204296031 5815861
204287653 5815862
204287654 5815862
204301271 5815864
204287655 5815865
204293337 5815867
204293418 5815867
204293420 5815867
204293422 5815867
204296038 5815868
204290903 5815871
204296674 5815872
204296676 5815872
204300561 5815875
204300562 5815875
204300569 5815876
204301982 5815879
204300636 5815880
204300637 5815880
204299332 5815881
204286515 5815882
204286517 5815882
204286525 5815882
204301194 5815883
204294129 5815884
204302537 5815885
204296018 5815887
204299400 5815887
204303091 5815888
204295781 5815894
204295789 5815894
204295894 5815894
204296009 5815894
204296011 5815894
204296012 5815894
204296013 5815894
204296015 5815894
204296020 5815894
204299401 5815894
204302536 5815894
204287644 5815899
204296023 5815900
204296024 5815900
204296026 5815903
204296028 5815905
204294837 5815906
204293199 5815907
204301972 5815909
204301978 5815911
204301979 5815912
204292947 5815913
204302459 5815914
204301181 5815915
204298540 5815917
204298541 5815919
204301189 5815920
204302524 5815923
204296014 5815925
204296016 5815925
204296017 5815926
204296019 5815927
204288192 5815929
204286365 5815931
204286368 5815931
204286371 5815931
204294821 5815932
204286366 5815933
204286367 5815933
204299176 5815934
204299178 5815934
204292226 5815935
204286369 5815936
204303150 5815937
204300541 5815938
204300545 5815939
204289044 5815940
204300549 5815941
204301962 5815943
204301963 5815943
204301966 5815944
204301969 5815945
204303224 5815946
204292930 5815947
204292931 5815947
204300610 5815948
204300613 5815948
204300616 5815948
204300619 5815948
204297284 5815950
204297289 5815952
204288331 5815954
204301170 5815955
204301173 5815955
204301176 5815955
204300391 5815956
204298536 5815957
204300392 5815958
204298537 5815959
204289756 5815961
204289757 5815961
204300394 5815964
204299384 5815965
204300835 5815966
204293713 5815967
204294158 5815967
204297383 5815967
204290141 5815977
204290192 5815977
204291322 5815977
204303050 5815977
204295179 5815988
204295331 5815988
204289662 5815992
204289663 5815992
204299341 5815998
204300040 5815999
204300041 5815999
204286974 5816001
204297422 5816001
204300337 5816003
204300340 5816003
204302729 5816003
204302730 5816003
204299556 5816008
204299565 5816008
204299865 5816008
204302984 5816008
204290135 5816014
204290189 5816014
204290197 5816014
204302239 5816014
204301158 5816016
204289432 5816017
204289436 5816017
204293929 5816018
204293940 5816018
204302041 5816019
204302307 5816019
204288613 5816021
204288963 5816021
204288997 5816021
204297666 5816021
204293830 5816023
204301078 5816023
204301079 5816023
204299914 5816026
204303252 5816026
204289315 5816027
204293888 5816029
204294187 5816029
204301091 5816029
204301092 5816029
204301094 5816029
204301095 5816029
204300846 5816030
204293720 5816031
204294231 5816031
204300476 5816031
204300477 5816031
204300481 5816031
204300482 5816031
204300488 5816031
204300489 5816031
204300522 5816031
204300523 5816031
204300527 5816031
204300528 5816031
204288298 5816035
204297640 5816036
204301128 5816037
204289659 5816038
204290083 5816042
204298808 5816042
204301997 5816043
204302020 5816043
204293343 5816048
204297351 5816048
204299553 5816048
204299554 5816048
204301384 5816048
204301993 5816048
204301994 5816048
204302616 5816048
204302623 5816048
204302624 5816048
204286292 5816049
204298839 5816050
204298852 5816050
204300703 5816050
204297680 5816051
204298619 5816051
204298702 5816051
204293320 5816052
204302427 5816052
204296270 5816053
204296492 5816053
204296597 5816053
204296628 5816053
204296631 5816053
204296645 5816053
204299432 5816053
204303241 5816053
204303243 5816053
204289329 5816055
204289346 5816056
204289347 5816056
204289349 5816057
204288497 5816058
204298618 5816058
204293802 5816060
204300163 5816062
204300166 5816062
204300322 5816064
204303167 5816064
204287607 5816065
204287661 5816065
204287667 5816065
204287671 5816065
204287686 5816065
204287690 5816065
204287703 5816065
204287817 5816065
204293144 5816067
204303124 5816067
204293064 5816068
204293826 5816070
204296440 5816073
204287369 5816076
204287391 5816076
204287397 5816076
204287415 5816076
204288330 5816076
204288332 5816076
204288338 5816076
204298609 5816076
204302580 5816078
204301051 5816080
204301099 5816080
204292743 5816084
204292751 5816084
204292827 5816084
204299110 5816084
204299111 5816084
204303108 5816084
204302150 5816085
204292190 5816086
204292205 5816086
204292211 5816086
204293570 5816086
204294050 5816086
204294053 5816086
204294056 5816086
204297531 5816086
204302372 5816086
204302446 5816086
204303148 5816087
204298339 5816092
204298340 5816092
204298435 5816092
204302691 5816092
204302692 5816092
204302764 5816092
204302765 5816092
204293620 5816093
204293627 5816093
204293650 5816093
204293684 5816093
204298013 5816098
204303078 5816098
204303085 5816098
204286618 5816101
204300470 5816101
204300471 5816101
204300473 5816101
204300474 5816101
204294260 5816102
204290972 5816104
204300600 5816106
204293948 5816107
204300292 5816111
204301213 5816111
204300239 5816112
204300270 5816112
204300271 5816112
204289464 5816113
204289465 5816113
204289468 5816113
204289469 5816113
204289472 5816113
204300369 5816114
204300370 5816114
204301257 5816114
204301258 5816114
204299228 5816117
204294541 5816118
204294627 5816118
204294630 5816118
204294211 5816120
204300434 5816120
204300435 5816120
204300443 5816120
204300444 5816120
204301123 5816120
204301124 5816120
204288609 5816123
204296810 5816123
204302182 5816123
204302189 5816123
204303013 5816123
204303017 5816123
204303018 5816123
204301067 5816125
204301068 5816125
204292399 5816128
204292408 5816128
204294373 5816128
204294381 5816128
204294388 5816128
204297437 5816128
204297438 5816128
204297562 5816128
204297565 5816128
204297998 5816128
204297999 5816128
204298001 5816128
204299058 5816128
204286956 5816130
204286960 5816130
204287200 5816130
204287209 5816130
204294465 5816130
204297466 5816130
204297573 5816130
204302990 5816130
204286543 5816135
204302105 5816135
204303036 5816137
204297394 5816139
204296527 5816141
204296530 5816141
204300360 5816141
204303183 5816142
204287663 5816143
204287669 5816143
204287691 5816143
204287700 5816143
204287762 5816143
204287819 5816143
204302042 5816143
204302043 5816143
204290975 5816145
204290976 5816145
204290978 5816145
204290980 5816145
204291104 5816145
204291142 5816145
204291143 5816145
204290657 5816148
204290681 5816148
204290779 5816148
204302271 5816148
204302272 5816148
204296567 5816149
204296577 5816149
204302567 5816149
204300375 5816150
204300405 5816151
204287368 5816152
204287373 5816152
204287374 5816152
204287380 5816152
204287677 5816152
204287681 5816152
204287682 5816152
204287683 5816152
204287684 5816152
204287685 5816152
204287687 5816152
204287913 5816152
204302155 5816152
204292535 5816155
204292539 5816155
204292544 5816155
204301816 5816158
204293832 5816159
204293916 5816161
204301016 5816161
204301017 5816161
204286354 5816167
204298422 5816167
204286441 5816169
204286508 5816169
204286541 5816169
204298399 5816169
204298402 5816169
204299568 5816169
204302104 5816169
204296571 5816170
204301965 5816170
204301967 5816170
204301968 5816170
204299324 5816173
204300826 5816175
204289306 5816176
204300841 5816178
204299570 5816179
204302100 5816181
204302101 5816182
204295644 5816183
204296049 5816183
204295636 5816186
204300399 5816193
204302106 5816193
204300606 5816194
204300607 5816194
204291878 5816196
204300583 5816196
204300584 5816196
204300644 5816196
204300645 5816196
204300656 5816196
204300657 5816196
204300674 5816196
204300675 5816196
204300687 5816196
204300688 5816196
204298898 5816197
204293853 5816198
204302013 5816198
204302014 5816198
204294094 5816199
204301284 5816200
204301285 5816200
204294953 5816202
204299284 5816202
204288602 5816204
204297652 5816204
204303006 5816204
204291926 5816205
204299035 5816205
204288364 5816206
204302173 5816206
204286437 5816208
204286545 5816208
204300945 5816208
204300946 5816208
204286378 5816211
204293811 5816212
204292264 5816219
204292264 95413976
204292264 95413977
204292264 95413979
204292264 95413981
204292264 95413984
204292264 95413985
204292264 95413986
204292264 95413987
204292264 95413989
204293852 5816224
204301049 5816225
204301050 5816225
204302471 5816225
204286818 5816227
204293783 5816227
204297403 5816227
204297627 5816227
204297628 5816227
204288754 5816229
204300170 5816234
204300257 5816234
204300267 5816234
204302581 5816234
204300225 5816236
204300231 5816236
204300236 5816236
204300237 5816236
204290756 5816240
204291862 5816240
204291867 5816240
204303070 5816240
204291875 5816246
204291875 85877070
204291881 5816246
204291881 85877070
204291872 5816247
204293820 5816249
204293886 5816249
204297135 5816250
204301523 5816250
204300203 5816252
204300204 5816252
204293867 5816255
204294254 5816257
204301235 5816257
204294152 5816258
204302304 5816260
204300186 5816262
204300187 5816262
204300328 5816265
204301114 5816265
204300332 5816266
204300325 5816267
204300327 5816267
204300988 5816269
204290742 5816271
204290745 5816271
204290751 5816271
204300598 5816271
204300601 5816271
204300628 5816271
204303046 5816271
204290130 5816284
204290180 5816284
204288314 5816285
204293875 5816286
204293909 5816286
204293915 5816286
204294219 5816286
204300195 5816287
204300196 5816287
204293825 5816290
204294314 5816290
204301190 5816290
204301191 5816290
204289456 5816291
204302010 5816292
204294099 5816294
204301519 5816294
204302834 5816294
204302835 5816294
204289598 5816299
204302193 5816299
204295381 5816301
204295384 5816301
204295386 5816301
204295471 5816301
204295562 5816301
204302195 5816301
204295382 5816303
204290908 5816305
204290909 5816305
204290910 5816305
204290911 5816305
204290913 5816305
204290915 5816305
204290916 5816305
204290918 5816305
204290920 5816305
204291091 5816305
204291181 5816305
204291182 5816305
204298928 5816305
204302284 5816305
204299884 5816306
204287009 5816307
204287010 5816307
204287134 5816307
204286656 5816315
204286656 95120636
204286656 95120638
204286658 5816315
204286658 95120636
204286658 95120638
204286664 5816315
204286664 95120636
204286664 95120638
204286676 5816315
204286676 95120636
204286676 95120638
204286688 5816315
204286688 95120636
204286688 95120638
204287069 5816315
204287069 95120636
204287069 95120638
204287070 5816315
204287070 95120636
204287070 95120638
204287072 5816315
204287072 95120636
204287072 95120638
204287185 5816315
204287185 95120636
204287185 95120638
204298430 5816315
204298430 95120636
204298430 95120638
204301175 5816315
204301175 95120636
204301175 95120638
204303000 5816315
204303000 95120636
204303000 95120638
204303004 5816315
204303004 95120636
204303004 95120638
204286655 5816317
204297277 5816317
204293728 5816320
204293751 5816320
204293765 5816320
204293796 5816320
204299898 5816321
204287410 5816323
204287414 5816323
204287416 5816323
204287586 5816323
204287702 5816323
204287705 5816323
204287706 5816323
204288557 5816323
204298158 5816323
204298173 5816323
204298174 5816323
204298651 5816323
204298654 5816323
204300976 5816323
204300977 5816323
204289709 5816324
204290652 5816324
204290959 5816326
204299625 5816326
204299626 5816326
204302290 5816326
204293963 5816330
204293926 5816332
204294218 5816332
204301244 5816332
204301245 5816332
204299364 5816335
204300810 5816337
204289784 5816340
204289791 5816340
204289797 5816340
204302216 5816340
204299890 5816342
204300516 5816342
204300530 5816342
204300531 5816342
204300848 5816342
204300849 5816342
204300892 5816342
204300893 5816342
204300319 5816343
204300856 5816344
204300857 5816344
204300858 5816345
204301224 5816346
204301225 5816346
204301228 5816346
204302245 5816346
204289497 5816347
204289501 5816349
204289503 5816349
204300145 5816349
204299264 5816363
204302478 5816363
204302480 5816363
204303210 5816366
204303211 5816366
204295374 5816369
204295444 5816369
204295594 5816369
204295599 5816369
204299345 5816369
204295366 5816371
204295446 5816371
204289304 5816372
204294156 5816374
204289855 5816375
204290893 5816375
204300815 5816375
204299579 5816377
204290084 5816381
204290095 5816381
204298802 5816381
204293766 5816382
204293797 5816382
204286692 5816384
204286697 5816385
204286680 5816387
204286689 5816389
204293918 5816391
204297139 5816391
204300991 5816391
204300992 5816391
204301030 5816391
204301031 5816391
204294009 5816394
204300420 5816394
204291188 5816398
204291191 5816398
204291201 5816398
204293893 5816399
204294229 5816399
204303293 5816400
204303297 5816400
204288871 5816401
204288893 5816401
204298704 5816401
204287327 5816402
204287310 5816403
204298488 5816403
204287858 5816406
204288131 5816406
204300822 5816407
204289318 5816409
204289323 5816409
204298382 5816411
204301547 5816411
204303291 5816411
204286298 5816412
204286300 5816412
204289154 5816412
204298393 5816412
204299552 5816412
204303023 5816412
204303024 5816412
204296438 5816414
204296680 5816414
204296684 5816414
204300390 5816414
204303238 5816414
204303247 5816414
204302419 5816415
204292361 5816417
204292363 5816417
204292371 5816417
204292446 5816417
204294313 5816418
204293953 5816423
204293957 5816423
204294207 5816423
204294208 5816423
204294210 5816423
204294213 5816423
204294223 5816423
204300422 5816423
204300427 5816423
204300428 5816423
204300432 5816423
204300433 5816423
204301222 5816423
204301223 5816423
204302048 5816423
204302049 5816423
204303154 5816423
204288989 5816424
204303022 5816424
204293955 5816426
204295855 5816430
204296173 5816430
204295849 5816431
204300832 5816432
204286385 5816438
204286700 5816438
204302022 5816438
204302025 5816438
204302029 5816438
204302030 5816438
204302117 5816438
204300219 5816441
204286776 5816449
204286786 5816449
204298431 5816449
204302123 5816449
204300272 5816450
204300275 5816450
204300265 5816451
204300266 5816451
204300269 5816451
204289737 5816452
204289747 5816452
204293790 5816454
204290873 5816455
204293819 5816457
204292017 5816464
204299013 5816464
204301971 5816464
204302349 5816464
204302352 5816464
204287582 5816467
204287583 5816468
204289281 5816470
204289298 5816470
204289316 5816470
204289321 5816470
204300818 5816471
204300819 5816471
204287926 5816473
204287930 5816473
204287940 5816473
204288090 5816473
204298551 5816473
204298552 5816473
204298553 5816473
204288752 5816475
204289012 5816475
204289024 5816475
204289045 5816475
204298719 5816475
204302187 5816475
204302190 5816475
204288740 5816481
204288742 5816481
204288781 5816481
204302184 5816481
204302185 5816481
204287889 5816482
204287891 5816482
204287911 5816482
204287919 5816482
204288060 5816482
204298542 5816482
204286969 5816483
204286971 5816483
204297308 5816486
204287923 5816490
204287925 5816490
204288089 5816490
204302153 5816490
204291318 5816491
204291319 5816497
204291430 5816497
204302281 5816498
204289302 5816499
204289303 5816499
204289651 5816499
204289670 5816499
204300830 5816500
204300831 5816500
204289301 5816502
204290005 5816503
204298791 5816506
204302229 5816506
204289986 5816512
204289990 5816512
204290046 5816512
204296493 5816514
204296599 5816514
204294204 5816515
204294177 5816516
204294178 5816516
204300882 5816516
204300883 5816516
204286853 5816517
204299571 5816520
204286394 5816521
204300181 5816523
204300188 5816523
204300189 5816523
204300191 5816523
204300192 5816523
204300200 5816523
204300201 5816523
204300214 5816523
204300215 5816523
204287295 5816525
204287455 5816525
204298485 5816525
204289661 5816526
204290965 5816531
204290968 5816531
204290973 5816531
204290998 5816531
204291006 5816531
204291007 5816531
204291020 5816531
204291108 5816531
204302288 5816531
204302357 5816531
204294559 5816532
204294579 5816532
204294706 5816532
204294214 5816534
204295309 5816536
204295393 5816537
204300895 5816538
204300897 5816538
204300898 5816538
204294151 5816539
204302596 5816539
204293710 5816540
204293687 5816541
204293692 5816541
204294396 5816541
204297550 5816541
204295186 5816544
204295192 5816544
204295358 5816544
204295438 5816544
204299331 5816544
204302500 5816544
204291019 5816547
204291021 5816547
204291223 5816547
204291224 5816547
204291284 5816547
204291316 5816547
204291393 5816547
204301973 5816547
204301974 5816547
204302293 5816547
204301033 5816549
204301034 5816549
204301241 5816549
204301242 5816549
204300535 5816550
204289645 5816551
204289645 85877061
204289646 5816551
204289646 85877061
204287861 5816552
204291914 5816553
204291922 5816553
204291927 5816553
204292009 5816553
204292010 5816553
204287622 5816554
204287739 5816554
204287809 5816554
204287826 5816554
204287829 5816554
204298525 5816554
204301297 5816554
204301298 5816554
204290803 5816558
204298866 5816558
204298872 5816558
204302557 5816558
204302514 5816560
204295404 5816568
204295411 5816568
204295417 5816568
204295494 5816568
204295496 5816568
204295498 5816568
204295569 5816568
204295741 5816568
204295746 5816568
204295762 5816568
204299368 5816568
204295406 5816570
204293749 5816571
204301131 5816571
204301135 5816571
204301136 5816571
204301146 5816571
204301147 5816571
204301149 5816571
204301150 5816571
204301614 5816571
204301695 5816571
204301696 5816571
204300216 5816573
204300251 5816573
204300252 5816573
204302588 5816573
204300158 5816575
204300222 5816575
204300228 5816575
204300233 5816575
204300234 5816575
204295854 5816576
204296164 5816576
204296245 5816576
204289417 5816578
204289419 5816578
204289665 5816578
204289666 5816578
204289672 5816578
204294233 5816579
204301141 5816579
204301142 5816579
204301151 5816579
204301152 5816579
204301154 5816579
204301155 5816579
204300246 5816581
204300263 5816581
204300264 5816581
204300450 5816582
204300451 5816582
204300464 5816582
204300465 5816582
204300467 5816582
204300468 5816582
204291085 5816584
204292192 5816584
204292299 5816584
204294255 5816586
204303039 5816586
204293890 5816587
204301101 5816587
204301102 5816587
204299166 5816589
204303132 5816589
204298737 5816590
204300843 5816590
204295763 5816591
204293850 5816592
204300539 5816592
204300540 5816592
204301054 5816592
204301060 5816592
204301061 5816592
204302416 5816592
204300661 5816593
204300662 5816593
204300679 5816593
204300680 5816593
204297662 5816594
204298660 5816594
204293966 5816598
204301116 5816598
204301117 5816598
204289310 5816600
204295363 5816601
204295602 5816601
204289823 5816602
204293753 5816603
204293799 5816603
204292203 5816608
204292207 5816608
204303084 5816608
204287266 5816612
204287280 5816612
204287289 5816612
204287476 5816612
204292545 5816612
204292674 5816612
204294534 5816612
204294540 5816612
204294552 5816612
204294563 5816612
204294572 5816612
204294741 5816612
204294751 5816612
204294764 5816612
204299079 5816612
204299252 5816612
204302387 5816612
204303097 5816612
204303193 5816612
204292531 5816614
204292534 5816614
204292662 5816614
204300966 5816616
204300969 5816616
204286592 5816617
204286599 5816617
204286620 5816617
204293975 5816617
204295208 5816618
204295210 5816618
204295243 5816618
204295296 5816618
204288248 5816620
204288370 5816620
204298614 5816620
204302161 5816620
204302176 5816620
204289653 5816621
204295076 5816622
204295090 5816622
204299309 5816622
204302483 5816622
204294576 5816623
204294578 5816623
204294582 5816623
204294681 5816623
204294753 5816623
204294839 5816623
204294841 5816623
204294937 5816623
204294940 5816623
204297595 5816623
204299271 5816623
204299272 5816623
204299273 5816623
204303191 5816623
204303192 5816623
204294390 5816624
204293664 5816625
204294469 5816625
204297571 5816625
204299212 5816625
204295091 5816626
204295093 5816626
204294850 5816627
204289350 5816628
204298783 5816630
204302220 5816630
204289790 5816631
204298775 5816631
204300802 5816632
204293027 5816633
204292719 5816634
204291531 5816635
204291534 5816635
204291617 5816635
204289490 5816636
204293917 5816637
204297143 5816637
204295148 5816639
204303214 5816639
204300295 5816641
204300242 5816642
204300273 5816642
204300274 5816642
204289478 5816643
204289480 5816643
204289482 5816643
204289483 5816643
204289485 5816643
204302231 5816645
204302162 5816646
204291361 5816647
204294222 5816649
204289849 5816651
204290889 5816651
204290899 5816651
204290917 5816651
204291849 5816653
204291850 5816653
204291852 5816653
204291857 5816653
204300659 5816653
204300660 5816653
204289978 5816654
204289987 5816654
204289988 5816654
204298788 5816654
204289992 5816655
204293700 5816656
204294147 5816656
204294150 5816656
204294155 5816656
204294230 5816656
204296975 5816656
204299229 5816656
204300479 5816656
204300484 5816656
204300486 5816656
204300487 5816656
204300520 5816656
204300521 5816656
204300525 5816656
204300526 5816656
204303263 5816656
204303264 5816656
204286594 5816657
204286613 5816657
204298423 5816657
204287856 5816658
204287864 5816658
204302152 5816658
204302998 5816658
204287874 5816660
204298533 5816660
204287865 5816661
204293885 5816663
204293910 5816663
204294096 5816663
204301118 5816663
204301119 5816663
204290445 5816665
204290446 5816665
204302255 5816665
204302256 5816665
204290448 5816666
204296444 5816667
204299457 5816667
204292950 5816668
204293088 5816668
204293108 5816668
204287571 5816674
204287571 95413975
204287571 95413978
204287571 95413983
204287571 95413988
204287573 5816674
204287573 95413975
204287573 95413978
204287573 95413983
204287573 95413988
204287575 5816674
204287575 95413975
204287575 95413978
204287575 95413983
204287575 95413988
204287577 5816674
204287577 95413975
204287577 95413978
204287577 95413983
204287577 95413988
204287579 5816674
204287579 95413975
204287579 95413978
204287579 95413983
204287579 95413988
204287580 5816674
204287580 95413975
204287580 95413978
204287580 95413983
204287580 95413988
204287790 5816674
204287790 95413975
204287790 95413978
204287790 95413983
204287790 95413988
204287792 5816674
204287792 95413975
204287792 95413978
204287792 95413983
204287792 95413988
204287794 5816674
204287794 95413975
204287794 95413978
204287794 95413983
204287794 95413988
204287795 5816674
204287795 95413975
204287795 95413978
204287795 95413983
204287795 95413988
204287796 5816674
204287796 95413975
204287796 95413978
204287796 95413983
204287796 95413988
204287799 5816674
204287799 95413975
204287799 95413978
204287799 95413983
204287799 95413988
204287800 5816674
204287800 95413975
204287800 95413978
204287800 95413983
204287800 95413988
204287801 5816674
204287801 95413975
204287801 95413978
204287801 95413983
204287801 95413988
204287813 5816674
204287813 95413975
204287813 95413978
204287813 95413983
204287813 95413988
204288075 5816674
204288075 95413975
204288075 95413978
204288075 95413983
204288075 95413988
204288080 5816674
204288080 95413975
204288080 95413978
204288080 95413983
204288080 95413988
204288082 5816674
204288082 95413975
204288082 95413978
204288082 95413983
204288082 95413988
204288084 5816674
204288084 95413975
204288084 95413978
204288084 95413983
204288084 95413988
204288085 5816674
204288085 95413975
204288085 95413978
204288085 95413983
204288085 95413988
204288077 5816675
204288077 95413983
204288078 5816675
204288078 95413983
204286586 5816692
204286819 5816692
204287196 5816692
204287199 5816692
204287201 5816692
204287202 5816692
204294095 5816692
204294098 5816692
204294272 5816692
204297382 5816692
204298047 5816692
204298048 5816692
204299241 5816692
204300066 5816692
204300067 5816692
204300114 5816692
204300115 5816692
204301520 5816692
204293511 5816699
204293518 5816700
204287808 5816701
204287811 5816701
204287812 5816701
204287815 5816701
204287816 5816701
204301263 5816702
204301264 5816702
204300614 5816703
204300615 5816703
204300622 5816703
204300623 5816703
204300647 5816703
204300648 5816703
204286598 5816704
204286617 5816704
204294225 5816704
204294226 5816704
204300999 5816706
204301000 5816706
204301138 5816706
204301139 5816706
204292117 5816707
204299041 5816707
204300581 5816707
204300582 5816707
204302363 5816707
204300611 5816708
204300612 5816708
204300626 5816708
204300642 5816708
204300643 5816708
204300654 5816708
204300655 5816708
204302279 5816708
204287050 5816710
204287057 5816710
204287143 5816710
204300149 5816712
204300154 5816712
204300713 5816712
204300714 5816712
204300716 5816712
204300717 5816712
204302213 5816712
204290492 5816715
204290561 5816715
204302323 5816716
204290228 5816726
204290230 5816726
204291507 5816726
204291522 5816726
204298825 5816726
204286992 5816727
204287011 5816727
204287025 5816727
204287045 5816727
204300941 5816727
204293781 5816728
204294278 5816728
204301555 5816728
204301556 5816728
204303157 5816728
204289352 5816729
204289356 5816729
204289368 5816729
204300767 5816731
204300768 5816731
204300778 5816731
204300779 5816731
204300786 5816731
204300787 5816731
204294879 5816734
204299274 5816734
204302475 5816734
204303208 5816734
204287609 5816735
204290219 5816743
204290221 5816743
204290275 5816743
204302240 5816743
204290226 5816746
204290231 5816746
204290288 5816746
204290305 5816746
204297703 5816747
204286590 5816748
204286596 5816748
204286602 5816748
204286614 5816748
204293972 5816748
204300437 5816750
204300440 5816750
204300445 5816750
204300446 5816750
204300453 5816750
204300454 5816750
204300456 5816750
204300457 5816750
204294017 5816775
204294168 5816775
204294169 5816775
204301083 5816775
204301084 5816775
204301109 5816775
204301110 5816775
204301071 5816776
204301074 5816776
204296179 5816777
204296268 5816777
204300253 5816778
204300256 5816778
204300259 5816778
204300241 5816779
204300244 5816779
204293807 5816780
204300986 5816780
204300987 5816780
204290741 5816783
204290875 5816783
204296911 5816783
204296913 5816783
204296917 5816783
204299530 5816783
204300603 5816783
204300604 5816783
204294232 5816785
204293712 5816786
204299893 5816787
204286862 5816788
204301459 5816788
204301466 5816788
204301468 5816788
204302110 5816788
204301011 5816789
204301012 5816789
204293794 5816790
204300301 5816790
204294203 5816791
204294215 5816791
204292398 5816792
204297612 5816792
204303086 5816792
204289299 5816793
204289314 5816794
204300839 5816794
204300840 5816794
204289307 5816795
204297102 5816796
204297103 5816796
204302222 5816796
204289278 5816797
204289280 5816797
204289290 5816797
204289292 5816797
204289295 5816797
204289717 5816797
204289720 5816797
204289723 5816797
204289725 5816797
204289727 5816797
204289729 5816797
204296827 5816797
204296829 5816797
204296831 5816797
204298738 5816797
204291197 5816798
204291261 5816798
204292728 5816799
204292747 5816799
204292852 5816799
204292863 5816799
204302398 5816799
204303131 5816801
204294113 5816802
204294114 5816802
204297230 5816802
204299021 5816805
204299026 5816805
204302348 5816805
204290318 5816806
204290340 5816806
204298822 5816806
204287258 5816808
204290946 5816810
204291099 5816810
204298922 5816810
204300901 5816810
204300288 5816811
204292061 5816815
204292065 5816815
204296189 5816815
204296198 5816815
204296221 5816815
204296233 5816815
204296316 5816815
204296317 5816815
204296319 5816815
204296321 5816815
204296323 5816815
204296346 5816815
204296348 5816815
204296394 5816815
204299451 5816815
204302351 5816815
204303058 5816815
204303059 5816815
204299874 5816816
204299875 5816816
204293865 5816817
204291874 5816818
204300684 5816818
204300685 5816818
204294256 5816823
204299269 5816825
204289313 5816826
204289317 5816828
204300836 5816828
204289818 5816830
204293849 5816831
204293671 5816832
204293676 5816832
204294126 5816832
204303145 5816832
204303147 5816832
204297453 5816833
204301086 5816833
204301087 5816833
204291506 5816837
204291510 5816837
204291562 5816837
204291563 5816837
204291565 5816837
204297902 5816837
204297941 5816837
204297942 5816837
204291513 5816839
204287286 5816840
204297512 5816840
204297513 5816840
204300512 5816842
204300517 5816842
204300518 5816842
204300532 5816842
204300889 5816842
204300890 5816842
204302470 5816842
204302594 5816842
204300448 5816843
204300449 5816843
204300458 5816843
204300459 5816843
204300461 5816843
204300462 5816843
204294990 5816846
204295132 5816846
204295064 5816847
204295065 5816847
204295070 5816847
204302223 5816849
204289775 5816850
204289779 5816850
204289796 5816850
204289951 5816850
204289956 5816850
204299575 5816850
204299576 5816850
204289657 5816851
204289658 5816851
204293921 5816853
204293936 5816853
204300414 5816853
204300415 5816853
204300996 5816853
204300997 5816853
204301019 5816853
204301020 5816853
204286327 5816856
204286327 86286134
204286327 86286142
204286344 5816856
204286344 86286134
204286344 86286142
204286348 5816856
204286348 86286134
204286348 86286142
204286356 5816856
204286356 86286134
204286356 86286142
204286364 5816856
204286364 86286134
204286364 86286142
204286374 5816856
204286374 86286134
204286374 86286142
204286377 5816856
204286377 86286134
204286377 86286142
204286386 5816856
204286386 86286134
204286386 86286142
204286390 5816856
204286390 86286134
204286390 86286142
204286392 5816856
204286392 86286134
204286392 86286142
204286397 5816856
204286397 86286134
204286397 86286142
204286439 5816856
204286439 86286134
204286439 86286142
204286471 5816856
204286471 86286134
204286471 86286142
204286477 5816856
204286477 86286134
204286477 86286142
204302102 5816856
204302102 86286134
204302102 86286142
204302635 5816856
204302635 86286134
204302635 86286142
204293525 5816858
204293527 5816858
204299881 5816858
204300312 5816858
204302077 5816858
204302423 5816858
204302450 5816858
204302629 5816858
204302630 5816858
204303168 5816858
204295084 5816860
204299942 5816861
204300291 5816862
204300294 5816862
204300296 5816862
204300297 5816862
204297401 5816864
204288399 5816865
204302178 5816865
204296119 5816868
204298051 5816868
204298052 5816868
204298077 5816868
204299413 5816868
204290753 5816870
204291844 5816870
204291847 5816870
204300633 5816870
204300634 5816870
204287384 5816871
204287394 5816871
204302143 5816871
204301065 5816873
204301066 5816873
204302527 5816874
204294216 5816875
204289340 5816876
204287377 5816877
204287379 5816877
204287381 5816877
204287382 5816877
204287370 5816878
204287034 5816879
204287036 5816879
204287039 5816879
204287040 5816879
204287042 5816879
204287044 5816879
204287046 5816879
204287047 5816879
204287048 5816879
204287139 5816879
204287358 5816879
204296796 5816879
204287505 5816880
204290949 5816881
204291156 5816881
204302289 5816881
204288356 5816883
204288359 5816883
204288507 5816883
204288577 5816883
204302166 5816883
204302171 5816883
204302177 5816883
204303008 5816883
204291868 5816884
204300671 5816884
204300672 5816884
204287859 5816885
204288133 5816885
204288134 5816885
204295196 5816886
204299452 5816887
204293680 5816888
204290731 5816891
204290733 5816891
204290838 5816891
204290863 5816891
204298879 5816891
204298880 5816891
204298881 5816891
204302094 5816891
204301239 5816892
204301240 5816892
204293818 5816893
204293823 5816893
204290986 5816895
204291086 5816895
204291214 5816895
204291215 5816895
204291216 5816895
204291268 5816895
204291270 5816895
204291272 5816895
204291279 5816895
204291314 5816895
204291359 5816895
204291362 5816895
204291365 5816895
204291366 5816895
204291368 5816895
204291466 5816895
204291469 5816895
204291520 5816895
204291521 5816895
204291523 5816895
204291525 5816895
204298966 5816895
204302309 5816895
204291178 5816899
204291248 5816899
204288394 5816901
204303001 5816901
204288753 5816902
204298662 5816902
204298692 5816902
204303009 5816902
204303011 5816902
204288738 5816903
204288739 5816903
204298688 5816903
204288391 5816904
204288395 5816904
204288396 5816904
204288403 5816904
204288404 5816904
204288405 5816904
204288490 5816904
204288498 5816904
204302159 5816904
204302172 5816904
204303002 5816904
204301129 5816906
204290906 5816911
204302286 5816911
204303047 5816911
204302356 5816914
204290993 5816916
204288316 5816917
204288379 5816918
204291654 5816920
204291655 5816920
204291656 5816920
204291659 5816920
204291660 5816920
204291726 5816920
204291729 5816920
204288964 5816922
204297665 5816922
204297667 5816922
204298714 5816922
204296491 5816924
204296541 5816924
204296602 5816924
204302566 5816924
204303239 5816924
204287844 5816925
204287853 5816925
204287870 5816925
204287884 5816925
204288086 5816925
204288132 5816925
204298527 5816925
204298571 5816925
204295020 5816931
204295020 95413982
204295031 5816931
204295031 95413982
204302486 5816931
204302486 95413982
204303122 5816931
204303122 95413982
204303215 5816931
204303215 95413982
204303216 5816931
204303216 95413982
204295092 5816932
204295096 5816932
204295096 5816933
204295086 5816932
204295086 5816934
204296485 5816936
204296489 5816936
204299461 5816936
204302422 5816936
204293536 5816937
204295019 5816938
204295135 5816938
204301981 5816938
204303213 5816938
204299983 5816940
204299987 5816940
204300007 5816940
204302125 5816940
204302985 5816940
204303171 5816940
204293716 5816942
204293723 5816942
204299886 5816942
204299887 5816942
204289510 5816943
204289511 5816943
204288734 5816945
204288783 5816945
204293762 5816946
204299242 5816946
204293821 5816950
204290548 5816951
204291652 5816951
204294212 5816952
204286657 5816953
204302111 5816953
204302112 5816953
204294174 5816954
204294175 5816954
204300884 5816954
204300885 5816954
204290077 5816956
204298799 5816956
204302228 5816956
204290114 5816965
204290123 5816965
204290125 5816965
204290128 5816965
204290187 5816965
204290194 5816965
204298813 5816965
204302237 5816965
204290234 5816966
204290260 5816966
204289982 5816973
204290080 5816973
204298789 5816973
204293774 5816975
204293784 5816975
204294164 5816975
204297451 5816975
204300537 5816975
204300538 5816975
204289372 5816977
204289385 5816977
204289652 5816977
204298745 5816977
204290921 5816978
204290932 5816978
204302285 5816978
204293312 5816981
204296428 5816981
204296529 5816981
204296533 5816981
204296540 5816981
204296675 5816981
204296677 5816981
204298264 5816981
204298302 5816981
204299202 5816981
204299214 5816981
204299894 5816981
204299895 5816981
204300286 5816981
204300287 5816981
204300320 5816981
204300363 5816981
204300367 5816981
204300368 5816981
204303236 5816981
204303244 5816981
204303265 5816981
204287875 5816985
204287876 5816985
204287878 5816985
204287879 5816985
204287881 5816985
204287992 5816985
204297762 5816985
204297763 5816985
204300981 5816985
204300982 5816985
204303289 5816985
204291887 5816987
204291897 5816987
204292083 5816987
204292155 5816987
204299004 5816987
204299009 5816987
204302343 5816987
204291891 5816989
204296050 5816989
204296051 5816989
204296107 5816989
204296114 5816989
204296163 5816989
204296169 5816989
204296170 5816989
204296172 5816989
204296174 5816989
204296175 5816989
204296243 5816989
204296251 5816989
204296253 5816989
204296260 5816989
204296281 5816989
204299005 5816989
204299402 5816989
204299404 5816989
204299420 5816989
204302342 5816989
204302564 5816989
204300617 5816991
204300618 5816991
204300620 5816991
204300621 5816991
204300650 5816991
204300651 5816991
204300578 5816992
204300579 5816992
204300590 5816992
204300591 5816992
204298053 5816995
204298054 5816995
204303228 5816995
204296099 5816999
204299405 5816999
204299409 5816999
204293887 5817001
204294188 5817002
204294190 5817002
204294192 5817002
204301521 5817002
204289733 5817003
204289935 5817003
204289734 5817005
204289741 5817005
204298766 5817005
204303057 5817007
204302365 5817008
204291870 5817009
204300565 5817009
204302359 5817009
