135931492 14012665
135931493 14012665
135931490 14012665
135931490 14048322
135931490 144800919
135931490 163417535
135931491 14012665
135931491 14048322
135931491 144800919
135931491 163417535
135909572 14012760
135909572 14049055
135909615 14012760
135909615 14049055
135909616 14012760
135909616 14049055
135921640 14012760
135921640 14049055
135921641 14012760
135921641 14049055
136478003 14010559
136478003 14133088
136478110 14010559
136478110 14133088
136482416 14010559
136482416 14133088
136478005 14010559
136478005 14133091
136478104 14010559
136478104 14133091
136479624 14010559
136479624 14133091
136482413 14010559
136482413 14133091
136482414 14010559
136482414 14133091
136482415 14010559
136482415 14133091
136478765 14010928
136478765 14134729
136479708 14010928
136479708 14134729
136482407 14010928
136482407 14134729
136482408 14010928
136482408 14136273
136482409 14010930
136482409 14136276
136478007 14011006
136478007 14133093
136478148 14011006
136478148 14133093
136477731 14011066
136477731 14134404
136477732 14011066
136477732 14134404
136477931 14011066
136477931 14134404
136482425 14011066
136482425 14134404
136482426 14011066
136482426 14134404
136477734 14011452
136477734 14134404
136479628 14011452
136479628 14134404
136479629 14011452
136479629 14134404
136479630 14011452
136479630 14134404
136479633 14011484
136479633 14134404
136479634 14011484
136479634 14134404
136482421 14011484
136482421 14134404
136479636 14011492
136479636 14134439
136479617 14011671
136479617 14134771
136479618 14011671
136479618 14134771
136479626 14012526
136479626 14134604
136482419 14012526
136482419 14134604
136477728 14012702
136477728 14134569
136477925 14013210
136477925 14136698
136482420 14013210
136482420 14136698
136477933 14013211
136477933 14136697
136478232 14013267
136478232 14136725
136478234 14013267
136478234 14136725
136478343 14013267
136478343 14136725
136480483 14013267
136480483 14136725
136480485 14013267
136480485 14136725
136480487 14013267
136480487 14136725
136480488 14013267
136480488 14136725
136477998 14013271
136477998 14136433
136478106 14013271
136478106 14136433
136482417 14013271
136482417 14136433
136482418 14013271
136482418 14136433
136482427 14013753
136482427 14137068
136482428 14013753
136482428 14137068
136479099 14013760
136479099 14137065
136479100 14013760
136479100 14137065
136479151 14013760
136479151 14137065
136479153 14013760
136479153 14137065
136479154 14013760
136479154 14137065
136482429 14013760
136482429 14137065
136482430 14013760
136482430 14137065
136479635 14013763
136479635 14137061
136479621 14013909
136479621 14137110
136482410 14013909
136482410 14137110
136477646 14011023
136477646 14170289
136479055 14011063
136479055 14168757
136477672 14012614
136477672 14163809
136479608 14013064
136479608 14166949
136479606 14013492
136479606 14174277
136482389 14013492
136482389 14174277
136482390 14013492
136482390 14174277
136477643 14013494
136477643 14174285
136479603 14013494
136479603 14174285
136479604 14013494
136479604 14174285
136475827 14010250
136475827 14228122
136479638 14010250
136479638 14228122
136481531 14010250
136481531 14228122
136481532 14010250
136481532 14228122
136482556 14010276
136482556 14228134
136482557 14010276
136482557 14228134
136479657 14010278
136479657 14228129
136481541 14010278
136481541 14228129
136481542 14010278
136481542 14228129
136482560 14013367
136482560 14229017
136476368 14013370
136476368 14229026
136476369 14013370
136476369 14229026
136481543 14013370
136481543 14229026
136481544 14013370
136481544 14229026
136482562 14013370
136482562 14229026
136482563 14013370
136482563 14229026
136482561 14228129
136482571 14010745
136482571 15720529
136479665 14012776
136479665 15722319
136475817 14013228
136475817 15724029
136482431 14013228
136482431 15724029
136482432 14013228
136482432 15724029
136479666 15722319
136475813 14011061
136475813 15734270
136475778 14013223
136479670 14013223
136479672 14013223
136479673 14013223
136479675 14013223
136479676 14013223
136480320 14013223
136480321 14013223
136480322 14013223
136480538 14013223
136480719 14013223
136480721 14013223
136480722 14013223
136475770 14013223
136475770 15737951
136475772 14013223
136475772 15737951
136475797 14013223
136475797 15737951
136479267 14013223
136479267 15737951
136479678 14013223
136479678 15737951
136479679 14013223
136479679 15737951
136479680 14013223
136479680 15737951
136479682 14013223
136479682 15737951
136480315 14013223
136480315 15737955
136480316 14013223
136480316 15737955
136480537 14013223
136480537 15737955
136479686 14013231
136479685 14013231
136479685 15737952
136479095 14013906
136479095 15740144
136479125 14013906
136479125 15740144
136479901 14013908
136479901 15740142
136479902 15740142
136480069 14010132
136476668 14010135
136476674 14010135
136476676 14010135
136476681 14010135
136476682 14010135
136476794 14010135
136476800 14010135
136476973 14010135
136480049 14010135
136480050 14010135
136481067 14010135
136481068 14010135
136481073 14010135
136481074 14010135
136482445 14010135
136477481 14010137
136477482 14010137
136477621 14010137
136479200 14010137
136479311 14010145
136479322 14010145
136480330 14010145
136480803 14010145
136480805 14010145
136480807 14010145
136480808 14010145
136480813 14010145
136480814 14010145
136480821 14010145
136480822 14010145
136480823 14010145
136480824 14010145
136479943 14010147
136476484 14010148
136476487 14010148
136476557 14010148
136475657 14010153
136475840 14010153
136475842 14010153
136475844 14010153
136479276 14010153
136479801 14010153
136481439 14010153
136481447 14010153
136481448 14010153
136481449 14010153
136481451 14010153
136481452 14010153
136481453 14010153
136481454 14010153
136475664 14010158
136479853 14010158
136476186 14010163
136481506 14010163
136478223 14010165
136478229 14010165
136478233 14010165
136478300 14010165
136478309 14010165
136478312 14010165
136478321 14010165
136480299 14010165
136476983 14010166
136477006 14010166
136477019 14010166
136477077 14010166
136477102 14010166
136477173 14010166
136477483 14010168
136477616 14010168
136477618 14010168
136478707 14010168
136478717 14010168
136478784 14010168
136479224 14010168
136479536 14010168
136480713 14010168
136480714 14010168
136480791 14010168
136480792 14010168
136480797 14010168
136480798 14010168
136480959 14010168
136480960 14010168
136480372 14010170
136480799 14010171
136480801 14010171
136480802 14010171
136479828 14010172
136480090 14010172
136480091 14010172
136481085 14010173
136481087 14010173
136481089 14010173
136481091 14010173
136481092 14010173
136480575 14010174
136480576 14010174
136477105 14010176
136479368 14010176
136479369 14010176
136479461 14010176
136479698 14010176
136479699 14010176
136477680 14010194
136477692 14010194
136477696 14010194
136477749 14010194
136477816 14010194
136477827 14010194
136477846 14010194
136477856 14010194
136477894 14010194
136480235 14010194
136480463 14010194
136480465 14010194
136480466 14010194
136480555 14010194
136480556 14010194
136480655 14010194
136480656 14010194
136480658 14010194
136480659 14010194
136480660 14010194
136480893 14010194
136480895 14010194
136480896 14010194
136480899 14010194
136480900 14010194
136475843 14010196
136479851 14010196
136481389 14010196
136481390 14010196
136481391 14010196
136481393 14010196
136481394 14010196
136477427 14010206
136477428 14010206
136477432 14010206
136477436 14010206
136477437 14010206
136477439 14010206
136477440 14010206
136477443 14010206
136477555 14010206
136477577 14010206
136477585 14010206
136477591 14010206
136477648 14010206
136481217 14010206
136481218 14010206
136481219 14010206
136481220 14010206
136475850 14010222
136475850 198198674
136475857 14010222
136475857 198198674
136475858 14010222
136475858 198198674
136475872 14010222
136475872 198198674
136475901 14010222
136475901 198198674
136475955 14010222
136475955 198198674
136475961 14010222
136475961 198198674
136475989 14010222
136475989 198198674
136475998 14010222
136475998 198198674
136476115 14010222
136476115 198198674
136476138 14010222
136476138 198198674
136476150 14010222
136476150 198198674
136476177 14010222
136476177 198198674
136476191 14010222
136476191 198198674
136479297 14010222
136479297 198198674
136479418 14010222
136479418 198198674
136479993 14010222
136479993 198198674
136479995 14010222
136479995 198198674
136479996 14010222
136479996 198198674
136480336 14010222
136480336 198198674
136481395 14010222
136481395 198198674
136481397 14010222
136481397 198198674
136481398 14010222
136481398 198198674
136481411 14010222
136481411 198198674
136481412 14010222
136481412 198198674
136481407 14010224
136476943 14010225
136481093 14010225
136481094 14010225
136481095 14010225
136481097 14010225
136481098 14010225
136481099 14010225
136481100 14010225
136475833 14010226
136476376 14010233
136476378 14010233
136476382 14010233
136476426 14010233
136480155 14010233
136480224 14010233
136481517 14010235
136481518 14010235
136480202 14010236
136479798 14010240
136475990 14010243
136476627 14010243
136476630 14010243
136476643 14010243
136476667 14010243
136476787 14010243
136476822 14010243
136476823 14010243
136477441 14010245
136477604 14010245
136477606 14010245
136481842 14010248
136481515 14010249
136481516 14010249
136481519 14010249
136481521 14010249
136481523 14010249
136481524 14010249
136481564 14010261
136481564 198198670
136481564 198198672
136481566 14010261
136481566 198198670
136481566 198198672
136481567 14010261
136481567 198198670
136481567 198198672
136481568 14010261
136481568 198198670
136481568 198198672
136481607 14010261
136481607 198198670
136481607 198198672
136481608 14010261
136481608 198198670
136481608 198198672
136481622 14010261
136481622 198198670
136481622 198198672
136481644 14010261
136481644 198198670
136481644 198198672
136481645 14010261
136481645 198198670
136481645 198198672
136481646 14010261
136481646 198198670
136481646 198198672
136481647 14010261
136481647 198198670
136481647 198198672
136481678 14010261
136481678 198198670
136481678 198198672
136481679 14010261
136481679 198198670
136481679 198198672
136481680 14010261
136481680 198198670
136481680 198198672
136481681 14010261
136481681 198198670
136481681 198198672
136481728 14010261
136481728 198198670
136481728 198198672
136481729 14010261
136481729 198198670
136481729 198198672
136481730 14010261
136481730 198198670
136481730 198198672
136481764 14010261
136481764 198198670
136481764 198198672
136481765 14010261
136481765 198198670
136481765 198198672
136481872 14010261
136481872 198198670
136481872 198198672
136481879 14010261
136481879 198198670
136481879 198198672
136482379 14010261
136482379 198198670
136482379 198198672
136476072 14010274
136476072 198198671
136476072 198198673
136476078 14010274
136476078 198198671
136476078 198198673
136476082 14010274
136476082 198198671
136476082 198198673
136476096 14010274
136476096 198198671
136476096 198198673
136476109 14010274
136476109 198198671
136476109 198198673
136476154 14010274
136476154 198198671
136476154 198198673
136476161 14010274
136476161 198198671
136476161 198198673
136480337 14010274
136480337 198198671
136480337 198198673
136481401 14010274
136481401 198198671
136481401 198198673
136481403 14010274
136481403 198198671
136481403 198198673
136481404 14010274
136481404 198198671
136481404 198198673
136481457 14010274
136481457 198198671
136481457 198198673
136481458 14010274
136481458 198198671
136481458 198198673
136482433 14010274
136482433 198198671
136482433 198198673
136476379 14010281
136480867 14010284
136480868 14010284
136478718 14010296
136478810 14010296
136478992 14010296
136480715 14010296
136480716 14010296
136480717 14010296
136480718 14010296
136476853 14010302
136478190 14010305
136478278 14010305
136476633 14010308
136476784 14010308
136478193 14010314
136478274 14010314
136478276 14010314
136480359 14010314
136478077 14010318
136480295 14010318
136475692 14010321
136475696 14010321
136475881 14010321
136475883 14010321
136475889 14010321
136475891 14010321
136475895 14010321
136475896 14010321
136479806 14010321
136479872 14010321
136479873 14010321
136480182 14010321
136476220 14010323
136476232 14010323
136476298 14010323
136476300 14010323
136476347 14010323
136476418 14010333
136476419 14010335
136476830 14010336
136478227 14010345
136478303 14010345
136478306 14010345
136478327 14010345
136480489 14010345
136480490 14010345
136476720 14010352
136476721 14010352
136476722 14010352
136476729 14010352
136476731 14010352
136479361 14010352
136476834 14010355
136480380 14010363
136476836 14010364
136476837 14010364
136476485 14010371
136476610 14010371
136476612 14010371
136480495 14010372
136480496 14010372
136478395 14010373
136476611 14010375
136478396 14010377
136479959 14010377
136476725 14010394
136479354 14010394
136480383 14010398
136476839 14010401
136478228 14010417
136480497 14010417
136480498 14010417
136476613 14010418
136480273 14010422
136478176 14010423
136478258 14010423
136478179 14010424
136480777 14010424
136480778 14010424
136476920 14010426
136476922 14010431
136480255 14010431
136476924 14010432
136478458 14010436
136480583 14010436
136480584 14010436
136478734 14010437
136478744 14010437
136478750 14010437
136478872 14010437
136478885 14010437
136480585 14010437
136480587 14010437
136480588 14010437
136478373 14010438
136476702 14010441
136476704 14010441
136476866 14010441
136476877 14010441
136476878 14010441
136476928 14010442
136477138 14010442
136479459 14010442
136478375 14010443
136480362 14010445
136480363 14010446
136478150 14010447
136478151 14010447
136480251 14010448
136478153 14010449
136480141 14010450
136480142 14010450
136478156 14010453
136480032 14010456
136478158 14010458
136477097 14010460
136480259 14010460
136478794 14010464
136480370 14010464
136480712 14010464
136481687 14010464
136480035 14010466
136478684 14010467
136478686 14010469
136478438 14010472
136478687 14010472
136478688 14010473
136480450 14010474
136478352 14010476
136478721 14010477
136478990 14010477
136479228 14010477
136478991 14010478
136482190 14010479
136482337 14010479
136477496 14010494
136478596 14010494
136478657 14010494
136478662 14010494
136478664 14010494
136478666 14010494
136478668 14010494
136478669 14010494
136478671 14010494
136478672 14010494
136479838 14010494
136480346 14010494
136481627 14010494
136480419 14010502
136482191 14010502
136478133 14010505
136480121 14010509
136478754 14010515
136478900 14010515
136478908 14010515
136478930 14010515
136478933 14010515
136479036 14010515
136480348 14010515
136482080 14010517
136482194 14010518
136482195 14010518
136481372 14010520
136482081 14010520
136482082 14010520
136482196 14010521
136482083 14010524
136482197 14010531
136482198 14010531
136478999 14010534
136482085 14010541
136482306 14010541
136482308 14010541
136482309 14010541
136477953 14010544
136478027 14010544
136482199 14010545
136482028 14010547
136482086 14010547
136482292 14010547
136482293 14010547
136482307 14010547
136480128 14010548
136482084 14010549
136482087 14010549
136482310 14010549
136482089 14010550
136480539 14010551
136480540 14010551
136480769 14010552
136480771 14010552
136480431 14010554
136481960 14010556
136482280 14010556
136478222 14010557
136475764 14010561
136475768 14010561
136480211 14010561
136481987 14010564
136482283 14010564
136482357 14010564
136481509 14010566
136482165 14010566
136482170 14010566
136481988 14010567
136482284 14010567
136481512 14010571
136482171 14010571
136480439 14010572
136481469 14010572
136482285 14010573
136482356 14010573
136480961 14010581
136480962 14010581
136482059 14010585
136482060 14010585
136482122 14010585
136482061 14010589
136478728 14010593
136478736 14010593
136478738 14010593
136479021 14010593
136480328 14010593
136482024 14010596
136482025 14010596
136482031 14010596
136482288 14010596
136480217 14010598
136481417 14010598
136481418 14010598
136482063 14010600
136482065 14010600
136480105 14010603
136481193 14010603
136481194 14010603
136478977 14010616
136478741 14010622
136478865 14010622
136479005 14010622
136482064 14010629
136482123 14010629
136482172 14010633
136482175 14010633
136482176 14010633
136482177 14010633
136482178 14010633
136478979 14010634
136482066 14010636
136482151 14010639
136482179 14010639
136480967 14010642
136480968 14010642
136482067 14010643
136482300 14010643
136482301 14010643
136482302 14010643
136478639 14010645
136478642 14010645
136478643 14010645
136480342 14010645
136478644 14010646
136480520 14010648
136481576 14010648
136478929 14010652
136480521 14010652
136480523 14010652
136480524 14010652
136482480 14010653
136480635 14010654
136480636 14010654
136478536 14010663
136478674 14010663
136479837 14010663
136482481 14010669
136480411 14010671
136482482 14010672
136482483 14010673
136482370 14010674
136482484 14010675
136480300 14010678
136482371 14010679
136482485 14010681
136482362 14010682
136482363 14010682
136482372 14010682
136482377 14010682
136482486 14010685
136476074 14010687
136480416 14010687
136482262 14010688
136482488 14010690
136479462 14010692
136480304 14010692
136482207 14010693
136482375 14010693
136482378 14010693
136481877 14010694
136482263 14010694
136482351 14010694
136482368 14010694
136482150 14010697
136482376 14010699
136482152 14010702
136482153 14010702
136476869 14010713
136480332 14010713
136480901 14010713
136480902 14010713
136480941 14010713
136480942 14010713
136482154 14010715
136480827 14010717
136480829 14010717
136480830 14010717
136478730 14010720
136478731 14010720
136478732 14010720
136478733 14010720
136479011 14010720
136479017 14010720
136482155 14010721
136482042 14010722
136478412 14010725
136478413 14010725
136480831 14010725
136480832 14010725
136480943 14010729
136480944 14010729
136482043 14010730
136482044 14010731
136482158 14010732
136480945 14010734
136480947 14010734
136480948 14010734
136482045 14010735
136482046 14010736
136478735 14010737
136480290 14010741
136480292 14010741
136480609 14010741
136480610 14010741
136481671 14010741
136478737 14010742
136479230 14010742
136480949 14010743
136480951 14010743
136481827 14010743
136481831 14010743
136482489 14010743
136478400 14010744
136478401 14010744
136478403 14010744
136478167 14010746
136480839 14010746
136480841 14010746
136480842 14010746
136482460 14010749
136478402 14010750
136478404 14010751
136478406 14010752
136478408 14010753
136481746 14010756
136481748 14010756
136482239 14010756
136482240 14010756
136482466 14010758
136482241 14010760
136482243 14010760
136482467 14010762
136481747 14010763
136482242 14010763
136482468 14010766
136482130 14010767
136482469 14010769
136482131 14010770
136482132 14010771
136480404 14010772
136482133 14010772
136478716 14010776
136478782 14010776
136478937 14010776
136480709 14010776
136480710 14010776
136482136 14010777
136478711 14010779
136481745 14010779
136480811 14010782
136480812 14010782
136482138 14010783
136482327 14010783
136482026 14010785
136482027 14010785
136482311 14010785
136482029 14010787
136482550 14010788
136482551 14010789
136482552 14010790
136482553 14010792
136482554 14010794
136482555 14010796
136476712 14010799
136476719 14010799
136482443 14010799
136482444 14010800
136476870 14010801
136482446 14010801
136482222 14010802
136477176 14010804
136477177 14010804
136482448 14010804
136482565 14010804
136482111 14010807
136482225 14010809
136482112 14010811
136482000 14010813
136482226 14010817
136482001 14010819
136482227 14010821
136481421 14010827
136481425 14010827
136482114 14010827
136482115 14010827
136481244 14010829
136482002 14010829
136482228 14010834
136482003 14010837
136482116 14010839
136480904 14010841
136481823 14010841
136478918 14010846
136479040 14010846
136482005 14010847
136482118 14010849
136482006 14010850
136482119 14010851
136482530 14010854
136482531 14010855
136482532 14010856
136482533 14010857
136482534 14010860
136482535 14010862
136482536 14010865
136482537 14010866
136482200 14010867
136482538 14010869
136482201 14010870
136477194 14010872
136477336 14010872
136482539 14010874
136482202 14010877
136482203 14010881
136477196 14010882
136482204 14010884
136476992 14010886
136477086 14010886
136480390 14010886
136476990 14010889
136477087 14010889
136482208 14010891
136482210 14010891
136481611 14010892
136482209 14010892
136482510 14010894
136477391 14010895
136482511 14010898
136477393 14010899
136477394 14010899
136482513 14010902
136482514 14010904
136477395 14010908
136482515 14010911
136477170 14010913
136477007 14010916
136477008 14010916
136477171 14010916
136482516 14010917
136477220 14010920
136477398 14010920
136482517 14010922
136482518 14010923
136477174 14010924
136482519 14010926
136477592 14010931
136477369 14010932
136477370 14010932
136477372 14010933
136477598 14010951
136477599 14010951
136482453 14010951
136477374 14010953
136477376 14010954
136477378 14010959
136479489 14010959
136477350 14010966
136477379 14010966
136480392 14010966
136476987 14010970
136477154 14010970
136477155 14010971
136477683 14010976
136477689 14010976
136477794 14010976
136477805 14010976
136477824 14010976
136477838 14010976
136477876 14010976
136480136 14010976
136477572 14010978
136481186 14010978
136477686 14010980
136479904 14010980
136480200 14010980
136477463 14010981
136477240 14010983
136477241 14010983
136477384 14010983
136479487 14010983
136477466 14010986
136477627 14010986
136477467 14010989
136477469 14010989
136479530 14010989
136477243 14010992
136477130 14010993
136479092 14010994
136479121 14010994
136477135 14010997
136477995 14010999
136479976 14010999
136480284 14010999
136477137 14011000
136477025 14011003
136477997 14011006
136478090 14011006
136481558 14011006
136477139 14011007
136477999 14011009
136478099 14011009
136477233 14011011
136477330 14011011
136477375 14011011
136477462 14011011
136477446 14011015
136477225 14011017
136477344 14011017
136475691 14011018
136479859 14011018
136475695 14011021
136475699 14011022
136475700 14011022
136475718 14011022
136479492 14011025
136481081 14011027
136481082 14011027
136477943 14011030
136478123 14011030
136479388 14011030
136475892 14011034
136479867 14011034
136480183 14011034
136481277 14011034
136481278 14011034
136475894 14011039
136475781 14011042
136479166 14011057
136479168 14011057
136479170 14011057
136479499 14011057
136479566 14011057
136479279 14011059
136475783 14011061
136481898 14011061
136481899 14011061
136479690 14011067
136479692 14011069
136481280 14011071
136479470 14011073
136479697 14011075
136477718 14011082
136477739 14011082
136477626 14011084
136477382 14011087
136477383 14011087
136477401 14011087
136476695 14011095
136476850 14011095
136479337 14011095
136479359 14011095
136479360 14011095
136481399 14011096
136481400 14011096
136477628 14011098
136479587 14011100
136479477 14011102
136481065 14011106
136481066 14011106
136479027 14011110
136479029 14011110
136479030 14011110
136479256 14011115
136475854 14011119
136475867 14011119
136475873 14011119
136475875 14011119
136481592 14011122
136479127 14011125
136479147 14011125
136481593 14011126
136476412 14011143
136479775 14011143
136479776 14011143
136481479 14011143
136481480 14011143
136481594 14011144
136476581 14011145
136479894 14011145
136481595 14011146
136475754 14011148
136475766 14011148
136477938 14011149
136481596 14011151
136481371 14011156
136481597 14011158
136481598 14011159
136477602 14011162
136477603 14011162
136481599 14011164
136481260 14011167
136482015 14011167
136475658 14011171
136477605 14011174
136479564 14011177
136477607 14011178
136479452 14011183
136477609 14011187
136476891 14011197
136476899 14011197
136479455 14011197
136481790 14011200
136481791 14011207
136481792 14011210
136481793 14011210
136479980 14011214
136479983 14011214
136479986 14011214
136481794 14011216
136479010 14011217
136480885 14011220
136481795 14011220
136481796 14011220
136481049 14011223
136481051 14011223
136481053 14011223
136481055 14011223
136481056 14011223
136481682 14011226
136481683 14011226
136477913 14011227
136478743 14011230
136479012 14011230
136481571 14011231
136481797 14011232
136481684 14011233
136475741 14011235
136481572 14011237
136481685 14011238
136481686 14011238
136477110 14011247
136478601 14011247
136478603 14011247
136478605 14011247
136478606 14011247
136478690 14011247
136478939 14011247
136478940 14011247
136478943 14011247
136478945 14011247
136478947 14011247
136478951 14011247
136478953 14011247
136478955 14011247
136478957 14011247
136478959 14011247
136478961 14011247
136478963 14011247
136478965 14011247
136478983 14011247
136479520 14011247
136479760 14011247
136479761 14011247
136480857 14011247
136482461 14011247
136481573 14011250
136479015 14011254
136479016 14011254
136479874 14011257
136479877 14011257
136479878 14011257
136481575 14011258
136481688 14011261
136479989 14011262
136481463 14011266
136481464 14011268
136482143 14011268
136482144 14011268
136475747 14011272
136479019 14011274
136479020 14011274
136480514 14011276
136480517 14011276
136481577 14011276
136481578 14011276
136476089 14011285
136476090 14011285
136476103 14011285
136481465 14011285
136481466 14011285
136475748 14011288
136475750 14011288
136480129 14011288
136480130 14011288
136481467 14011291
136481468 14011291
136481243 14011296
136481990 14011298
136481991 14011299
136481020 14011302
136481027 14011302
136481028 14011302
136481992 14011303
136476464 14011322
136476491 14011322
136476574 14011322
136476576 14011322
136479306 14011322
136479320 14011322
136479321 14011322
136479862 14011322
136480123 14011322
136480230 14011322
136481235 14011322
136481236 14011322
136482437 14011322
136476247 14011330
136476395 14011330
136479434 14011330
136481993 14011332
136481880 14011334
136477590 14011335
136481994 14011335
136481881 14011337
136481995 14011342
136481249 14011344
136481251 14011344
136481013 14011347
136481882 14011347
136481996 14011348
136481997 14011348
136479438 14011351
136475941 14011355
136476192 14011358
136481772 14011361
136481998 14011363
136481660 14011367
136476476 14011376
136476479 14011376
136479327 14011376
136479328 14011376
136481774 14011379
136475831 14011380
136480097 14011380
136481999 14011381
136481661 14011384
136481887 14011386
136481775 14011387
136476083 14011388
136476086 14011388
136481888 14011390
136475945 14011392
136475946 14011392
136475999 14011392
136481776 14011396
136476084 14011398
136481663 14011400
136481550 14011402
136481777 14011405
136476085 14011407
136476088 14011407
136476331 14011407
136481664 14011408
136481889 14011410
136475947 14011411
136475953 14011411
136476198 14011412
136476330 14011412
136481551 14011413
136481665 14011417
136475948 14011420
136481552 14011424
136481553 14011424
136481554 14011424
136481555 14011424
136479966 14011427
136475724 14011431
136475823 14011431
136479262 14011431
136475949 14011433
136475958 14011433
136475994 14011433
136481668 14011441
136475725 14011447
136475726 14011455
136475731 14011455
136481556 14011457
136479857 14011458
136481669 14011461
136475727 14011462
136481557 14011463
136475728 14011482
136475732 14011482
136475733 14011482
136475738 14011482
136475740 14011482
136475742 14011482
136475743 14011482
136475746 14011482
136475787 14011482
136475789 14011482
136476560 14011482
136480973 14011482
136480974 14011482
136481333 14011485
136481559 14011487
136481223 14011490
136481225 14011490
136481227 14011490
136481228 14011490
136481971 14011494
136476392 14011497
136481972 14011499
136479526 14011501
136481973 14011504
136476693 14011537
136480985 14011537
136480986 14011537
136481803 14011537
136481804 14011537
136481806 14011537
136481807 14011537
136481808 14011537
136481809 14011537
136481810 14011537
136481811 14011537
136481812 14011537
136481813 14011537
136481815 14011537
136481816 14011537
136481817 14011537
136481822 14011537
136481857 14011537
136481858 14011537
136481859 14011537
136481860 14011537
136481861 14011537
136481862 14011537
136481863 14011537
136481864 14011537
136481975 14011544
136476472 14011548
136479303 14011548
136479304 14011548
136481041 14011548
136481042 14011548
136481976 14011550
136475920 14011559
136475930 14011559
136475936 14011559
136475938 14011559
136475980 14011559
136476039 14011559
136479275 14011559
136479283 14011559
136481496 14011559
136482189 14011559
136476061 14011567
136476172 14011567
136481501 14011567
136481503 14011567
136481504 14011567
136476398 14011568
136481977 14011572
136481752 14011573
136481978 14011575
136481639 14011577
136481640 14011577
136482220 14011577
136482221 14011577
136481753 14011579
136481979 14011583
136481641 14011601
136475924 14011610
136476040 14011610
136481754 14011611
136481754 181378801
136481642 14011617
136481867 14011618
136481755 14011620
136481643 14011622
136481756 14011627
136479831 14011631
136481869 14011635
136475927 14011638
136475928 14011638
136475935 14011638
136476011 14011638
136477761 14011639
136480653 14011639
136480654 14011639
136481698 14011639
136481699 14011639
136481700 14011639
136481757 14011639
136476066 14011643
136481758 14011647
136475929 14011648
136481534 14011651
136476068 14011654
136479948 14011655
136481423 14011656
136480444 14011658
136481648 14011658
136481649 14011660
136481427 14011663
136481428 14011663
136481315 14011666
136481950 14011667
136481951 14011672
136481205 14011675
136481206 14011675
136476374 14011676
136480446 14011677
136480447 14011677
136481954 14011677
136476262 14011679
136476489 14011681
136481843 14011682
136475900 14011683
136481955 14011688
136481844 14011696
136481845 14011696
136481731 14011701
136481956 14011706
136476265 14011711
136475902 14011712
136481732 14011714
136480997 14011716
136481957 14011716
136479920 14011717
136479921 14011717
136481733 14011719
136481958 14011729
136481959 14011729
136482458 14011729
136481846 14011732
136481734 14011734
136481847 14011737
136481848 14011737
136476092 14011744
136476168 14011744
136480176 14011744
136480218 14011744
136481510 14011744
136481735 14011747
136481511 14011759
136476791 14011766
136479336 14011766
136476045 14011767
136479812 14011769
136481306 14011769
136475908 14011771
136475909 14011771
136479926 14011774
136481738 14011777
136481625 14011781
136481739 14011784
136481626 14011789
136481628 14011791
136481629 14011795
136476685 14011796
136479705 14011798
136479706 14011798
136476686 14011801
136476688 14011801
136476694 14011801
136481405 14011802
136481406 14011802
136476689 14011804
136476351 14011810
136481930 14011811
136481931 14011813
136481932 14011814
136476466 14011816
136476235 14011819
136476241 14011819
136476251 14011819
136476316 14011819
136481933 14011822
136481936 14011822
136476242 14011824
136480243 14011827
136480903 14011827
136481814 14011827
136481821 14011827
136482487 14011827
136481934 14011829
136481935 14011829
136482277 14011829
136481710 14011832
136481711 14011833
136476991 14011834
136476245 14011836
136480756 14011839
136481712 14011839
136481713 14011839
136481937 14011843
136479900 14011846
136481938 14011847
136481600 14011849
136481939 14011851
136481601 14011853
136481714 14011854
136476249 14011855
136481602 14011857
136481715 14011858
136476024 14011862
136476025 14011862
136481828 14011865
136481829 14011865
136476697 14011878
136476883 14011878
136481716 14011880
136481603 14011883
136481717 14011886
136481604 14011888
136481718 14011889
136481605 14011891
136481606 14011891
136479907 14011896
136476208 14011900
136476887 14011900
136476896 14011900
136476902 14011900
136476029 14011908
136476071 14011908
136476889 14011909
136481609 14011910
136481912 14011912
136476221 14011913
136481800 14011914
136481913 14011915
136476223 14011917
136481801 14011918
136476789 14011926
136476860 14011926
136476861 14011926
136476228 14011937
136476116 14011944
136476976 14011948
136476117 14011950
136476867 14011952
136476642 14011956
136476647 14011961
136476423 14011964
136476424 14011964
136476459 14011970
136476537 14011970
136476640 14011970
136476425 14011972
136480227 14011972
136476897 14011975
136480084 14011975
136476539 14011976
136476427 14011977
136476429 14011980
136476205 14011981
136476207 14011985
136476842 14011988
136476209 14011990
136476730 14011992
136476845 14011998
136476733 14012000
136476621 14012005
136476847 14012008
136476849 14012009
136476510 14012013
136476626 14012014
136476821 14012015
136480481 14012018
136480482 14012018
136481561 14012018
136476711 14012020
136476825 14012022
136476456 14012023
136476601 14012023
136476715 14012024
136476602 14012026
136477162 14012030
136477163 14012030
136480260 14012030
136478160 14012031
136480331 14012032
136480375 14012032
136480378 14012037
136478165 14012039
136476474 14012041
136476543 14012041
136476608 14012041
136480157 14012043
136478360 14012044
136478587 14012045
136478616 14012045
136478462 14012059
136478589 14012059
136478636 14012059
136480513 14012059
136480352 14012062
136478365 14012065
136478366 14012065
136477958 14012068
136478030 14012068
136478032 14012068
136478037 14012068
136478120 14012068
136480131 14012069
136480991 14012070
136480992 14012070
136482090 14012073
136480134 14012077
136480993 14012079
136481871 14012079
136482092 14012081
136480994 14012094
136482093 14012097
136482094 14012099
136482095 14012100
136480883 14012102
136480772 14012104
136478651 14012105
136478653 14012105
136478673 14012105
136480998 14012108
136482098 14012110
136480886 14012112
136476126 14012115
136480028 14012115
136482099 14012117
136478450 14012132
136478451 14012132
136481650 14012132
136481651 14012132
136478676 14012137
136480664 14012140
136480603 14012149
136480604 14012149
136480665 14012149
136480667 14012149
136478679 14012152
136478456 14012156
136478344 14012159
136478231 14012160
136482290 14012163
136480221 14012168
136478348 14012169
136478981 14012170
136482180 14012172
136478236 14012173
136482181 14012175
136478124 14012177
136482182 14012179
136480971 14012181
136480972 14012181
136482070 14012185
136482051 14012187
136482296 14012187
136482183 14012188
136482072 14012189
136478128 14012191
136482073 14012193
136478960 14012196
136478987 14012196
136478989 14012196
136479001 14012196
136482186 14012199
136482074 14012201
136482187 14012202
136482075 14012204
136482188 14012205
136480005 14012206
136480006 14012206
136482076 14012208
136482077 14012210
136480007 14012211
136482078 14012215
136482079 14012218
136480755 14012222
136482490 14012227
136482491 14012231
136482492 14012232
136482493 14012235
136479975 14012237
136482380 14012237
136482494 14012240
136482495 14012241
136482496 14012243
136482271 14012244
136482497 14012246
136482498 14012247
136482499 14012248
136482274 14012249
136482276 14012250
136481497 14012252
136482163 14012252
136482164 14012253
136480952 14012254
136481833 14012254
136482054 14012257
136478742 14012261
136481301 14012268
136482055 14012268
136480023 14012281
136481303 14012281
136482056 14012281
136478631 14012282
136482057 14012283
136482058 14012283
136478746 14012284
136478634 14012285
136482470 14012287
136482471 14012292
136482472 14012293
136482473 14012295
136482304 14012297
136482305 14012297
136482360 14012297
136482474 14012298
136480515 14012300
136482361 14012301
136481689 14012303
136481691 14012303
136481693 14012303
136482475 14012303
136482476 14012304
136482477 14012307
136480518 14012311
136482364 14012318
136482365 14012318
136482478 14012320
136480519 14012321
136482479 14012323
136480407 14012325
136482141 14012327
136482142 14012327
136480409 14012334
136482369 14012337
136482030 14012338
136482145 14012341
136482146 14012341
136482032 14012348
136482033 14012348
136482088 14012348
136482289 14012348
136482291 14012348
136478724 14012362
136478745 14012362
136478749 14012362
136478751 14012362
136478834 14012362
136478848 14012362
136478895 14012362
136478911 14012362
136478922 14012362
136479722 14012362
136479736 14012362
136479737 14012362
136478722 14012366
136482147 14012368
136482034 14012371
136478723 14012373
136482148 14012375
136482035 14012376
136480711 14012379
136482036 14012380
136478729 14012387
136478838 14012387
136482037 14012390
136482039 14012391
136482564 14012394
136482454 14012399
136482455 14012401
136482345 14012403
136482120 14012405
136482121 14012406
136482324 14012406
136482347 14012407
136482124 14012408
136482125 14012411
136482126 14012413
136482010 14012415
136482013 14012415
136482014 14012415
136482344 14012415
136482127 14012417
136478702 14012419
136482128 14012420
136482129 14012421
136482016 14012439
136482017 14012439
136482540 14012441
136482541 14012442
136482542 14012444
136482543 14012445
136482544 14012447
136482545 14012452
136482546 14012455
136482547 14012456
136482435 14012459
136482548 14012462
136482323 14012463
136482549 14012465
136482100 14012467
136482101 14012468
136482102 14012469
136482329 14012474
136482105 14012475
136482219 14012477
136482520 14012480
136482521 14012484
136482522 14012489
136482523 14012493
136482524 14012501
136482525 14012504
136482526 14012506
136477181 14012510
136482527 14012513
136477183 14012514
136482528 14012517
136482529 14012518
136477186 14012522
136477380 14012529
136482500 14012531
136482501 14012533
136482502 14012538
136482503 14012540
136482505 14012544
136482506 14012545
136482507 14012546
136482508 14012548
136482509 14012549
136477052 14012550
136477165 14012551
136477167 14012553
136477031 14012561
136477032 14012561
136477169 14012561
136477697 14012567
136479914 14012567
136477472 14012569
136477586 14012573
136477475 14012576
136477362 14012582
136477251 14012592
136477364 14012594
136477253 14012597
136479173 14012597
136479177 14012597
136479498 14012597
136477366 14012600
136477143 14012602
136477144 14012602
136477146 14012604
136477034 14012611
136477232 14012618
136477010 14012624
136477982 14012625
136479084 14012627
136477127 14012629
136479087 14012632
136477968 14012633
136479390 14012633
136479398 14012633
136477433 14012638
136477212 14012640
136477708 14012643
136477855 14012643
136477630 14012646
136477632 14012650
136477633 14012653
136477636 14012655
136481181 14012656
136479488 14012658
136479376 14012661
136476038 14012676
136480414 14012676
136481493 14012676
136481495 14012676
136482162 14012676
136477611 14012679
136477725 14012680
136481385 14012683
136479572 14012695
136481272 14012697
136481498 14012700
136481163 14012704
136481966 14012704
136481276 14012705
136477619 14012708
136479577 14012712
136481164 14012713
136479869 14012714
136481279 14012714
136479131 14012715
136479133 14012716
136479881 14012718
136479994 14012721
136479022 14012722
136481581 14012723
136481694 14012726
136481582 14012728
136481695 14012733
136481470 14012737
136481583 14012760
136481630 14012760
136481696 14012764
136481584 14012765
136481697 14012767
136479888 14012768
136481588 14012770
136479889 14012771
136481589 14012775
136481141 14012777
136481944 14012777
136481142 14012778
136481257 14012779
136481891 14012780
136479333 14012783
136481892 14012784
136481780 14012787
136481893 14012797
136481894 14012797
136481895 14012797
136482264 14012797
136481896 14012799
136481784 14012802
136481897 14012803
136479000 14012804
136476093 14012806
136481672 14012807
136481785 14012809
136475730 14012811
136475734 14012811
136481560 14012814
136481673 14012816
136481674 14012816
136481786 14012819
136481787 14012822
136479003 14012823
136481675 14012825
136479004 14012826
136481789 14012827
136479864 14012829
136476098 14012831
136478747 14012837
136478880 14012837
136479751 14012837
136479752 14012837
136481677 14012838
136479006 14012841
136476099 14012848
136481565 14012850
136475736 14012855
136475737 14012855
136479009 14012860
136479715 14012860
136479716 14012860
136475739 14012864
136481569 14012871
136481570 14012871
136481610 14012871
136481612 14012871
136482211 14012871
136481231 14012873
136481980 14012877
136481011 14012881
136481012 14012881
136481983 14012885
136481983 181379052
136479427 14012887
136481014 14012889
136475931 14012901
136475933 14012901
136476031 14012901
136476217 14012905
136476224 14012905
136476295 14012905
136481761 14012906
136476183 14012907
136481762 14012911
136481763 14012912
136476185 14012915
136481989 14012917
136481019 14012918
136481652 14012919
136481653 14012920
136481766 14012922
136475802 14012924
136475824 14012924
136477062 14012924
136475937 14012931
136476013 14012931
136476075 14012936
136481654 14012938
136481767 14012940
136475825 14012944
136481655 14012952
136481656 14012955
136475939 14012962
136476017 14012962
136481657 14012965
136481432 14012969
136481433 14012969
136481434 14012969
136482062 14012969
136481547 14012970
136481659 14012974
136476343 14012994
136481435 14012994
136481437 14012994
136481438 14012994
136482068 14012994
136482069 14012994
136482071 14012994
136481961 14012997
136476496 14013001
136481851 14013002
136481852 14013004
136481965 14013005
136481853 14013008
136481854 14013008
136481741 14013009
136481742 14013009
136475912 14013013
136475914 14013013
136481855 14013014
136481967 14013015
136479930 14013016
136475913 14013017
136481743 14013018
136481968 14013020
136475801 14013022
136481631 14013024
136481744 14013025
136475915 14013028
136481632 14013029
136475803 14013031
136481633 14013035
136481634 14013035
136475916 14013038
136475917 14013038
136481635 14013040
136476690 14013042
136475919 14013044
136481636 14013046
136481749 14013047
136479938 14013049
136481637 14013051
136481638 14013051
136481302 14013056
136476696 14013057
136476471 14013060
136481304 14013062
136481940 14013063
136481941 14013065
136481942 14013066
136476477 14013068
136481943 14013071
136481945 14013073
136476030 14013076
136481722 14013084
136481947 14013086
136479910 14013088
136481948 14013089
136481949 14013091
136475922 14013092
136475925 14013092
136476033 14013092
136476035 14013092
136476892 14013095
136476894 14013095
136476034 14013097
136476893 14013098
136481613 14013100
136481725 14013102
136481838 14013103
136481839 14013104
136476036 14013105
136476037 14013107
136476675 14013109
136476450 14013113
136476340 14013117
136476342 14013120
136481921 14013121
136476457 14013123
136476344 14013124
136476458 14013125
136481923 14013126
136476346 14013127
136481924 14013128
136476121 14013129
136476234 14013131
136481925 14013133
136481701 14013136
136481926 14013137
136476236 14013138
136481927 14013139
136481702 14013141
136481928 14013143
136476871 14013145
136481703 14013148
136481929 14013150
136481704 14013152
136481705 14013155
136476874 14013156
136481706 14013158
136476876 14013160
136480092 14013161
136481900 14013162
136481901 14013164
136476437 14013166
136481902 14013170
136481904 14013174
136481905 14013177
136481907 14013177
136481906 14013181
136481908 14013183
136476851 14013184
136476218 14013187
136481909 14013190
136476106 14013192
136476852 14013193
136476219 14013196
136476944 14013197
136477957 14013202
136477978 14013202
136478040 14013202
136478057 14013202
136478154 14013202
136478157 14013202
136480557 14013202
136480559 14013202
136480561 14013202
136480563 14013202
136480564 14013202
136480669 14013202
136480670 14013202
136480749 14013203
136480750 14013203
136478075 14013207
136479923 14013207
136479334 14013208
136475775 14013223
136475773 14013230
136477455 14013235
136477458 14013235
136477459 14013235
136477541 14013235
136477553 14013235
136477559 14013235
136477450 14013241
136477453 14013241
136477565 14013241
136479543 14013241
136479544 14013241
136481187 14013241
136481188 14013241
136476977 14013248
136476978 14013248
136476980 14013248
136476984 14013248
136476986 14013248
136477230 14013248
136480267 14013248
136481153 14013248
136481155 14013248
136481156 14013248
136481157 14013248
136481158 14013248
136481165 14013248
136481166 14013248
136478194 14013252
136478264 14013252
136478374 14013252
136479967 14013252
136479963 14013254
136477235 14013260
136477323 14013260
136477348 14013260
136477187 14013262
136481525 14013268
136481527 14013268
136481528 14013268
136481529 14013268
136481530 14013268
136477529 14013270
136479524 14013270
136481221 14013270
136481222 14013270
136481269 14013270
136481270 14013270
136480763 14013272
136480764 14013272
136476732 14013273
136476880 14013273
136479335 14013274
136479338 14013274
136475940 14013278
136475983 14013278
136480406 14013278
136475942 14013294
136475962 14013294
136475943 14013295
136476661 14013297
136476835 14013297
136481069 14013297
136481071 14013297
136481072 14013297
136476923 14013302
136477069 14013302
136477117 14013302
136477152 14013302
136477218 14013302
136477223 14013302
136477302 14013302
136477311 14013302
136477365 14013302
136477371 14013302
136477373 14013302
136480192 14013302
136481159 14013302
136481160 14013302
136481161 14013302
136481162 14013302
136481167 14013302
136481169 14013302
136481170 14013302
136478497 14013305
136478515 14013305
136480703 14013305
136480705 14013305
136480707 14013305
136480708 14013305
136477392 14013307
136480208 14013307
136477249 14013309
136479496 14013309
136477221 14013311
136477224 14013311
136477229 14013311
136477343 14013311
136481007 14013311
136481008 14013311
136481009 14013311
136481010 14013311
136476254 14013313
136479436 14013313
136479437 14013313
136478452 14013314
136478454 14013314
136478542 14013314
136478545 14013314
136478552 14013314
136477993 14013318
136478088 14013318
136478092 14013318
136478113 14013318
136480477 14013318
136480479 14013318
136480480 14013318
136479096 14013320
136477722 14013322
136481063 14013325
136481064 14013325
136482441 14013325
136477596 14013340
136479769 14013340
136481355 14013340
136481357 14013340
136481358 14013340
136481373 14013340
136481375 14013340
136481376 14013340
136477474 14013344
136480965 14013344
136480966 14013344
136480311 14013354
136480969 14013354
136480970 14013354
136477468 14013358
136477629 14013358
136477471 14013360
136477558 14013360
136479547 14013360
136480398 14013360
136480441 14013360
136477539 14013365
136479928 14013365
136477470 14013366
136480395 14013372
136481946 14013372
136476677 14013375
136476679 14013375
136476680 14013375
136476684 14013375
136476806 14013375
136476841 14013375
136476843 14013375
136476844 14013375
136481057 14013375
136481059 14013375
136481060 14013375
136476651 14013378
136476653 14013378
136476654 14013378
136476779 14013378
136481191 14013378
136481192 14013378
136481195 14013378
136481197 14013378
136481199 14013378
136481201 14013378
136481202 14013378
136478446 14013387
136478511 14013387
136478527 14013387
136479568 14013387
136480505 14013389
136480506 14013389
136478437 14013398
136478442 14013398
136478481 14013398
136478489 14013398
136478517 14013398
136479183 14013398
136479497 14013398
136475849 14013400
136479805 14013400
136477239 14013406
136477340 14013406
136476111 14013410
136476112 14013410
136476113 14013410
136476204 14013410
136476206 14013410
136481420 14013410
136476268 14013418
136476273 14013418
136476274 14013418
136476275 14013418
136476276 14013418
136476305 14013418
136481307 14013418
136481309 14013418
136481311 14013418
136481312 14013418
136481319 14013418
136481320 14013418
136480223 14013420
136477199 14013424
136480161 14013424
136476900 14013426
136476904 14013426
136477133 14013426
136479456 14013426
136479457 14013426
136480022 14013426
136482052 14013426
136481189 14013430
136481240 14013430
136482436 14013430
136482439 14013430
136480279 14013432
136478070 14013438
136478152 14013438
136480607 14013438
136480608 14013438
136480673 14013438
136480675 14013438
136480676 14013438
136480677 14013438
136480678 14013438
136476734 14013442
136479346 14013442
136478610 14013443
136478645 14013443
136477701 14013457
136477711 14013457
136477714 14013457
136477870 14013457
136477979 14013457
136477980 14013457
136477981 14013457
136478073 14013457
136478288 14013457
136478351 14013457
136479090 14013457
136479132 14013457
136479134 14013457
136480188 14013457
136480327 14013457
136480535 14013457
136480536 14013457
136480545 14013457
136480546 14013457
136480547 14013457
136480548 14013457
136480549 14013457
136480550 14013457
136480553 14013457
136480554 14013457
136477710 14013460
136476957 14013461
136476959 14013461
136480070 14013461
136480071 14013461
136481139 14013461
136481140 14013461
136482447 14013461
136478195 14013473
136478196 14013473
136478263 14013473
136478363 14013473
136478530 14013473
136478533 14013473
136479569 14013473
136480699 14013473
136480700 14013473
136478539 14013477
136480199 14013478
136480356 14013481
136477963 14013485
136477966 14013485
136475950 14013487
136476625 14013487
136476628 14013487
136476641 14013487
136476655 14013487
136479278 14013487
136481291 14013487
136481293 14013487
136481294 14013487
136480112 14013488
136477625 14013489
136480276 14013489
136481029 14013489
136481031 14013489
136481033 14013489
136481034 14013489
136481017 14013495
136476969 14013496
136480393 14013496
136475763 14013507
136479081 14013507
136479086 14013507
136479088 14013507
136479089 14013507
136479108 14013507
136479911 14013507
136480127 14013507
136480643 14013507
136480645 14013507
136480646 14013507
136480647 14013507
136480648 14013507
136480723 14013507
136480724 14013507
136480817 14013507
136480818 14013507
136480819 14013507
136480820 14013507
136479253 14013511
136475761 14013515
136480888 14013515
136482438 14013515
136479899 14013516
136476454 14013521
136476629 14013521
136476818 14013521
136480195 14013521
136481285 14013521
136481286 14013521
136481287 14013521
136481288 14013521
136481289 14013521
136476451 14013523
136476453 14013523
136479879 14013523
136479880 14013523
136478428 14013527
136479940 14013530
136477367 14013531
136479534 14013553
136480869 14013553
136480871 14013553
136480873 14013553
136480875 14013553
136480876 14013553
136476968 14013556
136480041 14013556
136480042 14013556
136481131 14013558
136481133 14013558
136481134 14013558
136480611 14013563
136480613 14013563
136480614 14013563
136480615 14013565
136480616 14013565
136480619 14013565
136480620 14013565
136476660 14013566
136476840 14013566
136479791 14013566
136479819 14013566
136479820 14013566
136480399 14013568
136481075 14013570
136481076 14013571
136476504 14013573
136481381 14013576
136481383 14013576
136481384 14013576
136481445 14013576
136481446 14013576
136481481 14013576
136481483 14013576
136481484 14013576
136477687 14013583
136477694 14013583
136477698 14013583
136477699 14013583
136477716 14013583
136477726 14013583
136477763 14013583
136477810 14013583
136477813 14013583
136477865 14013583
136477879 14013583
136479204 14013583
136480543 14013583
136480544 14013583
136480649 14013583
136480651 14013583
136480652 14013583
136480143 14013586
136479109 14013587
136479137 14013587
136479908 14013587
136479909 14013587
136480639 14013587
136480640 14013587
136479968 14013589
136481295 14013591
136481296 14013591
136481297 14013591
136481298 14013591
136479480 14013593
136476225 14013596
136476226 14013596
136476233 14013596
136476243 14013596
136476349 14013596
136476062 14013598
136476064 14013598
136476065 14013598
136476182 14013598
136481499 14013598
136481500 14013598
136478739 14013607
136478752 14013607
136478882 14013607
136479023 14013607
136477700 14013608
136477730 14013608
136477784 14013608
136477800 14013608
136477860 14013608
136477882 14013608
136479916 14013608
136479917 14013608
136480277 14013608
136480461 14013608
136480462 14013608
136480597 14013608
136480599 14013608
136480600 14013608
136475832 14013611
136475839 14013611
136481487 14013611
136481488 14013611
136480045 14013615
136482450 14013616
136476570 14013628
136480122 14013628
136480877 14013635
136480879 14013635
136480880 14013642
136475756 14013648
136476566 14013648
136476568 14013648
136478720 14013663
136478725 14013663
136478740 14013663
136478831 14013663
136478888 14013663
136478978 14013663
136478980 14013663
136479743 14013663
136480531 14013663
136480532 14013663
136480589 14013663
136480591 14013663
136480593 14013663
136480594 14013663
136480629 14013663
136480630 14013663
136480631 14013663
136480632 14013663
136482464 14013663
136477673 14013668
136477677 14013668
136477679 14013668
136477767 14013668
136477770 14013668
136477774 14013668
136477777 14013668
136477780 14013668
136477791 14013668
136479072 14013668
136479073 14013668
136479075 14013668
136480725 14013668
136480727 14013668
136480728 14013668
136480733 14013668
136480735 14013668
136480736 14013668
136480741 14013668
136480743 14013668
136480744 14013668
136477227 14013680
136477332 14013680
136478986 14013681
136479927 14013681
136480357 14013681
136477941 14013696
136477944 14013696
136477946 14013696
136478044 14013696
136478121 14013696
136478125 14013696
136478712 14013696
136478715 14013696
136478779 14013696
136479222 14013696
136479588 14013696
136480329 14013696
136480745 14013696
136480747 14013696
136480748 14013696
136480793 14013696
136480794 14013696
136478719 14013708
136478726 14013708
136478841 14013708
136478844 14013708
136478859 14013708
136478956 14013708
136478982 14013708
136478998 14013708
136480633 14013708
136480634 14013708
136478188 14013714
136478192 14013714
136478202 14013714
136478272 14013714
136480293 14013714
136480573 14013714
136480574 14013714
136480689 14013714
136480690 14013714
136478286 14013719
136478347 14013719
136479977 14013719
136480297 14013719
136478171 14013725
136478173 14013725
136478183 14013725
136478397 14013725
136478399 14013725
136480683 14013725
136480685 14013725
136480686 14013725
136476714 14013738
136476717 14013738
136476808 14013738
136477017 14013738
136477026 14013738
136477033 14013738
136477166 14013738
136477182 14013738
136478161 14013738
136478162 14013738
136479370 14013738
136480987 14013738
136480989 14013738
136480990 14013738
136481079 14013744
136481080 14013744
136476127 14013747
136476178 14013747
136476189 14013747
136476190 14013747
136476906 14013747
136477126 14013747
136479823 14013747
136481077 14013747
136481078 14013747
136476662 14013749
136479331 14013749
136478184 14013750
136478369 14013751
136480072 14013765
136480058 14013766
136481125 14013768
136481127 14013768
136481129 14013768
136481130 14013768
136476966 14013769
136480254 14013769
136476930 14013772
136481083 14013772
136481084 14013772
136481147 14013772
136481148 14013772
136481149 14013772
136481150 14013772
136481151 14013772
136481152 14013772
136476526 14013774
136477675 14013784
136477755 14013784
136477912 14013784
136480237 14013784
136480739 14013784
136480740 14013784
136482440 14013788
136476461 14013793
136476467 14013793
136476482 14013793
136481281 14013793
136481283 14013793
136481284 14013793
136476483 14013809
136476490 14013809
136476563 14013809
136476592 14013809
136480889 14013809
136480891 14013809
136480892 14013809
136481039 14013809
136481043 14013809
136481045 14013809
136481046 14013809
136480135 14013811
136477429 14013814
136479932 14013814
136481229 14013814
136481230 14013814
136481362 14013816
136481363 14013816
136481365 14013816
136481366 14013816
136481367 14013816
136481368 14013816
136476256 14013832
136478508 14013838
136478689 14013838
136478692 14013838
136481513 14013841
136481514 14013841
136476246 14013849
136476250 14013849
136476263 14013849
136476345 14013849
136477937 14013852
136477939 14013852
136476958 14013854
136480056 14013854
136481107 14013854
136481109 14013854
136481111 14013854
136481112 14013854
136480062 14013857
136480067 14013857
136480068 14013857
136480381 14013863
136478168 14013868
136478169 14013868
136478422 14013868
136478483 14013868
136478494 14013868
136478685 14013868
136480789 14013868
136480790 14013868
136480837 14013868
136480838 14013868
136480845 14013868
136480847 14013868
136480849 14013868
136480850 14013868
136480851 14013868
136480853 14013868
136480854 14013868
136478163 14013872
136478164 14013872
136478405 14013872
136478407 14013872
136475805 14013878
136479067 14013878
136479105 14013878
136480809 14013878
136480810 14013878
136480815 14013878
136480816 14013878
136480133 14013882
136480861 14013893
136480863 14013893
136480864 14013893
136478727 14013904
136479226 14013904
136482569 14013904
136477693 14013912
136477833 14013912
136477841 14013912
136477844 14013912
136477891 14013912
136480551 14013912
136480552 14013912
136480601 14013912
136480602 14013912
136477678 14013922
136480825 14013922
136480826 14013922
136475841 14013925
136475861 14013925
136480338 14013925
136481490 14013925
136481491 14013925
136481492 14013925
136476104 14013929
136476105 14013929
136476108 14013929
136476238 14013929
136481459 14013929
136481461 14013929
136481462 14013929
136481471 14013929
136481472 14013929
136482140 14013929
136476963 14013930
136476967 14013930
136480065 14013930
136480066 14013930
136481113 14013930
136481115 14013930
136481117 14013930
136481118 14013930
136482465 14013930
136476954 14013932
136481105 14013932
136481106 14013932
