161710245 14011317
161710245 14103844
161710250 14011317
161710250 14103844
161710340 14011317
161710340 14103844
161710353 14011317
161710353 14103844
161710377 14011317
161710377 14103844
161714663 14011317
161714663 14103844
161714664 14011317
161714664 14103844
161720021 14011317
161720021 14103844
161720022 14011317
161720022 14103844
161725388 14011317
161725388 14103844
161725389 14011317
161725389 14103844
161710212 14011325
161710212 14103848
161710214 14011325
161710214 14103848
161710218 14011325
161710218 14103848
161710220 14011325
161710220 14103848
161710223 14011325
161710223 14103848
161710379 14011325
161710379 14103848
161710403 14011325
161710403 14103848
161710407 14011325
161710407 14103848
161710408 14011325
161710408 14103848
161720949 14011325
161720949 14103848
161720950 14011325
161720950 14103848
161725390 14011325
161725390 14103848
161725391 14011325
161725391 14103848
161711861 14012207
161711861 14104250
161711865 14012207
161711865 14104250
161711872 14012207
161711872 14104250
161711939 14012207
161711939 14104250
161711945 14012207
161711945 14104250
161711950 14012207
161711950 14104250
161711975 14012207
161711975 14104250
161711992 14012207
161711992 14104250
161712017 14012207
161712017 14104250
161715555 14012207
161715555 14104250
161715556 14012207
161715556 14104250
161725394 14012207
161725394 14104250
161725396 14012207
161725396 14104250
161725397 14012207
161725397 14104250
161725398 14012207
161725398 14104250
161725399 14012207
161725399 14104250
161710394 14012443
161710394 14105292
161710210 14106666
196316059 14103774
196316059 14121416
196316672 14103774
196316672 14121416
196319812 14103774
196319812 14121416
196319817 14103774
196319817 14121416
196319818 14103774
196319818 14121416
196322378 14103774
196322378 14121416
196322379 14103774
196322379 14121416
196315573 14105466
196315573 14122124
196315551 14105748
196315551 14122066
196316253 14106702
196316253 14125281
196316253 178941163
196316253 178941164
196316255 14106702
196316255 14125281
196316255 178941163
196316255 178941164
196316533 14106702
196316533 14125281
196316533 178941163
196316533 178941164
196316618 14106702
196316618 14125281
196316618 178941163
196316618 178941164
196318948 14106702
196318948 14125281
196318948 178941163
196318948 178941164
196318949 14106702
196318949 14125281
196318949 178941163
196318949 178941164
196322412 14106702
196322412 14125281
196322412 178941163
196322412 178941164
196322413 14106702
196322413 14125281
196322413 178941163
196322413 178941164
196322414 14106702
196322414 14125281
196322414 178941163
196322414 178941164
196322416 14106702
196322416 14125281
196322416 178941163
196322416 178941164
196322417 14106702
196322417 14125281
196322417 178941163
196322417 178941164
196322418 14106702
196322418 14125281
196322418 178941163
196322418 178941164
196322419 14106702
196322419 14125281
196322419 178941163
196322419 178941164
196316256 14106702
196316256 178941163
196316256 178941164
196316258 14106702
196316258 178941163
196316258 178941164
196316630 14106702
196316630 178941163
196316630 178941164
196316631 14106702
196316631 178941163
196316631 178941164
196319839 14106702
196319839 178941163
196319839 178941164
196319840 14106702
196319840 178941163
196319840 178941164
196322400 14106702
196322400 178941163
196322400 178941164
196322402 14106702
196322402 178941163
196322402 178941164
196322408 14106702
196322408 178941163
196322408 178941164
196322409 14106702
196322409 178941163
196322409 178941164
196322410 14106702
196322410 178941163
196322410 178941164
196322411 14106702
196322411 178941163
196322411 178941164
196315538 14106870
196315538 14125629
196322373 14106870
196322373 14125629
196315686 14106873
196315686 14125651
196315689 14106873
196315689 14125651
196315947 14106873
196315947 14125651
196315949 14106873
196315949 14125651
196315953 14106873
196315953 14125651
196316050 14106873
196316050 14125651
196316075 14106873
196316075 14125651
196318950 14106873
196318950 14125651
196318951 14106873
196318951 14125651
196319807 14106873
196319807 14125651
196322370 14106873
196322370 14125651
196322371 14106873
196322371 14125651
196322424 14106873
196322424 14125651
196322425 14106873
196322425 14125651
196322430 14106877
196322431 14106877
196322432 14106877
196322433 14106877
196315205 14106877
196315205 14125644
196315552 14106877
196315552 14125644
196322426 14106878
196322426 14125635
196322427 14106878
196322427 14125635
196319750 14106881
196322429 14106881
196322428 14106881
196322428 14125638
196319822 14106887
196316519 14106887
196316519 14125627
196316523 14106887
196316523 14125627
196316613 14106887
196316613 14125627
196316614 14106887
196316614 14125627
196319107 14106887
196319107 14125627
196319819 14106887
196319819 14125627
196319821 14106887
196319821 14125627
196319827 14106887
196319827 14125627
196319828 14106887
196319828 14125627
196322420 14106887
196322420 14125627
196322422 14106887
196322422 14125627
196322423 14106887
196322423 14125627
196316065 14106891
196316065 14125633
196318952 14106891
196318952 14125633
196318953 14106891
196318953 14125633
196316245 14125281
196316777 14125281
196316778 14125281
196316779 14125281
196316980 14125281
196316982 14125281
196317054 14125281
196317056 14125281
196317057 14125281
196322394 14125281
196322395 14125281
196316251 14125627
167865514 14103765
167865514 14163732
167868526 14103765
167868526 14163732
167868527 14103765
167868527 14163732
167875406 14103765
167875406 14163732
167865382 14103970
167865382 14163732
167865465 14103970
167865465 14163732
167865470 14103970
167865470 14163732
167875405 14103970
167875405 14163732
167865362 14104473
167865362 14166140
167865362 148688221
167865362 148688251
167865396 14104473
167865396 14166140
167865396 148688221
167865396 148688251
167875328 14104473
167875328 14166140
167875328 148688221
167875328 148688251
196322384 14103835
196322384 184690847
196322385 14103835
196322385 184690847
196320399 14104024
196320399 14267084
196320400 14104024
196320400 14267084
196322438 14104181
196322438 14267359
196315031 14104679
196315031 14269028
196315032 14104679
196315032 14269028
196315033 14104679
196315033 14269028
196315034 14104679
196315034 14269028
196315036 14104679
196315036 14269028
196315037 14104679
196315037 14269028
196315039 14104679
196315039 14269028
196315040 14104679
196315040 14269028
196315042 14104679
196315042 14269028
196315044 14104679
196315044 14269028
196322436 14104679
196322436 14269028
196322437 14104679
196322437 14269028
196311771 14266467
196317948 14266467
196317966 14266467
196317967 14266467
196322444 14266467
196322446 14266467
196322447 14266467
196319645 14269028
196319646 14269028
167297580 14104427
167297580 14276808
167297587 14104427
167297587 14276808
167299577 14104427
167299577 14276808
167299579 14104427
167299579 14276808
167299581 14104427
167299581 14276808
167299582 14104427
167299582 14276808
167297645 14104649
167297645 14276435
167297656 14104649
167297656 14276435
167297670 14104649
167297670 14276435
167297676 14104649
167297676 14276435
167298847 14104649
167298847 14276435
167299491 14104649
167299491 14276435
167299557 14104649
167299557 14276435
167299558 14104649
167299558 14276435
167299559 14104649
167299559 14276435
167299560 14104649
167299560 14276435
167299561 14104649
167299561 14276435
167299562 14104649
167299562 14276435
167297614 14104721
167297614 14277361
167297614 149212781
167297614 149212798
167297661 14104721
167297661 14277361
167297661 149212781
167297661 149212798
167297663 14104721
167297663 14277361
167297663 149212781
167297663 149212798
167297671 14104721
167297671 14277361
167297671 149212781
167297671 149212798
167298196 14104721
167298196 14277361
167298196 149212781
167298196 149212798
167298603 14104721
167298603 14277361
167298603 149212781
167298603 149212798
167298919 14104721
167298919 14277361
167298919 149212781
167298919 149212798
167298920 14104721
167298920 14277361
167298920 149212781
167298920 149212798
167299565 14104721
167299565 14277361
167299565 149212781
167299565 149212798
167299566 14104721
167299566 14277361
167299566 149212781
167299566 149212798
167299567 14104721
167299567 14277361
167299567 149212781
167299567 149212798
167299568 14104721
167299568 14277361
167299568 149212781
167299568 149212798
167297693 14104833
167297693 14276551
167297709 14104833
167297709 14276551
167297710 14104833
167297710 14276551
167297712 14104833
167297712 14276551
167297724 14104833
167297724 14276551
167298921 14104833
167298921 14276551
167298922 14104833
167298922 14276551
167297684 14104833
167297684 14277518
167297686 14104833
167297686 14277518
167297692 14104833
167297692 14277518
167297697 14104833
167297697 14277518
167297703 14104833
167297703 14277518
167297725 14104833
167297725 14277518
167297732 14104833
167297732 14277518
167298927 14104833
167298927 14277518
167298928 14104833
167298928 14277518
167299553 14104833
167299553 14277518
167299554 14104833
167299554 14277518
167299555 14104833
167299555 14277518
167299556 14104833
167299556 14277518
167297606 14105031
167297606 14276849
167297607 14105031
167297607 14276849
167297627 14105031
167297627 14276849
167297628 14105031
167297628 14276849
167297631 14105031
167297631 14276849
167297636 14105031
167297636 14276849
167297767 14105031
167297767 14276849
167298192 14105031
167298192 14276849
167298193 14105031
167298193 14276849
167298230 14105031
167298230 14276849
167298911 14105031
167298911 14276849
167298912 14105031
167298912 14276849
167298913 14105031
167298913 14276849
167299569 14105031
167299569 14276849
167299570 14105031
167299570 14276849
167299571 14105031
167299571 14276849
167299572 14105031
167299572 14276849
167299573 14105031
167299573 14276849
167299574 14105031
167299574 14276849
167298907 14105031
167298907 14277150
167298908 14105031
167298908 14277150
196312707 14103622
196313658 14103624
196313693 14103624
196320517 14103624
196320518 14103624
196313683 14103625
196320415 14103625
196320417 14103625
196320418 14103625
196321039 14103626
196321040 14103626
196312720 14103628
196312721 14103628
196312639 14103630
196313162 14103631
196321001 14103632
196321002 14103632
196321019 14103632
196321020 14103632
196313102 14103635
196319122 14103635
196312695 14103636
196316222 14103637
196319867 14103637
196319868 14103637
196312611 14103639
196312635 14103639
196312657 14103639
196320423 14103643
196320425 14103643
196320426 14103643
196320431 14103643
196320432 14103643
196320643 14103643
196320644 14103643
196320529 14103644
196320531 14103644
196320533 14103644
196320534 14103644
196320537 14103644
196320538 14103644
196312619 14103645
196312633 14103645
196312654 14103645
196321003 14103645
196321004 14103645
196316271 14103646
196319915 14103646
196319917 14103646
196319918 14103646
196319919 14103646
196319920 14103646
196312719 14103647
196320997 14103647
196320998 14103647
196321015 14103647
196321016 14103647
196321033 14103647
196321034 14103647
196312606 14103648
196312650 14103649
196320461 14103650
196320463 14103650
196320464 14103650
196320465 14103650
196320466 14103650
196312675 14103651
196312678 14103651
196312680 14103651
196315680 14103656
196315921 14103656
196316034 14103656
196318480 14103656
196318576 14103656
196318583 14103656
196318589 14103656
196318590 14103656
196319806 14103656
196319947 14103656
196319948 14103656
196320046 14103656
196321291 14103656
196313855 14103657
196314152 14103657
196314154 14103657
196319505 14103657
196316754 14103659
196317836 14103659
196322282 14103659
196315970 14103663
196314158 14103665
196314387 14103665
196312233 14103669
196312233 149212822
196312233 149212844
196312256 14103669
196312256 149212822
196312256 149212844
196312325 14103669
196312325 149212822
196312325 149212844
196312407 14103669
196312407 149212822
196312407 149212844
196312520 14103669
196312520 149212822
196312520 149212844
196320987 14103669
196320987 149212822
196320987 149212844
196320989 14103669
196320989 149212822
196320989 149212844
196320990 14103669
196320990 149212822
196320990 149212844
196321830 14103672
196321831 14103674
196321832 14103676
196316759 14103677
196317852 14103677
196321833 14103678
196321834 14103679
196321837 14103703
196318015 14103712
196318016 14103712
196314207 14103714
196314554 14103714
196317601 14103714
196314185 14103715
196317602 14103715
196317603 14103717
196313237 14103735
196313442 14103735
196319391 14103735
196321899 14103739
196321900 14103739
196321901 14103741
196315180 14103742
196321902 14103743
196321903 14103743
196321904 14103743
196313241 14103744
196313448 14103744
196320600 14103744
196321905 14103745
196321906 14103746
196321907 14103748
196321908 14103749
196320955 14103751
196320956 14103751
196321909 14103751
196321914 14103751
196321676 14103752
196321677 14103752
196321680 14103752
196321681 14103754
196313765 14103760
196313777 14103760
196313909 14103760
196319508 14103760
196319509 14103760
196321682 14103761
196321683 14103762
196321684 14103764
196321638 14103766
196321639 14103766
196321685 14103766
196321686 14103766
196321687 14103767
196321688 14103768
196321689 14103769
196316035 14103770
196316037 14103771
196312092 14103773
196317455 14103773
196320873 14103773
196315872 14103777
196316036 14103777
196316673 14103777
196316675 14103777
196318822 14103777
196316674 14103778
196312244 14103781
196321755 14103782
196322205 14103782
196321756 14103783
196321757 14103784
196321758 14103786
196321759 14103789
196312759 14103795
196312760 14103795
196312803 14103795
196312962 14103795
196313010 14103795
196313016 14103795
196313050 14103795
196320963 14103795
196320964 14103795
196320971 14103795
196320973 14103795
196320974 14103795
196319355 14103797
196316741 14103805
196316758 14103805
196316767 14103805
196316876 14103805
196316878 14103805
196316891 14103805
196316931 14103805
196316967 14103805
196317822 14103805
196317866 14103805
196319612 14103805
196319650 14103805
196319929 14103805
196319930 14103805
196319989 14103805
196319990 14103805
196320061 14103805
196320062 14103805
196321819 14103806
196321820 14103806
196321822 14103806
196321821 14103807
196315620 14103813
196315623 14103813
196315791 14103813
196315963 14103813
196320275 14103813
196320276 14103813
196320283 14103813
196321823 14103815
196315964 14103817
196321824 14103818
196321825 14103820
196321826 14103821
196321827 14103821
196315968 14103822
196321804 14103823
196321828 14103823
196321829 14103825
196314789 14103826
196315005 14103826
196317551 14103826
196320851 14103826
196320852 14103826
196313774 14103830
196313774 179107279
196313774 179107287
196313890 14103830
196313890 179107279
196313890 179107287
196314106 14103830
196314106 179107279
196314106 179107287
196315616 14103830
196315616 179107279
196315616 179107287
196315626 14103830
196315626 179107279
196315626 179107287
196315671 14103830
196315671 179107279
196315671 179107287
196315758 14103830
196315758 179107279
196315758 179107287
196315764 14103830
196315764 179107279
196315764 179107287
196315864 14103830
196315864 179107279
196315864 179107287
196315877 14103830
196315877 179107279
196315877 179107287
196315900 14103830
196315900 179107279
196315900 179107287
196315904 14103830
196315904 179107279
196315904 179107287
196317163 14103830
196317163 179107279
196317163 179107287
196319074 14103830
196319074 179107279
196319074 179107287
196319431 14103830
196319431 179107279
196319431 179107287
196319528 14103830
196319528 179107279
196319528 179107287
196319567 14103830
196319567 179107279
196319567 179107287
196320341 14103830
196320341 179107279
196320341 179107287
196320343 14103830
196320343 179107279
196320343 179107287
196320344 14103830
196320344 179107279
196320344 179107287
196320545 14103830
196320545 179107279
196320545 179107287
196320547 14103830
196320547 179107279
196320547 179107287
196320549 14103830
196320549 179107279
196320549 179107287
196320550 14103830
196320550 179107279
196320550 179107287
196322516 14103830
196322516 179107279
196322516 179107287
196315482 14103832
196319424 14103832
196312094 14103838
196312094 149212835
196312094 149212859
196312099 14103838
196312099 149212835
196312099 149212859
196312205 14103838
196312205 149212835
196312205 149212859
196312217 14103838
196312217 149212835
196312217 149212859
196312314 14103838
196312314 149212835
196312314 149212859
196312345 14103838
196312345 149212835
196312345 149212859
196312487 14103838
196312487 149212835
196312487 149212859
196317240 14103838
196317240 149212835
196317240 149212859
196318041 14103838
196318041 149212835
196318041 149212859
196319467 14103838
196319467 149212835
196319467 149212859
196321107 14103838
196321107 149212835
196321107 149212859
196321109 14103838
196321109 149212835
196321109 149212859
196321110 14103838
196321110 149212835
196321110 149212859
196321197 14103838
196321197 149212835
196321197 149212859
196321198 14103838
196321198 149212835
196321198 149212859
196321209 14103838
196321209 149212835
196321209 149212859
196321210 14103838
196321210 149212835
196321210 149212859
196321221 14103838
196321221 149212835
196321221 149212859
196321222 14103838
196321222 149212835
196321222 149212859
196321223 14103838
196321223 149212835
196321223 149212859
196321224 14103838
196321224 149212835
196321224 149212859
196314210 14103843
196314210 179107296
196314210 179107320
196314509 14103843
196314509 179107296
196314509 179107320
196314540 14103843
196314540 179107296
196314540 179107320
196316104 14103843
196316104 179107296
196316104 179107320
196320295 14103843
196320295 179107296
196320295 179107320
196320296 14103843
196320296 179107296
196320296 179107320
196316816 14103846
196316819 14103846
196317025 14103846
196317824 14103846
196321607 14103846
196322280 14103846
196314710 14103850
196314843 14103850
196314855 14103850
196314991 14103850
196320693 14103850
196320694 14103850
196320695 14103850
196320696 14103850
196320698 14103850
196312160 14103851
196317377 14103852
196312020 14103854
196312020 149212772
196312020 149212803
196317378 14103854
196317378 149212772
196317378 149212803
196319202 14103854
196319202 149212772
196319202 149212803
196321203 14103854
196321203 149212772
196321203 149212803
196321205 14103854
196321205 149212772
196321205 149212803
196321206 14103854
196321206 149212772
196321206 149212803
196321212 14103854
196321212 149212772
196321212 149212803
196313652 14103855
196313652 147668788
196313652 179107282
196313652 179107301
196313867 14103855
196313867 147668788
196313867 179107282
196313867 179107301
196320620 14103855
196320620 147668788
196320620 179107282
196320620 179107301
196320621 14103855
196320621 147668788
196320621 179107282
196320621 179107301
196320622 14103855
196320622 147668788
196320622 179107282
196320622 179107301
196320623 14103855
196320623 147668788
196320623 179107282
196320623 179107301
196320624 14103855
196320624 147668788
196320624 179107282
196320624 179107301
196320631 14103855
196320631 147668788
196320631 179107282
196320631 179107301
196320632 14103855
196320632 147668788
196320632 179107282
196320632 179107301
196321750 14103855
196321750 147668788
196321750 179107282
196321750 179107301
196321751 14103855
196321751 147668788
196321751 179107282
196321751 179107301
196321754 14103855
196321754 147668788
196321754 179107282
196321754 179107301
196322201 14103855
196322201 147668788
196322201 179107282
196322201 179107301
196316147 14103865
196316458 14103865
196316594 14103865
196319649 14103865
196316595 14103867
196316596 14103867
196312164 14103869
196321670 14103874
196321673 14103874
196322182 14103874
196322184 14103874
196322251 14103874
196321671 14103876
196321675 14103876
196321672 14103877
196312169 14103878
196321674 14103879
196321678 14103880
196321679 14103880
196316024 14103881
196316026 14103882
196319270 14103883
196316028 14103884
196316156 14103886
196316156 178967367
196316156 178967385
196316158 14103886
196316158 178967367
196316158 178967385
196316461 14103886
196316461 178967367
196316461 178967385
196316579 14103886
196316579 178967367
196316579 178967385
196317910 14103886
196317910 178967367
196317910 178967385
196318744 14103886
196318744 178967367
196318744 178967385
196318745 14103886
196318745 178967367
196318745 178967385
196318767 14103886
196318767 178967367
196318767 178967385
196318775 14103886
196318775 178967367
196318775 178967385
196318779 14103886
196318779 178967367
196318779 178967385
196318780 14103886
196318780 178967367
196318780 178967385
196319276 14103886
196319276 178967367
196319276 178967385
196320227 14103886
196320227 178967367
196320227 178967385
196320228 14103886
196320228 178967367
196320228 178967385
196319278 14103889
196316661 14103891
196312231 14103893
196321145 14103893
196321146 14103893
196315662 14103897
196315870 14103897
196315880 14103897
196315911 14103897
196319955 14103897
196319956 14103897
196312235 14103904
196312399 14103904
196317403 14103904
196320927 14103904
196320928 14103904
196320929 14103904
196320930 14103904
196321740 14103905
196321741 14103906
196321742 14103907
196321744 14103908
196321745 14103909
196321746 14103910
196321747 14103912
196321748 14103915
196321752 14103915
196321753 14103915
196322199 14103915
196321749 14103917
196322198 14103917
196322206 14103917
196319344 14103922
196319345 14103924
196312419 14103926
196317512 14103926
196320883 14103926
196320884 14103926
196320471 14103928
196320472 14103928
196317514 14103930
196313216 14103937
196313219 14103937
196313352 14103937
196313536 14103937
196313537 14103937
196313621 14103937
196313623 14103937
196313841 14103937
196318007 14103937
196319500 14103937
196320783 14103937
196320784 14103937
196314137 14103947
196314137 179107271
196314137 179107295
196314339 14103947
196314339 179107271
196314339 179107295
196314342 14103947
196314342 179107271
196314342 179107295
196314349 14103947
196314349 179107271
196314349 179107295
196314606 14103947
196314606 179107271
196314606 179107295
196314608 14103947
196314608 179107271
196314608 179107295
196317490 14103947
196317490 179107271
196317490 179107295
196317505 14103947
196317505 179107271
196317505 179107295
196318129 14103947
196318129 179107271
196318129 179107295
196318130 14103947
196318130 179107271
196318130 179107295
196320741 14103947
196320741 179107271
196320741 179107295
196320742 14103947
196320742 179107271
196320742 179107295
196321810 14103949
196316737 14103950
196316739 14103950
196317848 14103950
196320237 14103950
196320238 14103950
196321811 14103951
196319981 14103954
196319982 14103954
196321812 14103956
196321813 14103956
196313215 14103957
196313356 14103957
196321816 14103958
196321817 14103959
196321818 14103960
196313996 14103961
196321590 14103962
196321591 14103963
196313998 14103964
196321592 14103965
196316558 14103966
196319191 14103966
196321594 14103966
196321595 14103967
196321596 14103968
196321599 14103969
196321600 14103969
196316809 14103970
196315162 14103972
196315163 14103972
196315397 14103972
196315400 14103972
196315526 14103972
196315661 14103972
196315669 14103972
196315887 14103972
196315907 14103972
196318518 14103972
196318519 14103972
196319933 14103972
196319934 14103972
196319937 14103972
196319938 14103972
196320031 14103972
196319193 14103974
196319196 14103975
196316580 14103976
196319199 14103977
196316582 14103979
196320603 14103985
196320604 14103985
196320605 14103985
196320607 14103985
196320609 14103985
196320610 14103985
196321628 14103985
196313980 14103990
196313982 14103990
196320611 14103990
196320612 14103990
196320613 14103990
196321659 14103991
196321660 14103991
196312156 14103993
196321652 14103994
196321653 14103994
196321654 14103994
196321661 14103994
196322179 14103994
196321662 14103995
196312158 14103996
196321663 14103998
196321669 14103999
196319255 14104001
196319259 14104001
196319260 14104001
196319263 14104004
196314735 14104006
196314912 14104006
196313938 14104014
196314445 14104014
196315602 14104014
196320347 14104014
196320348 14104014
196320349 14104014
196320350 14104014
196320391 14104014
196320392 14104014
196314051 14104015
196319267 14104017
196312835 14104020
196312835 149212810
196312835 149212853
196317435 14104020
196317435 149212810
196317435 149212853
196320893 14104020
196320893 149212810
196320893 149212853
196320894 14104020
196320894 149212810
196320894 149212853
196320897 14104020
196320897 149212810
196320897 149212853
196320898 14104020
196320898 149212810
196320898 149212853
196320901 14104020
196320901 149212810
196320901 149212853
196320902 14104020
196320902 149212810
196320902 149212853
196314054 14104021
196312222 14104023
196312357 14104023
196312363 14104023
196321729 14104028
196321730 14104028
196322515 14104030
196321731 14104033
196313254 14104035
196313275 14104035
196321732 14104037
196321733 14104040
196313264 14104046
196313445 14104046
196317777 14104046
196319394 14104046
196320593 14104046
196320597 14104046
196320598 14104046
196321735 14104046
196321736 14104049
196321737 14104053
196321738 14104056
196321739 14104057
196322290 14104058
196322291 14104060
196322293 14104061
196322294 14104062
196322295 14104065
196322296 14104066
196322297 14104067
196319338 14104068
196314124 14104071
196317488 14104071
196314125 14104080
196314132 14104080
196314133 14104080
196314134 14104080
196314310 14104080
196318156 14104080
196318217 14104080
196318218 14104080
196319049 14104080
196320843 14104080
196320844 14104080
196314128 14104091
196314260 14104091
196314315 14104091
196314703 14104091
196314810 14104091
196318163 14104091
196318164 14104091
196318181 14104091
196318182 14104091
196318189 14104091
196318239 14104091
196318280 14104091
196320745 14104091
196320746 14104091
196320747 14104091
196320749 14104091
196320750 14104091
196320793 14104091
196320794 14104091
196321815 14104091
196322270 14104091
196321800 14104094
196315684 14104097
196315942 14104097
196319969 14104105
196319970 14104105
196321803 14104108
196313220 14104114
196313347 14104114
196313383 14104114
196317739 14104114
196317754 14104114
196319179 14104114
196320765 14104114
196320766 14104114
196320769 14104114
196320770 14104114
196321805 14104115
196321806 14104116
196321807 14104117
196321808 14104118
196316165 14104119
196316483 14104119
196317837 14104119
196319977 14104119
196319978 14104119
196321809 14104120
196322360 14104122
196322361 14104123
196322362 14104124
196322363 14104125
196319404 14104126
196322364 14104127
196313779 14104130
196313987 14104130
196315606 14104130
196318613 14104130
196318614 14104130
196318621 14104130
196318622 14104130
196319272 14104130
196322365 14104133
196321580 14104135
196322366 14104138
196321581 14104141
196322367 14104142
196321582 14104144
196322368 14104146
196321583 14104149
196321584 14104149
196322369 14104150
196321587 14104151
196321588 14104152
196321589 14104153
196315152 14104156
196319181 14104157
196319184 14104158
196315157 14104159
196317352 14104165
196317353 14104165
196318012 14104165
196318013 14104165
196320975 14104165
196320976 14104165
196321193 14104165
196321194 14104165
196316570 14104167
196316573 14104169
196317868 14104169
196312144 14104173
196313193 14104176
196313259 14104176
196313490 14104176
196313565 14104176
196317771 14104176
196312145 14104177
196321650 14104178
196313194 14104179
196313194 14267350
196321651 14104180
196321655 14104182
196321656 14104182
196321657 14104182
196321658 14104185
196317421 14104188
196319473 14104188
196316718 14104190
196317200 14104190
196319256 14104190
196314041 14104194
196314043 14104196
196314045 14104200
196320389 14104201
196321720 14104203
196321723 14104204
196321724 14104205
196321725 14104206
196321726 14104207
196316780 14104214
196322281 14104214
196322284 14104217
196322286 14104219
196322287 14104222
196322288 14104224
196322289 14104225
196315681 14104230
196315682 14104230
196315919 14104230
196315933 14104230
196315936 14104230
196315954 14104230
196316046 14104230
196316052 14104230
196317720 14104230
196318567 14104230
196318568 14104230
196319809 14104230
196319813 14104230
196321294 14104230
196316475 14104238
196319965 14104238
196319967 14104238
196319968 14104238
196313971 14104242
196322350 14104243
196314757 14104244
196313973 14104245
196322351 14104246
196322352 14104247
196322353 14104248
196322354 14104249
196321532 14104253
196321533 14104253
196321535 14104253
196321536 14104253
196321570 14104253
196322148 14104253
196322355 14104255
196312066 14104259
196321571 14104260
196322356 14104263
196321572 14104265
196322357 14104266
196322358 14104268
196321574 14104269
196322359 14104270
196321575 14104271
196321576 14104273
196321577 14104274
196321578 14104275
196321579 14104276
196319170 14104279
196319389 14104279
196313408 14104280
196313583 14104280
196317735 14104280
196317758 14104280
196320718 14104280
196315143 14104282
196315146 14104288
196315158 14104288
196315160 14104288
196315171 14104288
196315408 14104288
196315515 14104288
196317691 14104288
196319781 14104288
196319783 14104288
196319785 14104288
196319786 14104288
196319787 14104288
196319788 14104288
196319791 14104288
196319792 14104288
196319802 14104288
196320007 14104288
196320008 14104288
196320193 14104288
196320194 14104288
196311974 14104292
196319175 14104292
196321862 14104292
196321864 14104292
196315149 14104299
196315167 14104299
196315534 14104299
196317687 14104299
196319413 14104299
196319789 14104299
196319790 14104299
196320017 14104299
196320019 14104299
196320021 14104299
196320023 14104299
196320024 14104299
196320025 14104299
196320026 14104299
196320027 14104299
196320028 14104299
196317344 14104301
196316562 14104304
196316564 14104307
196315631 14104311
196315664 14104311
196315782 14104311
196315837 14104311
196315842 14104311
196315928 14104311
196318579 14104311
196318592 14104311
196318593 14104311
196318607 14104311
196318608 14104311
196320293 14104311
196320294 14104311
196316128 14104322
196316128 179107308
196316128 179107317
196316131 14104322
196316131 179107308
196316131 179107317
196316315 14104322
196316315 179107308
196316315 179107317
196316567 14104322
196316567 179107308
196316567 179107317
196317916 14104322
196317916 179107308
196317916 179107317
196316568 14104324
196321632 14104325
196321643 14104325
196321647 14104326
196321648 14104328
196321649 14104330
196319241 14104332
196316161 14104336
196316166 14104336
196316169 14104336
196319245 14104336
196314029 14104338
196314030 14104338
196314032 14104340
196317415 14104342
196317417 14104345
196313648 14104348
196314035 14104348
196314037 14104348
196320669 14104348
196320671 14104348
196320672 14104348
196314036 14104349
196321710 14104350
196314039 14104352
196321713 14104353
196321716 14104356
196321717 14104358
196321718 14104359
196321719 14104360
196319888 14104361
196314239 14104381
196314676 14104381
196318850 14104381
196318851 14104381
196315183 14104385
196317704 14104385
196317711 14104385
196319797 14104385
196319799 14104385
196319801 14104385
196319804 14104385
196319939 14104385
196319940 14104385
196321288 14104385
196322272 14104385
196315107 14104392
196315469 14104392
196317642 14104392
196317661 14104392
196319316 14104392
196320087 14104392
196320088 14104392
196320255 14104392
196320257 14104392
196320259 14104392
196320260 14104392
196320307 14104392
196320308 14104392
196320311 14104392
196320312 14104392
196321483 14104393
196321490 14104393
196321491 14104395
196322131 14104395
196316130 14104399
196316413 14104399
196316440 14104399
196322277 14104399
196321492 14104400
196322129 14104400
196321495 14104401
196321493 14104402
196321494 14104402
196321496 14104402
196321497 14104402
196322130 14104402
196322132 14104402
196321498 14104403
196316178 14104405
196317194 14104405
196319949 14104405
196319950 14104405
196319951 14104405
196319953 14104405
196319954 14104405
196315902 14104408
196315926 14104408
196317718 14104408
196315066 14104411
196315296 14104411
196315298 14104411
196315068 14104415
196315294 14104415
196322340 14104429
196322341 14104430
196322342 14104431
196314749 14104433
196322343 14104434
196322344 14104435
196322345 14104437
196312055 14104438
196317612 14104438
196319151 14104438
196319460 14104438
196320863 14104438
196320867 14104438
196320868 14104438
196321865 14104438
196321866 14104438
196315612 14104440
196315614 14104440
196315743 14104440
196315750 14104440
196315760 14104440
196319271 14104440
196319566 14104440
196321560 14104440
196322346 14104441
196321561 14104442
196322347 14104445
196321562 14104446
196322348 14104450
196321563 14104452
196322349 14104455
196321564 14104456
196316730 14104473
196316730 148688221
196316730 148688251
196316733 14104473
196316733 148688221
196316733 148688251
196316832 14104473
196316832 148688221
196316832 148688251
196316844 14104473
196316844 148688221
196316844 148688251
196316853 14104473
196316853 148688221
196316853 148688251
196316880 14104473
196316880 148688221
196316880 148688251
196317823 14104473
196317823 148688221
196317823 148688251
196319601 14104473
196319601 148688221
196319601 148688251
196320301 14104473
196320301 148688221
196320301 148688251
196320303 14104473
196320303 148688221
196320303 148688251
196320305 14104473
196320305 148688221
196320305 148688251
196320306 14104473
196320306 148688221
196320306 148688251
196321565 14104473
196321565 148688221
196321565 148688251
196321567 14104475
196321568 14104477
196321569 14104480
196322147 14104480
196314044 14104485
196317616 14104485
196319163 14104485
196319405 14104485
196319502 14104485
196319521 14104485
196320617 14104485
196320618 14104485
196320625 14104485
196320627 14104485
196320629 14104485
196320630 14104485
196320821 14104485
196320822 14104485
196320290 14104488
196316551 14104489
196316411 14104492
196316553 14104492
196320230 14104492
196321630 14104493
196315769 14104498
196315773 14104498
196315775 14104498
196315777 14104498
196316006 14104498
196318795 14104498
196318944 14104498
196319558 14104498
196319584 14104498
196321633 14104499
196321634 14104501
196321635 14104502
196321631 14104504
196321636 14104504
196321640 14104504
196321641 14104504
196321642 14104504
196321644 14104504
196321645 14104504
196321646 14104504
196322177 14104504
196322178 14104504
196314590 14104505
196321637 14104506
196314592 14104507
196314595 14104508
196314147 14104512
196314346 14104512
196314596 14104512
196314663 14104512
196318172 14104512
196318173 14104512
196318873 14104512
196318874 14104512
196321708 14104514
196322190 14104514
196314597 14104516
196322191 14104517
196314599 14104518
196313858 14104521
196314020 14104521
196314021 14104521
196314161 14104521
196314178 14104521
196314399 14104521
196314442 14104521
196314626 14104521
196317467 14104521
196317496 14104521
196317592 14104521
196320675 14104521
196320676 14104521
196320677 14104521
196320678 14104521
196319237 14104523
196316620 14104524
196315067 14104526
196315120 14104526
196315140 14104526
196315141 14104526
196315282 14104526
196315604 14104526
196315608 14104526
196315609 14104526
196315723 14104526
196318454 14104526
196318455 14104526
196320199 14104526
196320201 14104526
196320327 14104526
196320329 14104526
196320331 14104526
196320333 14104526
196320334 14104526
196316168 14104527
196319239 14104527
196319873 14104527
196319874 14104527
196314023 14104528
196321700 14104529
196321701 14104530
196321702 14104531
196321699 14104532
196321703 14104532
196321704 14104533
196321705 14104534
196313263 14104536
196313267 14104536
196313305 14104536
196313337 14104536
196313790 14104536
196313791 14104536
196313881 14104536
196313930 14104536
196317625 14104536
196317784 14104536
196318447 14104536
196318448 14104536
196319510 14104536
196320313 14104536
196320314 14104536
196320319 14104536
196320321 14104536
196320322 14104536
196320323 14104536
196320324 14104536
196320325 14104536
196320326 14104536
196320335 14104536
196320336 14104536
196312585 14104538
196312585 148820858
196312585 148820871
196312750 14104538
196312750 148820858
196312750 148820871
196312758 14104538
196312758 148820858
196312758 148820871
196312873 14104538
196312873 148820858
196312873 148820871
196312876 14104538
196312876 148820858
196312876 148820871
196312911 14104538
196312911 148820858
196312911 148820871
196313131 14104538
196313131 148820858
196313131 148820871
196320967 14104538
196320967 148820858
196320967 148820871
196320969 14104538
196320969 148820858
196320969 148820871
196320970 14104538
196320970 148820858
196320970 148820871
196321091 14104538
196321091 148820858
196321091 148820871
196321092 14104538
196321092 148820858
196321092 148820871
196321245 14104538
196321245 148820858
196321245 148820871
196322260 14104538
196322260 148820858
196322260 148820871
196321480 14104539
196321485 14104539
196321489 14104539
196321614 14104540
196322265 14104540
196321469 14104541
196321470 14104541
196321481 14104541
196313888 14104542
196314245 14104542
196314246 14104542
196314438 14104542
196314447 14104542
196314450 14104542
196319511 14104542
196322266 14104543
196321482 14104544
196319309 14104545
196321484 14104546
196322269 14104547
196321486 14104548
196321487 14104549
196321488 14104551
196322330 14104552
196322331 14104553
196322332 14104555
196322333 14104558
196313092 14104562
196313093 14104562
196322334 14104563
196321550 14104564
196321551 14104564
196322335 14104565
196322336 14104566
196321552 14104567
196322337 14104568
196321553 14104569
196322338 14104571
196321554 14104572
196322339 14104573
196321555 14104574
196321556 14104582
196315607 14104588
196315618 14104588
196315639 14104588
196315645 14104588
196315646 14104588
196315806 14104588
196315858 14104588
196315969 14104588
196317800 14104588
196320213 14104588
196320215 14104588
196320217 14104588
196320284 14104588
196321557 14104588
196321558 14104588
196321559 14104589
196316108 14104590
196316108 179107290
196316108 179107315
196316110 14104590
196316110 179107290
196316110 179107315
196316309 14104590
196316309 179107290
196316309 179107315
196316364 14104590
196316364 179107290
196316364 179107315
196316369 14104590
196316369 179107290
196316369 179107315
196317897 14104590
196317897 179107290
196317897 179107315
196318936 14104590
196318936 179107290
196318936 179107315
196320299 14104590
196320299 179107290
196320299 179107315
196320300 14104590
196320300 179107290
196320300 179107315
196319152 14104592
196319158 14104593
196320286 14104594
196316542 14104596
196313161 14104597
196313163 14104597
196321620 14104598
196316133 14104600
196316135 14104600
196316137 14104600
196316423 14104600
196316429 14104600
196316546 14104600
196316548 14104600
196317909 14104600
196318713 14104600
196318714 14104600
196321621 14104602
196316547 14104603
196321622 14104604
196321623 14104605
196321626 14104606
196314582 14104607
196321629 14104608
196314173 14104613
196314173 178831700
196314173 178831701
196314173 178967372
196314173 178967386
196314173 179107293
196314173 179107323
196314216 14104613
196314216 178831700
196314216 178831701
196314216 178967372
196314216 178967386
196314216 179107293
196314216 179107323
196314431 14104613
196314431 178831700
196314431 178831701
196314431 178967372
196314431 178967386
196314431 179107293
196314431 179107323
196314433 14104613
196314433 178831700
196314433 178831701
196314433 178967372
196314433 178967386
196314433 179107293
196314433 179107323
196314514 14104613
196314514 178831700
196314514 178831701
196314514 178967372
196314514 178967386
196314514 179107293
196314514 179107323
196314573 14104613
196314573 178831700
196314573 178831701
196314573 178967372
196314573 178967386
196314573 179107293
196314573 179107323
196314583 14104613
196314583 178831700
196314583 178831701
196314583 178967372
196314583 178967386
196314583 179107293
196314583 179107323
196314594 14104613
196314594 178831700
196314594 178831701
196314594 178967372
196314594 178967386
196314594 179107293
196314594 179107323
196316283 14104613
196316283 178831700
196316283 178831701
196316283 178967372
196316283 178967386
196316283 179107293
196316283 179107323
196316284 14104613
196316284 178831700
196316284 178831701
196316284 178967372
196316284 178967386
196316284 179107293
196316284 179107323
196316372 14104613
196316372 178831700
196316372 178831701
196316372 178967372
196316372 178967386
196316372 179107293
196316372 179107323
196316375 14104613
196316375 178831700
196316375 178831701
196316375 178967372
196316375 178967386
196316375 179107293
196316375 179107323
196316397 14104613
196316397 178831700
196316397 178831701
196316397 178967372
196316397 178967386
196316397 179107293
196316397 179107323
196316416 14104613
196316416 178831700
196316416 178831701
196316416 178967372
196316416 178967386
196316416 179107293
196316416 179107323
196316569 14104613
196316569 178831700
196316569 178831701
196316569 178967372
196316569 178967386
196316569 179107293
196316569 179107323
196316678 14104613
196316678 178831700
196316678 178831701
196316678 178967372
196316678 178967386
196316678 179107293
196316678 179107323
196317260 14104613
196317260 178831700
196317260 178831701
196317260 178967372
196317260 178967386
196317260 179107293
196317260 179107323
196317842 14104613
196317842 178831700
196317842 178831701
196317842 178967372
196317842 178967386
196317842 179107293
196317842 179107323
196318834 14104613
196318834 178831700
196318834 178831701
196318834 178967372
196318834 178967386
196318834 179107293
196318834 179107323
196318835 14104613
196318835 178831700
196318835 178831701
196318835 178967372
196318835 178967386
196318835 179107293
196318835 179107323
196319578 14104613
196319578 178831700
196319578 178831701
196319578 178967372
196319578 178967386
196319578 179107293
196319578 179107323
196320297 14104613
196320297 178831700
196320297 178831701
196320297 178967372
196320297 178967386
196320297 179107293
196320297 179107323
196320298 14104613
196320298 178831700
196320298 178831701
196320298 178967372
196320298 178967386
196320298 179107293
196320298 179107323
196320361 14104613
196320361 178831700
196320361 178831701
196320361 178967372
196320361 178967386
196320361 179107293
196320361 179107323
196320362 14104613
196320362 178831700
196320362 178831701
196320362 178967372
196320362 178967386
196320362 179107293
196320362 179107323
196314585 14104614
196314586 14104614
196316174 14104615
196319220 14104615
196322180 14104616
196322181 14104617
196314588 14104618
196319222 14104619
196319223 14104619
196322183 14104620
196322252 14104620
196319224 14104621
196322185 14104622
196322186 14104623
196321695 14104624
196322187 14104624
196316610 14104625
196316176 14104633
196316188 14104633
196316611 14104633
196319815 14104633
196319816 14104633
196319229 14104635
196320356 14104636
196316612 14104638
196316615 14104641
196321300 14104641
196315643 14104644
196315827 14104644
196315831 14104644
196316019 14104644
196316020 14104644
196314651 14104646
196319690 14104649
196322250 14104651
196313875 14104655
196317471 14104655
196321443 14104657
196322256 14104657
196321471 14104659
196322257 14104661
196321472 14104662
196321473 14104664
196321474 14104666
196321475 14104667
196321476 14104667
196321478 14104669
196321479 14104671
196319931 14104673
196319932 14104673
196319935 14104681
196319936 14104681
196315045 14104684
196322320 14104685
196314727 14104693
196314734 14104693
196314890 14104693
196314898 14104693
196314917 14104693
196314934 14104693
196314948 14104693
196316837 14104693
196316996 14104693
196317814 14104693
196317900 14104693
196318913 14104693
196318914 14104693
196320302 14104693
196320373 14104693
196320374 14104693
196321968 14104697
196322321 14104697
196322322 14104698
196322005 14104701
196322021 14104701
196322022 14104701
196322024 14104701
196322025 14104701
196322323 14104701
196322324 14104703
196313076 14104704
196313082 14104704
196322325 14104706
196322326 14104708
196313075 14104710
196313083 14104710
196313084 14104710
196313085 14104710
196313105 14104710
196321177 14104710
196321178 14104710
196312206 14104721
196312206 149212781
196312206 149212798
196312220 14104721
196312220 149212781
196312220 149212798
196312310 14104721
196312310 149212781
196312310 149212798
196321103 14104721
196321103 149212781
196321103 149212798
196321104 14104721
196321104 149212781
196321104 149212798
196321217 14104721
196321217 149212781
196321217 149212798
196321218 14104721
196321218 149212781
196321218 149212798
196321219 14104721
196321219 149212781
196321219 149212798
196321220 14104721
196321220 149212781
196321220 149212798
196322327 14104724
196322328 14104727
196316469 14104728
196313086 14104729
196322329 14104731
196317881 14104732
196313088 14104735
196321545 14104737
196321546 14104738
196321547 14104740
196320269 14104743
196320270 14104743
196315114 14104745
196315117 14104745
196320067 14104745
196320068 14104745
196321610 14104748
196321611 14104748
196321612 14104751
196321613 14104751
196321615 14104753
196314570 14104755
196321617 14104757
196321618 14104758
196321619 14104760
196314575 14104762
196314576 14104762
196319211 14104763
196319212 14104763
196319213 14104765
196313794 14104767
196319216 14104768
196314000 14104769
196319217 14104770
196321391 14104774
196321392 14104775
196311845 14104781
196311850 14104781
196311966 14104781
196311972 14104781
196313214 14104781
196313377 14104781
196319166 14104781
196319167 14104781
196320587 14104781
196320589 14104781
196320591 14104781
196320592 14104781
196320715 14104781
196320716 14104781
196320763 14104781
196320764 14104781
196314002 14104783
196313976 14104786
196318434 14104786
196318435 14104786
196319219 14104790
196321393 14104791
196321394 14104793
196321395 14104798
196316604 14104809
196321396 14104813
196314006 14104815
196321397 14104821
196321399 14104821
196321400 14104821
196322292 14104821
196312566 14104833
196312569 14104833
196320979 14104836
196320980 14104836
196312245 14104841
196312251 14104841
196312415 14104841
196312500 14104841
196317419 14104841
196319471 14104841
196320981 14104841
196320982 14104841
196312511 14104844
196320983 14104844
196320985 14104844
196320986 14104844
196314646 14104846
196321961 14104848
196322241 14104848
196314120 14104850
196317168 14104850
196317528 14104850
196319533 14104850
196322242 14104852
196321460 14104855
196321461 14104855
196321462 14104855
196321467 14104855
196321468 14104855
196313784 14104860
196313904 14104860
196313972 14104860
196313974 14104860
196315633 14104860
196315725 14104860
196315735 14104860
196315788 14104860
196315808 14104860
196315815 14104860
196316023 14104860
196318440 14104860
196318441 14104860
196320209 14104860
196320210 14104860
196320212 14104860
196320277 14104860
196320279 14104860
196320280 14104860
196320337 14104860
196320338 14104860
196320387 14104860
196320388 14104860
196320413 14104860
196320414 14104860
196321378 14104863
196322106 14104863
196322247 14104863
196321463 14104865
196321464 14104868
196321465 14104869
196321466 14104873
196319925 14104875
196319926 14104875
196319927 14104877
196314714 14104880
196314969 14104880
196322310 14104881
196321778 14104883
196321779 14104883
196322311 14104883
196321782 14104886
196321784 14104886
196322312 14104886
196312023 14104888
196312023 150112806
196317395 14104888
196317395 150112806
196322313 14104891
196322314 14104893
196313073 14104895
196322315 14104899
196313074 14104901
196321181 14104901
196321531 14104903
196322316 14104906
196322317 14104909
196322318 14104912
196321534 14104920
196321537 14104920
196321538 14104920
196321539 14104920
196321540 14104920
196321541 14104920
196321542 14104920
196321543 14104920
196321544 14104920
196322143 14104920
196322319 14104922
196315676 14104924
196314191 14104951
196314194 14104951
196314203 14104951
196314204 14104951
196314206 14104951
196314208 14104951
196314209 14104951
196314462 14104951
196314467 14104951
196314486 14104951
196314491 14104951
196314516 14104951
196314524 14104951
196314542 14104951
196314555 14104951
196314557 14104951
196317885 14104951
196319268 14104951
196319652 14104951
196320345 14104951
196320346 14104951
196320351 14104951
196320352 14104951
196320365 14104951
196320366 14104951
196311880 14104955
196311885 14104955
196313213 14104955
196313367 14104955
196313523 14104955
196320805 14104955
196320806 14104955
196321835 14104955
196321836 14104955
196321301 14104959
196322092 14104959
196322093 14104960
196321355 14104967
196322098 14104967
196322099 14104967
196321601 14104969
196321602 14104971
196315249 14104980
196319753 14104980
196319754 14104980
196319755 14104980
196319756 14104980
196319769 14104980
196319771 14104980
196319773 14104980
196319775 14104980
196319776 14104980
196321603 14104983
196321604 14104984
196321605 14104989
196321606 14104991
196314560 14104993
196314562 14104994
196320310 14104997
196321566 14104997
196321609 14104997
196322165 14104997
196314564 14104999
196313778 14105002
196313780 14105002
196313907 14105002
196313913 14105002
196313921 14105002
196317626 14105002
196319200 14105004
196314567 14105006
196314568 14105006
196314569 14105009
196319205 14105012
196319206 14105012
196321379 14105013
196321380 14105013
196322166 14105014
196321381 14105016
196321382 14105016
196319209 14105017
196321383 14105018
196322109 14105018
196321384 14105020
196322108 14105020
196321387 14105021
196321388 14105025
196321389 14105025
196321390 14105025
196320977 14105033
196320978 14105033
196321449 14105036
196321450 14105036
196315543 14105039
196315588 14105039
196315592 14105039
196317637 14105039
196321451 14105040
196321452 14105042
196321453 14105044
196322125 14105044
196321454 14105046
196321455 14105048
196322126 14105048
196321456 14105049
196321458 14105051
196315641 14105057
196315679 14105057
196315683 14105057
196315829 14105057
196315891 14105057
196315895 14105057
196315940 14105057
196317795 14105057
196318470 14105057
196318471 14105057
196318495 14105057
196318503 14105057
196318504 14105057
196319307 14105057
196319308 14105057
196319945 14105057
196319946 14105057
196320033 14105057
196320034 14105057
196321459 14105059
196314160 14105065
196319058 14105065
196320567 14105065
196320568 14105065
196320737 14105065
196320738 14105065
196322300 14105067
196322301 14105071
196322302 14105073
196313060 14105076
196322303 14105078
196322304 14105082
196322305 14105085
196322306 14105089
196321521 14105091
196322307 14105093
196315663 14105096
196322308 14105097
196321523 14105099
196322309 14105100
196320049 14105104
196320232 14105104
196321524 14105104
196315666 14105110
196320048 14105110
196321525 14105116
196319695 14105119
196322077 14105119
196322299 14105119
196321527 14105121
196319698 14105123
196321529 14105126
196312199 14105136
196312350 14105136
196322043 14105136
196322045 14105136
196322080 14105136
196322258 14105136
196322081 14105143
196322082 14105143
196321267 14105156
196321268 14105156
196321270 14105156
196321271 14105156
196321272 14105156
196321278 14105156
196322083 14105156
196321279 14105160
196321280 14105160
196322084 14105160
196320251 14105161
196320253 14105161
196320254 14105161
196319126 14105163
196322085 14105167
196322086 14105180
196322087 14105180
196322088 14105180
196322090 14105180
196322091 14105180
196322243 14105180
196322244 14105180
196321299 14105183
196322089 14105183
196315603 14105185
196315731 14105185
196313133 14105188
196313134 14105188
196317937 14105191
196317938 14105191
196317939 14105193
196314558 14105194
196315175 14105215
196321253 14105215
196321254 14105215
196321255 14105215
196321256 14105215
196321257 14105215
196321258 14105215
196321259 14105215
196321260 14105215
196321261 14105215
196321262 14105215
196321264 14105215
196321360 14105215
196321364 14105215
196321365 14105215
196321366 14105215
196321367 14105215
196321368 14105215
196321369 14105215
196321370 14105215
196321371 14105215
196321373 14105215
196322074 14105215
196322104 14105215
196322271 14105215
196321372 14105218
196312996 14105224
196321083 14105224
196321084 14105224
196321187 14105224
196321188 14105224
196321237 14105224
196321376 14105226
196321377 14105230
196319829 14105235
196319830 14105235
196319833 14105237
196321306 14105237
196319834 14105240
196320959 14105243
196320960 14105243
196314623 14105245
196314627 14105246
196321898 14105249
196322221 14105249
196322222 14105252
196315147 14105256
196315349 14105256
196315372 14105256
196315511 14105256
196315581 14105256
196317670 14105256
196320145 14105256
196320147 14105256
196320148 14105256
196320153 14105256
196320155 14105256
196320157 14105256
196320158 14105256
196321444 14105258
196321445 14105262
196316871 14105270
196317021 14105270
196320236 14105270
196321409 14105270
196321410 14105270
196321446 14105270
196321447 14105270
196321448 14105273
196312570 14105277
196312861 14105277
196312884 14105277
196313090 14105277
196313119 14105277
196319372 14105277
196321184 14105277
196321249 14105277
196321250 14105277
196318263 14105280
196318264 14105280
196313028 14105283
196317216 14105283
196313052 14105285
196313053 14105285
196321511 14105288
196312789 14105292
196312985 14105292
196319680 14105292
196321512 14105294
196320202 14105306
196321513 14105306
196321514 14105307
196317850 14105313
196317857 14105313
196321515 14105315
196321516 14105316
196319685 14105317
196321517 14105319
196321519 14105322
196316770 14105329
196317854 14105329
196317855 14105329
196317859 14105329
196319985 14105329
196319987 14105329
196319988 14105329
196314476 14105331
196318845 14105331
196318846 14105331
196322071 14105333
196322072 14105334
196322073 14105335
196320241 14105337
196321290 14105338
196315428 14105340
196320243 14105340
196320244 14105340
196321838 14105342
196321839 14105342
196321840 14105342
196322078 14105342
196315075 14105353
196315386 14105353
196315389 14105353
196315433 14105353
196315475 14105353
196315504 14105353
196315508 14105353
196317656 14105353
196317671 14105353
196317693 14105353
196317694 14105353
196317698 14105353
196319703 14105353
196319704 14105353
196320069 14105353
196320071 14105353
196320073 14105353
196320074 14105353
196320075 14105353
196320077 14105353
196320079 14105353
196320080 14105353
196320245 14105353
196320247 14105353
196313120 14105355
196316505 14105356
196317723 14105356
196321297 14105357
196317202 14105364
196319647 14105364
196319824 14105364
196319963 14105364
196319964 14105364
196321298 14105364
196313128 14105370
196312284 14105374
196312453 14105374
196312461 14105374
196312464 14105374
196312466 14105374
196312537 14105374
196312539 14105374
196312540 14105374
196312544 14105374
196317515 14105374
196319683 14105374
196319692 14105374
196320879 14105374
196320880 14105374
196317060 14105378
196314541 14105379
196312281 14105386
196317925 14105386
196314543 14105388
196316100 14105397
196316100 179107265
196316100 179107310
196316103 14105397
196316103 179107265
196316103 179107310
196316550 14105397
196316550 179107265
196316550 179107310
196316555 14105397
196316555 179107265
196316555 179107310
196316557 14105397
196316557 179107265
196316557 179107310
196318676 14105397
196318676 179107265
196318676 179107310
196318677 14105397
196318677 179107265
196318677 179107310
196318969 14105397
196318969 179107265
196318969 179107310
196318970 14105397
196318970 179107265
196318970 179107310
196318974 14105397
196318974 179107265
196318974 179107310
196318975 14105397
196318975 179107265
196318975 179107310
196320353 14105397
196320353 179107265
196320353 179107310
196314547 14105400
196322142 14105404
196314549 14105406
196321361 14105412
196321362 14105412
196321356 14105420
196321363 14105420
196315060 14105440
196315285 14105440
196315288 14105440
196315290 14105440
196315317 14105440
196315494 14105440
196320272 14105440
196320273 14105440
196320274 14105440
196320317 14105440
196312188 14105443
196312195 14105443
196312331 14105443
196312491 14105443
196321225 14105443
196321226 14105443
196316189 14105445
196319823 14105445
196320951 14105447
196320953 14105447
196312496 14105448
196314613 14105451
196314617 14105454
196322215 14105455
196321430 14105459
196321431 14105459
196320831 14105465
196320833 14105465
196321846 14105465
196322216 14105465
196321432 14105468
196321433 14105472
196316991 14105474
196313266 14105482
196313461 14105482
196313496 14105482
196317779 14105482
196320383 14105482
196320384 14105482
196316995 14105483
196311779 14105485
196311780 14105485
196316998 14105489
196316999 14105489
196318252 14105493
196318257 14105493
196318258 14105493
196320760 14105493
196313041 14105495
196321500 14105496
196321501 14105497
196321502 14105499
196321503 14105503
196319654 14105505
196319673 14105505
196321504 14105508
196317759 14105517
196319675 14105517
196321506 14105519
196322137 14105519
196311847 14105523
196311851 14105523
196311902 14105523
196311904 14105523
196311906 14105523
196320816 14105523
196322062 14105529
196322064 14105531
196320050 14105533
196320231 14105533
196322065 14105536
196321281 14105540
196321282 14105540
196322066 14105542
196322032 14105549
196322033 14105549
196322067 14105549
196322068 14105549
196321283 14105551
196321284 14105554
196322069 14105556
196314706 14105558
196314835 14105558
196318326 14105558
196318327 14105558
196321285 14105559
196312582 14105564
196312871 14105564
196312879 14105564
196313110 14105564
196321238 14105564
196322060 14105564
196313113 14105567
196313114 14105567
196321289 14105569
196317912 14105570
196320874 14105571
196314535 14105572
196314184 14105577
196314184 179107259
196314184 179107303
196314202 14105577
196314202 179107259
196314202 179107303
196314464 14105577
196314464 179107259
196314464 179107303
196314469 14105577
196314469 179107259
196314469 179107303
196314483 14105577
196314483 179107259
196314483 179107303
196314534 14105577
196314534 179107259
196314534 179107303
196314538 14105577
196314538 179107259
196314538 179107303
196316125 14105577
196316125 179107259
196316125 179107303
196316355 14105577
196316355 179107259
196316355 179107303
196316405 14105577
196316405 179107259
196316405 179107303
196316541 14105577
196316541 179107259
196316541 179107303
196317607 14105577
196317607 179107259
196317607 179107303
196317608 14105577
196317608 179107259
196317608 179107303
196317872 14105577
196317872 179107259
196317872 179107303
196319274 14105577
196319274 179107259
196319274 179107303
196320223 14105577
196320223 179107259
196320223 179107303
196320224 14105577
196320224 179107259
196320224 179107303
196320225 14105577
196320225 179107259
196320225 179107303
196321520 14105577
196321520 179107259
196321520 179107303
196314539 14105579
196322133 14105580
196312972 14105584
196313023 14105584
196314689 14105584
196314692 14105584
196314696 14105584
196314704 14105584
196314711 14105584
196314717 14105584
196314838 14105584
196314894 14105584
196314965 14105584
196317521 14105584
196320683 14105584
196320684 14105584
196320751 14105584
196320752 14105584
196320755 14105584
196320757 14105584
196320758 14105584
196320795 14105584
196320797 14105584
196320798 14105584
196320799 14105584
196320800 14105584
196322135 14105587
196321351 14105588
196321352 14105589
196320304 14105590
196315493 14105594
196317655 14105594
196320161 14105594
196320163 14105594
196320165 14105594
196320167 14105594
196320169 14105594
196320171 14105594
196320172 14105594
196321354 14105596
196322139 14105597
196315495 14105601
196320309 14105602
196321357 14105604
196321358 14105604
196321359 14105604
196322101 14105604
196322102 14105604
196319814 14105606
196321990 14105607
196321991 14105608
196321992 14105610
196312488 14105612
196321993 14105613
196314603 14105616
196321994 14105617
196321995 14105619
196312258 14105622
196312260 14105622
196312262 14105622
196312404 14105622
196312412 14105622
196312428 14105622
196312928 14105622
196317145 14105622
196320921 14105622
196320923 14105622
196320925 14105622
196320926 14105622
196320931 14105622
196320932 14105622
196320941 14105622
196320943 14105622
196320945 14105622
196320946 14105622
196320947 14105622
196320948 14105622
196321896 14105622
196321996 14105623
196321997 14105625
196321764 14105627
196321765 14105627
196322200 14105627
196322202 14105627
196322203 14105627
196314607 14105628
196321998 14105630
196314609 14105631
196322204 14105632
196321420 14105636
196321423 14105638
196321424 14105644
196321425 14105646
196321426 14105649
196321427 14105650
196315630 14105662
196315654 14105662
196316015 14105662
196316027 14105662
196317794 14105662
196317796 14105662
196317797 14105662
196318476 14105662
196318483 14105662
196318484 14105662
196318811 14105662
196318812 14105662
196319560 14105662
196319665 14105662
196320030 14105662
196320032 14105662
196320037 14105662
196320042 14105662
196320043 14105662
196320044 14105662
196320045 14105662
196320047 14105662
196321429 14105662
196321434 14105662
196321435 14105662
196313034 14105665
196319660 14105666
196312752 14105668
196312930 14105668
196313033 14105668
196313035 14105668
196313036 14105670
196319662 14105673
196315637 14105683
196319669 14105685
196322052 14105686
196311842 14105689
196317729 14105689
196317730 14105689
196319341 14105689
196319386 14105689
196322053 14105693
196322054 14105697
196322055 14105697
196322056 14105697
196321273 14105699
196320226 14105701
196321274 14105703
196321275 14105705
196321276 14105707
196321277 14105707
196320864 14105709
196320865 14105715
196320866 14105715
196320869 14105718
196322127 14105720
196322128 14105721
196321333 14105723
196321334 14105723
196321343 14105723
196321344 14105723
196321336 14105724
196321345 14105724
196321346 14105724
196321347 14105727
196321348 14105727
196321349 14105728
196319803 14105730
196319805 14105732
196321980 14105733
196321981 14105734
196321982 14105737
196321983 14105738
196321984 14105741
196321985 14105742
196321986 14105745
196321989 14105747
196319580 14105752
196321411 14105755
196321412 14105758
196321413 14105758
196321414 14105760
196321419 14105761
196312541 14105764
196321013 14105770
196321014 14105770
196321189 14105770
196321190 14105770
196321195 14105778
196321196 14105778
196313024 14105779
196320781 14105781
196320782 14105781
196319656 14105782
196319658 14105783
196322040 14105786
196321215 14105788
196322046 14105788
196322047 14105791
196322048 14105793
196322049 14105794
196321265 14105795
196321266 14105795
196320218 14105796
196315533 14105798
196321269 14105798
196314264 14105801
196314264 149184859
196314264 149184863
196314647 14105801
196314647 149184859
196314647 149184863
196314650 14105801
196314650 149184859
196314650 149184863
196317529 14105801
196317529 149184859
196317529 149184863
196319679 14105801
196319679 149184859
196319679 149184863
196320847 14105801
196320847 149184859
196320847 149184863
196320848 14105801
196320848 149184859
196320848 149184863
196320849 14105801
196320849 149184859
196320849 149184863
196320850 14105801
196320850 149184859
196320850 149184863
196317032 14105806
196317033 14105819
196317921 14105819
196319574 14105819
196317034 14105821
196322110 14105823
196317036 14105827
196321505 14105836
196321507 14105836
196321508 14105836
196321509 14105836
196321510 14105836
196322115 14105836
196322116 14105836
196322136 14105836
196321332 14105839
196321335 14105841
196315477 14105842
196315478 14105842
196321337 14105844
196321054 14105845
196321969 14105845
196321970 14105845
196321971 14105846
196321972 14105848
196321950 14105850
196321951 14105850
196321952 14105850
196321973 14105850
196321974 14105851
196321975 14105852
196320064 14105854
196321976 14105856
196319604 14105858
196320065 14105858
196320066 14105858
196321977 14105860
196321978 14105862
196319570 14105864
196321402 14105867
196321403 14105873
196321404 14105874
196321405 14105876
196321407 14105878
196321408 14105883
196314362 14105886
196314366 14105886
196320673 14105886
196320674 14105886
196320679 14105886
196320680 14105886
196321182 14105888
196315611 14105890
196322030 14105891
196322031 14105893
196313655 14105894
196322034 14105896
196322035 14105900
196322036 14105902
196312576 14105904
196312854 14105904
196313129 14105904
196321251 14105904
196321252 14105904
196322037 14105908
196322038 14105908
196322039 14105910
196320839 14105918
196320840 14105918
196321890 14105922
196321891 14105927
196321892 14105928
196317024 14105932
196322100 14105935
196317026 14105937
196321897 14105938
196322103 14105940
196321319 14105943
196321320 14105943
196322107 14105944
196316248 14105946
196321322 14105948
196321323 14105950
196321324 14105951
196321326 14105953
196312764 14105958
196312949 14105958
196316207 14105961
196321328 14105961
196321329 14105961
196321330 14105961
196321331 14105961
196320910 14105963
196321960 14105964
196320914 14105965
196321962 14105966
196321963 14105968
196320917 14105971
196320919 14105972
196314188 14105988
196314188 178967376
196314188 178967382
196314188 179107249
196314188 179107302
196314189 14105988
196314189 178967376
196314189 178967382
196314189 179107249
196314189 179107302
196314390 14105988
196314390 178967376
196314390 178967382
196314390 179107249
196314390 179107302
196314411 14105988
196314411 178967376
196314411 178967382
196314411 179107249
196314411 179107302
196314413 14105988
196314413 178967376
196314413 178967382
196314413 179107249
196314413 179107302
196314523 14105988
196314523 178967376
196314523 178967382
196314523 179107249
196314523 179107302
196314526 14105988
196314526 178967376
196314526 178967382
196314526 179107249
196314526 179107302
196314670 14105988
196314670 178967376
196314670 178967382
196314670 179107249
196314670 179107302
196316107 14105988
196316107 178967376
196316107 178967382
196316107 179107249
196316107 179107302
196316311 14105988
196316311 178967376
196316311 178967382
196316311 179107249
196316311 179107302
196316379 14105988
196316379 178967376
196316379 178967382
196316379 179107249
196316379 179107302
196316385 14105988
196316385 178967376
196316385 178967382
196316385 179107249
196316385 179107302
196316435 14105988
196316435 178967376
196316435 178967382
196316435 179107249
196316435 179107302
196316438 14105988
196316438 178967376
196316438 178967382
196316438 179107249
196316438 179107302
196316443 14105988
196316443 178967376
196316443 178967382
196316443 179107249
196316443 179107302
196316561 14105988
196316561 178967376
196316561 178967382
196316561 179107249
196316561 179107302
196316563 14105988
196316563 178967376
196316563 178967382
196316563 179107249
196316563 179107302
196317499 14105988
196317499 178967376
196317499 178967382
196317499 179107249
196317499 179107302
196317886 14105988
196317886 178967376
196317886 178967382
196317886 179107249
196317886 179107302
196318146 14105988
196318146 178967376
196318146 178967382
196318146 179107249
196318146 179107302
196318147 14105988
196318147 178967376
196318147 178967382
196318147 179107249
196318147 179107302
196318656 14105988
196318656 178967376
196318656 178967382
196318656 179107249
196318656 179107302
196320233 14105988
196320233 178967376
196320233 178967382
196320233 179107249
196320233 179107302
196320357 14105988
196320357 178967376
196320357 178967382
196320357 179107249
196320357 179107302
196320358 14105988
196320358 178967376
196320358 178967382
196320358 179107249
196320358 179107302
196315530 14105992
196315531 14105992
196315535 14105993
196315537 14105995
196314723 14106013
196314748 14106013
196314750 14106013
196314871 14106013
196314884 14106013
196314926 14106013
196314927 14106013
196317093 14106013
196318908 14106013
196318909 14106013
196318925 14106013
196318926 14106013
196320375 14106013
196320377 14106013
196320378 14106013
196320585 14106013
196320586 14106013
196320691 14106013
196320692 14106013
196319569 14106016
196314140 14106020
196314354 14106020
196319535 14106020
196314716 14106031
196314729 14106031
196314881 14106031
196314887 14106031
196317809 14106031
196318910 14106031
196318919 14106031
196318924 14106031
196320398 14106031
196320697 14106031
196321774 14106031
196321775 14106031
196321776 14106031
196322285 14106031
196312524 14106033
196312525 14106033
196312527 14106035
196314990 14106036
196319371 14106037
196321175 14106037
196321176 14106037
196314992 14106039
196314995 14106040
196314996 14106040
196322019 14106041
196322020 14106041
196316163 14106047
196317556 14106052
196321240 14106052
196322027 14106054
196322028 14106056
196322029 14106058
196321246 14106060
196321880 14106066
196321881 14106068
196321882 14106070
196320834 14106072
196321883 14106074
196320835 14106079
196320836 14106079
196321884 14106080
196321885 14106083
196312786 14106099
196312965 14106099
196312983 14106099
196312987 14106099
196314688 14106099
196314768 14106099
196317523 14106099
196317539 14106099
196320903 14106099
196320905 14106099
196320906 14106099
196321886 14106099
196321887 14106101
196321889 14106102
196321310 14106105
196321311 14106107
196321312 14106109
196321313 14106111
196321314 14106111
196321315 14106112
196321316 14106112
196321317 14106113
196317653 14106116
196321318 14106118
196320040 14106120
196320904 14106121
196320041 14106123
196321955 14106124
196312767 14106130
196312767 148820854
196312767 148820856
196320899 14106130
196320899 148820854
196320899 148820856
196320900 14106130
196320900 148820854
196320900 148820856
196320907 14106130
196320907 148820854
196320907 148820856
196321956 14106131
196321957 14106135
196321958 14106135
196320909 14106137
196321959 14106140
196321095 14106143
196315520 14106146
196315522 14106148
196315524 14106149
196315363 14106151
196315528 14106151
196315529 14106154
196319557 14106156
196316774 14106158
196316947 14106158
196313566 14106159
196312519 14106161
196314980 14106162
196314983 14106164
196314984 14106164
196312291 14106166
196322011 14106167
196311801 14106168
196322012 14106169
196322013 14106171
196322014 14106172
196322015 14106173
196322016 14106174
196322017 14106177
196322018 14106178
196318059 14106182
196321115 14106182
196321116 14106182
196321125 14106182
196321126 14106182
196321235 14106182
196321236 14106182
196321871 14106184
196321872 14106188
196321873 14106188
196317004 14106190
196317006 14106190
196317007 14106190
196321875 14106192
196321876 14106195
196320829 14106196
196321877 14106198
196321878 14106198
196321879 14106199
196317009 14106200
196321302 14106203
196321303 14106205
196321304 14106207
196321305 14106209
196321307 14106212
196321308 14106214
196321309 14106219
196321938 14106222
196321939 14106222
196321940 14106222
196321941 14106222
196321942 14106222
196321943 14106222
196321944 14106222
196312438 14106225
196319297 14106225
196319298 14106225
196321945 14106227
196321947 14106227
196321948 14106227
196321946 14106228
196321949 14106228
196321086 14106231
196315512 14106232
196318830 14106235
196319540 14106235
196320393 14106235
196320394 14106235
196315514 14106238
196315516 14106240
196317715 14106242
196314143 14106244
196314321 14106244
196314328 14106244
196314333 14106244
196314612 14106244
196312250 14106260
196312250 149032831
196312250 149032834
196312261 14106260
196312261 149032831
196312261 149032834
196312416 14106260
196312416 149032831
196312416 149032834
196312502 14106260
196312502 149032831
196312502 149032834
196313824 14106260
196313824 149032831
196313824 149032834
196314073 14106260
196314073 149032831
196314073 149032834
196314077 14106260
196314077 149032831
196314077 149032834
196317143 14106260
196317143 149032831
196317143 149032834
196319501 14106260
196319501 149032831
196319501 149032834
196320733 14106260
196320733 149032831
196320733 149032834
196320735 14106260
196320735 149032831
196320735 149032834
196320736 14106260
196320736 149032831
196320736 149032834
196320789 14106260
196320789 149032831
196320789 149032834
196320790 14106260
196320790 149032831
196320790 149032834
196321796 14106260
196321796 149032831
196321796 149032834
196313551 14106265
196316071 14106266
196312505 14106269
196313248 14106308
196313249 14106308
196313258 14106308
196313464 14106308
196313469 14106308
196313477 14106308
196313480 14106308
196313487 14106308
196313548 14106308
196313555 14106308
196317769 14106308
196319388 14106308
196319402 14106308
196320405 14106308
196320407 14106308
196320408 14106308
196320409 14106308
196321627 14106308
196313556 14106315
196316076 14106317
196314970 14106321
196314977 14106322
196321791 14106325
196321792 14106328
196312288 14106330
196321793 14106333
196321794 14106335
196321795 14106338
196321797 14106341
196322000 14106344
196321798 14106346
196322001 14106347
196321799 14106348
196322002 14106352
196322003 14106354
196322006 14106355
196322007 14106357
196316148 14106360
196322008 14106361
196322009 14106361
196321860 14106367
196321861 14106369
196314718 14106372
196314967 14106372
196318894 14106372
196318895 14106372
196318905 14106372
196318906 14106372
196321867 14106374
196321868 14106376
196315151 14106383
196315439 14106383
196320000 14106383
196322264 14106383
196320594 14106387
196320595 14106387
196321930 14106389
196321931 14106393
196321932 14106396
196321933 14106400
196321934 14106402
196321935 14106403
196320029 14106405
196320659 14106412
196320660 14106412
196321766 14106412
196315507 14106415
196317702 14106417
196313549 14106418
196321143 14106420
196314964 14106423
196321147 14106424
196321148 14106424
196314966 14106428
196314968 14106430
196320731 14106432
196321781 14106437
196321785 14106439
196321786 14106441
196321787 14106448
196321788 14106452
196321789 14106452
196321216 14106457
196317553 14106460
196315991 14106461
196321850 14106464
196321851 14106466
196312197 14106468
196312347 14106468
196321852 14106469
196321853 14106470
196321854 14106472
196321855 14106475
196321856 14106477
196321857 14106480
196321859 14106482
196321919 14106486
196321920 14106486
196321921 14106488
196320011 14106492
196320013 14106492
196320015 14106492
196320016 14106492
196321924 14106494
196312751 14106507
196312935 14106507
196317431 14106507
196317581 14106507
196317582 14106507
196320961 14106507
196320962 14106507
196321059 14106507
196321061 14106507
196321063 14106507
196321064 14106507
196321067 14106507
196321068 14106507
196321087 14106507
196321089 14106507
196321979 14106507
196312743 14106533
196312743 149032818
196312743 149032829
196312743 149212790
196312743 149212829
196312761 14106533
196312761 149032818
196312761 149032829
196312761 149212790
196312761 149212829
196314687 14106533
196314687 149032818
196314687 149032829
196314687 149212790
196314687 149212829
196314691 14106533
196314691 149032818
196314691 149032829
196314691 149212790
196314691 149212829
196314701 14106533
196314701 149032818
196314701 149032829
196314701 149212790
196314701 149212829
196314702 14106533
196314702 149032818
196314702 149032829
196314702 149212790
196314702 149212829
196314785 14106533
196314785 149032818
196314785 149032829
196314785 149212790
196314785 149212829
196314787 14106533
196314787 149032818
196314787 149032829
196314787 149212790
196314787 149212829
196314816 14106533
196314816 149032818
196314816 149032829
196314816 149212790
196314816 149212829
196317442 14106533
196317442 149032818
196317442 149032829
196317442 149212790
196317442 149212829
196318260 14106533
196318260 149032818
196318260 149032829
196318260 149212790
196318260 149212829
196318305 14106533
196318305 149032818
196318305 149032829
196318305 149212790
196318305 149212829
196318317 14106533
196318317 149032818
196318317 149032829
196318317 149212790
196318317 149212829
196318318 14106533
196318318 149032818
196318318 149032829
196318318 149212790
196318318 149212829
196320853 14106533
196320853 149032818
196320853 149032829
196320853 149212790
196320853 149212829
196320855 14106533
196320855 149032818
196320855 149032829
196320855 149212790
196320855 149212829
196320857 14106533
196320857 149032818
196320857 149032829
196320857 149212790
196320857 149212829
196320858 14106533
196320858 149032818
196320858 149032829
196320858 149212790
196320858 149212829
196320891 14106533
196320891 149032818
196320891 149032829
196320891 149212790
196320891 149212829
196320892 14106533
196320892 149032818
196320892 149032829
196320892 149212790
196320892 149212829
196320895 14106533
196320895 149032818
196320895 149032829
196320895 149212790
196320895 149212829
196320896 14106533
196320896 149032818
196320896 149032829
196320896 149212790
196320896 149212829
196320957 14106533
196320957 149032818
196320957 149032829
196320957 149212790
196320957 149212829
196320958 14106533
196320958 149032818
196320958 149032829
196320958 149212790
196320958 149212829
196321065 14106533
196321065 149032818
196321065 149032829
196321065 149212790
196321065 149212829
196312394 14106536
196321129 14106536
196321929 14106536
196316051 14106541
196316053 14106544
196316055 14106548
196321130 14106549
196312754 14106551
196314952 14106553
196314953 14106553
196321770 14106559
196321771 14106561
196321772 14106563
196321773 14106566
196320726 14106568
196321777 14106569
196321841 14106570
196321842 14106573
196321843 14106573
196321845 14106575
196315989 14106577
196321912 14106578
196321913 14106578
196315156 14106586
196315169 14106586
196315197 14106586
196317686 14106586
196320001 14106586
196320003 14106586
196320004 14106586
196320005 14106586
196320006 14106586
196320009 14106586
196320010 14106586
196321915 14106589
196321916 14106592
196321053 14106594
196321917 14106599
196321918 14106601
196321690 14106604
196321692 14106604
196321693 14106604
196321691 14106605
196321694 14106606
196321664 14106609
196321665 14106609
196321666 14106609
196321667 14106609
196321668 14106609
196321696 14106609
196321697 14106609
196321698 14106609
196316041 14106612
196313524 14106614
196316043 14106617
196316045 14106623
196316047 14106625
196316049 14106627
196321127 14106630
196314945 14106634
196314949 14106638
196321767 14106641
196321768 14106643
196321769 14106644
196319363 14106647
196314151 14106651
196312811 14106654
196312811 149212728
196312811 149212739
196317934 14106654
196317934 149212728
196317934 149212739
196319214 14106654
196319214 149212728
196319214 149212739
196319215 14106654
196319215 149212728
196319215 149212739
196321047 14106654
196321047 149212728
196321047 149212739
196321048 14106654
196321048 149212728
196321048 149212739
196321071 14106654
196321071 149212728
196321071 149212739
196321073 14106654
196321073 149212728
196321073 149212739
196321074 14106654
196321074 149212728
196321074 149212739
196321075 14106654
196321075 149212728
196321075 149212739
196321076 14106654
196321076 149212728
196321076 149212739
196316210 14106658
196316211 14106658
196316214 14106658
196316216 14106658
196316217 14106658
196316220 14106658
196316624 14106658
196316264 14106661
196319843 14106661
196319844 14106661
196319853 14106661
196319854 14106661
196319861 14106661
196319862 14106661
196322278 14106661
196312621 14106664
196312628 14106664
196312649 14106664
196321163 14106664
196321164 14106664
196314013 14106668
196316622 14106671
196312608 14106672
196312614 14106672
196321185 14106678
196321186 14106678
196316223 14106684
196316228 14106684
196316230 14106684
196313680 14106685
196315479 14106687
196313747 14106688
196320551 14106688
196320552 14106688
196320553 14106688
196320555 14106688
196320556 14106688
196315116 14106707
196315336 14106707
196315435 14106707
196320085 14106707
196320086 14106707
196320091 14106707
196320093 14106707
196320095 14106707
196320097 14106707
196320098 14106707
196315111 14106726
196315118 14106726
196315119 14106726
196315540 14106726
196315628 14106726
196315795 14106726
196315973 14106726
196317662 14106726
196317790 14106726
196318460 14106726
196318461 14106726
196320151 14106726
196320152 14106726
196320173 14106726
196320175 14106726
196320177 14106726
196320179 14106726
196320181 14106726
196320183 14106726
196320184 14106726
196320197 14106726
196320198 14106726
196320203 14106726
196320205 14106726
196320206 14106726
196312617 14106730
196320993 14106730
196320994 14106730
196321160 14106730
196315077 14106733
196315080 14106733
196315090 14106733
196315128 14106733
196315130 14106733
196319670 14106736
196319914 14106738
196316198 14106740
196316199 14106740
196316200 14106740
196316202 14106740
196316205 14106740
196319911 14106740
196319913 14106740
196320451 14106741
196320453 14106741
196320454 14106741
196320457 14106741
196320458 14106741
196313691 14106742
196313694 14106742
196320511 14106742
196320512 14106742
196312656 14106743
196314091 14106745
196320449 14106745
196320450 14106745
196320481 14106745
196320483 14106745
196320485 14106745
196320486 14106745
196312687 14106748
196313675 14106751
196320663 14106751
196320664 14106751
196320665 14106751
196320667 14106751
196320668 14106751
196322262 14106751
196313070 14106753
196321041 14106753
196321042 14106753
196319420 14106755
196321161 14106757
196321162 14106757
196313038 14106759
196320949 14106759
196320950 14106759
196312727 14106762
196312731 14106762
196321043 14106762
196321044 14106762
196321049 14106762
196321051 14106762
196321052 14106762
196315121 14106764
196315542 14106764
196320115 14106766
196320116 14106766
196312724 14106767
196312730 14106767
196321031 14106767
196321032 14106767
196315133 14106768
196315184 14106768
196320117 14106768
196320118 14106768
196320185 14106768
196320186 14106768
196320445 14106771
196320446 14106771
196320433 14106773
196320434 14106773
196320505 14106773
196320506 14106773
196313072 14106778
196313165 14106778
196321149 14106778
196321150 14106778
196312722 14106782
196312728 14106782
196321021 14106782
196321022 14106782
196321029 14106782
196321030 14106782
196312609 14106784
196314082 14106785
196312673 14106786
196312030 14106826
196312030 150112812
196312030 150112818
196312030 178967390
196312030 178967396
196312030 179107327
196312030 179107334
196312030 198463097
196312030 200684553
196312038 14106826
196312038 150112812
196312038 150112818
196312038 178967390
196312038 178967396
196312038 179107327
196312038 179107334
196312038 198463097
196312038 200684553
196312063 14106826
196312063 150112812
196312063 150112818
196312063 178967390
196312063 178967396
196312063 179107327
196312063 179107334
196312063 198463097
196312063 200684553
196312090 14106826
196312090 150112812
196312090 150112818
196312090 178967390
196312090 178967396
196312090 179107327
196312090 179107334
196312090 198463097
196312090 200684553
196312133 14106826
196312133 150112812
196312133 150112818
196312133 178967390
196312133 178967396
196312133 179107327
196312133 179107334
196312133 198463097
196312133 200684553
196313608 14106826
196313608 150112812
196313608 150112818
196313608 178967390
196313608 178967396
196313608 179107327
196313608 179107334
196313608 198463097
196313608 200684553
196313619 14106826
196313619 150112812
196313619 150112818
196313619 178967390
196313619 178967396
196313619 179107327
196313619 179107334
196313619 198463097
196313619 200684553
196313897 14106826
196313897 150112812
196313897 150112818
196313897 178967390
196313897 178967396
196313897 179107327
196313897 179107334
196313897 198463097
196313897 200684553
196314014 14106826
196314014 150112812
196314014 150112818
196314014 178967390
196314014 178967396
196314014 179107327
196314014 179107334
196314014 198463097
196314014 200684553
196314027 14106826
196314027 150112812
196314027 150112818
196314027 178967390
196314027 178967396
196314027 179107327
196314027 179107334
196314027 198463097
196314027 200684553
196318024 14106826
196318024 150112812
196318024 150112818
196318024 178967390
196318024 178967396
196318024 179107327
196318024 179107334
196318024 198463097
196318024 200684553
196319349 14106826
196319349 150112812
196319349 150112818
196319349 178967390
196319349 178967396
196319349 179107327
196319349 179107334
196319349 198463097
196319349 200684553
196319456 14106826
196319456 150112812
196319456 150112818
196319456 178967390
196319456 178967396
196319456 179107327
196319456 179107334
196319456 198463097
196319456 200684553
196319458 14106826
196319458 150112812
196319458 150112818
196319458 178967390
196319458 178967396
196319458 179107327
196319458 179107334
196319458 198463097
196319458 200684553
196320503 14106826
196320503 150112812
196320503 150112818
196320503 178967390
196320503 178967396
196320503 179107327
196320503 179107334
196320503 198463097
196320503 200684553
196320504 14106826
196320504 150112812
196320504 150112818
196320504 178967390
196320504 178967396
196320504 179107327
196320504 179107334
196320504 198463097
196320504 200684553
196320507 14106826
196320507 150112812
196320507 150112818
196320507 178967390
196320507 178967396
196320507 179107327
196320507 179107334
196320507 198463097
196320507 200684553
196320510 14106826
196320510 150112812
196320510 150112818
196320510 178967390
196320510 178967396
196320510 179107327
196320510 179107334
196320510 198463097
196320510 200684553
196320727 14106826
196320727 150112812
196320727 150112818
196320727 178967390
196320727 178967396
196320727 179107327
196320727 179107334
196320727 198463097
196320727 200684553
196320728 14106826
196320728 150112812
196320728 150112818
196320728 178967390
196320728 178967396
196320728 179107327
196320728 179107334
196320728 198463097
196320728 200684553
196320787 14106826
196320787 150112812
196320787 150112818
196320787 178967390
196320787 178967396
196320787 179107327
196320787 179107334
196320787 198463097
196320787 200684553
196320788 14106826
196320788 150112812
196320788 150112818
196320788 178967390
196320788 178967396
196320788 179107327
196320788 179107334
196320788 198463097
196320788 200684553
196320825 14106826
196320825 150112812
196320825 150112818
196320825 178967390
196320825 178967396
196320825 179107327
196320825 179107334
196320825 198463097
196320825 200684553
196320827 14106826
196320827 150112812
196320827 150112818
196320827 178967390
196320827 178967396
196320827 179107327
196320827 179107334
196320827 198463097
196320827 200684553
196320828 14106826
196320828 150112812
196320828 150112818
196320828 178967390
196320828 178967396
196320828 179107327
196320828 179107334
196320828 198463097
196320828 200684553
196315135 14106833
196320139 14106833
196320140 14106833
196320141 14106833
196320142 14106833
196320143 14106833
196320144 14106833
196321011 14106835
196321012 14106835
196321081 14106835
196321082 14106835
196313760 14106859
196313760 179107243
196313760 179107246
196313999 14106859
196313999 179107243
196313999 179107246
196314171 14106859
196314171 179107243
196314171 179107246
196314416 14106859
196314416 179107243
196314416 179107246
196314563 14106859
196314563 179107243
196314563 179107246
196314722 14106859
196314722 179107243
196314722 179107246
196314725 14106859
196314725 179107243
196314725 179107246
196314726 14106859
196314726 179107243
196314726 179107246
196314903 14106859
196314903 179107243
196314903 179107246
196314981 14106859
196314981 179107243
196314981 179107246
196317589 14106859
196317589 179107243
196317589 179107246
196317815 14106859
196317815 179107243
196317815 179107246
196319525 14106859
196319525 179107243
196319525 179107246
196320473 14106859
196320473 179107243
196320473 179107246
196320474 14106859
196320474 179107243
196320474 179107246
196320559 14106859
196320559 179107243
196320559 179107246
196320560 14106859
196320560 179107243
196320560 179107246
196320561 14106859
196320561 179107243
196320561 179107246
196320563 14106859
196320563 179107243
196320563 179107246
196320564 14106859
196320564 179107243
196320564 179107246
196320565 14106859
196320565 179107243
196320565 179107246
196320581 14106859
196320581 179107243
196320581 179107246
196320582 14106859
196320582 179107243
196320582 179107246
196320583 14106859
196320583 179107243
196320583 179107246
196320584 14106859
196320584 179107243
196320584 179107246
196312626 14106863
196319689 14106863
196321165 14106865
196321166 14106865
196312723 14106867
196312726 14106867
196321025 14106868
196321026 14106868
196313667 14106893
196313687 14106893
196320437 14106893
196320438 14106893
196313698 14106895
196320419 14106895
196320420 14106895
196320421 14106895
196320422 14106895
196320427 14106895
196320428 14106895
196320429 14106895
196320430 14106895
196315084 14106899
196315085 14106899
196315086 14106899
196315089 14106899
196315091 14106899
196315093 14106899
196315474 14106899
196320131 14106901
196320132 14106901
196320133 14106901
196320134 14106901
196320135 14106901
196320136 14106901
196320137 14106901
196320138 14106901
196312601 14106903
196313156 14106903
196313690 14106905
196319406 14106905
196320447 14106905
196320448 14106905
196320639 14106905
196320640 14106905
196312637 14106907
196312640 14106907
196312642 14106907
196320267 14106910
196312725 14106912
196312732 14106912
196313069 14106912
196321037 14106912
196321038 14106912
196312703 14106913
196312708 14106913
196312710 14106913
196312712 14106913
196312713 14106913
196319657 14106913
196312715 14106914
196315485 14106915
196317635 14106915
196315073 14106917
196312630 14106918
196312632 14106918
196312634 14106918
196312636 14106918
196315139 14106920
196316208 14106922
196316212 14106922
196316261 14106922
196319849 14106922
196319850 14106922
196319859 14106922
196319860 14106922
196319845 14106923
196319846 14106923
196319855 14106923
196319856 14106923
196319863 14106923
196319864 14106923
196319869 14106923
196319870 14106923
196319907 14106923
196319908 14106923
196316191 14106926
196316502 14106926
196316714 14106926
196319879 14106926
196319881 14106926
196319882 14106926
196320475 14106929
196320477 14106929
196320479 14106929
196320480 14106929
196320487 14106929
196320488 14106929
196319407 14106933
196315092 14106934
196315103 14106934
196320111 14106934
196320112 14106934
196316234 14106936
196316260 14106936
196319851 14106936
196319852 14106936
196315471 14106939
196320149 14106939
196320150 14106939
196313749 14106940
196319286 14106940
196320535 14106940
196320536 14106940
196320541 14106940
196320542 14106940
196320999 14106943
196321000 14106943
196321017 14106943
196321018 14106943
196321035 14106943
196321036 14106943
196312218 14106956
196312218 149212750
196312218 149212759
196312219 14106956
196312219 149212750
196312219 149212759
196312221 14106956
196312221 149212750
196312221 149212759
196312224 14106956
196312224 149212750
196312224 149212759
196312228 14106956
196312228 149212750
196312228 149212759
196312320 14106956
196312320 149212750
196312320 149212759
196312375 14106956
196312375 149212750
196312375 149212759
196312388 14106956
196312388 149212750
196312388 149212759
196312391 14106956
196312391 149212750
196312391 149212759
196312495 14106956
196312495 149212750
196312495 149212759
196318032 14106956
196318032 149212750
196318032 149212759
196318033 14106956
196318033 149212750
196318033 149212759
196321097 14106956
196321097 149212750
196321097 149212759
196321098 14106956
196321098 149212750
196321098 149212759
196321099 14106956
196321099 149212750
196321099 149212759
196321100 14106956
196321100 149212750
196321100 149212759
196321101 14106956
196321101 149212750
196321101 149212759
196321102 14106956
196321102 149212750
196321102 149212759
196321105 14106956
196321105 149212750
196321105 149212759
196321106 14106956
196321106 149212750
196321106 149212759
196321111 14106956
196321111 149212750
196321111 149212759
196321113 14106956
196321113 149212750
196321113 149212759
196321114 14106956
196321114 149212750
196321114 149212759
196321117 14106956
196321117 149212750
196321117 149212759
196321119 14106956
196321119 149212750
196321119 149212759
196312734 14106969
196312737 14106969
196312740 14106969
196312900 14106969
196312903 14106969
196312908 14106969
196312913 14106969
196313065 14106969
196313171 14106969
196317566 14106969
196319124 14106969
196319659 14106969
196321045 14106969
196321046 14106969
196321079 14106969
196321080 14106969
196321093 14106969
196321094 14106969
196312613 14106973
196320467 14106977
196320468 14106977
196320469 14106977
196320470 14106977
196313659 14106979
196313661 14106979
196320633 14106979
196320634 14106979
196313728 14106980
196313731 14106980
196319120 14106980
196319121 14106980
196313001 14106984
196319095 14106984
196319096 14106984
196312999 14106986
196313177 14106986
196313179 14106986
196313002 14106988
196317935 14106988
196317936 14106988
196313000 14106991
196313000 148820874
196313000 148820876
196313005 14106991
196313005 148820874
196313005 148820876
196313007 14106991
196313007 148820874
196313007 148820876
196313011 14106991
196313011 148820874
196313011 148820876
196313013 14106991
196313013 148820874
196313013 148820876
196313015 14106991
196313015 148820874
196313015 148820876
196313017 14106991
196313017 148820874
196313017 148820876
196313019 14106991
196313019 148820874
196313019 148820876
196313021 14106991
196313021 148820874
196313021 148820876
196313051 14106991
196313051 148820874
196313051 148820876
196319497 14106991
196319497 148820874
196319497 148820876
196321055 14106991
196321055 148820874
196321055 148820876
196321056 14106991
196321056 148820874
196321056 148820876
196315043 14107023
196315430 14107023
196315432 14107023
196315434 14107023
196315436 14107023
196315438 14107023
196315440 14107023
196315445 14107023
196315449 14107023
196315450 14107023
196317673 14107023
196319767 14107023
196319768 14107023
196321023 14107034
196321024 14107034
196313681 14107038
196320635 14107038
196320636 14107038
196320637 14107038
196320638 14107038
196320641 14107038
196320642 14107038
196320645 14107038
196320646 14107038
196312612 14107043
196312638 14107043
196312658 14107043
196312620 14107046
196312623 14107046
196320499 14107047
196320500 14107047
196313730 14107048
196313753 14107048
196320543 14107048
196320544 14107048
196312681 14107050
196314085 14107054
196314108 14107054
196319110 14107054
196319115 14107054
196320495 14107054
196320496 14107054
196320497 14107054
196320498 14107054
196312615 14107056
196312607 14107058
196312694 14107059
196312698 14107059
196312700 14107059
196312701 14107059
196313176 14107060
196315063 14107075
196315063 200062134
196315074 14107075
196315074 200062134
196315115 14107075
196315115 200062134
196315150 14107075
196315150 200062134
196315178 14107075
196315178 200062134
196315255 14107075
196315255 200062134
196315305 14107075
196315305 200062134
196315327 14107075
196315327 200062134
196315393 14107075
196315393 200062134
196315506 14107075
196315506 200062134
196315519 14107075
196315519 200062134
196315521 14107075
196315521 200062134
196315559 14107075
196315559 200062134
196319648 14107075
196319648 200062134
196319759 14107075
196319759 200062134
196319761 14107075
196319761 200062134
196319762 14107075
196319762 200062134
196320081 14107075
196320081 200062134
196320083 14107075
196320083 200062134
196320084 14107075
196320084 200062134
196320089 14107075
196320089 200062134
196320090 14107075
196320090 200062134
196320249 14107075
196320249 200062134
196320250 14107075
196320250 200062134
196313737 14107078
196313742 14107078
196320539 14107078
196320540 14107078
196312692 14107079
196316331 14107082
196316331 178941131
196319883 14107082
196319883 178941131
196319884 14107082
196319884 178941131
196313677 14107085
196320523 14107085
196320524 14107085
196320441 14107086
196320443 14107086
196320444 14107086
196313710 14107089
196320515 14107089
196320516 14107089
196313665 14107090
196320435 14107090
196320436 14107090
196315081 14107093
196319305 14107093
196320113 14107093
196320114 14107093
196314010 14107095
196320455 14107095
196320456 14107095
196320459 14107095
196320460 14107095
196321027 14107097
196321028 14107097
196312659 14107098
196312661 14107098
196312662 14107098
196319687 14107098
196319651 14107100
196312616 14107103
196320991 14107103
196320992 14107103
196321157 14107103
196321158 14107103
196312667 14107104
196312670 14107104
196312672 14107104
196312684 14107105
196316235 14107107
196316239 14107107
196316242 14107107
196315078 14107109
196315483 14107109
196319262 14107111
196319847 14107111
196319848 14107111
196319857 14107111
196319858 14107111
196319865 14107111
196319866 14107111
196319871 14107111
196319872 14107111
196319909 14107111
196319910 14107111
196314724 14107121
196314732 14107121
196314736 14107121
196314744 14107121
196314752 14107121
196316722 14107121
196316735 14107121
196316745 14107121
196316755 14107121
196316760 14107121
196316846 14107121
196316919 14107121
196316925 14107121
196316936 14107121
196316942 14107121
196316952 14107121
196316990 14107121
196316994 14107121
196317231 14107121
196317831 14107121
196317899 14107121
196320053 14107121
196320054 14107121
196320579 14107121
196320580 14107121
196314103 14107126
196320439 14107126
196320440 14107126
