12792515 12300178
12792515 16397301
12783913 12309537
12783913 16400470
12782267 101124114
12782267 16399752
12782912 101124114
12782912 16399752
12784605 101124114
12784605 16399752
12784612 101124114
12784612 16399752
12784614 101124114
12784614 16399752
12784616 101124114
12784616 16399752
12784620 101124114
12784620 16399752
12784622 101124114
12784622 16399752
12784624 101124114
12784624 16399752
12784626 101124114
12784626 16399752
12784627 101124114
12784627 16399752
12784658 101124114
12784658 16399752
12784674 101124114
12784674 16399752
12785267 101124114
12785267 16399752
12785312 101124114
12785312 16399752
12785314 101124114
12785314 16399752
12785315 101124114
12785315 16399752
12788830 101124114
12788830 16399752
12790569 101124114
12790569 16399752
12790662 101124114
12790662 16399752
12790663 101124114
12790663 16399752
12791878 101124114
12791878 16399752
12791976 101124114
12791976 16399752
12791977 101124114
12791977 16399752
12792063 101124114
12792063 16399752
12792383 101124114
12792383 16399752
12792384 101124114
12792384 16399752
12793319 101124114
12793319 16399752
12782248 101124115
12782248 16399733
12782277 101124115
12782277 16399733
12782253 101124128
12782253 16399755
12782254 101124128
12782254 16399755
12789852 101124128
12789852 16399755
12786773 111981613
12786773 111981620
12786773 16399690
12786780 111981613
12786780 111981620
12786780 16399690
12786964 111981613
12786964 111981620
12786964 16399690
12787082 111981613
12787082 111981620
12787082 16399690
12786714 111981621
12786714 16400765
12786725 111981621
12786725 16400765
12786745 111981621
12786745 16400765
12786749 111981621
12786749 16400765
12786754 111981621
12786754 16400765
12790945 111981621
12790945 16400765
12793371 111981621
12793371 16400765
12781556 112017108
12781556 16399343
12781598 112017108
12781598 16399343
12781272 112017218
12781272 16400042
12782296 112017218
12782296 16400042
12782425 112017218
12782425 16400042
12782542 112017218
12782542 16400042
12782545 112017218
12782545 16400042
12790103 112017218
12790103 16400042
12793134 112017218
12793134 16400042
12793141 112017218
12793141 16400042
12793142 112017218
12793142 16400042
12790149 112017218
12790149 16400042
12790149 16400049
12782434 112017297
12782434 16400570
12789006 112017297
12789006 16400570
12789373 112017297
12789373 16400570
12792879 112017297
12792879 16400570
12792880 112017297
12792880 16400570
12783702 12300178
12783702 16397301
12783717 12300178
12783717 16397301
12783923 12300178
12783923 16397301
12792514 12300178
12792514 16397301
12783697 12304107
12783697 16396652
12783810 12309537
12783810 16400470
12780759 16396394
12781070 16396394
12781081 16396394
12791948 16396394
12793198 16396394
12793461 16396394
12781657 16396397
12781661 16396397
12781665 16396397
12782181 16396397
12783005 16396397
12784419 16396399
12784202 16396401
12784249 16396401
12784613 16396401
12784632 16396401
12784753 16396401
12785012 16396401
12785016 16396401
12789211 16396401
12789222 16396401
12784283 16396406
12784305 16396406
12784311 16396406
12784319 16396406
12784322 16396406
12784325 16396406
12784343 16396406
12784344 16396406
12784346 16396406
12784348 16396406
12784349 16396406
12784678 16396406
12785117 16396406
12785129 16396406
12785131 16396406
12790542 16396406
12790544 16396406
12790549 16396406
12790550 16396406
12793308 16396406
12793330 16396406
12793331 16396406
12784381 16396414
12784390 16396414
12784391 16396414
12784393 16396414
12784395 16396414
12784589 16396414
12784592 16396414
12784693 16396414
12790576 16396414
12790577 16396414
12782797 16396419
12783500 16396419
12790274 16396419
12793243 16396419
12781346 16396420
12785122 16396423
12784255 16396424
12784259 16396424
12784271 16396424
12785055 16396424
12783207 16396426
12783215 16396426
12789185 16396428
12790870 16396428
12790874 16396428
12790894 16396428
12790896 16396428
12790897 16396428
12786488 16396430
12786490 16396430
12786511 16396430
12786826 16396430
12787132 16396430
12787134 16396430
12787136 16396430
12790851 16396430
12790852 16396430
12791967 16396430
12780689 16396432
12781126 16396432
12791362 16396434
12791363 16396434
12782573 16396435
12784254 16396437
12781420 16396439
12781427 16396439
12781429 16396439
12781431 16396439
12782109 16396439
12782118 16396439
12782932 16396439
12791903 16396439
12793251 16396439
12781270 16396442
12781329 16396442
12782127 16396442
12782547 16396442
12789842 16396442
12790099 16396442
12790100 16396442
12793207 16396442
12781340 16396444
12789145 16396444
12789400 16396444
12791397 16396444
12793451 16396444
12781255 16396445
12785952 16396446
12786494 16396447
12786495 16396447
12786470 16396449
12781026 16396450
12790414 16396450
12790416 16396450
12790417 16396450
12780679 16396456
12780804 16396456
12790407 16396456
12790408 16396456
12784329 16396457
12784356 16396457
12787073 16396458
12786766 16396459
12784323 16396462
12784353 16396462
12785174 16396462
12785177 16396462
12781304 16396463
12781305 16396463
12780592 16396464
12780548 16396465
12780845 16396465
12780875 16396465
12786812 16396465
12790036 16396465
12790037 16396465
12792755 16396465
12792756 16396465
12790276 16396466
12790199 16396468
12792862 16396468
12792863 16396468
12792874 16396468
12792875 16396468
12789053 16396469
12783635 16396471
12789055 16396471
12791298 16396471
12791299 16396471
12792501 16396471
12792502 16396471
12790279 16396473
12791690 16396475
12784011 16396485
12784703 16396485
12784704 16396485
12784738 16396485
12784740 16396485
12784742 16396485
12784744 16396485
12784746 16396485
12784748 16396485
12784750 16396485
12784752 16396485
12784754 16396485
12784756 16396485
12784758 16396485
12784760 16396485
12784762 16396485
12784766 16396485
12784768 16396485
12784770 16396485
12784890 16396485
12784892 16396485
12784902 16396485
12784925 16396485
12785319 16396485
12791968 16396485
12792549 16396485
12792550 16396485
12793296 16396485
12789056 16396488
12787575 16396491
12787583 16396491
12787585 16396491
12789919 16396491
12789059 16396493
12790237 16396493
12791694 16396494
12784126 16396497
12784151 16396497
12784154 16396497
12784709 16396497
12781326 16396499
12787953 16396500
12787078 16396502
12787090 16396502
12791698 16396503
12787092 16396504
12787956 16396506
12787958 16396508
12787959 16396512
12789367 16396512
12791122 16396514
12791125 16396515
12790341 16396517
12784629 16396521
12784652 16396521
12785269 16396521
12784256 16396524
12784486 16396524
12784487 16396524
12784493 16396524
12784638 16396524
12789124 16396526
12786606 16396528
12788803 16396531
12790980 16396532
12787160 16396533
12790983 16396535
12790984 16396536
12790985 16396536
12780695 16396537
12787163 16396539
12785330 16396540
12785331 16396540
12785327 16396543
12785328 16396543
12785332 16396543
12790989 16396546
12786375 16396548
12786382 16396548
12787167 16396550
12785333 16396553
12787169 16396554
12790412 16396556
12785321 16396557
12785338 16396557
12780394 16396558
12780398 16396558
12780400 16396558
12780402 16396558
12780403 16396558
12780453 16396558
12781004 16396558
12781006 16396558
12781008 16396558
12781010 16396558
12781012 16396558
12781014 16396558
12781016 16396558
12781018 16396558
12781171 16396558
12790415 16396560
12790418 16396561
12791830 16396562
12791833 16396564
12782593 16396566
12782594 16396566
12791836 16396567
12790191 16396568
12783205 16396570
12787239 16396572
12792163 16396572
12792173 16396572
12792174 16396572
12792178 16396572
12793445 16396572
12784623 16396573
12784640 16396573
12789228 16396573
12781242 16396576
12782067 16396576
12782892 16396576
12781021 16396580
12781023 16396580
12781027 16396580
12781029 16396580
12781031 16396580
12781032 16396580
12781034 16396580
12783818 16396580
12783820 16396580
12783822 16396580
12783824 16396580
12783830 16396580
12783832 16396580
12783834 16396580
12783836 16396580
12783838 16396580
12783841 16396580
12783843 16396580
12783845 16396580
12783847 16396580
12783849 16396580
12783850 16396580
12784033 16396580
12791892 16396580
12792482 16396580
12793295 16396580
12787870 16396582
12787872 16396583
12781245 16396584
12791826 16396584
12793009 16396585
12793015 16396585
12793016 16396585
12787875 16396586
12787877 16396587
12791041 16396589
12784288 16396590
12785182 16396590
12782664 16396592
12785185 16396594
12789088 16396596
12791503 16396596
12791512 16396596
12791907 16396596
12791939 16396596
12791044 16396597
12787827 16396599
12787828 16396599
12793642 16396599
12790258 16396601
12790260 16396601
12791047 16396603
12786520 16396604
12790263 16396607
12793279 16396607
12780631 16396616
12780920 16396616
12781886 16396616
12790265 16396617
12790266 16396619
12789907 16396620
12789045 16396622
12789909 16396624
12791683 16396626
12791684 16396629
12791687 16396630
12791110 16396632
12791113 16396633
12790330 16396634
12791116 16396636
12790333 16396637
12791119 16396638
12789110 16396639
12789112 16396640
12789113 16396641
12785890 16396644
12790338 16396646
12789115 16396648
12785892 16396649
12781098 16396651
12790971 16396654
12787150 16396655
12790974 16396657
12787153 16396661
12782800 16396664
12782801 16396664
12787154 16396665
12786370 16396668
12787155 16396670
12790977 16396671
12787159 16396672
12790402 16396674
12790403 16396674
12784080 16396675
12785329 16396675
12780661 16396681
12780666 16396681
12780740 16396681
12781163 16396681
12781164 16396681
12786379 16396683
12790406 16396684
12790409 16396686
12791824 16396688
12780750 16396712
12780753 16396712
12781793 16396712
12782169 16396712
12790181 16396723
12789822 16396725
12790184 16396726
12789825 16396727
12790187 16396728
12781233 16396730
12783578 16396734
12783835 16396734
12787866 16396736
12787868 16396738
12791032 16396740
12791035 16396741
12784392 16396743
12790251 16396744
12791038 16396746
12790254 16396748
12786513 16396751
12792856 16396752
12792857 16396752
12786514 16396753
12786516 16396753
12789035 16396754
12790259 16396755
12791670 16396756
12787931 16396758
12788088 16396758
12783905 16396759
12784000 16396759
12787935 16396760
12781309 16396761
12791679 16396763
12790895 16396764
12787937 16396766
12787506 16396767
12787938 16396767
12791100 16396768
12787939 16396770
12790898 16396772
12782723 16396774
12791103 16396776
12791107 16396778
12792917 16396780
12792919 16396780
12792920 16396780
12781947 16396783
12783682 16396786
12792062 16396788
12781086 16396789
12783685 16396792
12781088 16396795
12792066 16396797
12792067 16396798
12780670 16396801
12790962 16396802
12787141 16396805
12790965 16396806
12787143 16396809
12780676 16396811
12786360 16396814
12787145 16396815
12790968 16396816
12786362 16396818
12787147 16396820
12786364 16396821
12786367 16396823
12781079 16396824
12781154 16396824
12785950 16396825
12785953 16396828
12785091 16396829
12785954 16396830
12785956 16396830
12784326 16396832
12785095 16396832
12786229 16396834
12790169 16396834
12790170 16396834
12790171 16396835
12780634 16396838
12780745 16396838
12790174 16396840
12782000 16396841
12784411 16396844
12784601 16396844
12789819 16396845
12782009 16396847
12784179 16396848
12784609 16396848
12787852 16396849
12791599 16396851
12791600 16396851
12791020 16396853
12782643 16396854
12784382 16396855
12790240 16396857
12791026 16396858
12791027 16396858
12791028 16396858
12784385 16396860
12790243 16396861
12791029 16396865
12781868 16396868
12790246 16396869
12782007 16396871
12789064 16396871
12790247 16396871
12786505 16396872
12787533 16396873
12787920 16396873
12787923 16396875
12790883 16396876
12787062 16396877
12787925 16396879
12788080 16396879
12787927 16396881
12790887 16396884
12790888 16396884
12787929 16396888
12790889 16396890
12785236 16396893
12781071 16396902
12790315 16396908
12781077 16396911
12783659 16396919
12783677 16396919
12790950 16396923
12790951 16396923
12790952 16396925
12790090 16396930
12780663 16396931
12790953 16396933
12786350 16396934
12786352 16396934
12787135 16396936
12790959 16396938
12783108 16396939
12790096 16396940
12787139 16396941
12781140 16396942
12786356 16396944
12781141 16396945
12786358 16396946
12787547 16396948
12787772 16396948
12781145 16396949
12791800 16396950
12785931 16396953
12785942 16396953
12787776 16396956
12787974 16396956
12787975 16396956
12782561 16396957
12782564 16396959
12782568 16396960
12790163 16396961
12790164 16396961
12791586 16396962
12791587 16396962
12787844 16396963
12787914 16396963
12787915 16396963
12787916 16396963
12791588 16396964
12787830 16396965
12787832 16396965
12787834 16396965
12787837 16396965
12787839 16396965
12787841 16396965
12787843 16396965
12787845 16396965
12787848 16396965
12787906 16396965
12788039 16396965
12788044 16396965
12788073 16396965
12792296 16396965
12792297 16396965
12785152 16396967
12785153 16396967
12791011 16396968
12782634 16396969
12785149 16396970
12785154 16396970
12785156 16396970
12785158 16396970
12785171 16396970
12785173 16396970
12785175 16396970
12785192 16396970
12784310 16396971
12785155 16396971
12785157 16396971
12782636 16396973
12791014 16396975
12784373 16396978
12784374 16396978
12791017 16396979
12790233 16396981
12790234 16396981
12790235 16396982
12783593 16396983
12791652 16396985
12787911 16396986
12781065 16396989
12781066 16396989
12791656 16396989
12787913 16396990
12790872 16396992
12787917 16396994
12790876 16396995
12790877 16396995
12782017 16396997
12782701 16396997
12782703 16396997
12782702 16397000
12787919 16397002
12790878 16397003
12787056 16397005
12790879 16397006
12782704 16397008
12784442 16397011
12784446 16397011
12784728 16397011
12784787 16397011
12781060 16397012
12790303 16397014
12792901 16397015
12792902 16397015
12783650 16397017
12783662 16397017
12783665 16397017
12783663 16397018
12783664 16397020
12791721 16397023
12791722 16397023
12792047 16397024
12780650 16397026
12792049 16397028
12780651 16397034
12780652 16397034
12781139 16397034
12790941 16397037
12787121 16397038
12790081 16397039
12790944 16397041
12787123 16397042
12780657 16397044
12790947 16397046
12787125 16397047
12787127 16397050
12786344 16397051
12790087 16397054
12787129 16397056
12786347 16397058
12781136 16397059
12787764 16397060
12785932 16397062
12787767 16397063
12782552 16397065
12782553 16397065
12785072 16397068
12782554 16397070
12782555 16397070
12782556 16397072
12790152 16397074
12790155 16397075
12790158 16397076
12791570 16397078
12791571 16397078
12791572 16397080
12791573 16397080
12791574 16397081
12790789 16397082
12790790 16397082
12791576 16397088
12790791 16397091
12791579 16397094
12790794 16397095
12790795 16397097
12790796 16397097
12790797 16397098
12790798 16397099
12791002 16397100
12785144 16397101
12781841 16397102
12791005 16397103
12790221 16397104
12784364 16397105
12784365 16397105
12791008 16397108
12784367 16397109
12790226 16397110
12783584 16397112
12783958 16397112
12790229 16397114
12791640 16397115
12791645 16397116
12791646 16397116
12787901 16397118
12790860 16397120
12786532 16397125
12790862 16397125
12790864 16397125
12790865 16397125
12792010 16397125
12790863 16397126
12793384 16397127
12787907 16397128
12787909 16397128
12790866 16397129
12790868 16397130
12788461 16397131
12785218 16397132
12785219 16397132
12784064 16397135
12784434 16397135
12784436 16397135
12781918 16397136
12782876 16397136
12781056 16397138
12785850 16397139
12792034 16397144
12785852 16397146
12780562 16397147
12780570 16397147
12781059 16397147
12791712 16397148
12791715 16397149
12791718 16397150
12790069 16397153
12790070 16397153
12790071 16397154
12790934 16397156
12792028 16397156
12790935 16397157
12790073 16397159
12791973 16397159
12787115 16397161
12790938 16397163
12790075 16397165
12787119 16397167
12788530 16397171
12790078 16397172
12786335 16397173
12788444 16397174
12788531 16397174
12788532 16397174
12789399 16397174
12786156 16397179
12786336 16397179
12788533 16397180
12786338 16397182
12781123 16397184
12781124 16397184
12791494 16397186
12789490 16397187
12789491 16397189
12782541 16397190
12785061 16397192
12787758 16397193
12792247 16397193
12792248 16397193
12785926 16397194
12782543 16397195
12782544 16397195
12786512 16397196
12786976 16397196
12786978 16397196
12786980 16397196
12789318 16397199
12789497 16397199
12782546 16397201
12789498 16397203
12785060 16397205
12785066 16397205
12785067 16397205
12785068 16397205
12790141 16397208
12782548 16397211
12792743 16397212
12792744 16397212
12790146 16397214
12791562 16397215
12791565 16397217
12790781 16397219
12790782 16397219
12790783 16397221
12790784 16397223
12790787 16397224
12787561 16397226
12787829 16397226
12781833 16397228
12792950 16397228
12792951 16397228
12790213 16397230
12791890 16397230
12783570 16397232
12783571 16397233
12784355 16397235
12790215 16397236
12790218 16397237
12791631 16397239
12784991 16397240
12782394 16397241
12790850 16397242
12791635 16397244
12791637 16397244
12791636 16397245
12780563 16397247
12788742 16397247
12790853 16397248
12790854 16397250
12784997 16397251
12780567 16397253
12786250 16397255
12786255 16397255
12793376 16397256
12784999 16397258
12786253 16397260
12787038 16397262
12788453 16397263
12788454 16397263
12781906 16397265
12781044 16397267
12783644 16397271
12787673 16397274
12781048 16397275
12791701 16397276
12785842 16397277
12791704 16397278
12790920 16397279
12780633 16397280
12790923 16397281
12791708 16397283
12787102 16397284
12790062 16397285
12787106 16397286
12790065 16397287
12787109 16397289
12788254 16397291
12788255 16397291
12788380 16397291
12788421 16397291
12788520 16397291
12788374 16397296
12788521 16397296
12788522 16397298
12788525 16397298
12788526 16397298
12781118 16397299
12787745 16397302
12789480 16397303
12786961 16397304
12789327 16397304
12785052 16397305
12785054 16397305
12785056 16397305
12785053 16397306
12784270 16397307
12780703 16397308
12785919 16397309
12789487 16397310
12789488 16397310
12789489 16397311
12790131 16397313
12782539 16397314
12784258 16397315
12784495 16397315
12785046 16397315
12785059 16397315
12791542 16397317
12792733 16397317
12792734 16397317
12790136 16397318
12783493 16397323
12789267 16397325
12792737 16397325
12792738 16397325
12787562 16397329
12787810 16397329
12791318 16397330
12793290 16397330
12791556 16397332
12793293 16397334
12791559 16397336
12785120 16397338
12785121 16397338
12786170 16397342
12787576 16397345
12787818 16397345
12788064 16397345
12793299 16397348
12790200 16397350
12782609 16397352
12791333 16397352
12791335 16397352
12788257 16397354
12788376 16397354
12788382 16397354
12790206 16397355
12790207 16397355
12782380 16397357
12791622 16397358
12791625 16397360
12784981 16397361
12790840 16397364
12780552 16397367
12791628 16397368
12784984 16397369
12782386 16397370
12787022 16397371
12784986 16397372
12793365 16397374
12790847 16397375
12786242 16397377
12790996 16397377
12784410 16397380
12787028 16397382
12784412 16397391
12785343 16397391
12785345 16397391
12785460 16397391
12785463 16397391
12788445 16397393
12790911 16397396
12790914 16397397
12790915 16397399
12790916 16397399
12790053 16397401
12790917 16397402
12790054 16397403
12790055 16397403
12790056 16397404
12784199 16397405
12790059 16397407
12791470 16397409
12791471 16397409
12781102 16397410
12791472 16397411
12781104 16397413
12781105 16397416
12783703 16397417
12788518 16397419
12790693 16397421
12790694 16397421
12791478 16397423
12789470 16397425
12789471 16397425
12790695 16397426
12789472 16397427
12789474 16397429
12790698 16397430
12786073 16397433
12786092 16397433
12786069 16397436
12786093 16397436
12784257 16397437
12784260 16397437
12789478 16397439
12790123 16397441
12790124 16397441
12790125 16397443
12790128 16397444
12785680 16397445
12793280 16397448
12785111 16397449
12790769 16397452
12784324 16397454
12784330 16397454
12784331 16397454
12784332 16397456
12784307 16397457
12785119 16397457
12783551 16397462
12783556 16397464
12791610 16397465
12791613 16397466
12790831 16397467
12791616 16397469
12787010 16397472
12787011 16397472
12790834 16397473
12787012 16397475
12787014 16397477
12790837 16397478
12786230 16397479
12787015 16397481
12784979 16397483
12791387 16397485
12791390 16397485
12791391 16397485
12791392 16397486
12791393 16397487
12788434 16397488
12791398 16397489
12791399 16397490
12791400 16397490
12785822 16397492
12783628 16397494
12787656 16397496
12792007 16397499
12789392 16397501
12792009 16397502
12790902 16397504
12784181 16397505
12784910 16397505
12784917 16397505
12790905 16397508
12790908 16397509
12791461 16397511
12791464 16397514
12791467 16397515
12790682 16397518
12790683 16397520
12782510 16397522
12789461 16397523
12785031 16397524
12786677 16397527
12786942 16397527
12789465 16397528
12790689 16397530
12789468 16397531
12790116 16397533
12785670 16397535
12790119 16397539
12784136 16397540
12784153 16397540
12784891 16397540
12784893 16397540
12789865 16397540
12784887 16397542
12784888 16397542
12784895 16397542
12784897 16397542
12793275 16397543
12790756 16397544
12784899 16397545
12784901 16397545
12790759 16397547
12781806 16397549
12786159 16397551
12784327 16397552
12784328 16397552
12785415 16397559
12785420 16397559
12785611 16397559
12785746 16397559
12788837 16397559
12788990 16397560
12790821 16397561
12791607 16397562
12785748 16397563
12793342 16397567
12790824 16397568
12781583 16397570
12782368 16397572
12790826 16397573
12781585 16397574
12790827 16397575
12785588 16397577
12785590 16397577
12785592 16397577
12785594 16397577
12785596 16397577
12785598 16397577
12785599 16397577
12785608 16397577
12785610 16397577
12785612 16397577
12785614 16397577
12785616 16397577
12785618 16397577
12785620 16397577
12785622 16397577
12785624 16397577
12785631 16397577
12793347 16397577
12787005 16397579
12791376 16397582
12791379 16397582
12791380 16397582
12788422 16397584
12791383 16397585
12783615 16397586
12791389 16397588
12783617 16397589
12785813 16397590
12783396 16397591
12791450 16397593
12783398 16397595
12791453 16397596
12791456 16397598
12791459 16397602
12789451 16397604
12790675 16397606
12790676 16397606
12790677 16397607
12785023 16397608
12784884 16397610
12784885 16397610
12789414 16397610
12789455 16397610
12790101 16397612
12790104 16397613
12787492 16397617
12787494 16397620
12787489 16397622
12787498 16397622
12784881 16397623
12791526 16397624
12793261 16397625
12790742 16397627
12784883 16397628
12790745 16397630
12786134 16397633
12790746 16397633
12780458 16397634
12793269 16397636
12792486 16397639
12792487 16397639
12786146 16397640
12788980 16397643
12790812 16397644
12788983 16397645
12790815 16397648
12790818 16397649
12793338 16397653
12784098 16397654
12791369 16397656
12791370 16397656
12791371 16397657
12788412 16397659
12783600 16397663
12788414 16397665
12790590 16397668
12790591 16397672
12789370 16397673
12782419 16397674
12782421 16397674
12782422 16397674
12783609 16397676
12791307 16397676
12789378 16397678
12790022 16397679
12791443 16397683
12791446 16397688
12791449 16397692
12789441 16397695
12790665 16397698
12790666 16397698
12790667 16397700
12786061 16397703
12790668 16397706
12788260 16397711
12785017 16397716
12788262 16397718
12788264 16397718
12785019 16397720
12788263 16397723
12787483 16397726
12787486 16397726
12787490 16397726
12787484 16397727
12787485 16397729
12791514 16397730
12790730 16397733
12784873 16397737
12784877 16397737
12789869 16397737
12784876 16397739
12784878 16397739
12790736 16397740
12786130 16397742
12784879 16397744
12790739 16397745
12789518 16397746
12791291 16397747
12791295 16397748
12791296 16397748
12787554 16397749
12791297 16397751
12789292 16397752
12786774 16397754
12790572 16397755
12793320 16397755
12788971 16397756
12789297 16397757
12790803 16397759
12793323 16397761
12789298 16397763
12793324 16397764
12784084 16397766
12784089 16397766
12788977 16397767
12793328 16397771
12790809 16397774
12788402 16397776
12791364 16397777
12790580 16397779
12790582 16397779
12790583 16397779
12790581 16397780
12791367 16397781
12790587 16397782
12782413 16397783
12782415 16397784
12784141 16397785
12784150 16397785
12789368 16397786
12782417 16397787
12784158 16397788
12791432 16397790
12784778 16397793
12784780 16397793
12784782 16397793
12784784 16397793
12784786 16397793
12784788 16397793
12784790 16397793
12784791 16397793
12784803 16397793
12784805 16397793
12784807 16397793
12784809 16397793
12784871 16397793
12784875 16397793
12791435 16397794
12790653 16397795
12791438 16397796
12789433 16397799
12790645 16397801
12790649 16397801
12790657 16397801
12790658 16397801
12790659 16397802
12791966 16397802
12789437 16397804
12788252 16397807
12786058 16397808
12786072 16397808
12786118 16397808
12784229 16397810
12785640 16397811
12788258 16397812
12783445 16397814
12787474 16397816
12785642 16397817
12783448 16397820
12784859 16397824
12784860 16397824
12790719 16397826
12790720 16397826
12791505 16397828
12790721 16397831
12789502 16397832
12782763 16397833
12793246 16397833
12784869 16397838
12791280 16397839
12791281 16397841
12791285 16397843
12791288 16397844
12789280 16397848
12785714 16397850
12789283 16397853
12789285 16397855
12789287 16397856
12791098 16397856
12788963 16397857
12784074 16397858
12784939 16397861
12792534 16397863
12792535 16397863
12792537 16397865
12792538 16397865
12791352 16397866
12791356 16397869
12791357 16397869
12791358 16397870
12790575 16397871
12787618 16397873
12790578 16397875
12784139 16397876
12784140 16397876
12784142 16397876
12791998 16397877
12791422 16397878
12791424 16397879
12791429 16397882
12790644 16397883
12789421 16397884
12782189 16397885
12789424 16397886
12786043 16397888
12786045 16397889
12784214 16397890
12784743 16397890
12788243 16397893
12787460 16397894
12787463 16397894
12787464 16397897
12787465 16397899
12787895 16397899
12784694 16397901
12784696 16397901
12784698 16397901
12784699 16397901
12785601 16397901
12785603 16397901
12785605 16397901
12785606 16397901
12785633 16397901
12785635 16397901
12785636 16397901
12784849 16397902
12784850 16397902
12787468 16397903
12790711 16397904
12786686 16397905
12784855 16397906
12790715 16397908
12784857 16397909
12791271 16397910
12790489 16397911
12790490 16397911
12791958 16397911
12791274 16397913
12790491 16397915
12791277 16397916
12790494 16397917
12785703 16397918
12789271 16397919
12783508 16397921
12785450 16397923
12785704 16397923
12783509 16397925
12783869 16397925
12784016 16397925
12784919 16397927
12784920 16397927
12791345 16397927
12790497 16397930
12784926 16397934
12793300 16397934
12785441 16397938
12785707 16397938
12785708 16397939
12784903 16397941
12784905 16397941
12784906 16397941
12784924 16397941
12789277 16397943
12788952 16397944
12784929 16397945
12789177 16397945
12793307 16397948
12788958 16397949
12784068 16397952
12791342 16397953
12791343 16397954
12791344 16397954
12787600 16397956
12787603 16397956
12790559 16397959
12790560 16397959
12790561 16397961
12790564 16397961
12791349 16397962
12791980 16397963
12790529 16397965
12791982 16397965
12791984 16397967
12791987 16397969
12781619 16397970
12791409 16397971
12791410 16397971
12785430 16397973
12785553 16397973
12791413 16397974
12791415 16397975
12790632 16397976
12790633 16397978
12791419 16397979
12789412 16397980
12790638 16397981
12789415 16397983
12791192 16397985
12791195 16397986
12783422 16397987
12784207 16397989
12791198 16397990
12787455 16397992
12783428 16397993
12789191 16397995
12786664 16397996
12786673 16397996
12784839 16397998
12784840 16397998
12787459 16397999
12780411 16398002
12790701 16398004
12784843 16398006
12784844 16398006
12789196 16398007
12780413 16398008
12780414 16398008
12789198 16398009
12780415 16398011
12784846 16398013
12790706 16398014
12790708 16398015
12791264 16398017
12780191 16398020
12789260 16398022
12787527 16398023
12790486 16398025
12790488 16398025
12784911 16398026
12791971 16398026
12785194 16398028
12789265 16398028
12784914 16398030
12784916 16398030
12784915 16398032
12791332 16398033
12784663 16398034
12784665 16398034
12784667 16398034
12784669 16398034
12784671 16398034
12784673 16398034
12784677 16398034
12784681 16398034
12784683 16398034
12784684 16398034
12784686 16398034
12784688 16398034
12784690 16398034
12784692 16398034
12785317 16398034
12785334 16398034
12790648 16398034
12790650 16398034
12790654 16398034
12790655 16398034
12791334 16398035
12791336 16398035
12791337 16398035
12790551 16398037
12791338 16398039
12792289 16398040
12792290 16398040
12790555 16398041
12790558 16398042
12791970 16398043
12781600 16398044
12784123 16398045
12791978 16398047
12791403 16398049
12791404 16398049
12787378 16398052
12788119 16398052
12790620 16398058
12790623 16398061
12789405 16398065
12781389 16398067
12789407 16398073
12791180 16398074
12791183 16398076
12786029 16398077
12783412 16398078
12791186 16398079
12783414 16398082
12787444 16398087
12791189 16398089
12785416 16398091
12785613 16398091
12783418 16398092
12784826 16398096
12784829 16398096
12784830 16398096
12791716 16398096
12791717 16398096
12789184 16398097
12784832 16398098
12786665 16398099
12781455 16398101
12780409 16398104
12783192 16398106
12783194 16398109
12785392 16398110
12783198 16398113
12787424 16398115
12791252 16398115
12790472 16398118
12790473 16398118
12791258 16398119
12791259 16398119
12789250 16398121
12787517 16398123
12790477 16398124
12790478 16398124
12781421 16398128
12782304 16398128
12790479 16398129
12789259 16398130
12791894 16398132
12791897 16398132
12792887 16398132
12792888 16398132
12787921 16398133
12788056 16398133
12788072 16398133
12788076 16398133
12792504 16398135
12792505 16398135
12789891 16398137
12789893 16398139
12791322 16398140
12791326 16398141
12791327 16398143
12791328 16398143
12791329 16398144
12789323 16398147
12789870 16398147
12790548 16398148
12789324 16398150
12789325 16398151
12786805 16398152
12786808 16398152
12791961 16398154
12789326 16398155
12791963 16398156
12784113 16398157
12789205 16398157
12784822 16398158
12791969 16398158
12786581 16398159
12787245 16398159
12783972 16398162
12786010 16398163
12783973 16398164
12784025 16398164
12783974 16398165
12786014 16398166
12791170 16398167
12791171 16398167
12791172 16398168
12791173 16398168
12786018 16398169
12782794 16398170
12782795 16398170
12790390 16398171
12790391 16398171
12782796 16398172
12791174 16398173
12787431 16398174
12788125 16398174
12782799 16398175
12791177 16398177
12790393 16398178
12790395 16398178
12790396 16398178
12787434 16398180
12783407 16398181
12789173 16398182
12786653 16398183
12786657 16398183
12789334 16398183
12786648 16398184
12786656 16398184
12785423 16398187
12785609 16398187
12784824 16398188
12789179 16398189
12784827 16398190
12783180 16398192
12792423 16398193
12792424 16398193
12783186 16398196
12783188 16398197
12790461 16398198
12785388 16398200
12785389 16398201
12790464 16398203
12787505 16398204
12780175 16398206
12789242 16398207
12790467 16398209
12789244 16398211
12789249 16398213
12783252 16398218
12785451 16398221
12791310 16398224
12787285 16398226
12791312 16398228
12789885 16398230
12791313 16398231
12790530 16398232
12791315 16398233
12781292 16398234
12789310 16398235
12791319 16398236
12790536 16398237
12790537 16398237
12790538 16398238
12783896 16398240
12789317 16398241
12791953 16398242
12791091 16398243
12791094 16398244
12784107 16398246
12784108 16398248
12791959 16398250
12791097 16398251
12788030 16398252
12788139 16398252
12789090 16398254
12790600 16398256
12783961 16398257
12783963 16398258
12787992 16398259
12783964 16398260
12783966 16398260
12783968 16398260
12783967 16398261
12783969 16398261
12791162 16398262
12787420 16398263
12790380 16398264
12790381 16398264
12791165 16398265
12782788 16398266
12790382 16398267
12790385 16398268
12786644 16398269
12784814 16398270
12789168 16398271
12784816 16398273
12786649 16398274
12784818 16398276
12783177 16398278
12783178 16398278
12780162 16398280
12790452 16398281
12789230 16398283
12790455 16398284
12780165 16398285
12790458 16398286
12789239 16398288
12783242 16398290
12791300 16398291
12783246 16398293
12791303 16398294
12780230 16398296
12790525 16398298
12783882 16398299
12789303 16398300
12790528 16398301
12781406 16398302
12791940 16398302
12791082 16398304
12791085 16398306
12782761 16398307
12782764 16398307
12789942 16398307
12791088 16398308
12786564 16398309
12784721 16398318
12784723 16398318
12784725 16398318
12784727 16398318
12784729 16398318
12784731 16398318
12784733 16398318
12784735 16398318
12784736 16398318
12784773 16398318
12784775 16398318
12784776 16398318
12784793 16398318
12784795 16398318
12784797 16398318
12784799 16398318
12784801 16398318
12784848 16398318
12787811 16398318
12787813 16398318
12787815 16398318
12787819 16398318
12788395 16398318
12788397 16398318
12788399 16398318
12788400 16398318
12789916 16398318
12793399 16398318
12781354 16398319
12787985 16398320
12783959 16398321
12791150 16398322
12787987 16398324
12782772 16398325
12791153 16398326
12790371 16398327
12781993 16398328
12791935 16398328
12791156 16398330
12790374 16398331
12791159 16398333
12787415 16398334
12789154 16398335
12791790 16398337
12791791 16398337
12791792 16398339
12791795 16398341
12791220 16398343
12791224 16398344
12790440 16398346
12790443 16398347
12790446 16398349
12790449 16398350
12783235 16398352
12783238 16398354
12786482 16398357
12786485 16398357
12789866 16398359
12790511 16398360
12786487 16398361
12790515 16398363
12791930 16398364
12791071 16398366
12793670 16398368
12793671 16398368
12791074 16398369
12791937 16398372
12790292 16398373
12791077 16398376
12786547 16398380
12786551 16398380
12787335 16398382
12787339 16398384
12789077 16398385
12789079 16398386
12787971 16398387
12787973 16398389
12783946 16398390
12782762 16398392
12787978 16398394
12787979 16398394
12781981 16398395
12790362 16398396
12791147 16398397
12790364 16398399
12781412 16398401
12787180 16398403
12787183 16398404
12791211 16398405
12791212 16398405
12791213 16398407
12790431 16398408
12791217 16398410
12790434 16398411
12790437 16398412
12789215 16398414
12791850 16398416
12784001 16398417
12791853 16398418
12791856 16398420
12783226 16398422
12784631 16398426
12784633 16398426
12784635 16398426
12784637 16398426
12784639 16398426
12784641 16398426
12784643 16398426
12784644 16398426
12784749 16398426
12781260 16398429
12790503 16398430
12787890 16398431
12781264 16398434
12790506 16398435
12790507 16398435
12787892 16398437
12790508 16398438
12782681 16398441
12787897 16398444
12791061 16398445
12791062 16398445
12782683 16398446
12787899 16398447
12791065 16398448
12790282 16398450
12789920 16398452
12791068 16398454
12789060 16398456
12789061 16398456
12790285 16398457
12789062 16398459
12790288 16398460
12790289 16398461
12781334 16398462
12787964 16398463
12787968 16398465
12791131 16398466
12781971 16398467
12782756 16398468
12790357 16398469
12789134 16398470
12792096 16398473
12792097 16398473
12790990 16398475
12790991 16398475
12790992 16398477
12787171 16398478
12781409 16398479
12790995 16398482
12787173 16398483
12791201 16398485
12790999 16398486
12785344 16398487
12787179 16398488
12790421 16398491
12791206 16398494
12790424 16398495
12789206 16398497
12791841 16398501
12791847 16398501
12788022 16398502
12783212 16398504
12791849 16398506
12782031 16398511
12782032 16398513
12787886 16398514
12791050 16398516
12791913 16398517
12787888 16398519
12791053 16398520
12790270 16398521
12781892 16398525
12791056 16398529
12790273 16398531
12784354 16398537
12784362 16398537
12784551 16398537
12784554 16398537
12785193 16398537
12785118 16398539
12784304 16398543
12784309 16398543
12784320 16398543
12784352 16398543
12784548 16398543
12785169 16398543
12781990 16398546
12782682 16398546
12780547 16398548
12781037 16398548
12792980 16398552
12793439 16398552
12780807 16398553
12783216 16398553
12783217 16398553
12783222 16398553
12783339 16398553
12783427 16398553
12783883 16398553
12790411 16398553
12790441 16398553
12790442 16398553
12790444 16398553
12790445 16398553
12793202 16398553
12785452 16398554
12780701 16398556
12780706 16398556
12780786 16398556
12780972 16398556
12780702 16398557
12780975 16398557
12780965 16398558
12783209 16398558
12783305 16398558
12791052 16398558
12792625 16398558
12792626 16398558
12783241 16398559
12783413 16398559
12791365 16398560
12791366 16398560
12785653 16398561
12786215 16398562
12786374 16398562
12786380 16398562
12784039 16398563
12792492 16398563
12792493 16398563
12786569 16398564
12786573 16398564
12786575 16398564
12786578 16398564
12786579 16398564
12786580 16398564
12786866 16398564
12786870 16398564
12787124 16398564
12791154 16398564
12791155 16398564
12791676 16398565
12786604 16398566
12791287 16398567
12793287 16398567
12791925 16398568
12787863 16398569
12787864 16398569
12787995 16398570
12787997 16398570
12787998 16398570
12781960 16398571
12781963 16398571
12781980 16398571
12782745 16398571
12782770 16398571
12782855 16398571
12791196 16398571
12791199 16398571
12791200 16398571
12793241 16398571
12781995 16398572
12781332 16398573
12780609 16398578
12780641 16398578
12780658 16398578
12780917 16398578
12781076 16398578
12781078 16398578
12781080 16398578
12781200 16398578
12791117 16398578
12791118 16398578
12791120 16398578
12791124 16398578
12791550 16398578
12791551 16398578
12791747 16398578
12791748 16398578
12792708 16398578
12792709 16398578
12793460 16398578
12791549 16398580
12783871 16398581
12784003 16398581
12786928 16398582
12793367 16398582
12782361 16398584
12782364 16398584
12782363 16398585
12781572 16398586
12781641 16398592
12781664 16398592
12782171 16398592
12782613 16398592
12791926 16398592
12784237 16398594
12783262 16398597
12781594 16398598
12791814 16398600
12791815 16398600
12792457 16398600
12792458 16398600
12781959 16398603
12782011 16398603
12782214 16398603
12782857 16398603
12793239 16398603
12782404 16398605
12782405 16398605
12792871 16398605
12793474 16398605
12780204 16398610
12780626 16398610
12780603 16398615
12780628 16398615
12780632 16398615
12780637 16398615
12780728 16398615
12792690 16398615
12792691 16398615
12780578 16398618
12780441 16398619
12787401 16398623
12787402 16398623
12787411 16398623
12787418 16398623
12787419 16398623
12787626 16398623
12787857 16398623
12787859 16398623
12788000 16398623
12788113 16398623
12789359 16398623
12787426 16398625
12782771 16398626
12780694 16398631
12780796 16398631
12781013 16398631
12781017 16398631
12781033 16398631
12781167 16398631
12792570 16398631
12792571 16398631
12786188 16398634
12786189 16398634
12786293 16398634
12786340 16398634
12786346 16398634
12789302 16398634
12789346 16398634
12781588 16398635
12781689 16398635
12782603 16398635
12791677 16398635
12791678 16398635
12791681 16398635
12791682 16398635
12782605 16398636
12786497 16398637
12786828 16398637
12786281 16398638
12786395 16398640
12790253 16398642
12790255 16398642
12790268 16398642
12790269 16398642
12793237 16398642
12783499 16398644
12783564 16398647
12783579 16398647
12783583 16398647
12783588 16398647
12783605 16398647
12783861 16398647
12783900 16398647
12789167 16398647
12791204 16398647
12791205 16398647
12791207 16398647
12791208 16398647
12791289 16398647
12791290 16398647
12791293 16398647
12792485 16398647
12783608 16398649
12783619 16398649
12783622 16398649
12783999 16398649
12791308 16398649
12791309 16398649
12781596 16398650
12782446 16398651
12785390 16398654
12785792 16398654
12790595 16398654
12790596 16398654
12781805 16398655
12781809 16398655
12788929 16398655
12788936 16398655
12793056 16398655
12793058 16398655
12793059 16398655
12793061 16398655
12793062 16398655
12793067 16398655
12793068 16398655
12781495 16398656
12787551 16398657
12787044 16398659
12787045 16398659
12789337 16398659
12784964 16398660
12780193 16398661
12780303 16398661
12780410 16398661
12788948 16398661
12788950 16398661
12790157 16398661
12790159 16398661
12790160 16398661
12791006 16398661
12791007 16398661
12790492 16398663
12790493 16398663
12781335 16398664
12781357 16398664
12781361 16398664
12781401 16398664
12781441 16398664
12782979 16398664
12790309 16398664
12782462 16398666
12783542 16398667
12783987 16398667
12788904 16398668
12790030 16398668
12784961 16398669
12784963 16398669
12790296 16398670
12780095 16398673
12780139 16398673
12780160 16398673
12780247 16398673
12780369 16398673
12786260 16398673
12786559 16398674
12786567 16398674
12789962 16398675
12781038 16398676
12786815 16398676
12790615 16398679
12791996 16398679
12783980 16398680
12783982 16398680
12783985 16398680
12782680 16398681
12792451 16398681
12792452 16398681
12780697 16398683
12780698 16398683
12780705 16398684
12783244 16398686
12783249 16398686
12783411 16398686
12783434 16398686
12783435 16398686
12790456 16398686
12790457 16398686
12780226 16398688
12780232 16398688
12780336 16398688
12780339 16398688
12780962 16398689
12783891 16398690
12793003 16398691
12793004 16398691
12786598 16398696
12786619 16398696
12786625 16398696
12786655 16398696
12786913 16398696
12787018 16398696
12787021 16398696
12792087 16398696
12792088 16398696
12780092 16398698
12792924 16398701
12792925 16398701
12791129 16398704
12793012 16398704
12793013 16398704
12780141 16398705
12789075 16398707
12791105 16398707
12791106 16398707
12781488 16398711
12782105 16398711
12784152 16398712
12784160 16398712
12784168 16398712
12781839 16398715
12781867 16398715
12781890 16398715
12782512 16398715
12790114 16398715
12790115 16398715
12791102 16398715
12792945 16398715
12792946 16398715
12781595 16398717
12781428 16398718
12781454 16398718
12781463 16398718
12782107 16398718
12781507 16398720
12781527 16398720
12781563 16398720
12782632 16398720
12781848 16398722
12781855 16398722
12782513 16398722
12781466 16398725
12781468 16398725
12793210 16398725
12785353 16398726
12785355 16398726
12785368 16398726
12785639 16398726
12785641 16398726
12791994 16398726
12793348 16398726
12782498 16398728
12789032 16398728
12789133 16398728
12785020 16398729
12789223 16398729
12784384 16398733
12784394 16398733
12784398 16398735
12784399 16398735
12785217 16398735
12790331 16398735
12790332 16398735
12790573 16398735
12790574 16398735
12791673 16398737
12791765 16398738
12793402 16398739
12781876 16398742
12782187 16398742
12781738 16398745
12789018 16398747
12793018 16398749
12793019 16398749
12781884 16398752
12782500 16398753
12785377 16398754
12788962 16398756
12780643 16398761
12781101 16398761
12791111 16398761
12791114 16398761
12791115 16398761
12780644 16398768
12780818 16398768
12781097 16398768
12781103 16398768
12781207 16398768
12781210 16398768
12781212 16398768
12785427 16398774
12785556 16398774
12785715 16398774
12790355 16398774
12790356 16398774
12785410 16398777
12785411 16398777
12785412 16398777
12785419 16398777
12785587 16398777
12785634 16398777
12782359 16398780
12786224 16398787
12786241 16398787
12790960 16398787
12790961 16398787
12790966 16398787
12790967 16398787
12790969 16398787
12790970 16398787
12786206 16398788
12786208 16398792
12783688 16398794
12785414 16398796
12785524 16398796
12781548 16398798
12781525 16398799
12781529 16398800
12781741 16398801
12783576 16398803
12785505 16398803
12793344 16398803
12781449 16398805
12781452 16398805
12781499 16398806
12781439 16398807
12781445 16398807
12781478 16398807
12784246 16398808
12781521 16398809
12782103 16398809
12781612 16398811
12781622 16398811
12783436 16398812
12793410 16398815
12781580 16398817
12781581 16398817
12781582 16398817
12782116 16398817
12782629 16398817
12782635 16398817
12783022 16398817
12791927 16398817
12793116 16398817
12793254 16398817
12783568 16398820
12783611 16398820
12783645 16398820
12783686 16398820
12783797 16398820
12783848 16398820
12783926 16398820
12793289 16398820
12793294 16398820
12790117 16398821
12782509 16398822
12790118 16398822
12788185 16398824
12783612 16398827
12793288 16398827
12782469 16398828
12789855 16398828
12783842 16398831
12790057 16398831
12790058 16398831
12788164 16398833
12788271 16398833
12793422 16398833
12788186 16398837
12788192 16398837
12788193 16398837
12788203 16398837
12788204 16398837
12788205 16398837
12788209 16398837
12793412 16398837
12784062 16398838
12784072 16398840
12784808 16398840
12784980 16398840
12784985 16398840
12789170 16398840
12789410 16398840
12790067 16398840
12791381 16398840
12791382 16398840
12783676 16398842
12783678 16398842
12783680 16398842
12783807 16398842
12783945 16398842
12789165 16398842
12789278 16398842
12790398 16398842
12790399 16398842
12792525 16398842
12792526 16398842
12781569 16398843
12792058 16398845
12784065 16398854
12784067 16398854
12784071 16398854
12784800 16398854
12784806 16398854
12784813 16398854
12784815 16398854
12784817 16398854
12784821 16398854
12784833 16398854
12788199 16398854
12788206 16398854
12788220 16398854
12788296 16398854
12788411 16398854
12788413 16398854
12788452 16398854
12789394 16398854
12789395 16398854
12790063 16398854
12790085 16398854
12790086 16398854
12791699 16398854
12791700 16398854
12793411 16398854
12793416 16398854
12783700 16398858
12783925 16398858
12781589 16398859
12781953 16398874
12782023 16398874
12782208 16398874
12782236 16398874
12791669 16398874
12791671 16398874
12791672 16398874
12781851 16398875
12781859 16398875
12793001 16398875
12793002 16398875
12786285 16398876
12786399 16398876
12788187 16398879
12788529 16398879
12781688 16398883
12781690 16398883
12781693 16398883
12783013 16398883
12790109 16398883
12790110 16398883
12785948 16398886
12786474 16398886
12786479 16398886
12786519 16398886
12786526 16398886
12786527 16398886
12786974 16398886
12789291 16398886
12789309 16398886
12790704 16398886
12790705 16398886
12788197 16398888
12788356 16398888
12788369 16398888
12788009 16398890
12791250 16398890
12781669 16398891
12790228 16398892
12791532 16398893
12791533 16398893
12791524 16398894
12791528 16398894
12793332 16398894
12793333 16398897
12788194 16398898
12780638 16398899
12780742 16398899
12793742 16398899
12793743 16398899
12781704 16398900
12789960 16398901
12789959 16398902
12791667 16398904
12789586 16398905
12783548 16398907
12786782 16398909
12786786 16398909
12786787 16398909
12786796 16398909
12786954 16398909
12787072 16398909
12787083 16398909
12787195 16398909
12793375 16398909
12786790 16398911
12790024 16398913
12787709 16398920
12788052 16398920
12789406 16398920
12789428 16398920
12791427 16398920
12791428 16398920
12792417 16398920
12793448 16398920
12784866 16398923
12790634 16398923
12781721 16398925
12790108 16398925
12784149 16398926
12784175 16398926
12791262 16398927
12791263 16398927
12787707 16398931
12788216 16398931
12791433 16398931
12791434 16398931
12791436 16398931
12792410 16398931
12792411 16398931
12790203 16398932
12785077 16398935
12785078 16398935
12785079 16398935
12785081 16398935
12790660 16398935
12793329 16398935
12782447 16398937
12784171 16398939
12784174 16398939
12784952 16398940
12784959 16398940
12781222 16398943
12781226 16398943
12782070 16398943
12787984 16398943
12788066 16398943
12788580 16398943
12788586 16398943
12789004 16398943
12789436 16398943
12789918 16398943
12791372 16398943
12791373 16398943
12792401 16398943
12793690 16398943
12793691 16398943
12785089 16398945
12785200 16398945
12789235 16398945
12789264 16398945
12789509 16398947
12787990 16398948
12791440 16398948
12788068 16398950
12792399 16398950
12793693 16398950
12793694 16398950
12781360 16398951
12784347 16398952
12790553 16398952
12790554 16398952
12782461 16398953
12791680 16398954
12781506 16398955
12781528 16398955
12781257 16398956
12780599 16398960
12780600 16398960
12780601 16398960
12780725 16398960
12786184 16398961
12786191 16398961
12781238 16398962
12782560 16398962
12789830 16398962
12787194 16398963
12782563 16398964
12786818 16398966
12781471 16398968
12791457 16398971
12791458 16398971
12793052 16398973
12793053 16398973
12783534 16398979
12783781 16398979
12790438 16398979
12791851 16398979
12791852 16398979
12790113 16398987
12786524 16398992
12786542 16398992
12787477 16398992
12781587 16398994
12782131 16398994
12789027 16398994
12789130 16398994
12789507 16398994
12789519 16398994
12781606 16398995
12781705 16398998
12783033 16398998
12789067 16398998
12781402 16399000
12782976 16399000
12790301 16399000
12780148 16399005
12790975 16399005
12790978 16399005
12790979 16399005
12786791 16399007
12782846 16399008
12781531 16399010
12781570 16399010
12781571 16399010
12781776 16399011
12781763 16399012
12785438 16399014
12785568 16399014
12793074 16399016
12793075 16399016
12780614 16399018
12786811 16399020
12787089 16399020
12781336 16399023
12781347 16399023
12781373 16399023
12781378 16399023
12781416 16399023
12782445 16399023
12781726 16399024
12783103 16399027
12783127 16399027
12783154 16399027
12793228 16399030
12789076 16399033
12791664 16399033
12780131 16399034
12780136 16399034
12784360 16399037
12784361 16399037
12784377 16399037
12786708 16399038
12787052 16399038
12789238 16399038
12792013 16399038
12787364 16399039
12787368 16399039
12789362 16399039
12782995 16399041
12781323 16399043
12782276 16399043
12782351 16399043
12782835 16399043
12786252 16399047
12786254 16399047
12786256 16399047
12786259 16399047
12786261 16399047
12786324 16399047
12786331 16399047
12786361 16399047
12786416 16399047
12790972 16399047
12790973 16399047
12781773 16399049
12781795 16399049
12793268 16399049
12781774 16399050
12782531 16399052
12793064 16399052
12793070 16399052
12793073 16399052
12793267 16399052
12780462 16399053
12789101 16399057
12791828 16399057
12791829 16399057
12793274 16399057
12782617 16399059
12784994 16399062
12784996 16399062
12785277 16399062
12791360 16399062
12788013 16399065
12790900 16399065
12791928 16399065
12790307 16399066
12793264 16399066
12787170 16399069
12787172 16399069
12790044 16399069
12790045 16399069
12781576 16399076
12788881 16399076
12788913 16399076
12790336 16399077
12790339 16399077
12790340 16399077
12783528 16399078
12789699 16399078
12783531 16399078
12783531 16399088
12783540 16399078
12783540 16399088
12783565 16399078
12783565 16399088
12789160 16399078
12789160 16399088
12789458 16399078
12789458 16399088
12789963 16399078
12789963 16399088
12791988 16399078
12791988 16399088
12790963 16399081
12790903 16399083
12790904 16399083
12783512 16399090
12783524 16399090
12787369 16399091
12787395 16399091
12788027 16399091
12785374 16399092
12788367 16399093
12788419 16399093
12791697 16399093
12793413 16399093
12793414 16399093
12785070 16399094
12785071 16399094
12792393 16399096
12786577 16399098
12781022 16399101
12783204 16399101
12791891 16399101
12784277 16399103
12784296 16399103
12784757 16399103
12785022 16399103
12790524 16399103
12790527 16399104
12789092 16399105
12789475 16399105
12790697 16399106
12790699 16399106
12790700 16399106
12786566 16399107
12791108 16399109
12781248 16399111
12790317 16399111
12790319 16399111
12781530 16399112
12790367 16399113
12790368 16399113
12786734 16399115
12786755 16399115
12781273 16399117
12781283 16399117
12781303 16399117
12781308 16399117
12781322 16399117
12782252 16399117
12782272 16399117
12781395 16399119
12789017 16399119
12789028 16399119
12780143 16399121
12790584 16399122
12784163 16399129
12784165 16399129
12784173 16399129
12784189 16399129
12784190 16399129
12784741 16399129
12784900 16399129
12784912 16399129
12785250 16399129
12785265 16399129
12789203 16399129
12789204 16399129
12789213 16399129
12789272 16399129
12789413 16399129
12789416 16399129
12789420 16399129
12789486 16399129
12790076 16399129
12790077 16399129
12790082 16399129
12790083 16399129
12793301 16399129
12781348 16399132
12782569 16399132
12784086 16399132
12784977 16399132
12785257 16399132
12789823 16399132
12781368 16399136
12781542 16399136
12782572 16399136
12782904 16399136
12789015 16399136
12789093 16399136
12789427 16399136
12789438 16399136
12789467 16399136
12792427 16399136
12793211 16399136
12786699 16399140
12787053 16399140
12787061 16399140
12787063 16399140
12787068 16399140
12790957 16399140
12786741 16399142
12792012 16399142
12786502 16399146
12785810 16399147
12785816 16399148
12786735 16399149
12786740 16399149
12786746 16399149
12786756 16399149
12786761 16399149
12786765 16399149
12786767 16399149
12786769 16399149
12786771 16399149
12785944 16399151
12785823 16399161
12785855 16399161
12785888 16399161
12791058 16399161
12791076 16399161
12791080 16399161
12791081 16399161
12793352 16399161
12785911 16399165
12785938 16399165
12790810 16399165
12790813 16399165
12790814 16399165
12790816 16399165
12790817 16399165
12785812 16399166
12793355 16399166
12786015 16399169
12786017 16399169
12789873 16399169
12786016 16399171
12784960 16399172
12784133 16399173
12784143 16399173
12784146 16399173
12784957 16399173
12786246 16399174
12785815 16399175
12791070 16399175
12791072 16399175
12791073 16399175
12781766 16399176
12784232 16399176
12791330 16399176
12791331 16399176
12785351 16399179
12785399 16399179
12785501 16399179
12793313 16399179
12781476 16399180
12781493 16399180
12793209 16399180
12791083 16399181
12791084 16399181
12786738 16399183
12787070 16399183
12785821 16399184
12785825 16399184
12791078 16399184
12791079 16399184
12781537 16399185
12781579 16399185
12782624 16399185
12782628 16399185
12787349 16399187
12787354 16399187
12787743 16399187
12790386 16399189
12790387 16399189
12787405 16399190
12787406 16399190
12787407 16399190
12787750 16399190
12787883 16399190
12788032 16399190
12788363 16399192
12789384 16399192
12788996 16399194
12784182 16399195
12784183 16399195
12784628 16399195
12785271 16399195
12791066 16399196
12791092 16399196
12791093 16399196
12791067 16399197
12780138 16399198
12789274 16399198
12793172 16399198
12791863 16399199
12793377 16399199
12793189 16399200
12781605 16399201
12781610 16399201
12782466 16399201
12787462 16399206
12787469 16399206
12787473 16399206
12787480 16399206
12787481 16399206
12787482 16399206
12787623 16399206
12785846 16399209
12785847 16399209
12785943 16399209
12785946 16399209
12785997 16399209
12786002 16399209
12786009 16399209
12790820 16399209
12790822 16399209
12790823 16399209
12787071 16399210
12785930 16399212
12790801 16399212
12790808 16399212
12792017 16399212
12787352 16399215
12787382 16399215
12787408 16399215
12787851 16399215
12788012 16399215
12786716 16399220
12792032 16399220
12793374 16399220
12785378 16399222
12785381 16399222
12785651 16399222
12785654 16399222
12783018 16399227
12790035 16399227
12781927 16399237
12781983 16399237
12781991 16399237
12783533 16399237
12783753 16399237
12783816 16399237
12790220 16399237
12790224 16399237
12790225 16399237
12790238 16399237
12790239 16399237
12790277 16399237
12790294 16399237
12791909 16399237
12793240 16399237
12793244 16399237
12780182 16399240
12788946 16399240
12788949 16399241
12784209 16399244
12784241 16399244
12784948 16399246
12784949 16399246
12789008 16399247
12784060 16399248
12784798 16399248
12784831 16399248
12784841 16399248
12784845 16399248
12789864 16399248
12790079 16399248
12790080 16399248
12792045 16399249
12785934 16399251
12785945 16399251
12785994 16399251
12786006 16399251
12786013 16399251
12786467 16399251
12786491 16399251
12787140 16399251
12790830 16399251
12790833 16399251
12790835 16399251
12790836 16399251
12790881 16399251
12790882 16399251
12790884 16399251
12790885 16399251
12788212 16399253
12788218 16399253
12788523 16399253
12791702 16399253
12791706 16399253
12792053 16399253
12793415 16399253
12787461 16399254
12787476 16399254
12787633 16399254
12787754 16399254
12787869 16399254
12790942 16399254
12790943 16399254
12786595 16399256
12786597 16399256
12786613 16399256
12786903 16399256
12786997 16399256
12790918 16399256
12790919 16399256
12790928 16399256
12792232 16399256
12792233 16399256
12793663 16399256
12793664 16399256
12782440 16399257
12789380 16399260
12786636 16399262
12786643 16399262
12786645 16399262
12786646 16399262
12786650 16399262
12786654 16399262
12786660 16399262
12786663 16399262
12786697 16399262
12786935 16399262
12790185 16399262
12790186 16399262
12791187 16399262
12791190 16399262
12791191 16399262
12793370 16399262
12786183 16399265
12786185 16399265
12786190 16399265
12786192 16399265
12786193 16399265
12786291 16399265
12786343 16399265
12786357 16399265
12786385 16399265
12786387 16399265
12786434 16399265
12789880 16399265
12791218 16399265
12791219 16399265
12793356 16399265
12793441 16399265
12785949 16399267
12785989 16399267
12786496 16399269
12784284 16399271
12784070 16399280
12784112 16399280
12784166 16399280
12784180 16399280
12784216 16399280
12784223 16399280
12784253 16399280
12784425 16399280
12784453 16399280
12784491 16399280
12784619 16399280
12784636 16399280
12784737 16399280
12784772 16399280
12784777 16399280
12784889 16399280
12784898 16399280
12793322 16399280
12793326 16399280
12784061 16399288
12788207 16399288
12788360 16399288
12781460 16399290
12791608 16399290
12791609 16399290
12786290 16399292
12786405 16399292
12781799 16399293
12784088 16399296
12784129 16399296
12784131 16399296
12784134 16399296
12784155 16399296
12784156 16399296
12784157 16399296
12784461 16399296
12784713 16399296
12784852 16399296
12784880 16399296
12788818 16399296
12789181 16399296
12789411 16399296
12789763 16399299
12780904 16399303
12789587 16399305
12784094 16399306
12784115 16399306
12784127 16399306
12784144 16399306
12784653 16399306
12782519 16399307
12782523 16399307
12791827 16399309
12786262 16399311
12793190 16399311
12793360 16399311
12781750 16399313
12781775 16399313
12790129 16399313
12790130 16399313
12783978 16399314
12783981 16399314
12783984 16399314
12783510 16399316
12780542 16399320
12786788 16399320
12788557 16399320
12780546 16399325
12780855 16399325
12791000 16399325
12791001 16399325
12786856 16399327
12786560 16399328
12784087 16399330
12784130 16399330
12784463 16399330
12784722 16399330
12784724 16399330
12784882 16399330
12785658 16399331
12785384 16399333
12785648 16399333
12791845 16399333
12791846 16399333
12789147 16399335
12789148 16399335
12791498 16399335
12787396 16399336
12793401 16399336
12784073 16399340
12784079 16399340
12784110 16399340
12784475 16399340
12784503 16399340
12784702 16399340
12784847 16399340
12784851 16399340
12784854 16399340
12784856 16399340
12784858 16399340
12790618 16399340
12790619 16399340
12790630 16399340
12790631 16399340
12790678 16399340
12790679 16399340
12786525 16399345
12787158 16399345
12782590 16399347
12782592 16399347
12789022 16399347
12789839 16399347
12780115 16399350
12780115 173800761
12780115 173800762
12780117 16399350
12780117 173800761
12780117 173800762
12780126 16399350
12780126 173800761
12780126 173800762
12780130 16399350
12780130 173800761
12780130 173800762
12780137 16399350
12780137 173800761
12780137 173800762
12780157 16399350
12780157 173800761
12780157 173800762
12780432 16399350
12780432 173800761
12780432 173800762
12790993 16399350
12790993 173800761
12790993 173800762
12793171 16399350
12793171 173800761
12793171 173800762
12793191 16399350
12793191 173800761
12793191 173800762
12793361 16399350
12793361 173800761
12793361 173800762
12781277 16399352
12784953 16399353
12786165 16399357
12786169 16399357
12786522 16399360
12790622 16399362
12790624 16399362
12790625 16399362
12790627 16399364
12790628 16399364
12790629 16399366
12789043 16399369
12789456 16399369
12790762 16399370
12786499 16399372
12786506 16399372
12785986 16399376
12789295 16399376
12790792 16399376
12790793 16399376
12786469 16399378
12790767 16399378
12790768 16399378
12782456 16399379
12784420 16399381
12791991 16399381
12784414 16399383
12784769 16399383
12791269 16399383
12793262 16399383
12791447 16399385
12791448 16399385
12784193 16399387
12784194 16399387
12790020 16399389
12790021 16399389
12789877 16399391
12791104 16399392
12789019 16399394
12782517 16399395
12781783 16399396
12789862 16399396
12793227 16399396
12781611 16399398
12785912 16399399
12785916 16399399
12785917 16399399
12785928 16399399
12785937 16399399
12785978 16399399
12785983 16399399
12786465 16399399
12790758 16399399
12790760 16399399
12790761 16399399
12792018 16399399
12790749 16399400
12788001 16399401
12785656 16399403
12787385 16399404
12782458 16399405
12781419 16399406
12783085 16399407
12781820 16399409
12791929 16399409
12785992 16399410
12786468 16399411
12786039 16399413
12785910 16399416
12784076 16399417
12784779 16399417
12781404 16399418
12781408 16399418
12789571 16399418
12789656 16399418
12780435 16399420
12789955 16399420
12781779 16399421
12790394 16399422
12790397 16399423
12785915 16399424
12784081 16399425
12784092 16399425
12784655 16399425
12784982 16399425
12790066 16399425
12791385 16399425
12791975 16399425
12783327 16399427
12783460 16399427
12792644 16399427
12792645 16399427
12787986 16399428
12787989 16399428
12787467 16399430
12789908 16399430
12787488 16399435
12787676 16399435
12786068 16399441
12786074 16399441
12786101 16399441
12787327 16399441
12787330 16399441
12787338 16399441
12787433 16399441
12787437 16399441
12787609 16399441
12787613 16399441
12793385 16399441
12786050 16399446
12786052 16399446
12786082 16399446
12786109 16399446
12786115 16399446
12786126 16399446
12786129 16399446
12790737 16399446
12790738 16399446
12790740 16399446
12790741 16399446
12786128 16399448
12784075 16399449
12784781 16399449
12784870 16399449
12787536 16399451
12792238 16399451
12792239 16399451
12781464 16399453
12789052 16399454
12792438 16399454
12792439 16399454
12791759 16399455
12789506 16399457
12781462 16399459
12781492 16399459
12780440 16399461
12791325 16399464
12784973 16399465
12780656 16399466
12784148 16399470
12781263 16399473
12781265 16399473
12781291 16399473
12781312 16399473
12789007 16399473
12785442 16399477
12785445 16399477
12785766 16399477
12785407 16399479
12785409 16399479
12785527 16399479
12790598 16399479
12790599 16399479
12784971 16399480
12784970 16399482
12792026 16399484
12789140 16399485
12789141 16399485
12791323 16399486
12791324 16399486
12786521 16399490
12786523 16399490
12786528 16399490
12786545 16399490
12786562 16399490
12786572 16399490
12786582 16399490
12786831 16399490
12786850 16399490
12786925 16399490
12786985 16399490
12787037 16399490
12787162 16399490
12787166 16399490
12787184 16399490
12787409 16399490
12787637 16399490
12789319 16399490
12789330 16399490
12789462 16399490
12790042 16399490
12790043 16399490
12791166 16399490
12791626 16399490
12791627 16399490
12792142 16399490
12792143 16399490
12793380 16399490
12787190 16399492
12790450 16399494
12790451 16399494
12787435 16399497
12787436 16399497
12787871 16399497
12789911 16399497
12787439 16399499
12787876 16399499
12788175 16399503
12788180 16399503
12788181 16399503
12788293 16399503
12788862 16399503
12789379 16399503
12792055 16399503
12787343 16399504
12787344 16399504
12791796 16399505
12791227 16399506
12781236 16399510
12781253 16399510
12782551 16399510
12787475 16399510
12787491 16399510
12787516 16399510
12787526 16399510
12787532 16399510
12787543 16399510
12787552 16399510
12787559 16399510
12787588 16399510
12787814 16399510
12787910 16399510
12787912 16399510
12788074 16399510
12788284 16399510
12788494 16399510
12791441 16399510
12791442 16399510
12791454 16399510
12791455 16399510
12791595 16399510
12791596 16399510
12792031 16399510
12792037 16399510
12792293 16399510
12792294 16399510
12780655 16399515
12780660 16399515
12780662 16399515
12780668 16399515
12780815 16399515
12781854 16399515
12781856 16399515
12781898 16399515
12781905 16399515
12781915 16399515
12781916 16399515
12781924 16399515
12782195 16399515
12782505 16399515
12789051 16399515
12789116 16399515
12790328 16399515
12790329 16399515
12791462 16399515
12791463 16399515
12791465 16399515
12791466 16399515
12791496 16399515
12791508 16399515
12791515 16399515
12791516 16399515
12792727 16399515
12793278 16399515
12780220 16399516
12782994 16399517
12785826 16399518
12785840 16399518
12785848 16399518
12785922 16399518
12785973 16399518
12786001 16399518
12781621 16399519
12792958 16399520
12792959 16399520
12792961 16399520
12792962 16399520
12793438 16399520
12787392 16399521
12787357 16399523
12787358 16399523
12787366 16399523
12787383 16399523
12788011 16399524
12781602 16399525
12783029 16399525
12781645 16399526
12781410 16399528
12781437 16399528
12781624 16399530
12787874 16399531
12787156 16399532
12790691 16399532
12790939 16399532
12790940 16399532
12782465 16399533
12781755 16399535
12793077 16399535
12793222 16399535
12781282 16399536
12782472 16399536
12786882 16399538
12784019 16399539
12789047 16399539
12789591 16399539
12783539 16399541
12789588 16399541
12789589 16399541
12787427 16399543
12787428 16399543
12788018 16399543
12788019 16399543
12785645 16399544
12781623 16399546
12781422 16399547
12781469 16399548
12783562 16399550
12783594 16399550
12783705 16399550
12783787 16399550
12783831 16399550
12783970 16399550
12783971 16399550
12784031 16399550
12783529 16399552
12786651 16399553
12789889 16399553
12786634 16399554
12791134 16399556
12784125 16399558
12784186 16399558
12784196 16399558
12784201 16399558
12784217 16399558
12784990 16399558
12785007 16399558
12780353 16399560
12783075 16399560
12783081 16399560
12783089 16399560
12783094 16399560
12783135 16399560
12783167 16399560
12783185 16399560
12783187 16399560
12783191 16399560
12783193 16399560
12791033 16399560
12791034 16399560
12781232 16399567
12782385 16399567
12787548 16399567
12787549 16399567
12787557 16399567
12788023 16399567
12789369 16399567
12790312 16399567
12790313 16399567
12790922 16399567
12791605 16399567
12791606 16399567
12791638 16399567
12791639 16399567
12793389 16399567
12790936 16399569
12790937 16399569
12784197 16399570
12784198 16399571
12784213 16399572
12781434 16399573
12789555 16399573
12789657 16399573
12791420 16399573
12791421 16399573
12782833 16399574
12781363 16399575
12786758 16399577
12787565 16399577
12787963 16399577
12781289 16399579
12787400 16399580
12787628 16399580
12792030 16399580
12781433 16399582
12781442 16399582
12786689 16399584
12786715 16399584
12780116 16399586
12780146 16399586
12780430 16399586
12784645 16399587
12784988 16399587
12783988 16399588
12789846 16399589
12786679 16399590
12787043 16399590
12780213 16399591
12780265 16399591
12780531 16399591
12787544 16399593
12787770 16399593
12787792 16399593
12792323 16399593
12792324 16399593
12784117 16399595
12784972 16399595
12785255 16399595
12785405 16399597
12785418 16399598
12785531 16399598
12785589 16399598
12781325 16399599
12792420 16399599
12782983 16399600
12789014 16399600
12790300 16399601
12792008 16399603
12786817 16399605
12787077 16399605
12780580 16399614
12780718 16399614
12792752 16399614
12792753 16399614
12780539 16399615
12780187 16399617
12790594 16399618
12790601 16399619
12781683 16399620
12787715 16399621
12780233 16399622
12788955 16399622
12789446 16399622
12780170 16399623
12780419 16399623
12780421 16399623
12793184 16399623
12780201 16399625
12780217 16399625
12780263 16399625
12780308 16399625
12780320 16399625
12780532 16399625
12792664 16399625
12793164 16399625
12781685 16399626
12781695 16399626
12781370 16399627
12781228 16399628
12789504 16399629
12787597 16399630
12786194 16399634
12786198 16399634
12786202 16399634
12786203 16399634
12786204 16399634
12786315 16399634
12786345 16399634
12786351 16399634
12786432 16399634
12788545 16399634
12791215 16399634
12791216 16399634
12792114 16399634
12792119 16399634
12792120 16399634
12783502 16399638
12783503 16399638
12783516 16399638
12783518 16399638
12783522 16399638
12783523 16399638
12783708 16399638
12783756 16399638
12783765 16399638
12784027 16399638
12792469 16399638
12792470 16399638
12783768 16399640
12782001 16399641
12782005 16399641
12782006 16399641
12782010 16399641
12782748 16399641
12782753 16399641
12782755 16399641
12780672 16399642
12780673 16399642
12780810 16399642
12790216 16399642
12790217 16399642
12793201 16399642
12791275 16399644
12791962 16399644
12781377 16399645
12781386 16399645
12781240 16399647
12782362 16399648
12781388 16399649
12781400 16399649
12781403 16399649
12781405 16399649
12781414 16399649
12792921 16399650
12780366 16399653
12783074 16399653
12781235 16399654
12781244 16399654
12781254 16399654
12782418 16399654
12790144 16399654
12790145 16399654
12791777 16399654
12791778 16399654
12785805 16399656
12789521 16399658
12789525 16399658
12781767 16399659
12792432 16399660
12792433 16399660
12785827 16399661
12786195 16399662
12780236 16399663
12780344 16399663
12783086 16399665
12783087 16399665
12783076 16399666
12783109 16399666
12783139 16399666
12788985 16399668
12787359 16399669
12788010 16399669
12780640 16399670
12780943 16399670
12780227 16399671
12780329 16399671
12780395 16399671
12780617 16399676
12780619 16399676
12780625 16399676
12781083 16399676
12781085 16399676
12781087 16399676
12781532 16399676
12781551 16399676
12781552 16399676
12781601 16399676
12781604 16399676
12781696 16399676
12781719 16399676
12781720 16399676
12782149 16399676
12793215 16399676
12793218 16399676
12791221 16399677
12791222 16399677
12780122 16399679
12780133 16399679
12780152 16399679
12788026 16399681
12780087 16399683
12784962 16399684
12784965 16399684
12780094 16399685
12781536 16399687
12782841 16399689
12784954 16399691
12780422 16399692
12781424 16399694
12782988 16399694
12787386 16399695
12791251 16399695
12786611 16399697
12786616 16399697
12792075 16399697
12792076 16399697
12789125 16399698
12780112 16399701
12780113 16399701
12780114 16399701
12780120 16399701
12780124 16399701
12780125 16399701
12789770 16399701
12789790 16399701
12790986 16399701
12793179 16399701
12793186 16399701
12786239 16399702
12786247 16399702
12786363 16399702
12786251 16399704
12783150 16399705
12783156 16399705
12783372 16399705
12783253 16399706
12783281 16399706
12783284 16399706
12783431 16399706
12783236 16399707
12793340 16399709
12783591 16399710
12783606 16399710
12789003 16399711
12789009 16399711
12789031 16399711
12782356 16399712
12788991 16399712
12788992 16399712
12791261 16399714
12793266 16399714
12780208 16399715
12787336 16399716
12787346 16399716
12792041 16399716
12787355 16399717
12787356 16399717
12787746 16399717
12781912 16399718
12781832 16399719
12791675 16399721
12780121 16399722
12780285 16399722
12788495 16399723
12791793 16399724
12791794 16399724
12781315 16399726
12788024 16399727
12789000 16399728
12782494 16399729
12782352 16399731
12782486 16399731
12789853 16399756
12782827 16399758
12790892 16399759
12787206 16399760
12786199 16399761
12783976 16399762
12786302 16399763
12786227 16399764
12786095 16399765
12786057 16399767
12786062 16399767
12786063 16399767
12786054 16399768
12788042 16399769
12786601 16399771
12791161 16399771
12791193 16399771
12791194 16399771
12783569 16399772
12783580 16399772
12783633 16399772
12783640 16399772
12783670 16399772
12783701 16399772
12783718 16399772
12783721 16399772
12783794 16399772
12783840 16399772
12783960 16399772
12784050 16399772
12790060 16399772
12790061 16399772
12790383 16399772
12790384 16399772
12784289 16399778
12784299 16399778
12784337 16399778
12784342 16399778
12784357 16399778
12784358 16399778
12784363 16399778
12784375 16399778
12784523 16399778
12784540 16399778
12784585 16399778
12784604 16399778
12784664 16399778
12784680 16399778
12785075 16399778
12785076 16399778
12785087 16399778
12785143 16399778
12785360 16399778
12785668 16399778
12785671 16399778
12790556 16399778
12790557 16399778
12790585 16399778
12790586 16399778
12790589 16399778
12793309 16399778
12793310 16399778
12791128 16399779
12783080 16399785
12783083 16399785
12783090 16399785
12780183 16399787
12780190 16399787
12780194 16399787
12780197 16399787
12780212 16399787
12780214 16399787
12780215 16399787
12780216 16399787
12780408 16399787
12789778 16399787
12789779 16399787
12791010 16399787
12791012 16399787
12791013 16399787
12791854 16399787
12791855 16399787
12792658 16399787
12792659 16399787
12793182 16399787
12780168 16399788
12780119 16399789
12780123 16399789
12780127 16399789
12780129 16399789
12785013 16399790
12782444 16399791
12792027 16399792
12783986 16399793
12786501 16399794
12782845 16399795
12786313 16399796
12783495 16399797
12786176 16399799
12786179 16399799
12786295 16399799
12786337 16399799
12781384 16399800
12780550 16399801
12780986 16399801
12785865 16399803
12785897 16399803
12787380 16399805
12780207 16399807
12792655 16399807
12792656 16399807
12781656 16399808
12781671 16399808
12781686 16399808
12781852 16399811
12791132 16399811
12791133 16399811
12787429 16399812
12787624 16399812
12787438 16399818
12787441 16399818
12787447 16399818
12787448 16399818
12787466 16399818
12787471 16399818
12787493 16399818
12787495 16399818
12787642 16399818
12787896 16399818
12792029 16399818
12791666 16399822
12791906 16399822
12793044 16399824
12793050 16399824
12786218 16399826
12793358 16399826
12786207 16399829
12786209 16399831
12785437 16399836
12785752 16399836
12785753 16399836
12785371 16399838
12785373 16399838
12785646 16399838
12785369 16399840
12785375 16399840
12787332 16399841
12787341 16399841
12787348 16399841
12787353 16399841
12787370 16399841
12787389 16399841
12787397 16399841
12787398 16399841
12787403 16399841
12787413 16399841
12787430 16399841
12788004 16399841
12788007 16399841
12788029 16399841
12788108 16399841
12792039 16399841
12793386 16399841
12781512 16399843
12781555 16399843
12783520 16399845
12784014 16399845
12787361 16399847
12785918 16399851
12783077 16399853
12783088 16399853
12783129 16399853
12783137 16399853
12784145 16399855
12790710 16399857
12792547 16399857
12792548 16399857
12785447 16399860
12785449 16399860
12785565 16399860
12785702 16399860
12785721 16399860
12793349 16399860
12791268 16399861
12785905 16399865
12785907 16399865
12785908 16399868
12781653 16399869
12786042 16399871
12786044 16399871
12786046 16399871
12786055 16399871
12783332 16399875
12781394 16399879
12782111 16399879
12791919 16399879
12792038 16399879
12790031 16399884
12781554 16399886
12780544 16399891
12780996 16399891
12788988 16399891
12792770 16399891
12792771 16399891
12792786 16399891
12792787 16399891
12792812 16399891
12792813 16399891
12782346 16399893
12782396 16399893
12792859 16399893
12792860 16399893
12784172 16399895
12784951 16399895
12784178 16399897
12781764 16399899
12781636 16399901
12786040 16399904
12791933 16399908
12782099 16399909
12789025 16399909
12789127 16399909
12793088 16399909
12793089 16399909
12785728 16399910
12791043 16399912
12791045 16399912
12791046 16399912
12783228 16399913
12783214 16399914
12786683 16399916
12789175 16399919
12789180 16399919
12789477 16399919
12789479 16399919
12783918 16399923
12786670 16399927
12786931 16399927
12786549 16399929
12791148 16399929
12791149 16399929
12786533 16399930
12781365 16399931
12782113 16399931
12782475 16399931
12782837 16399932
12791223 16399935
12787365 16399936
12787379 16399936
12787381 16399936
12787404 16399936
12789011 16399937
12784252 16399940
12784280 16399940
12784345 16399942
12789505 16399944
12783093 16399946
12783115 16399946
12783197 16399946
12781740 16399950
12781830 16399950
12782201 16399950
12782873 16399950
12788890 16399950
12789857 16399950
12790120 16399950
12792747 16399950
12792953 16399950
12792954 16399950
12792956 16399950
12792957 16399950
12793233 16399950
12785440 16399951
12786647 16399956
12787221 16399956
12791563 16399956
12791564 16399956
12789722 16399959
12781251 16399961
12786637 16399962
12786612 16399965
12786888 16399965
12792078 16399965
12792079 16399965
12782571 16399967
12786707 16399970
12786709 16399970
12786710 16399970
12786713 16399970
12785909 16399974
12785927 16399974
12785929 16399974
12786028 16399974
12781759 16399977
12789071 16399977
12793221 16399977
12785408 16399983
12785421 16399983
12785428 16399983
12785495 16399983
12785615 16399983
12785774 16399983
12781850 16399995
12781889 16399995
12781904 16399995
12784370 16399995
12784765 16399995
12790728 16399995
12790729 16399995
12790734 16399995
12790735 16399995
12791931 16399995
12792540 16399995
12792541 16399995
12787192 16399998
12786108 16400004
12786119 16400004
12786121 16400004
12786140 16400004
12793397 16400004
12787747 16400013
12787753 16400013
12787755 16400013
12787757 16400013
12787760 16400013
12787996 16400013
12788127 16400013
12793398 16400013
12793404 16400013
12787766 16400015
12787742 16400017
12782294 16400026
12782295 16400026
12782300 16400026
12782302 16400026
12782303 16400026
12782420 16400026
12787771 16400026
12787773 16400026
12787775 16400026
12787777 16400026
12787779 16400026
12787781 16400026
12787790 16400026
12787824 16400026
12788096 16400026
12788858 16400026
12788874 16400026
12791583 16400026
12791584 16400026
12792256 16400026
12792257 16400026
12780135 16400029
12780144 16400029
12786600 16400032
12786618 16400032
12786906 16400032
12792093 16400032
12792094 16400032
12781480 16400034
12781547 16400036
12782477 16400037
12785754 16400039
12790147 16400044
12790148 16400044
12786226 16400054
12786240 16400054
12786244 16400054
12786320 16400054
12790172 16400054
12792005 16400054
12786210 16400057
12786217 16400057
12786309 16400057
12786365 16400057
12786393 16400057
12786426 16400057
12782370 16400059
12782387 16400059
12782388 16400059
12781781 16400060
12782843 16400060
12790179 16400061
12790180 16400061
12782393 16400064
12788973 16400068
12784967 16400070
12782839 16400071
12783008 16400071
12788170 16400072
12788278 16400072
12781967 16400074
12784371 16400074
12784561 16400074
12793259 16400074
12781616 16400077
12782838 16400077
12786540 16400083
12786553 16400083
12786574 16400083
12790182 16400083
12790183 16400083
12789510 16400085
12793225 16400087
12790032 16400090
12790033 16400090
12790034 16400090
12787580 16400092
12787972 16400092
12781276 16400097
12782074 16400097
12782414 16400097
12787564 16400097
12787571 16400097
12787590 16400097
12787774 16400097
12787778 16400097
12787826 16400097
12791629 16400097
12791630 16400097
12791915 16400097
12793158 16400097
12793390 16400097
12782499 16400099
12789091 16400099
12781519 16400100
12781546 16400100
12788889 16400100
12786534 16400110
12786538 16400110
12786546 16400110
12786568 16400110
12786587 16400110
12786602 16400110
12786614 16400110
12786621 16400110
12789329 16400110
12789363 16400110
12792179 16400110
12792180 16400110
12793660 16400110
12793661 16400110
12786187 16400113
12786693 16400116
12781603 16400117
12786326 16400122
12786419 16400122
12781761 16400125
12781715 16400127
12781727 16400127
12781743 16400127
12781757 16400127
12780674 16400129
12780812 16400129
12790151 16400131
12791015 16400131
12791016 16400131
12786178 16400132
12786732 16400133
12786750 16400133
12787051 16400133
12780155 16400135
12780156 16400135
12780424 16400135
12789773 16400135
12789774 16400135
12790714 16400138
12790725 16400138
12790726 16400138
12791688 16400138
12791689 16400138
12792444 16400138
12792532 16400138
12792533 16400138
12793258 16400138
12786180 16400142
12786297 16400142
12786552 16400142
12786804 16400143
12789593 16400145
12786694 16400146
12789072 16400148
12788005 16400150
12784966 16400151
12781648 16400152
12781084 16400155
12781935 16400163
12781974 16400163
12782012 16400163
12782021 16400163
12782026 16400163
12783501 16400163
12783530 16400163
12783613 16400163
12783691 16400163
12783696 16400163
12783784 16400163
12783881 16400163
12789123 16400163
12790244 16400163
12790245 16400163
12790286 16400163
12790287 16400163
12790423 16400163
12790425 16400163
12790426 16400163
12790474 16400163
12790475 16400163
12790496 16400163
12790498 16400163
12790499 16400163
12791934 16400163
12793238 16400163
12786530 16400170
12786541 16400170
12786548 16400170
12786555 16400170
12786558 16400170
12786563 16400170
12786835 16400170
12787130 16400170
12791145 16400170
12791146 16400170
12785832 16400171
12785833 16400180
12785841 16400180
12785849 16400180
12786271 16400180
12786492 16400180
12786493 16400180
12786509 16400180
12787144 16400180
12787146 16400180
12789183 16400180
12789281 16400180
12789282 16400180
12790838 16400180
12790839 16400180
12790841 16400180
12790842 16400180
12790890 16400180
12790891 16400180
12791086 16400180
12791087 16400180
12793353 16400180
12781241 16400185
12781249 16400185
12782080 16400185
12782083 16400185
12782392 16400185
12786667 16400185
12786680 16400185
12786687 16400185
12786757 16400185
12786777 16400185
12786875 16400185
12786899 16400185
12786922 16400185
12787108 16400185
12787214 16400185
12789202 16400185
12789372 16400185
12790325 16400185
12791164 16400185
12791560 16400185
12791561 16400185
12791632 16400185
12791633 16400185
12792139 16400185
12792140 16400185
12792275 16400185
12793369 16400185
12793379 16400185
12786153 16400187
12789109 16400188
12789347 16400188
12789876 16400188
12785845 16400191
12785863 16400191
12781474 16400193
12784093 16400194
12784095 16400194
12784983 16400194
12784147 16400196
12784648 16400196
12784950 16400196
12784119 16400197
12786172 16400200
12786174 16400200
12790153 16400202
12790154 16400202
12785947 16400205
12791095 16400205
12791096 16400205
12790311 16400206
12784096 16400208
12781485 16400209
12781510 16400209
12793119 16400209
12785436 16400211
12782431 16400212
12782470 16400212
12787371 16400213
12787373 16400213
12787375 16400215
12786154 16400216
12786155 16400216
12781591 16400218
12781792 16400220
12786162 16400221
12786163 16400221
12789058 16400221
12789301 16400221
12789305 16400221
12789320 16400221
12786160 16400222
12786161 16400222
12793181 16400224
12789036 16400225
12781620 16400226
12781677 16400226
12781515 16400227
12781543 16400227
12785851 16400228
12786150 16400228
12789284 16400231
12789286 16400231
12789304 16400231
12789313 16400231
12782630 16400233
12786216 16400236
12786219 16400236
12786300 16400236
12780629 16400240
12780926 16400240
12781047 16400240
12784287 16400242
12784276 16400245
12784755 16400245
12784261 16400250
12784263 16400250
12784517 16400250
12789172 16400250
12789178 16400250
12789216 16400250
12791972 16400250
12793325 16400250
12791983 16400255
12781691 16400257
12788896 16400257
12790111 16400259
12785433 16400261
12785861 16400267
12786152 16400267
12785834 16400271
12785431 16400275
12785693 16400275
12785694 16400275
12785784 16400275
12790352 16400275
12790353 16400275
12781380 16400279
12781456 16400279
12781482 16400279
12791417 16400279
12780206 16400281
12793223 16400283
12790040 16400285
12790041 16400285
12787452 16400288
12787472 16400288
12787445 16400290
12781639 16400291
12781760 16400291
12781804 16400291
12782101 16400291
12782633 16400291
12783023 16400291
12788928 16400291
12789659 16400291
12789663 16400291
12791254 16400291
12791255 16400291
12793083 16400291
12793086 16400291
12793087 16400291
12781231 16400297
12781247 16400297
12782354 16400297
12782367 16400297
12787453 16400297
12787456 16400297
12787507 16400297
12787525 16400297
12787546 16400297
12787550 16400297
12787581 16400297
12787631 16400297
12787664 16400297
12787736 16400297
12787761 16400297
12787788 16400297
12787865 16400297
12788100 16400297
12789005 16400297
12789375 16400297
12791611 16400297
12791620 16400297
12791621 16400297
12792036 16400297
12792250 16400297
12792251 16400297
12793387 16400297
12793403 16400297
12785386 16400300
12785391 16400300
12785393 16400300
12785398 16400300
12785413 16400300
12785429 16400300
12785432 16400300
12785443 16400300
12785446 16400300
12785521 16400300
12785621 16400300
12785657 16400300
12785675 16400300
12785727 16400300
12785776 16400300
12785794 16400300
12790051 16400300
12790052 16400300
12793346 16400300
12786033 16400303
12786041 16400303
12786053 16400303
12786084 16400303
12786104 16400303
12786127 16400303
12786145 16400303
12787323 16400303
12790754 16400303
12790755 16400303
12792021 16400303
12781961 16400309
12782212 16400309
12782859 16400309
12783513 16400309
12783873 16400309
12791272 16400309
12791273 16400309
12791816 16400309
12791817 16400309
12792454 16400309
12792455 16400309
12793245 16400309
12788732 16400310
12791030 16400310
12791031 16400310
12789785 16400312
12793183 16400312
12785835 16400313
12781709 16400314
12786066 16400319
12786102 16400319
12786147 16400319
12787325 16400319
12784947 16400320
12781511 16400321
12781513 16400321
12781514 16400321
12786678 16400325
12787193 16400325
12793724 16400325
12793725 16400325
12788975 16400328
12788976 16400328
12789597 16400330
12786747 16400333
12786770 16400333
12786809 16400335
12781310 16400337
12781324 16400337
12783496 16400341
12783497 16400341
12783505 16400341
12783761 16400341
12784057 16400341
12792463 16400341
12792464 16400341
12786722 16400343
12781816 16400346
12781933 16400346
12792982 16400346
12792996 16400346
12792997 16400346
12793006 16400346
12793007 16400346
12793042 16400346
12793047 16400346
12793048 16400346
12793232 16400346
12781590 16400347
12781593 16400347
12781627 16400347
12781638 16400347
12781652 16400347
12781706 16400347
12781718 16400347
12781765 16400347
12781771 16400347
12781790 16400347
12782515 16400347
12793219 16400347
12793224 16400347
12784220 16400348
12784195 16400349
12792775 16400351
12792776 16400351
12789898 16400353
12780551 16400355
12780556 16400355
12780559 16400355
12791733 16400355
12791734 16400355
12793463 16400355
12791548 16400356
12787009 16400358
12788561 16400358
12787027 16400368
12787040 16400368
12791176 16400368
12791179 16400368
12791182 16400368
12787030 16400371
12786622 16400372
12786909 16400372
12787029 16400372
12787249 16400372
12781443 16400373
12781447 16400373
12789366 16400374
12792772 16400374
12792773 16400374
12789070 16400375
12780097 16400376
12789348 16400377
12792016 16400377
12789321 16400379
12789728 16400380
12793176 16400380
12792974 16400381
12792977 16400381
12792978 16400381
12784023 16400382
12790343 16400382
12782981 16400385
12791901 16400385
12791339 16400386
12791340 16400386
12780590 16400388
12782091 16400388
12789066 16400388
12790189 16400388
12790190 16400388
12792782 16400388
12792783 16400388
12792784 16400388
12792802 16400388
12792803 16400388
12792804 16400388
12792844 16400388
12792845 16400388
12793205 16400388
12791648 16400391
12786640 16400399
12786641 16400399
12791566 16400399
12791567 16400399
12791624 16400399
12792278 16400399
12793366 16400399
12793378 16400399
12785387 16400403
12785652 16400403
12785655 16400403
12786556 16400406
12786561 16400406
12786554 16400410
12791547 16400412
12781666 16400413
12790314 16400415
12786768 16400417
12786743 16400418
12786720 16400421
12781489 16400422
12786166 16400427
12786168 16400427
12786173 16400427
12786175 16400427
12786182 16400427
12789114 16400427
12789306 16400427
12789149 16400429
12780543 16400435
12789240 16400435
12789333 16400435
12781731 16400437
12781887 16400441
12782717 16400441
12782862 16400441
12792721 16400441
12792722 16400441
12782720 16400453
12782870 16400453
12789261 16400453
12789270 16400453
12789275 16400453
12790231 16400453
12790241 16400453
12790249 16400453
12790250 16400453
12791477 16400453
12791535 16400453
12791936 16400453
12793236 16400453
12793276 16400453
12793711 16400453
12793712 16400453
12782457 16400456
12784159 16400458
12783689 16400470
12783690 16400470
12783693 16400470
12783694 16400470
12783698 16400470
12783699 16400470
12790376 16400470
12790377 16400470
12790378 16400470
12783409 16400474
12784418 16400479
12785347 16400479
12785789 16400479
12789964 16400479
12791834 16400479
12791835 16400479
12791837 16400479
12791838 16400479
12791992 16400479
12786698 16400482
12786706 16400482
12786736 16400482
12786760 16400482
12782183 16400484
12793216 16400484
12786565 16400490
12786583 16400490
12786584 16400490
12786991 16400490
12786543 16400495
12787442 16400495
12790912 16400495
12790913 16400495
12787635 16400497
12787994 16400497
12788131 16400497
12790909 16400497
12790910 16400497
12791798 16400497
12791799 16400497
12781125 16400501
12781673 16400503
12786626 16400509
12781647 16400511
12783028 16400511
12789536 16400511
12789658 16400511
12781630 16400514
12783070 16400514
12793217 16400514
12781286 16400516
12786775 16400519
12786779 16400519
12786956 16400519
12787055 16400519
12787191 16400519
12787200 16400519
12791728 16400519
12791729 16400519
12781710 16400520
12785365 16400522
12791039 16400524
12791040 16400524
12786576 16400527
12786589 16400527
12786861 16400527
12787152 16400527
12786591 16400529
12787500 16400530
12787501 16400530
12787504 16400530
12787509 16400530
12787685 16400530
12787898 16400530
12787900 16400530
12781295 16400532
12781333 16400532
12782449 16400532
12791917 16400534
12782015 16400536
12782028 16400536
12790271 16400536
12790272 16400536
12785991 16400537
12790846 16400537
12790848 16400537
12790849 16400537
12783219 16400542
12792628 16400542
12793284 16400542
12793286 16400542
12783247 16400545
12783299 16400545
12783367 16400545
12783256 16400546
12781739 16400548
12786684 16400560
12786939 16400560
12787227 16400560
12791554 16400560
12791555 16400560
12791558 16400560
12792284 16400560
12792285 16400560
12793721 16400560
12793722 16400560
12780169 16400563
12783293 16400566
12783429 16400566
12781609 16400568
12781565 16400583
12781573 16400583
12781574 16400583
12781575 16400583
12784210 16400583
12784215 16400583
12784273 16400583
12784274 16400583
12784478 16400583
12784611 16400583
12784745 16400583
12785249 16400583
12785288 16400583
12788826 16400583
12789023 16400583
12789231 16400583
12789408 16400583
12790671 16400583
12790673 16400583
12790674 16400583
12791348 16400583
12791350 16400583
12791351 16400583
12793213 16400583
12793255 16400583
12793302 16400583
12793304 16400583
12793305 16400583
12780572 16400598
12780576 16400598
12780577 16400598
12780768 16400598
12780889 16400598
12781150 16400598
12788993 16400598
12791641 16400598
12791642 16400598
12791731 16400598
12791732 16400598
12791889 16400598
12792778 16400598
12792779 16400598
12792789 16400598
12792790 16400598
12792798 16400598
12792799 16400598
12792806 16400598
12792807 16400598
12792817 16400598
12792818 16400598
12792830 16400598
12792832 16400598
12792833 16400598
12792840 16400598
12792848 16400598
12793465 16400598
12780150 16400610
12780283 16400610
12780549 16400610
12785718 16400610
12786792 16400610
12786794 16400610
12786795 16400610
12786798 16400610
12786802 16400610
12786803 16400610
12786807 16400610
12786810 16400610
12786949 16400610
12786952 16400610
12787074 16400610
12787086 16400610
12787262 16400610
12787290 16400610
12789764 16400610
12789782 16400610
12791003 16400610
12791004 16400610
12793175 16400610
12793180 16400610
12793194 16400610
12793719 16400610
12793720 16400610
12793729 16400610
12786814 16400612
12789512 16400614
12791489 16400616
12791490 16400616
12791491 16400619
12789288 16400621
12791492 16400621
12791493 16400621
12791481 16400624
12791484 16400624
12791487 16400624
12792035 16400624
12791482 16400626
12791485 16400627
12787454 16400630
12780260 16400634
12780455 16400634
12786048 16400642
12790743 16400642
12790744 16400642
12789957 16400644
12783096 16400648
12783101 16400648
12783289 16400651
12783265 16400654
12783269 16400654
12785178 16400656
12783092 16400663
12783095 16400663
12783123 16400663
12783125 16400663
12783148 16400663
12783179 16400663
12783255 16400663
12783100 16400666
12783152 16400666
12783263 16400669
12783384 16400669
12783264 16400672
12783390 16400675
12781483 16400678
12781486 16400678
12784176 16400679
12784204 16400679
12784219 16400679
12781383 16400680
12782842 16400682
12783274 16400688
12783438 16400688
12787553 16400696
12787556 16400696
12787558 16400696
12787560 16400696
12787689 16400696
12787812 16400696
12787846 16400696
12787924 16400696
12787926 16400696
12787928 16400696
12791431 16400696
12792305 16400696
12792306 16400696
12793388 16400696
12787510 16400700
12787514 16400700
12787519 16400700
12787694 16400700
12787704 16400700
12787934 16400700
12787936 16400700
12791614 16400700
12791617 16400700
12791618 16400700
12792253 16400700
12792254 16400700
12782027 16400707
12782244 16400707
12782793 16400707
12793242 16400707
12787187 16400709
12783082 16400718
12783084 16400718
12783132 16400718
12783142 16400718
12781306 16400720
12781313 16400720
12782436 16400720
12782977 16400720
12786594 16400725
12786599 16400725
12786605 16400725
12786615 16400725
12786617 16400725
12786631 16400725
12786886 16400725
12786891 16400725
12787016 16400725
12787118 16400725
12787120 16400725
12788848 16400725
12792084 16400725
12792085 16400725
12785804 16400733
12785808 16400733
12783541 16400736
12791951 16400736
12783596 16400748
12783597 16400748
12783599 16400748
12783607 16400748
12783621 16400748
12783624 16400748
12783639 16400748
12783641 16400748
12783648 16400748
12783653 16400748
12783655 16400748
12783852 16400748
12784046 16400748
12790369 16400748
12790370 16400748
12790372 16400748
12790373 16400748
12790404 16400748
12790405 16400748
12790465 16400748
12790466 16400748
12791301 16400748
12791955 16400748
12792507 16400748
12792508 16400748
12793291 16400748
12793292 16400748
12790430 16400752
12790432 16400752
12790435 16400752
12790436 16400752
12783102 16400754
12789717 16400756
12789718 16400756
12793177 16400758
12790949 16400762
12787390 16400768
12787391 16400768
12787999 16400768
12791244 16400768
12787423 16400771
12787885 16400771
12780231 16400775
12780346 16400775
12780653 16400775
12780665 16400775
12780678 16400775
12780776 16400775
12780779 16400775
12781002 16400775
12793200 16400775
12780932 16400779
12780935 16400779
12781153 16400779
12792585 16400779
12792586 16400779
12786570 16400782
12786593 16400782
12791151 16400782
12791152 16400782
12786727 16400785
12790955 16400785
12790956 16400785
12792065 16400785
12789021 16400790
12790091 16400790
12789422 16400791
12789128 16400793
12792963 16400796
12792964 16400796
12792966 16400796
12792967 16400796
12781815 16400798
12789596 16400800
12789688 16400800
12789689 16400800
12787340 16400803
12787345 16400803
12787740 16400803
12787347 16400806
12784104 16400808
12784106 16400808
12784114 16400808
12780229 16400811
12780235 16400811
12780272 16400811
12780350 16400811
12786800 16400814
12787066 16400814
12789697 16400816
12783206 16400821
12783259 16400825
12783266 16400825
12783377 16400825
12783248 16400833
12783406 16400833
12780234 16400838
12780357 16400838
12780362 16400838
12781356 16400841
12782450 16400841
12786097 16400842
12786225 16400845
12786424 16400845
12786236 16400847
12786238 16400847
12788028 16400849
12781560 16400851
12786793 16400852
12781874 16400853
12789878 16400856
12791109 16400859
12784026 16400861
12783671 16400863
12783733 16400863
12790502 16400863
12790505 16400863
12790509 16400863
12790510 16400863
12783463 16400865
12783687 16400865
12783803 16400865
12790513 16400865
12790514 16400865
12783468 16400869
12781342 16400871
12785923 16400879
12781504 16400883
12789024 16400888
12790088 16400888
12790089 16400888
12788225 16400900
12788398 16400900
12788527 16400900
12789388 16400900
12792051 16400900
12792052 16400905
12788171 16400918
12788176 16400918
12788179 16400918
12788287 16400918
12788290 16400918
12788312 16400918
12788275 16400924
12785828 16400928
12785831 16400928
12791089 16400928
12791090 16400928
12780654 16400931
12781632 16400934
12785811 16400936
12789195 16400939
12790858 16400939
12790859 16400939
12780681 16400945
12780687 16400945
12780783 16400945
12780955 16400945
12781005 16400945
12781393 16400947
12781426 16400947
12782476 16400947
12782836 16400947
12783260 16400953
12783272 16400953
12783273 16400953
12783275 16400953
12783277 16400953
12783278 16400953
12783341 16400953
12783344 16400953
12783347 16400953
12783450 16400953
12783602 16400953
12788805 16400953
12790480 16400953
12790481 16400953
12784298 16400958
12790636 16400958
12787499 16400962
12787840 16400962
12787908 16400962
12783099 16400968
12783117 16400968
12783120 16400968
12783161 16400972
12783176 16400972
12781516 16400974
12781520 16400974
12783276 16400977
12790447 16400977
12790448 16400977
12780219 16400979
12780268 16400979
12789339 16400980
12781559 16400982
12781578 16400982
12783514 16400983
12783975 16400983
12786402 16400986
12789879 16400986
12783229 16400989
12783356 16400989
12790419 16400989
12793285 16400989
12783240 16400998
12783258 16400998
12783322 16400998
12790453 16400998
12790454 16400998
12791540 16401001
12793277 16401001
12783397 16401005
12790462 16401005
12790463 16401005
12783271 16401013
12790459 16401013
12790460 16401013
12782453 16401017
12781679 16401019
12792680 16401022
12792681 16401022
12782474 16401025
12783695 16401027
12783914 16401027
12791957 16401027
12781314 16401028
12786739 16401030
12786742 16401030
12787079 16401030
12784192 16401031
12783554 16401032
12784177 16401035
12784188 16401035
12791266 16401035
12780167 16401040
12780423 16401040
12786752 16401042
12787860 16401043
12783218 16401050
12783250 16401050
12783336 16401050
12783417 16401050
12790468 16401050
12790469 16401050
12780602 16401060
12780622 16401060
12780730 16401060
12780899 16401060
12780908 16401060
12780911 16401060
12793199 16401060
12786056 16401062
12783243 16401065
12783330 16401065
12780088 16401070
12780091 16401070
12780093 16401070
12780096 16401070
12785404 16401077
12784302 16401078
12785085 16401078
12784291 16401081
12784670 16401081
12780166 16401084
12791866 16401085
