56515695 112017048
56515695 112017296
56515695 112116674
56515695 112116675
56515695 112116686
56515695 112116700
56515695 144945815
56515695 16411393
56515695 16411567
56515695 51153881
56515703 112017048
56515703 112017296
56515703 112116674
56515703 112116675
56515703 112116686
56515703 112116700
56515703 144945815
56515703 16411393
56515703 16411567
56515703 51153881
56521414 112017048
56521414 112017296
56521414 112116674
56521414 112116675
56521414 112116686
56521414 112116700
56521414 144945815
56521414 16411393
56521414 16411567
56521414 51153881
56521877 112017048
56521877 112017296
56521877 112116674
56521877 112116675
56521877 112116686
56521877 112116700
56521877 144945815
56521877 16411393
56521877 16411567
56521877 51153881
56516743 112017048
56516743 112116675
56516743 16411392
56516743 16411393
56516579 112017132
56516579 16411659
56516579 51180528
56521051 112017132
56521051 16411659
56521051 51180528
56514758 112017168
56514758 132619627
56514758 16410558
56514758 43570076
56514758 43570085
56514758 43570086
56514758 43570121
56514758 43570127
56514758 43570135
56514758 67475506
56514819 112017168
56514819 132619627
56514819 16410558
56514819 43570076
56514819 43570085
56514819 43570086
56514819 43570121
56514819 43570127
56514819 43570135
56514819 67475506
56514826 112017168
56514826 132619627
56514826 16410558
56514826 43570076
56514826 43570085
56514826 43570086
56514826 43570121
56514826 43570127
56514826 43570135
56514826 67475506
56515074 112017168
56515074 132619627
56515074 16410558
56515074 43570076
56515074 43570085
56515074 43570086
56515074 43570121
56515074 43570127
56515074 43570135
56515074 67475506
56515851 112017168
56515851 132619627
56515851 16410558
56515851 43570076
56515851 43570085
56515851 43570086
56515851 43570121
56515851 43570127
56515851 43570135
56515851 67475506
56515857 112017168
56515857 132619627
56515857 16410558
56515857 43570076
56515857 43570085
56515857 43570086
56515857 43570121
56515857 43570127
56515857 43570135
56515857 67475506
56515890 112017168
56515890 132619627
56515890 16410558
56515890 43570076
56515890 43570085
56515890 43570086
56515890 43570121
56515890 43570127
56515890 43570135
56515890 67475506
56516055 112017168
56516055 132619627
56516055 16410558
56516055 43570076
56516055 43570085
56516055 43570086
56516055 43570121
56516055 43570127
56516055 43570135
56516055 67475506
56516063 112017168
56516063 132619627
56516063 16410558
56516063 43570076
56516063 43570085
56516063 43570086
56516063 43570121
56516063 43570127
56516063 43570135
56516063 67475506
56523664 112017168
56523664 132619627
56523664 16410558
56523664 43570076
56523664 43570085
56523664 43570086
56523664 43570121
56523664 43570127
56523664 43570135
56523664 67475506
56523665 112017168
56523665 132619627
56523665 16410558
56523665 43570076
56523665 43570085
56523665 43570086
56523665 43570121
56523665 43570127
56523665 43570135
56523665 67475506
56518206 112017292
56518206 16411574
56520934 112017292
56520934 16411574
56516459 112017301
56516459 16410947
56516459 16410948
56516459 51183045
56516468 112017301
56516468 16410947
56516468 16410948
56516468 51183045
56516633 112017301
56516633 16410947
56516633 16410948
56516633 51183045
56516692 112017301
56516692 16410947
56516692 16410948
56516692 51183045
56516746 112017301
56516746 16410947
56516746 16410948
56516746 51183045
56516748 112017301
56516748 16410947
56516748 16410948
56516748 51183045
56521328 112017301
56521328 16410947
56521328 16410948
56521328 51183045
56521498 112017301
56521498 16410947
56521498 16410948
56521498 51183045
56521658 112017301
56521658 16410947
56521658 16410948
56521658 51183045
56521659 112017301
56521659 16410947
56521659 16410948
56521659 51183045
56516751 112017301
56516751 16410948
56516752 112017301
56516752 16410948
56515844 112116676
56515844 112116691
56515844 16410776
56521129 112116676
56521129 112116691
56521129 16410776
56523508 112116676
56523508 112116691
56523508 16410776
56523509 112116676
56523509 112116691
56523509 16410776
56520334 112116681
56520334 112116694
56520334 16411010
56522555 112116681
56522555 112116694
56522555 16411010
56522556 112116681
56522556 112116694
56522556 16411010
56516276 112116685
56516276 132619668
56516276 16411623
56516276 41529460
56516289 112116685
56516289 132619668
56516289 16411623
56516289 41529460
56516323 112116685
56516323 132619668
56516323 16411623
56516323 41529460
56523721 112116685
56523721 132619668
56523721 16411623
56523721 41529460
56523722 112116685
56523722 132619668
56523722 16411623
56523722 41529460
56515979 112116690
56515979 16408829
56516074 112116690
56516074 16408829
56515991 112116696
56515991 16409968
56521464 112116701
56521464 16411422
56524896 112116701
56524896 16411422
56515375 116792785
56515375 16411381
56515382 116792785
56515382 16411381
56515404 116792785
56515404 16411381
56515417 116792785
56515417 16411381
56515426 116792785
56515426 16411381
56515441 116792785
56515441 16411381
56515445 116792785
56515445 16411381
56516368 116792785
56516368 16411381
56523573 116792785
56523573 16411381
56524727 116792785
56524727 16411381
56524895 116792785
56524895 16411381
56522959 142723548
56522959 16412141
56522961 142723548
56522961 16412141
56522251 16408455
56516429 16408458
56514244 16408482
56514275 16408482
56514279 16408482
56514297 16408482
56514298 16408482
56514345 16408482
56514376 16408482
56514405 16408482
56514418 16408482
56514455 16408482
56514580 16408482
56514581 16408482
56514583 16408482
56515160 16408482
56520304 16408482
56521018 16408482
56522762 16408482
56522763 16408482
56522765 16408482
56522766 16408482
56523405 16408482
56523406 16408482
56524663 16408482
56524671 16408482
56524672 16408482
56524986 16408482
56524987 16408482
56524988 16408482
56519895 16408487
56519902 16408487
56519980 16408487
56520053 16408487
56522879 16408487
56522880 16408487
56523619 16408487
56523620 16408487
56518613 16408489
56515405 16408491
56521974 16408491
56523012 16408492
56523690 16408493
56522732 16408494
56524820 16408495
56515384 16408496
56514665 16408499
56522529 16408499
56522530 16408499
56523059 16408499
56515419 16408501
56515438 16408501
56518616 16408503
56523232 16408507
56517654 16408511
56517773 16408511
56517888 16408511
56521266 16408511
56516749 16408513
56516749 51183047
56516393 16408527
56516689 16408527
56515734 16408529
56517973 16408530
56522647 16408532
56515788 16408534
56521691 16408536
56522999 16408537
56515712 16408539
56515716 16408539
56515822 16408539
56515187 16408542
56515516 16408542
56516453 16408543
56523775 16408544
56519391 16408547
56523552 16408549
56523777 16408551
56523778 16408551
56521493 16408554
56519394 16408556
56519732 16408556
56523779 16408557
56523555 16408559
56523443 16408560
56523331 16408562
56521272 16408564
56523332 16408565
56517725 16408567
56517727 16408567
56517730 16408567
56517733 16408567
56517736 16408567
56517737 16408567
56521234 16408567
56521250 16408567
56523558 16408568
56517728 16408571
56517738 16408571
56517616 16408576
56518161 16408576
56523446 16408578
56514484 16408580
56514485 16408580
56514486 16408580
56523335 16408581
56514489 16408583
56520874 16408583
56517508 16408585
56517517 16408585
56523751 16408588
56523863 16408589
56523753 16408590
56519474 16408591
56519596 16408591
56519014 16408593
56519483 16408593
56514794 16408596
56521739 16408596
56521740 16408596
56523756 16408597
56519372 16408598
56523757 16408599
56517928 16408601
56519487 16408607
56519839 16408607
56524848 16408607
56514684 16408612
56521861 16408612
56523646 16408613
56519488 16408618
56519845 16408618
56519860 16408618
56524847 16408618
56523647 16408619
56519264 16408620
56517877 16408622
56521252 16408622
56519379 16408625
56519388 16408625
56519542 16408625
56514688 16408627
56521071 16408627
56517708 16408629
56514350 16408634
56514349 16408641
56514351 16408641
56514352 16408641
56514353 16408641
56514354 16408641
56514452 16408641
56514458 16408641
56520503 16408641
56521851 16408641
56522094 16408641
56524879 16408641
56519844 16408648
56521368 16408648
56514240 16408651
56520875 16408651
56521840 16408651
56521890 16408654
56514241 16408655
56523319 16408658
56523731 16408660
56517683 16408664
56517684 16408664
56517783 16408664
56517903 16408664
56519350 16408669
56519352 16408669
56519526 16408669
56519711 16408669
56519351 16408673
56519528 16408673
56523510 16408674
56514998 16408677
56515110 16408677
56523623 16408681
56523624 16408681
56523626 16408683
56514554 16408685
56514556 16408685
56514557 16408685
56520880 16408685
56514555 16408686
56519021 16408689
56514331 16408696
56514333 16408696
56523407 16408698
56514332 16408700
56520300 16408700
56519024 16408708
56519025 16408715
56519126 16408715
56519884 16408718
56514817 16408719
56521128 16408719
56523710 16408720
56521541 16408722
56523713 16408723
56519401 16408725
56519555 16408725
56521430 16408727
56519331 16408730
56523718 16408734
56519334 16408735
56519342 16408735
56514344 16408743
56514643 16408743
56520876 16408743
56521114 16408743
56514756 16408746
56519335 16408747
56523606 16408748
56519449 16408749
56519461 16408749
56519606 16408749
56516090 16408751
56523607 16408752
56523608 16408752
56523609 16408754
56521325 16408755
56519000 16408758
56514536 16408762
56519002 16408768
56519013 16408768
56519229 16408771
56519009 16408772
56519117 16408772
56519604 16408775
56521217 16408775
56519847 16408779
56519866 16408779
56514950 16408782
56514368 16408785
56521854 16408785
56514953 16408787
56514954 16408787
56514956 16408787
56519348 16408789
56519532 16408789
56519710 16408789
56514955 16408790
56519423 16408794
56519415 16408799
56519424 16408799
56519425 16408805
56519426 16408805
56514959 16408808
56514960 16408808
56516882 16408811
56523809 16408811
56523810 16408811
56519313 16408814
56516180 16408816
56519316 16408819
56515967 16408822
56516072 16408822
56514232 16408831
56514234 16408831
56514515 16408831
56519841 16408835
56519848 16408835
56520938 16408843
56521309 16408843
56519733 16408844
56519736 16408846
56519738 16408846
56519739 16408846
56516493 16408849
56514821 16408853
56516499 16408858
56516582 16408858
56516162 16408860
56514700 16408865
56514716 16408865
56519409 16408868
56519931 16408871
56515902 16408878
56516052 16408878
56516690 16408880
56516693 16408882
56516694 16408882
56521925 16408885
56519714 16408886
56519715 16408886
56518328 16408894
56518346 16408894
56520460 16408894
56521927 16408894
56523884 16408894
56524874 16408894
56521702 16408896
56524666 16408896
56516470 16408902
56521533 16408902
56519716 16408904
56516478 16408905
56520644 16408905
56516147 16408907
56516148 16408907
56519784 16408912
56519785 16408912
56519802 16408912
56519919 16408915
56524864 16408915
56516233 16408917
56516981 16408919
56517114 16408919
56516001 16408921
56516015 16408921
56516987 16408922
56516989 16408923
56516430 16408924
56518393 16408926
56516214 16408928
56515938 16408932
56516101 16408932
56520497 16408934
56522082 16408934
56522083 16408934
56522087 16408934
56522088 16408934
56516965 16408936
56518064 16408937
56517713 16408938
56518066 16408938
56518068 16408939
56518069 16408939
56516969 16408942
56518317 16408943
56518595 16408943
56518330 16408946
56518331 16408946
56518483 16408946
56518644 16408946
56521187 16408946
56518358 16408955
56518371 16408955
56524090 16408959
56518325 16408960
56518487 16408960
56518376 16408964
56518377 16408964
56524096 16408966
56517597 16408969
56518154 16408969
56516942 16408972
56516950 16408972
56516933 16408974
56516943 16408974
56518044 16408976
56516946 16408977
56518048 16408980
56518049 16408980
56516936 16408985
56516937 16408985
56516949 16408985
56516951 16408985
56516953 16408985
56517168 16408985
56516500 16408987
56516511 16408987
56524291 16408989
56518688 16408991
56519925 16408994
56519927 16408994
56520451 16408994
56524183 16408996
56518356 16408998
56516921 16409000
56518023 16409007
56521916 16409007
56518996 16409010
56518997 16409010
56519015 16409010
56519017 16409010
56521827 16409010
56524858 16409010
56516925 16409013
56516913 16409016
56516924 16409016
56516926 16409016
56516927 16409016
56516928 16409016
56517083 16409016
56524385 16409018
56524388 16409020
56518930 16409028
56518945 16409028
56519030 16409028
56520431 16409028
56521342 16409028
56521343 16409028
56524051 16409031
56518222 16409032
56524549 16409032
56524052 16409035
56524054 16409037
56515093 16409040
56524057 16409042
56524693 16409048
56520962 16409051
56516905 16409053
56520104 16409054
56520105 16409054
56516906 16409058
56516914 16409058
56516915 16409058
56524737 16409058
56516907 16409062
56516912 16409062
56517077 16409062
56524736 16409062
56524583 16409064
56515292 16409067
56522445 16409067
56522446 16409067
56524697 16409067
56524584 16409069
56516476 16409074
56520742 16409074
56520745 16409074
56520746 16409074
56518758 16409077
56524588 16409079
56518645 16409080
56515952 16409088
56515968 16409088
56516119 16409088
56520521 16409088
56521883 16409088
56516865 16409089
56520749 16409089
56520750 16409089
56518649 16409090
56518427 16409092
56518428 16409096
56518439 16409096
56524033 16409097
56515296 16409101
56518429 16409104
56518437 16409104
56518949 16409107
56518950 16409107
56521292 16409109
56524035 16409109
56518951 16409110
56515075 16409112
56524038 16409113
56515188 16409115
56517457 16409127
56517511 16409127
56517657 16409127
56517886 16409127
56520916 16409127
56524785 16409127
56517467 16409131
56524786 16409131
56524455 16409133
56524456 16409133
56521849 16409137
56524982 16409137
56524983 16409137
56524011 16409138
56515387 16409140
56515747 16409140
56515049 16409142
56515050 16409142
56524014 16409145
56523881 16409147
56524875 16409147
56518933 16409151
56519098 16409151
56524017 16409153
56524018 16409158
56524019 16409158
56515169 16409159
56519385 16409162
56524878 16409162
56520923 16409167
56515059 16409168
56524542 16409172
56515269 16409175
56515580 16409175
56518020 16409179
56518022 16409179
56518024 16409179
56518026 16409179
56518028 16409179
56518030 16409179
56518032 16409179
56518034 16409179
56518040 16409179
56518042 16409179
56518043 16409179
56518111 16409179
56518590 16409179
56518592 16409179
56518594 16409179
56518596 16409179
56518598 16409179
56518601 16409179
56518711 16409179
56522476 16409179
56524796 16409179
56524817 16409179
56515696 16409183
56515697 16409183
56524545 16409184
56518383 16409187
56518507 16409187
56518510 16409187
56522488 16409187
56524268 16409187
56515698 16409188
56515576 16409192
56515579 16409192
56515581 16409192
56515585 16409192
56515644 16409192
56522054 16409192
56524203 16409192
56524867 16409192
56525028 16409192
56524548 16409193
56515210 16409196
56515214 16409196
56515588 16409196
56524214 16409206
56524101 16409207
56524102 16409207
56524103 16409208
56524104 16409208
56524105 16409210
56524108 16409214
56515033 16409218
56515035 16409220
56515895 16409222
56515036 16409224
56515038 16409224
56516242 16409225
56524744 16409225
56515896 16409227
56515909 16409227
56518919 16409231
56519105 16409231
56524749 16409234
56520907 16409237
56524302 16409239
56524304 16409240
56524305 16409242
56514381 16409245
56515155 16409245
56515569 16409245
56520483 16409245
56521023 16409245
56515231 16409249
56515532 16409249
56515233 16409250
56515236 16409254
56515241 16409254
56515255 16409254
56515544 16409254
56516932 16409257
56516952 16409257
56517081 16409257
56521598 16409257
56515237 16409260
56521427 16409260
56515012 16409262
56517198 16409265
56515873 16409268
56516045 16409268
56515735 16409272
56521870 16409272
56524723 16409272
56515987 16409276
56521591 16409276
56515763 16409278
56515877 16409284
56516132 16409284
56515249 16409285
56515547 16409285
56515212 16409286
56522977 16409290
56515962 16409295
56515970 16409295
56515971 16409295
56521884 16409295
56515216 16409298
56515964 16409301
56515855 16409303
56524818 16409305
56517592 16409306
56522200 16409308
56515748 16409309
56515301 16409311
56515207 16409313
56515529 16409313
56523095 16409316
56522845 16409317
56517155 16409320
56515946 16409322
56516203 16409325
56523290 16409325
56522518 16409329
56522519 16409329
56523295 16409331
56517651 16409333
56517991 16409333
56515922 16409335
56517022 16409338
56517030 16409341
56517137 16409341
56515925 16409343
56517139 16409346
56517140 16409346
56517661 16409349
56524797 16409349
56517028 16409351
56515704 16409353
56515705 16409353
56517550 16409356
56523379 16409359
56523380 16409359
56523381 16409362
56523495 16409364
56523384 16409366
56517555 16409370
56517669 16409374
56523387 16409377
56517222 16409379
56517332 16409379
56523278 16409381
56516917 16409388
56516934 16409388
56517110 16409388
56517001 16409391
56517115 16409393
56517116 16409394
56523105 16409394
56517117 16409395
56523694 16409396
56523582 16409399
56517008 16409403
56517009 16409408
56523585 16409410
56523474 16409412
56517531 16409413
56523361 16409414
56523477 16409416
56523364 16409418
56523367 16409420
56517649 16409422
56514292 16409427
56514293 16409427
56516267 16409429
56517200 16409429
56514294 16409431
56517202 16409433
56514296 16409438
56523671 16409440
56517209 16409442
56523674 16409444
56517731 16409445
56517732 16409446
56524793 16409446
56517527 16409449
56517544 16409449
56517545 16409449
56517957 16409449
56520403 16409449
56523677 16409451
56523340 16409453
56523453 16409457
56523456 16409457
56523464 16409457
56523465 16409457
56523566 16409459
56514492 16409460
56517512 16409463
56523343 16409465
56515589 16409487
56519673 16409487
56519683 16409487
56519685 16409487
56519687 16409487
56519745 16409487
56520046 16409487
56520048 16409487
56520050 16409487
56520052 16409487
56520054 16409487
56520058 16409487
56520060 16409487
56520062 16409487
56520065 16409487
56520535 16409487
56521398 16409487
56522057 16409487
56522058 16409487
56522071 16409487
56522072 16409487
56522263 16409487
56523621 16409487
56523622 16409487
56524204 16409487
56524854 16409487
56524882 16409487
56525032 16409487
56523569 16409489
56521174 16409493
56523346 16409495
56523349 16409498
56514274 16409503
56523760 16409507
56523761 16409511
56523762 16409511
56514278 16409514
56514394 16409514
56523763 16409516
56523650 16409517
56519380 16409520
56523540 16409521
56519381 16409522
56523653 16409523
56523766 16409524
56519382 16409526
56519389 16409526
56519540 16409526
56521364 16409526
56521596 16409529
56514692 16409534
56515118 16409534
56523958 16409534
56523959 16409534
56523543 16409536
56517600 16409541
56521914 16409541
56523769 16409543
56523656 16409545
56514582 16409550
56517603 16409553
56523546 16409555
56523659 16409557
56514584 16409558
56523322 16409561
56514585 16409563
56521151 16409566
56514360 16409570
56523549 16409573
56517465 16409576
56517478 16409576
56521265 16409576
56523436 16409577
56514588 16409581
56514363 16409583
56523325 16409584
56519898 16409585
56521379 16409585
56514251 16409589
56523960 16409592
56518986 16409595
56519055 16409595
56514364 16409599
56514479 16409600
56523328 16409601
56514369 16409604
56520512 16409604
56524193 16409604
56523966 16409606
56517800 16409611
56521918 16409611
56523969 16409613
56514670 16409616
56514672 16409620
56519476 16409621
56519479 16409621
56514673 16409622
56523410 16409623
56519341 16409627
56519364 16409627
56520445 16409627
56514561 16409629
56519366 16409632
56523300 16409634
56523302 16409634
56523303 16409634
56523413 16409637
56523301 16409639
56514566 16409642
56514567 16409642
56521356 16409645
56519892 16409649
56519893 16409649
56519894 16409649
56523304 16409650
56514343 16409653
56516089 16409655
56521880 16409655
56518960 16409658
56519147 16409658
56523307 16409660
56514233 16409662
56514346 16409665
56515934 16409671
56521136 16409671
56521137 16409673
56514982 16409674
56519786 16409683
56519787 16409683
56519899 16409685
56521887 16409690
56519788 16409698
56519450 16409701
56514762 16409702
56514764 16409702
56514763 16409703
56519232 16409705
56519233 16409705
56523618 16409707
56519235 16409710
56523507 16409713
56514548 16409714
56521860 16409715
56519018 16409718
56521865 16409726
56521866 16409729
56521757 16409732
56521758 16409732
56523704 16409733
56519324 16409737
56516196 16409739
56521950 16409741
56516199 16409745
56514528 16409746
56514304 16409748
56519746 16409750
56519747 16409750
56514942 16409752
56519410 16409756
56514726 16409760
56515973 16409764
56516173 16409764
56516175 16409766
56516176 16409766
56516177 16409767
56516178 16409767
56515994 16409771
56516179 16409771
56521931 16409778
56519613 16409784
56520869 16409784
56519726 16409788
56516482 16409791
56519729 16409796
56520956 16409796
56514701 16409797
56516262 16409798
56516263 16409801
56516266 16409802
56519921 16409806
56519922 16409806
56516156 16409809
56519923 16409810
56517720 16409814
56518100 16409814
56521910 16409814
56521917 16409814
56521911 16409815
56519700 16409816
56521913 16409817
56516991 16409819
56516133 16409820
56516993 16409821
56516994 16409823
56516995 16409825
56516137 16409826
56518095 16409829
56524799 16409829
56515866 16409831
56516138 16409831
56519906 16409834
56516335 16409836
56516000 16409837
56517746 16409839
56518185 16409839
56516003 16409841
56518079 16409843
56518381 16409846
56516311 16409849
56516313 16409849
56518384 16409850
56516314 16409852
56516316 16409854
56516204 16409857
56516206 16409858
56516207 16409859
56516954 16409860
56516957 16409862
56516959 16409866
56517122 16409866
56518694 16409867
56518362 16409870
56518364 16409873
56516407 16409876
56518368 16409877
56518764 16409882
56518780 16409882
56524823 16409882
56518893 16409885
56520882 16409887
56524391 16409888
56524280 16409889
56520776 16409890
56524955 16409890
56524958 16409890
56524961 16409890
56524962 16409890
56524963 16409890
56524285 16409892
56524060 16409894
56524062 16409895
56518980 16409898
56524066 16409899
56518870 16409900
56518871 16409901
56518984 16409902
56518761 16409904
56524593 16409905
56516918 16409906
56516935 16409906
56517163 16409906
56524376 16409907
56524377 16409909
56524378 16409909
56518436 16409911
56524379 16409912
56518211 16409913
56524041 16409915
56518326 16409916
56524790 16409917
56518961 16409919
56524045 16409920
56524048 16409921
56515198 16409922
56518106 16409923
56518107 16409923
56518857 16409924
56524350 16409925
56515390 16409926
56524353 16409927
56524242 16409930
56524020 16409931
56524887 16409933
56515069 16409934
56518947 16409936
56524556 16409937
56515371 16409938
56515556 16409938
56524000 16409939
56515150 16409941
56515264 16409943
56524003 16409944
56518922 16409947
56518923 16409947
56524006 16409949
56524007 16409950
56515600 16409953
56520910 16409953
56515046 16409955
56515425 16409958
56515680 16409958
56515681 16409959
56515682 16409961
56518927 16409963
56524537 16409965
56515021 16409970
56524620 16409972
56518904 16409973
56515660 16409975
56515664 16409976
56515223 16409977
56518769 16409992
56518790 16409992
56524821 16409992
56524825 16409992
56517298 16409995
56515227 16409996
56522764 16409998
56515975 16410000
56515864 16410002
56515005 16410004
56515640 16410005
56515642 16410007
56515009 16410009
56515645 16410012
56515646 16410012
56524800 16410013
56515939 16410016
56515953 16410016
56515208 16410018
56517692 16410019
56515736 16410022
56515738 16410022
56517470 16410025
56517471 16410027
56515739 16410029
56523080 16410031
56523391 16410033
56523394 16410035
56523281 16410037
56523397 16410038
56522920 16410039
56523285 16410040
56517232 16410042
56515910 16410043
56517123 16410045
56515912 16410047
56517013 16410048
56517017 16410048
56523590 16410050
56523591 16410050
56515914 16410051
56523480 16410052
56523594 16410053
56517019 16410055
56523370 16410058
56523483 16410060
56523597 16410062
56517655 16410065
56523486 16410066
56523375 16410067
56523378 16410069
56517211 16410070
56517327 16410072
56517328 16410075
56523680 16410076
56517964 16410077
56517219 16410078
56523683 16410080
56517967 16410082
56523462 16410083
56523466 16410083
56523467 16410083
56523352 16410084
56517524 16410085
56519195 16410087
56523579 16410090
56523355 16410092
56521183 16410095
56517300 16410097
56523468 16410098
56523990 16410099
56523991 16410101
56523992 16410101
56523358 16410102
56523993 16410103
56514284 16410104
56523134 16410106
56523994 16410108
56514285 16410109
56523772 16410110
56523660 16410112
56517309 16410113
56517671 16410116
56517672 16410116
56517673 16410116
56515793 16410118
56519373 16410120
56519390 16410120
56519544 16410120
56519550 16410120
56520447 16410120
56522644 16410123
56515989 16410124
56521458 16410128
56518397 16410131
56519916 16410133
56519916 41741296
56519916 41741297
56519916 41741300
56516519 16410141
56516519 16411562
56516519 16411615
56516519 41742057
56516777 16410141
56516777 16411562
56516777 16411615
56516777 41742057
56521894 16410141
56521894 16411562
56521894 16411615
56521894 41742057
56522162 16410141
56522162 16411562
56522162 16411615
56522162 41742057
56522165 16410141
56522165 16411562
56522165 16411615
56522165 41742057
56522370 16410141
56522370 16411562
56522370 16411615
56522370 41742057
56522895 16410141
56522895 16411562
56522895 16411615
56522895 41742057
56523000 16410141
56523000 16411562
56523000 16411615
56523000 41742057
56523001 16410141
56523001 16411562
56523001 16411615
56523001 41742057
56523502 16410141
56523502 16411562
56523502 16411615
56523502 41742057
56523503 16410141
56523503 16411562
56523503 16411615
56523503 41742057
56523729 16410141
56523729 16411562
56523729 16411615
56523729 41742057
56523730 16410141
56523730 16411562
56523730 16411615
56523730 41742057
56523736 16410141
56523736 16411562
56523736 16411615
56523736 41742057
56523737 16410141
56523737 16411562
56523737 16411615
56523737 41742057
56523939 16410141
56523939 16411562
56523939 16411615
56523939 41742057
56523945 16410141
56523945 16411562
56523945 16411615
56523945 41742057
56523946 16410141
56523946 16411562
56523946 16411615
56523946 41742057
56524363 16410141
56524363 16411562
56524363 16411615
56524363 41742057
56524905 16410141
56524905 16411562
56524905 16411615
56524905 41742057
56524906 16410141
56524906 16411562
56524906 16411615
56524906 41742057
56525011 16410141
56525011 16411562
56525011 16411615
56525011 41742057
56525048 16410141
56525048 16411562
56525048 16411615
56525048 41742057
56516758 16410143
56516759 16410143
56518842 16410144
56514420 16410173
56514468 16410173
56514527 16410173
56522996 16410177
56517333 16410179
56517334 16410179
56522983 16410182
56522988 16410182
56522989 16410182
56522994 16410182
56522995 16410182
56514400 16410184
56518280 16410184
56514365 16410189
56514371 16410189
56515151 16410189
56515159 16410189
56514359 16410193
56518552 16410193
56518324 16410201
56518481 16410201
56518492 16410201
56514816 16410205
56515859 16410205
56516149 16410205
56523350 16410205
56523351 16410205
56522903 16410206
56522761 16410208
56524462 16410210
56522627 16410213
56524339 16410213
56524351 16410213
56524352 16410213
56522209 16410214
56516384 16410216
56516387 16410216
56516397 16410216
56516404 16410216
56516408 16410216
56516452 16410218
56516763 16410221
56523570 16410221
56517584 16410224
56517589 16410224
56517590 16410224
56517599 16410224
56517763 16410224
56517974 16410224
56517975 16410224
56518156 16410224
56517643 16410229
56524261 16410229
56514724 16410230
56515000 16410230
56518901 16410232
56517582 16410233
56517586 16410233
56518128 16410233
56523733 16410236
56517447 16410239
56517520 16410239
56521232 16410239
56524784 16410239
56515379 16410241
56515391 16410241
56515424 16410241
56515435 16410241
56514666 16410242
56524180 16410244
56516410 16410247
56516417 16410247
56516390 16410247
56516390 16410248
56524770 16410252
56520115 16410254
56520116 16410254
56524171 16410255
56517653 16410257
56517658 16410257
56518178 16410257
56517662 16410258
56517677 16410261
56517686 16410261
56521274 16410261
56522673 16410261
56524465 16410261
56524466 16410261
56524791 16410261
56524798 16410261
56516419 16410264
56521193 16410264
56515365 16410265
56517159 16410266
56521569 16410266
56524855 16410267
56521295 16410270
56524531 16410273
56515958 16410274
56521138 16410274
56523169 16410276
56522803 16410278
56522844 16410281
56519422 16410285
56519581 16410285
56522655 16410286
56522785 16410288
56516395 16410289
56522827 16410290
56521055 16410291
56523236 16410293
56523237 16410293
56518272 16410295
56518276 16410295
56524544 16410295
56518860 16410296
56515933 16410299
56516106 16410299
56515904 16410303
56515937 16410304
56522773 16410306
56521729 16410309
56522780 16410311
56522781 16410311
56523087 16410313
56523089 16410313
56524886 16410313
56516978 16410314
56523469 16410318
56523470 16410318
56517932 16410320
56518140 16410320
56524923 16410321
56515878 16410325
56524212 16410325
56514337 16410340
56514347 16410340
56514366 16410340
56514562 16410340
56515161 16410340
56515162 16410340
56523595 16410340
56523596 16410340
56522164 16410345
56522515 16410348
56522516 16410348
56514697 16410350
56516475 16410355
56516477 16410355
56520636 16410355
56520642 16410355
56521652 16410355
56521653 16410355
56522752 16410356
56517448 16410364
56524781 16410364
56521672 16410367
56521673 16410367
56517650 16410371
56517701 16410371
56517838 16410371
56518025 16410371
56523047 16410371
56523170 16410371
56523171 16410371
56524621 16410371
56522668 16410372
56516985 16410376
56516988 16410376
56517086 16410376
56517320 16410377
56515827 16410380
56516713 16410381
56524226 16410381
56521132 16410382
56518291 16410384
56518295 16410384
56518609 16410384
56523252 16410385
56523057 16410387
56522821 16410388
56523437 16410388
56519227 16410394
56519228 16410394
56522899 16410402
56522911 16410402
56525010 16410402
56525014 16410402
56524769 16410405
56517027 16410408
56517032 16410408
56517033 16410408
56516092 16410410
56524734 16410410
56516431 16410413
56516705 16410413
56516706 16410413
56523504 16410415
56521261 16410418
56517939 16410419
56523257 16410421
56515411 16410423
56518843 16410427
56518852 16410427
56518872 16410427
56518902 16410427
56518909 16410427
56521350 16410427
56521937 16410427
56521942 16410427
56516270 16410433
56517196 16410433
56517201 16410433
56517203 16410433
56517204 16410433
56521595 16410433
56521621 16410433
56523114 16410433
56523296 16410433
56523297 16410433
56523305 16410433
56523306 16410433
56524776 16410433
56516005 16410437
56525016 16410439
56523652 16410441
56518682 16410443
56524540 16410447
56524541 16410447
56516445 16410450
56515998 16410453
56523317 16410453
56523318 16410453
56522897 16410455
56519184 16410461
56514951 16410473
56524560 16410476
56518000 16410479
56518133 16410479
56516366 16410480
56519353 16410484
56520443 16410484
56521363 16410484
56522305 16410484
56522306 16410484
56524039 16410484
56524177 16410486
56516684 16410488
56524254 16410489
56517604 16410493
56517605 16410493
56517819 16410493
56518019 16410493
56517593 16410498
56517875 16410498
56523714 16410498
56523640 16410499
56523641 16410499
56517629 16410500
56517895 16410500
56517998 16410500
56518168 16410500
56520812 16410500
56520992 16410500
56518126 16410501
56517563 16410503
56519917 16410506
56519920 16410506
56519926 16410506
56520011 16410506
56522769 16410510
56523754 16410510
56523755 16410510
56524667 16410510
56515001 16410511
56516409 16410512
56522649 16410514
56522650 16410514
56522651 16410515
56516727 16410516
56516728 16410516
56519432 16410518
56519755 16410518
56515446 16410520
56514690 16410523
56514702 16410523
56519384 16410524
56519537 16410524
56523662 16410526
56518146 16410528
56524237 16410529
56522871 16410530
56524992 16410532
56514729 16410536
56521082 16410536
56521084 16410536
56522939 16410538
56521030 16410541
56524977 16410542
56514663 16410561
56517660 16410564
56518372 16410564
56524795 16410564
56516736 16410566
56522361 16410566
56518278 16410567
56518830 16410569
56522749 16410570
56523666 16410573
56523643 16410575
56515850 16410576
56523344 16410576
56524741 16410576
56522811 16410579
56514507 16410582
56523563 16410584
56516492 16410603
56516492 16410611
56516498 16410603
56516498 16410611
56516501 16410603
56516501 16410611
56516513 16410603
56516513 16410611
56516647 16410603
56516647 16410611
56521499 16410603
56521499 16410611
56524953 16410603
56524953 16410611
56524965 16410603
56524965 16410611
56524966 16410603
56524966 16410611
56516986 16410611
56516996 16410611
56516997 16410611
56517000 16410611
56517002 16410611
56517233 16410611
56521612 16410611
56516975 16410611
56516975 16410621
56516977 16410611
56516977 16410621
56516980 16410611
56516980 16410621
56516984 16410611
56516984 16410621
56521601 16410611
56521601 16410621
56521902 16410611
56521902 16410621
56524239 16410611
56524239 16410621
56518862 16410625
56524492 16410628
56521692 16410631
56523376 16410633
56523604 16410633
56523605 16410633
56515183 16410638
56515189 16410638
56515192 16410638
56515196 16410638
56515514 16410638
56523389 16410638
56523390 16410638
56515215 16410641
56515218 16410641
56518854 16410643
56518858 16410643
56518861 16410643
56518868 16410643
56518877 16410643
56519160 16410643
56521934 16410643
56521940 16410643
56521742 16410644
56522817 16410644
56523447 16410644
56523448 16410644
56515714 16410645
56515825 16410645
56516537 16410646
56514730 16410648
56521867 16410648
56514302 16410650
56514307 16410650
56524167 16410650
56522560 16410656
56524089 16410656
56524094 16410656
56524095 16410656
56524097 16410656
56524098 16410656
56515606 16410658
56514706 16410661
56514306 16410662
56523402 16410663
56514662 16410664
56521076 16410664
56524474 16410665
56524475 16410665
56516416 16410667
56524973 16410668
56521468 16410671
56521469 16410671
56519190 16410673
56519191 16410673
56522806 16410675
56522824 16410676
56524617 16410678
56524259 16410679
56517130 16410681
56519789 16410683
56521348 16410683
56521944 16410683
56519783 16410685
56514480 16410686
56522976 16410689
56523090 16410691
56523064 16410692
56523065 16410692
56523784 16410693
56523523 16410695
56524198 16410695
56524704 16410695
56523003 16410698
56523004 16410698
56523125 16410699
56524290 16410699
56522864 16410700
56523126 16410700
56524208 16410701
56523013 16410702
56523038 16410703
56517996 16410704
56522706 16410704
56522167 16410705
56517707 16410707
56516367 16410710
56523112 16410712
56522853 16410713
56524055 16410713
56524056 16410713
56517526 16410714
56522343 16410716
56522193 16410717
56523815 16410717
56523816 16410717
56524888 16410717
56518686 16410719
56518689 16410719
56522729 16410719
56522742 16410719
56522744 16410719
56522745 16410719
56524554 16410719
56524555 16410719
56516426 16410721
56517989 16410723
56523052 16410723
56523053 16410723
56524494 16410724
56524748 16410726
56521985 16410729
56521662 16410730
56524365 16410731
56524523 16410733
56515721 16410735
56515722 16410735
56518878 16410737
56519256 16410737
56522807 16410738
56522808 16410738
56523018 16410739
56523019 16410739
56516228 16410740
56516312 16410740
56517445 16410742
56522848 16410743
56522681 16410745
56518915 16410753
56518915 41850006
56519080 16410753
56519080 41850006
56519131 16410753
56519131 41850006
56519266 16410753
56519266 41850006
56521319 16410753
56521319 41850006
56516711 16410756
56521087 16410758
56521312 16410762
56524831 16410762
56514780 16410769
56514789 16410769
56514796 16410769
56514812 16410769
56514822 16410769
56514903 16410769
56514922 16410769
56514927 16410769
56515032 16410769
56515034 16410769
56524182 16410769
56517029 16410779
56521573 16410779
56523106 16410779
56524760 16410779
56524771 16410779
56516440 16410781
56523117 16410782
56522634 16410785
56524534 16410785
56524036 16410786
56524037 16410786
56522309 16410787
56522310 16410787
56521689 16410788
56524894 16410788
56514674 16410792
56514677 16410792
56514941 16410792
56518241 16410796
56518250 16410796
56518604 16410796
56523781 16410796
56523783 16410796
56524535 16410796
56524536 16410796
56524569 16410796
56514386 16410799
56522805 16410799
56514498 16410801
56522809 16410802
56523217 16410804
56523861 16410804
56523862 16410804
56524517 16410804
56516461 16410806
56516709 16410806
56519262 16410809
56523409 16410809
56518774 16410817
56521288 16410817
56521302 16410817
56521303 16410817
56524279 16410820
56515414 16410822
56522818 16410823
56522947 16410824
56514820 16410825
56514823 16410825
56523484 16410825
56523485 16410825
56522256 16410826
56522257 16410826
56523160 16410827
56516085 16410829
56516195 16410829
56523091 16410829
56523092 16410829
56516004 16410833
56516916 16410834
56516919 16410834
56515410 16410836
56515432 16410836
56515440 16410836
56516358 16410836
56516365 16410836
56516378 16410836
56519374 16410838
56519376 16410838
56519383 16410838
56519393 16410838
56519395 16410838
56519441 16410843
56519443 16410843
56519446 16410843
56519455 16410843
56519575 16410843
56519682 16410843
56522847 16410843
56522850 16410843
56522851 16410843
56523581 16410843
56519421 16410846
56519429 16410846
56519579 16410846
56522857 16410846
56523073 16410846
56523074 16410846
56524058 16410846
56524059 16410846
56524292 16410846
56517596 16410848
56518158 16410848
56518869 16410853
56518880 16410853
56519085 16410853
56522680 16410853
56522690 16410853
56522863 16410853
56522869 16410853
56522870 16410853
56524042 16410853
56524296 16410853
56524419 16410853
56524420 16410853
56518844 16410855
56518845 16410855
56521281 16410855
56524872 16410855
56517674 16410855
56517674 16410862
56517691 16410855
56517691 16410862
56517779 16410855
56517779 16410862
56517781 16410855
56517781 16410862
56518033 16410855
56518033 16410862
56521278 16410855
56521278 16410862
56524615 16410855
56524615 16410862
56524618 16410855
56524618 16410862
56524911 16410855
56524911 16410862
56524912 16410855
56524912 16410862
56515362 16410857
56524210 16410857
56522661 16410859
56524260 16410859
56517431 16410859
56517431 16410868
56519365 16410860
56519559 16410866
56522295 16410866
56519939 16410871
56520112 16410871
56514572 16410874
56522561 16410879
56524759 16410882
56525023 16410884
56517336 16410886
56517348 16410886
56523511 16410890
56523512 16410890
56523514 16410890
56523515 16410890
56523009 16410892
56518375 16410894
56522215 16410896
56518875 16410900
56518658 16410902
56522865 16410903
56517729 16410905
56517734 16410905
56522684 16410906
56515867 16410908
56515875 16410908
56520353 16410908
56523137 16410910
56515400 16410911
56515403 16410911
56522540 16410912
56522541 16410912
56524199 16410914
56516539 16410917
56522177 16410919
56524209 16410922
56515399 16410924
56515407 16410924
56519456 16410926
56519744 16410926
56517937 16410927
56518683 16410929
56522887 16410932
56522992 16410934
56523172 16410936
56522606 16410938
56523686 16410940
56524186 16410940
56514256 16410942
56514258 16410942
56514267 16410942
56514268 16410942
56514505 16410942
56518210 16410945
56518219 16410945
56518227 16410945
56518231 16410945
56518232 16410945
56518238 16410945
56518452 16410945
56518611 16410945
56520937 16410945
56523253 16410946
56523254 16410946
56524516 16410946
56515163 16410949
56516677 16410951
56518233 16410952
56524538 16410952
56524539 16410952
56522429 16410956
56522771 16410957
56522772 16410957
56517349 16410959
56517608 16410962
56517840 16410962
56518130 16410962
56524248 16410962
56524249 16410962
56518214 16410965
56518215 16410965
56518717 16410965
56514873 16410967
56515856 16410967
56515863 16410967
56520161 16410967
56521127 16410967
56514818 16410969
56521205 16410972
56523115 16410973
56524286 16410974
56521204 16410976
56522564 16410976
56518285 16410979
56518679 16410979
56518239 16410980
56518253 16410980
56518262 16410980
56518448 16410980
56522747 16410980
56524446 16410982
56524969 16410982
56516230 16410983
56515898 16410986
56521149 16410986
56524743 16410986
56514804 16410989
56514908 16410989
56515883 16410994
56516032 16410994
56516109 16410994
56521133 16410994
56524684 16410994
56516524 16410996
56516791 16410996
56514260 16410997
56514264 16410997
56514269 16410997
56523283 16410998
56523284 16410998
56524550 16410999
56516859 16411001
56524194 16411002
56516244 16411003
56519186 16411004
56514231 16411006
56514235 16411006
56515230 16411014
56515880 16411014
56516036 16411014
56516095 16411014
56516136 16411014
56524213 16411014
56516479 16411015
56522004 16411015
56522005 16411015
56522006 16411015
56523840 16411016
56516380 16411017
56516383 16411017
56515374 16411018
56522381 16411019
56523035 16411020
56516851 16411021
56516853 16411022
56521145 16411023
56519577 16411027
56519659 16411027
56521367 16411027
56515378 16411028
56522912 16411030
56522221 16411031
56518737 16411032
56517635 16411033
56522960 16411034
56515395 16411035
56515771 16411035
56518837 16411036
56516150 16411037
56515871 16411039
56520361 16411039
56516852 16411041
56522590 16411044
56522578 16411047
56523270 16411047
56524766 16411047
56524334 16411051
56518859 16411053
56521608 16411056
56514464 16411060
56524251 16411064
56524528 16411065
56516428 16411066
56524348 16411066
56516374 16411067
56516450 16411072
56524532 16411072
56516412 16411074
56523060 16411075
56516026 16411077
56516725 16411079
56515334 16411081
56522922 16411081
56522923 16411081
56522921 16411082
56522296 16411084
56520951 16411086
56521224 16411086
56516391 16411087
56516697 16411087
56521479 16411087
56521480 16411087
56523066 16411089
56522767 16411090
56522160 16411092
56521842 16411093
56524664 16411093
56523564 16411096
56523565 16411096
56522884 16411097
56515787 16411098
56524009 16411098
56524010 16411098
56517573 16411103
56517613 16411103
56517757 16411103
56517883 16411103
56518018 16411103
56518204 16411103
56517548 16411103
56517548 16411106
56523785 16411103
56523785 16411106
56523786 16411103
56523786 16411106
56515199 16411111
56522347 16411111
56523382 16411111
56523383 16411111
56523385 16411111
56523386 16411111
56515180 16411112
56522740 16411114
56516686 16411116
56517532 16411118
56524399 16411118
56518246 16411120
56518256 16411120
56522815 16411122
56523320 16411125
56523321 16411125
56523513 16411127
56516789 16411128
56523856 16411131
56524725 16411131
56516708 16411133
56522831 16411135
56517585 16411136
56517587 16411136
56518293 16411138
56518297 16411138
56514704 16411139
56514707 16411139
56523104 16411140
56521196 16411141
56516435 16411142
56516436 16411142
56524366 16411143
56524603 16411145
56524980 16411145
56522557 16411147
56515776 16411148
56515394 16411149
56515409 16411149
56516533 16411151
56519855 16411152
56523127 16411153
56523128 16411153
56514472 16411156
56521175 16411156
56523567 16411157
56518873 16411158
56518240 16411159
56518244 16411159
56518249 16411159
56518251 16411159
56518450 16411159
56514277 16411162
56514280 16411163
56514398 16411166
56518315 16411166
56518322 16411166
56523767 16411166
56523771 16411166
56523773 16411166
56523774 16411166
56524266 16411166
56519904 16411170
56519915 16411170
56520037 16411170
56520453 16411170
56517215 16411173
56517218 16411173
56517220 16411173
56517221 16411173
56517281 16411173
56521622 16411173
56521623 16411173
56523333 16411173
56523334 16411173
56521073 16411176
56520814 16411178
56523054 16411178
56519400 16411187
56519553 16411187
56519564 16411187
56519672 16411187
56521216 16411187
56522066 16411187
56522069 16411187
56522070 16411187
56519620 16411191
56524293 16411191
56524841 16411191
56518419 16411194
56518435 16411194
56518469 16411194
56518527 16411194
56519320 16411194
56519516 16411194
56521211 16411194
56523133 16411194
56524811 16411194
56518252 16411196
56518264 16411196
56518271 16411196
56518442 16411196
56514664 16411199
56524190 16411199
56522968 16411201
56524488 16411201
56524489 16411201
56518835 16411205
56518840 16411205
56518846 16411205
56518850 16411205
56519152 16411205
56519183 16411205
56519254 16411205
56524287 16411205
56521231 16411207
56517981 16411210
56517982 16411210
56518247 16411211
56523033 16411213
56523034 16411213
56523110 16411213
56523111 16411213
56523006 16411214
56523440 16411216
56523441 16411216
56522603 16411218
56524236 16411218
56524808 16411220
56522746 16411222
56514367 16411224
56522957 16411226
56520373 16411233
56515209 16411236
56515219 16411236
56515509 16411236
56521126 16411236
56522350 16411238
56522351 16411238
56523081 16411238
56516960 16411241
56518213 16411243
56518221 16411243
56518612 16411243
56518614 16411243
56523629 16411245
56518886 16411246
56519271 16411246
56518888 16411248
56522412 16411250
56516398 16411251
56516710 16411251
56515058 16411257
56522820 16411257
56517866 16411265
56517894 16411265
56517896 16411265
56517900 16411265
56517902 16411265
56517904 16411265
56517905 16411265
56517990 16411265
56517992 16411265
56517993 16411265
56518031 16411265
56518174 16411265
56519154 16411265
56519156 16411265
56519157 16411265
56519158 16411265
56520278 16411265
56520409 16411265
56521000 16411265
56524253 16411265
56519159 16411268
56519161 16411268
56517907 16411270
56517907 16411277
56517907 16411540
56517908 16411270
56517908 16411277
56517908 16411540
56518539 16411274
56518541 16411274
56518542 16411274
56518621 16411274
56518720 16411274
56520413 16411274
56517872 16411277
56517872 169448652
56517874 16411277
56517874 169448652
56517876 16411277
56517876 169448652
56517878 16411277
56517878 169448652
56517880 16411277
56517880 169448652
56517882 16411277
56517882 169448652
56517884 16411277
56517884 169448652
56518164 16411277
56518164 169448652
56518625 16411277
56518625 169448652
56518627 16411277
56518627 169448652
56518628 16411277
56518628 169448652
56518629 16411277
56518629 169448652
56518718 16411277
56518718 169448652
56518734 16411277
56518734 169448652
56520262 16411277
56520262 169448652
56520266 16411277
56520266 169448652
56520818 16411277
56520818 169448652
56520926 16411277
56520926 169448652
56521172 16411277
56521172 169448652
56524163 16411277
56524163 169448652
56524164 16411277
56524164 169448652
56524812 16411277
56524812 169448652
56518630 16411279
56517038 16411282
56522180 16411285
56514263 16411286
56514502 16411286
56518865 16411288
56517641 16411290
56517642 16411290
56517645 16411293
56517865 16411293
56518001 16411293
56518172 16411293
56520919 16411293
56523069 16411297
56522997 16411300
56522998 16411300
56524991 16411302
56514997 16411304
56516423 16411306
56522642 16411306
56522643 16411306
56514809 16411312
56514810 16411312
56514814 16411312
56521096 16411312
56523113 16411312
56524682 16411312
56524683 16411312
56514803 16411314
56514906 16411314
56523205 16411317
56522359 16411318
56521059 16411320
56514303 16411324
56514308 16411324
56514313 16411324
56522538 16411324
56523055 16411324
56523675 16411324
56523676 16411324
56523693 16411324
56514289 16411326
56524559 16411327
56519189 16411331
56515429 16411332
56515443 16411332
56516729 16411332
56521229 16411332
56523668 16411333
56516703 16411336
56516704 16411336
56524001 16411339
56524004 16411339
56524005 16411339
56519457 16411340
56524904 16411341
56524093 16411342
56522570 16411344
56516754 16411345
56516755 16411345
56525006 16411347
56525007 16411347
56522311 16411349
56522312 16411349
56514261 16411350
56518230 16411352
56522377 16411354
56524092 16411355
56522890 16411356
56517856 16411357
56517938 16411357
56514802 16411359
56521097 16411359
56515176 16411360
56521117 16411360
56524691 16411360
56516860 16411362
56517665 16411364
56517898 16411364
56524524 16411365
56516529 16411369
56518983 16411375
56518993 16411375
56519053 16411375
56519057 16411375
56519436 16411375
56524835 16411375
56517705 16411376
56523122 16411378
56517646 16411380
56520994 16411380
56515433 16411382
56515772 16411382
56517748 16411386
56517804 16411386
56524611 16411386
56524614 16411386
56524981 16411386
56524610 16411388
56517679 16411390
56517785 16411390
56522666 16411390
56522667 16411390
56515700 16411393
56521485 16411393
56514711 16411394
56514715 16411394
56515085 16411394
56523151 16411395
56523687 16411396
56517583 16411397
56523360 16411398
56518327 16411400
56518591 16411400
56522901 16411401
56522904 16411401
56522905 16411401
56516425 16411403
56514569 16411404
56518834 16411406
56514717 16411408
56525049 16411408
56522371 16411410
56523222 16411411
56514718 16411412
56514723 16411412
56515423 16411413
56522435 16411416
56524758 16411418
56518243 16411420
56518257 16411420
56518266 16411420
56518279 16411420
56518286 16411420
56518294 16411420
56518446 16411420
56518540 16411420
56518680 16411420
56520929 16411420
56524520 16411425
56518193 16411427
56521282 16411427
56516424 16411429
56516439 16411429
56524512 16411429
56518831 16411430
56518849 16411430
56522265 16411432
56522266 16411432
56521524 16411433
56522893 16411435
56518617 16411436
56518618 16411436
56523274 16411437
56518208 16411438
56522346 16411439
56514825 16411440
56518308 16411443
56523764 16411443
56524275 16411443
56516974 16411448
56516999 16411448
56517018 16411448
56521609 16411448
56521610 16411448
56521611 16411448
56522955 16411448
56522956 16411448
56523022 16411448
56523036 16411448
56523286 16411448
56523287 16411448
56523727 16411448
56524240 16411448
56524241 16411448
56522635 16411450
56523108 16411451
56517564 16411453
56517931 16411453
56515853 16411454
56516143 16411454
56516145 16411454
56516363 16411456
56516765 16411456
56524530 16411456
56514734 16411458
56514735 16411458
56514996 16411458
56516521 16411460
56516802 16411465
56516803 16411465
56514326 16411468
56519370 16411470
56517983 16411474
56517558 16411476
56517560 16411476
56521028 16411476
56521029 16411476
56514748 16411480
56524677 16411480
56514760 16411481
56514893 16411481
56514761 16411483
56514741 16411485
56519447 16411487
56519451 16411487
56518847 16411490
56519306 16411490
56524228 16411491
56516002 16411492
56516185 16411492
56516186 16411494
56514738 16411495
56524607 16411496
56524608 16411496
56524552 16411497
56524553 16411497
56524732 16411500
56516441 16411501
56516884 16411501
56522914 16411501
56522531 16411502
56516857 16411503
56515434 16411504
56524643 16411506
56516315 16411508
56524679 16411513
56515412 16411515
56515415 16411515
56515430 16411515
56515725 16411515
56515814 16411515
56514799 16411522
56523625 16411522
56523627 16411522
56523628 16411522
56522542 16411524
56522250 16411527
56524974 16411530
56518892 16411533
56518898 16411533
56521314 16411533
56522913 16411534
56524250 16411535
56524582 16411536
56524857 16411538
56518287 16411539
56518289 16411539
56517503 16411540
56516373 16411542
56516721 16411542
56521478 16411542
56522387 16411543
56516668 16411549
56524754 16411549
56523078 16411551
56518269 16411553
56518292 16411553
56518440 16411553
56518536 16411553
56518610 16411553
56524389 16411557
56524390 16411557
56514236 16411561
56514236 16610493
56514385 16411561
56514385 16610493
56514483 16411561
56514483 16610493
56516735 16411562
56521327 16411562
56523116 16411568
56515211 16411569
56515211 16411572
56519333 16411569
56519333 16411572
56519336 16411569
56519336 16411572
56519340 16411569
56519340 16411572
56519521 16411569
56519521 16411572
56518318 16411572
56518329 16411572
56518343 16411572
56518593 16411572
56524635 16411572
56524638 16411572
56524642 16411572
56524644 16411572
56525044 16411572
56525045 16411572
56515213 16411572
56515213 16411576
56515226 16411572
56515226 16411576
56515590 16411572
56515590 16411576
56521194 16411572
56521194 16411577
56518385 16411572
56518385 16411583
56524273 16411572
56524273 16411583
56521470 16411585
56516698 16411586
56524463 16411588
56519402 16411592
56519404 16411592
56521225 16411592
56516769 16411594
56522776 16411595
56523032 16411596
56522816 16411598
56524188 16411598
56523613 16411601
56524084 16411601
56524232 16411601
56517984 16411605
56521320 16411605
56514733 16411607
56514935 16411607
56515010 16411607
56524689 16411607
56519870 16411611
56522415 16411614
56521898 16411615
56524473 16411626
56515439 16411627
56522886 16411629
56522888 16411629
56522889 16411629
56522891 16411629
56522892 16411629
56522854 16411631
56514526 16411632
56515167 16411650
56515178 16411650
56515571 16411650
56518389 16411650
56518395 16411650
56518409 16411650
56518422 16411650
56518438 16411650
56518519 16411650
56519307 16411650
56519319 16411650
56519323 16411650
56519328 16411650
56519332 16411650
56519629 16411650
56519648 16411650
56520423 16411650
56521212 16411650
56521213 16411650
56521214 16411650
56523135 16411650
56523136 16411650
56524994 16411650
56514705 16411652
56514710 16411652
56517625 16411654
56517633 16411654
56517636 16411654
56517639 16411654
56517890 16411654
56517561 16411656
56517565 16411656
56517577 16411656
56517936 16411656
56514242 16411663
56523758 16411663
56523759 16411663
56517626 16411666
56517906 16411666
56520961 16411666
56515190 16411668
56524281 16411672
56517578 16411675
56517581 16411675
56517765 16411675
56522881 16411678
56521445 16411679
56523393 16411679
56523395 16411679
56523547 16411679
56523550 16411679
56523551 16411679
56523553 16411679
56523554 16411679
56521301 16411683
56514262 16411686
56521712 16411686
56524670 16411686
56518248 16411689
56518259 16411689
56518268 16411689
56518284 16411689
56518444 16411689
56518538 16411689
56524265 16411689
56524578 16411689
56524586 16411689
56524587 16411689
56524806 16411689
56518229 16411692
56518236 16411692
56518242 16411692
56516451 16411693
56516375 16411694
56516444 16411696
56522364 16411698
56522384 16411699
56522400 16411701
56523099 16411704
56522426 16411705
56522427 16411705
56523425 16411709
56524191 16411709
56518841 16411710
56518357 16411714
56518363 16411714
56518373 16411714
56521179 16411714
56521180 16411714
56523887 16411714
56517698 16411717
56517702 16411717
56517824 16411717
56518046 16411717
56518374 16411717
56520921 16411717
56518500 16411719
56518648 16411719
56518639 16411720
56516799 16411721
56516497 16411722
56518606 16411724
56518607 16411724
56524543 16411724
56523005 16411725
56516798 16411727
56522800 16411728
56524184 16411730
56521528 16411738
56521529 16411738
56521534 16411738
56523008 16411739
56523010 16411739
56523011 16411739
56517624 16411742
56517637 16411742
56518002 16411742
56518003 16411742
56518166 16411742
56520810 16411742
56520991 16411742
56523049 16411742
56523050 16411742
56518298 16411744
56516382 16411746
56516747 16411747
56516750 16411747
56516469 16411748
56517694 16411749
56517963 16411751
56520918 16411751
56522323 16411751
56521329 16411752
56518283 16411753
56518681 16411753
56523841 16411755
56523842 16411755
56524519 16411757
56522782 16411759
56522861 16411761
56523648 16411764
56515897 16411765
56516209 16411765
56523150 16411769
56522658 16411770
56515158 16411772
56520824 16411774
56522709 16411774
56515080 16411775
56523072 16411776
56515408 16411778
56515420 16411778
56515448 16411778
56515720 16411778
56515723 16411778
56516364 16411778
56516369 16411778
56516377 16411778
56516385 16411778
56516767 16411778
56521875 16411778
56521997 16411778
56521998 16411778
56523324 16411782
56523329 16411782
56523330 16411782
56522833 16411784
56517552 16411786
56524301 16411788
56518313 16411789
56518320 16411791
56518135 16411793
56520924 16411793
56524623 16411795
56514504 16411796
56516405 16411797
56516856 16411798
56515171 16411799
56521123 16411799
56514752 16411801
56514851 16411801
56514858 16411801
56517812 16411805
56522260 16411807
56522986 16411809
56524178 16411811
56518410 16411814
56521027 16411814
56521209 16411814
56523941 16411816
56520896 16411820
56521154 16411820
56522743 16411822
56516208 16411824
56518760 16411827
56518762 16411827
56518777 16411827
56518815 16411829
56516756 16411830
56524526 16411830
56524591 16411832
56524592 16411832
56521844 16411837
56521565 16411842
56516496 16411843
56516502 16411845
56524374 16411848
56524375 16411848
56524511 16411849
56517816 16411855
56518144 16411855
56523048 16411858
56522671 16411860
56524422 16411860
56524423 16411860
56525046 16411861
56520729 16411863
56522467 16411867
56524436 16411867
56524437 16411867
56524810 16411867
56518631 16411870
56514301 16411874
56519010 16411879
56519077 16411879
56516371 16411880
56515321 16411882
56523975 16411882
56524227 16411884
56524880 16411889
56514740 16411891
56523145 16411893
56515945 16411895
56520519 16411895
56514320 16411898
56514431 16411898
56514449 16411898
56522756 16411898
56523147 16411898
56523148 16411898
56524673 16411898
56522662 16411900
56517432 16411902
56517609 16411903
56517860 16411903
56517972 16411903
56518150 16411903
56521245 16411903
56516467 16411905
56523933 16411905
56523934 16411905
56518263 16411906
56518270 16411906
56518282 16411906
56523143 16411908
56517229 16411912
56522823 16411915
56522825 16411915
56522826 16411915
56518004 16411916
56518265 16411918
56518267 16411918
56524546 16411918
56515421 16411919
56515428 16411919
56515442 16411919
56521156 16411923
56519045 16411926
56521311 16411926
56514719 16411928
56524924 16411931
56524925 16411931
56514265 16411933
56521721 16411933
56523068 16411933
56524669 16411933
56521181 16411934
56522505 16411934
56522506 16411934
56521481 16411936
56515908 16411940
56515921 16411940
56515923 16411940
56515924 16411940
56515913 16411942
56514753 16411949
56523679 16411949
56514808 16411953
56514899 16411953
56514910 16411953
56515047 16411953
56523586 16411953
56523587 16411953
56518423 16411957
56518405 16411964
56518416 16411964
56518516 16411964
56518387 16411966
56515363 16411967
56515694 16411967
56520680 16411967
56514708 16411971
56514709 16411971
56514999 16411971
56515084 16411971
56523427 16411972
56522532 16411974
56522533 16411974
56515926 16411979
56516245 16411984
56516248 16411984
56519442 16411986
56519674 16411986
56522075 16411986
56522078 16411986
56522079 16411986
56522081 16411986
56522248 16411986
56522252 16411986
56522258 16411986
56522261 16411986
56522262 16411986
56523070 16411986
56524843 16411988
56522963 16411990
56514680 16411993
56514683 16411993
56514687 16411993
56514965 16411993
56514971 16411993
56514887 16411995
56515083 16411995
56514669 16411998
56514679 16411998
56514938 16411998
56515431 16412001
56515436 16412001
56515437 16412001
56515449 16412001
56522859 16412002
56522860 16412002
56514336 16412005
56518058 16412007
56522313 16412008
56518370 16412015
56518532 16412015
56523166 16412015
56518216 16412017
56518615 16412017
56524703 16412021
56524705 16412021
56519003 16412023
56519005 16412023
56519123 16412023
56521358 16412023
56518998 16412027
56519120 16412027
56517010 16412031
56517011 16412031
56521603 16412031
56523728 16412034
56515615 16412035
56515797 16412035
56516434 16412036
56524637 16412037
56514721 16412038
56517712 16412040
56518063 16412040
56516760 16412041
56521239 16412043
56524788 16412043
56517716 16412046
56521264 16412046
56524792 16412046
56515416 16412047
56515427 16412047
56515770 16412047
56522170 16412048
56514660 16412050
56516386 16412051
56514747 16412055
56514759 16412055
56514863 16412055
56521108 16412055
56514318 16412058
56517612 16412063
56517612 16610891
56517618 16412063
56517618 16610891
56518225 16412063
56518225 16610891
56518305 16412063
56518305 16610891
56518457 16412063
56518457 16610891
56518543 16412063
56518543 16610891
56518589 16412063
56518589 16610891
56521173 16412063
56521173 16610891
56522759 16412065
56522760 16412065
56522798 16412068
56522799 16412068
56518352 16412072
56524665 16412074
56517437 16412076
56517507 16412076
56517518 16412076
56522907 16412079
56522908 16412079
56515718 16412080
56515719 16412080
56518965 16412081
56516396 16412084
56516411 16412084
56516753 16412084
56516863 16412084
56516887 16412084
56516792 16412085
56516064 16412089
56523354 16412089
56524739 16412089
56514564 16412094
56517621 16412096
56515982 16412098
56515947 16412101
56515956 16412101
56515969 16412101
56515976 16412101
56516121 16412101
56515936 16412102
56519865 16412105
56519867 16412111
56519868 16412111
56518936 16412118
56518948 16412118
56519039 16412118
56521360 16412118
56524283 16412118
56524284 16412118
56518981 16412121
56518992 16412121
56519051 16412121
56523411 16412121
56519850 16412126
56519859 16412126
56520102 16412126
56521357 16412126
56514245 16412127
56514497 16412127
56521845 16412127
56524898 16412127
56515616 16412129
56524202 16412131
56523421 16412133
56523644 16412136
56523645 16412136
56524031 16412136
56524032 16412136
56523063 16412137
56517627 16412138
56524107 16412143
56522794 16412145
56524181 16412145
56522909 16412148
56522812 16412150
56514270 16412158
56521727 16412158
56524668 16412158
56522558 16412160
56518226 16412162
56518228 16412162
56518237 16412162
56523603 16412164
56516362 16412165
56522810 16412167
56517097 16412168
56517098 16412168
