26504766 111783961
26504766 129834009
26504766 16574709
26504766 51153249
26504448 111783968
26504448 129834080
26504448 16574204
26511285 111783968
26511285 129834080
26511285 16574204
26511286 111783968
26511286 129834080
26511286 16574204
26511304 111783968
26511304 129834080
26511304 16574204
26511335 111783968
26511335 129834080
26511335 16574204
26511336 111783968
26511336 129834080
26511336 16574204
26506912 111801870
26506912 16574279
26506981 111801870
26506981 16574279
26507028 111801870
26507028 16574279
26509202 111801870
26509202 16574279
26512024 111801870
26512024 16574279
26512026 111801870
26512026 16574279
26507225 111801889
26507225 16573564
26507225 99481339
26507225 99481355
26507473 111801889
26507473 16573564
26507473 99481339
26507473 99481355
26511673 111801889
26511673 16573564
26511673 99481339
26511673 99481355
26511677 111801889
26511677 16573564
26511677 99481339
26511677 99481355
26511680 111801889
26511680 16573564
26511680 99481339
26511680 99481355
26511681 111801889
26511681 16573564
26511681 99481339
26511681 99481355
26506429 111801899
26506429 111801945
26506429 16574650
26506440 111801899
26506440 111801945
26506440 16574650
26506605 111801899
26506605 111801945
26506605 16574650
26506614 111801899
26506614 111801945
26506614 16574650
26506617 111801899
26506617 111801945
26506617 16574650
26506756 111801899
26506756 111801945
26506756 16574650
26507535 111801899
26507535 111801945
26507535 16574650
26511683 111801899
26511683 111801945
26511683 16574650
26511685 111801899
26511685 111801945
26511685 16574650
26511694 111801899
26511694 111801945
26511694 16574650
26511695 111801899
26511695 111801945
26511695 16574650
26511810 111801899
26511810 111801945
26511810 16574650
26511811 111801899
26511811 111801945
26511811 16574650
26511830 111801899
26511830 111801945
26511830 16574650
26511836 111801899
26511836 111801945
26511836 16574650
26512139 111801899
26512139 111801945
26512139 16574650
26512141 111801899
26512141 111801945
26512141 16574650
26506483 112017192
26506483 16573369
26506494 112017192
26506494 16573369
26506499 112017192
26506499 16573369
26506501 112017192
26506501 16573369
26506526 112017192
26506526 16573369
26506528 112017192
26506528 16573369
26506543 112017192
26506543 16573369
26506554 112017192
26506554 16573369
26507238 112017192
26507238 16573369
26507242 112017192
26507242 16573369
26507264 112017192
26507264 16573369
26504543 112017302
26504543 16572569
26504546 112017302
26504546 16572569
26504551 140425859
26504551 16573781
26504555 140425859
26504555 16573781
26504568 140425859
26504568 16573781
26504584 140425859
26504584 16573781
26504592 140425859
26504592 16573781
26504599 140425859
26504599 16573781
26504600 140425859
26504600 16573781
26505116 140425859
26505116 16573781
26505157 140425859
26505157 16573781
26510194 140425859
26510194 16573781
26509579 16572509
26509510 16572513
26506480 16572519
26506487 16572519
26506724 16572519
26506782 16572519
26511943 16572519
26511944 16572519
26511950 16572519
26510974 16572522
26504635 16572526
26505052 16572526
26505054 16572526
26510059 16572529
26510062 16572529
26510066 16572529
26510067 16572529
26506935 16572533
26509192 16572533
26505131 16572536
26509104 16572536
26510247 16572538
26510251 16572538
26507922 16572540
26507927 16572540
26509226 16572540
26511042 16572543
26510190 16572546
26510189 16572549
26510191 16572549
26510192 16572549
26506470 16572555
26506496 16572555
26506498 16572555
26506508 16572555
26506515 16572555
26506620 16572555
26506649 16572555
26506718 16572555
26507243 16572555
26507266 16572555
26509172 16572555
26511970 16572555
26511972 16572555
26511975 16572555
26505736 16572557
26509307 16572557
26509309 16572557
26508025 16572559
26504548 16572566
26504556 16572566
26504559 16572566
26504573 16572566
26504586 16572566
26504619 16572566
26504867 16572566
26505166 16572566
26505195 16572566
26508111 16572566
26508899 16572566
26511185 16572571
26511186 16572571
26511187 16572571
26504204 16572578
26504231 16572578
26504281 16572578
26509732 16572578
26509733 16572578
26510880 16572578
26510890 16572578
26510891 16572578
26510893 16572578
26511462 16572581
26507998 16572584
26511087 16572585
26507029 16572587
26507663 16572589
26507664 16572589
26511283 16572590
26511399 16572591
26511287 16572593
26507534 16572594
26509381 16572597
26511596 16572599
26509497 16572601
26509499 16572603
26509387 16572610
26509388 16572610
26507621 16572612
26507622 16572612
26509586 16572617
26511686 16572619
26511466 16572623
26511991 16572625
26511999 16572625
26512000 16572625
26511135 16572626
26509896 16572627
26511997 16572628
26509452 16572631
26511440 16572634
26511667 16572637
26511554 16572639
26509455 16572643
26505891 16572650
26508029 16572650
26508035 16572650
26509230 16572650
26509458 16572654
26509459 16572654
26509461 16572654
26511446 16572656
26509870 16572658
26509873 16572661
26511973 16572663
26511976 16572664
26509877 16572666
26511118 16572670
26511979 16572671
26511531 16572672
26509433 16572676
26509434 16572676
26511533 16572678
26506190 16572680
26506376 16572681
26511535 16572681
26511423 16572683
26511314 16572685
26509109 16572687
26511730 16572689
26511731 16572689
26509745 16572692
26511511 16572695
26511737 16572699
26511400 16572703
26511514 16572706
26511407 16572709
26509308 16572711
26506177 16572714
26506356 16572714
26509944 16572716
26511931 16572721
26511932 16572721
26511934 16572723
26506590 16572724
26506797 16572724
26511712 16572725
26511715 16572726
26511602 16572727
26504384 16572734
26504388 16572734
26504390 16572734
26504392 16572734
26504394 16572734
26504396 16572734
26504398 16572734
26504961 16572734
26504963 16572734
26504965 16572734
26504977 16572734
26504983 16572734
26504985 16572734
26507495 16572734
26507660 16572734
26507661 16572734
26507713 16572734
26509617 16572734
26509623 16572734
26510045 16572734
26510048 16572734
26510049 16572734
26510069 16572734
26510070 16572734
26511213 16572734
26511244 16572734
26511245 16572734
26511368 16572734
26506372 16572736
26511529 16572736
26509811 16572738
26509813 16572742
26506798 16572744
26511919 16572746
26511808 16572748
26506350 16572750
26511809 16572752
26506352 16572753
26509900 16572754
26509901 16572754
26506770 16572756
26506775 16572758
26506445 16572761
26506225 16572764
26506292 16572764
26506757 16572765
26506759 16572767
26506099 16572768
26510080 16572768
26505044 16572773
26510170 16572773
26510173 16572773
26510176 16572774
26510484 16572775
26504430 16572776
26504432 16572779
26510375 16572783
26504214 16572786
26504219 16572786
26504215 16572788
26510792 16572789
26508121 16572791
26510681 16572794
26506800 16572795
26506805 16572796
26510240 16572797
26506807 16572799
26504524 16572803
26504413 16572804
26504302 16572810
26507489 16572810
26510132 16572820
26510133 16572824
26510249 16572828
26505197 16572832
26505241 16572832
26510889 16572833
26505087 16572836
26504612 16572839
26510444 16572842
26510335 16572844
26504505 16572845
26510361 16572845
26504508 16572847
26510114 16572849
26510227 16572851
26510117 16572855
26510750 16572857
26510642 16572858
26510646 16572860
26511341 16572860
26510647 16572861
26510535 16572863
26510536 16572863
26510537 16572865
26505816 16572866
26510424 16572866
26512161 16572867
26510204 16572868
26512051 16572870
26505150 16572871
26510843 16572872
26510845 16572874
26512059 16572875
26512062 16572875
26505156 16572876
26510848 16572878
26505045 16572879
26505046 16572881
26505047 16572881
26505461 16572882
26509353 16572882
26510408 16572883
26510409 16572885
26512031 16572889
26512033 16572889
26510937 16572891
26510604 16572892
26510606 16572894
26512122 16572895
26510913 16572897
26510801 16572898
26510804 16572899
26505860 16572900
26505862 16572902
26505007 16572903
26512105 16572905
26505839 16572908
26505840 16572908
26507214 16572908
26507075 16572910
26505933 16572913
26505825 16572916
26505827 16572918
26505911 16572923
26505912 16572923
26505915 16572923
26505808 16572925
26507010 16572927
26507542 16572929
26511237 16572932
26511380 16572932
26509281 16572935
26511385 16572936
26511272 16572937
26507850 16572938
26511276 16572939
26511167 16572941
26511693 16572942
26509483 16572947
26509484 16572947
26509485 16572949
26509372 16572950
26509375 16572951
26507720 16572952
26512199 16572952
26512200 16572952
26504647 16572955
26507727 16572955
26511563 16572956
26511676 16572957
26511679 16572958
26509356 16572959
26511456 16572961
26511120 16572962
26504751 16572963
26509246 16572963
26507925 16572965
26509998 16572966
26511985 16572967
26511239 16572968
26511650 16572969
26509552 16572970
26509779 16572971
26511769 16572973
26506092 16572975
26511961 16572977
26509862 16572979
26509751 16572980
26511963 16572982
26509867 16572984
26509755 16572985
26511109 16572986
26511742 16572988
26511630 16572990
26509531 16572991
26509759 16572992
26511634 16572993
26509423 16572994
26511748 16572995
26509311 16572996
26505103 16572998
26509539 16572998
26509428 16572999
26509316 16573001
26509950 16573003
26509952 16573005
26509841 16573006
26511949 16573008
26511724 16573009
26511725 16573009
26509407 16573012
26506388 16573015
26506168 16573017
26509936 16573021
26511702 16573022
26511928 16573024
26511706 16573027
26509607 16573028
26506362 16573029
26504191 16573031
26511709 16573032
26506783 16573033
26506234 16573035
26506235 16573035
26506349 16573036
26506542 16573038
26506211 16573039
26506212 16573042
26506100 16573044
26506102 16573045
26506104 16573046
26506854 16573047
26510181 16573050
26510297 16573052
26510298 16573052
26504991 16573055
26510076 16573060
26504993 16573062
26504999 16573064
26506835 16573066
26506836 16573066
26510275 16573070
26506504 16573072
26510167 16573075
26510169 16573077
26510473 16573079
26510587 16573081
26510365 16573084
26504425 16573085
26505037 16573088
26510147 16573088
26505091 16573090
26510037 16573092
26505093 16573094
26510787 16573096
26505098 16573097
26510459 16573098
26510234 16573100
26510123 16573101
26512082 16573103
26510011 16573105
26512086 16573106
26505070 16573108
26510547 16573110
26510434 16573111
26510435 16573111
26510211 16573112
26510214 16573113
26510217 16573114
26510218 16573119
26510219 16573119
26510109 16573123
26510742 16573125
26510745 16573128
26510633 16573131
26505058 16573135
26510411 16573138
26510526 16573140
26510304 16573142
26510305 16573142
26512151 16573143
26510943 16573147
26512158 16573150
26505031 16573154
26510729 16573155
26512242 16573156
26510926 16573157
26510701 16573159
26505014 16573162
26505874 16573164
26505439 16573167
26505658 16573167
26512113 16573169
26512001 16573170
26505213 16573173
26512009 16573175
26505418 16573179
26505965 16573179
26505106 16573181
26505854 16573183
26505856 16573184
26505834 16573186
26505836 16573188
26505838 16573190
26505921 16573191
26508374 16573195
26508375 16573195
26509624 16573198
26509625 16573198
26512017 16573202
26512071 16573203
26510739 16573205
26510741 16573206
26510953 16573208
26505878 16573209
26506448 16573213
26506471 16573213
26506484 16573213
26506741 16573213
26511664 16573213
26511665 16573213
26506665 16573216
26509888 16573216
26509894 16573216
26509895 16573216
26506488 16573224
26506489 16573224
26506505 16573224
26506509 16573224
26506514 16573224
26506522 16573224
26506530 16573224
26506628 16573224
26506771 16573224
26506772 16573224
26511424 16573226
26511426 16573226
26504666 16573227
26510796 16573228
26512097 16573231
26506469 16573234
26506840 16573234
26511698 16573234
26504206 16573235
26509501 16573237
26506166 16573246
26506167 16573246
26506464 16573246
26506513 16573246
26506521 16573246
26506727 16573246
26508510 16573246
26509181 16573246
26511739 16573246
26511752 16573246
26511753 16573246
26511756 16573246
26511760 16573246
26511405 16573250
26511406 16573250
26510549 16573252
26511691 16573253
26511691 38453019
26511692 16573253
26511692 38453019
26504527 16573257
26510359 16573257
26506589 16573260
26506661 16573260
26509186 16573260
26504535 16573265
26505000 16573265
26505109 16573265
26510752 16573265
26510883 16573267
26510546 16573269
26510548 16573269
26510320 16573271
26509537 16573273
26509727 16573274
26504247 16573275
26504247 16573277
26504249 16573275
26504249 16573277
26504361 16573275
26504361 16573277
26504389 16573275
26504389 16573277
26511281 16573275
26511281 16573277
26511284 16573275
26511284 16573277
26511275 16573277
26511277 16573277
26505523 16573278
26505723 16573278
26504663 16573280
26511617 16573281
26504580 16573283
26504585 16573283
26510731 16573283
26510772 16573285
26510773 16573285
26509708 16573286
26506208 16573288
26506215 16573288
26506217 16573288
26506283 16573288
26508547 16573288
26508548 16573288
26511574 16573288
26511575 16573288
26512027 16573289
26507823 16573293
26508018 16573293
26509495 16573293
26506347 16573297
26506414 16573297
26506740 16573297
26506742 16573297
26506744 16573297
26506746 16573297
26506748 16573297
26506750 16573297
26506751 16573297
26506838 16573297
26506866 16573297
26506870 16573297
26511362 16573297
26511635 16573297
26511722 16573297
26511728 16573297
26511729 16573297
26512124 16573297
26509482 16573298
26505079 16573299
26507045 16573301
26507048 16573301
26507050 16573301
26512096 16573303
26511038 16573305
26511039 16573305
26506492 16573307
26511828 16573310
26504186 16573311
26504349 16573311
26504187 16573317
26504652 16573317
26504893 16573317
26505225 16573317
26507192 16573317
26509595 16573317
26511367 16573317
26506570 16573318
26505026 16573321
26505134 16573321
26505137 16573321
26504588 16573322
26506876 16573324
26507551 16573324
26511800 16573324
26512126 16573325
26506047 16573333
26506051 16573333
26509966 16573333
26511494 16573334
26505074 16573338
26510687 16573338
26511340 16573340
26509140 16573342
26510465 16573342
26510466 16573342
26510472 16573342
26510474 16573342
26510825 16573343
26504182 16573348
26504218 16573348
26509663 16573348
26509707 16573348
26509709 16573348
26509715 16573348
26509719 16573348
26509720 16573348
26507596 16573351
26507597 16573351
26504578 16573352
26504587 16573352
26504607 16573352
26509268 16573352
26510747 16573352
26507538 16573354
26509589 16573355
26509590 16573355
26509592 16573355
26509593 16573355
26504657 16573357
26510947 16573359
26506438 16573374
26506612 16573374
26505653 16573377
26505531 16573379
26505598 16573379
26505950 16573379
26509291 16573379
26510967 16573379
26510976 16573379
26510979 16573379
26510982 16573379
26505750 16573381
26505797 16573381
26509292 16573381
26504640 16573383
26505199 16573383
26504764 16573391
26506044 16573391
26507669 16573391
26507670 16573391
26509980 16573391
26509981 16573391
26509984 16573391
26509985 16573391
26505375 16573394
26507130 16573394
26505501 16573395
26505420 16573399
26505550 16573399
26505451 16573402
26509187 16573410
26512073 16573410
26512075 16573410
26511266 16573415
26511270 16573415
26511271 16573415
26510916 16573417
26510921 16573417
26505146 16573418
26512040 16573420
26512044 16573420
26512047 16573420
26505560 16573423
26505861 16573423
26505484 16573425
26505492 16573425
26505496 16573425
26505919 16573425
26505920 16573425
26509243 16573425
26506456 16573426
26510879 16573427
26510763 16573428
26510774 16573428
26510775 16573428
26511240 16573429
26505817 16573432
26509496 16573432
26509498 16573435
26504572 16573437
26511958 16573439
26511204 16573443
26511205 16573443
26504679 16573446
26507681 16573446
26509118 16573446
26510951 16573448
26510952 16573448
26510765 16573451
26511302 16573453
26505877 16573455
26510675 16573457
26504757 16573460
26511572 16573464
26511573 16573464
26506194 16573466
26506256 16573466
26504210 16573470
26504210 36845958
26504210 36845959
26504213 16573470
26504213 36845958
26504213 36845959
26504221 16573470
26504221 36845958
26504221 36845959
26504278 16573470
26504278 36845958
26504278 36845959
26509133 16573474
26511111 16573474
26506449 16573475
26504829 16573479
26509124 16573479
26507492 16573483
26504542 16573486
26505160 16573486
26504537 16573491
26511497 16573493
26504716 16573498
26507677 16573498
26510119 16573498
26510120 16573498
26510121 16573498
26510122 16573498
26505321 16573507
26505353 16573507
26505376 16573507
26505391 16573507
26505755 16573507
26505784 16573507
26509125 16573507
26506124 16573511
26506131 16573511
26508515 16573511
26506422 16573517
26508971 16573517
26511920 16573517
26511925 16573517
26511926 16573517
26511927 16573517
26505499 16573520
26509717 16573521
26504122 16573529
26504123 16573529
26504127 16573529
26504137 16573529
26504315 16573529
26504319 16573529
26505446 16573536
26505447 16573536
26505448 16573536
26505669 16573536
26505677 16573536
26510657 16573539
26510658 16573539
26511026 16573542
26511027 16573542
26511028 16573542
26504598 16573547
26505283 16573547
26509240 16573547
26505200 16573549
26507610 16573553
26507611 16573553
26505443 16573558
26505687 16573558
26510423 16573558
26510431 16573558
26510440 16573558
26512039 16573561
26506523 16573567
26506626 16573567
26506343 16573569
26506361 16573569
26511357 16573569
26504912 16573573
26507654 16573573
26507707 16573573
26510112 16573573
26510115 16573573
26505507 16573575
26505510 16573575
26508031 16573575
26508032 16573575
26508046 16573575
26508047 16573575
26508049 16573575
26508050 16573575
26505053 16573576
26505238 16573576
26509983 16573579
26508986 16573583
26508988 16573583
26511988 16573583
26511996 16573583
26511998 16573583
26512007 16573583
26505295 16573586
26508948 16573586
26510527 16573588
26504487 16573590
26509334 16573591
26511077 16573592
26510550 16573594
26505475 16573596
26505493 16573596
26505500 16573596
26505922 16573596
26508461 16573597
26510585 16573597
26511079 16573598
26511080 16573598
26511083 16573598
26505346 16573599
26505357 16573599
26505486 16573601
26504614 16573602
26508136 16573603
26505333 16573605
26505773 16573605
26507795 16573606
26507798 16573606
26506173 16573611
26506248 16573611
26507543 16573611
26509169 16573611
26511356 16573611
26511358 16573611
26511624 16573611
26511628 16573611
26511631 16573611
26505003 16573613
26506883 16573615
26506924 16573615
26510441 16573618
26511641 16573620
26511581 16573623
26505968 16573627
26511101 16573631
26511103 16573631
26511104 16573631
26511696 16573633
26509365 16573637
26509366 16573637
26511390 16573642
26512103 16573646
26506271 16573649
26506276 16573649
26512156 16573649
26512159 16573649
26512160 16573649
26504451 16573651
26506041 16573653
26509535 16573653
26509536 16573653
26505049 16573655
26505050 16573655
26510712 16573656
26505584 16573657
26508141 16573657
26508142 16573657
26506454 16573658
26506461 16573658
26506737 16573658
26506834 16573658
26511797 16573658
26506189 16573665
26506189 16574135
26506193 16573665
26506193 16574135
26506209 16573665
26506209 16574135
26506213 16573665
26506213 16574135
26506218 16573665
26506218 16574135
26506224 16573665
26506224 16574135
26506226 16573665
26506226 16574135
26506255 16573665
26506255 16574135
26506281 16573665
26506281 16574135
26506348 16573665
26506348 16574135
26506381 16573665
26506381 16574135
26509156 16573665
26509156 16574135
26511562 16573665
26511562 16574135
26511564 16573665
26511564 16574135
26511565 16573665
26511565 16574135
26511566 16573665
26511566 16574135
26511578 16573665
26511578 16574135
26511579 16573665
26511579 16574135
26511580 16573665
26511580 16574135
26511604 16573665
26511604 16574135
26511610 16573665
26511610 16574135
26511612 16573665
26511612 16574135
26511615 16573665
26511615 16574135
26511616 16573665
26511616 16574135
26509502 16573666
26510710 16573668
26510711 16573668
26511189 16573669
26506882 16573670
26506885 16573670
26511982 16573670
26511983 16573670
26511984 16573670
26511191 16573673
26506842 16573675
26506849 16573675
26511804 16573675
26511805 16573675
26505206 16573677
26504129 16573679
26510042 16573681
26507369 16573683
26509591 16573685
26508946 16573689
26504132 16573692
26509868 16573692
26509871 16573692
26509872 16573692
26509450 16573693
26509451 16573693
26509453 16573693
26509454 16573693
26505481 16573695
26505483 16573695
26505930 16573695
26509086 16573696
26506524 16573699
26506535 16573699
26506630 16573702
26511708 16573702
26511711 16573702
26511713 16573702
26511714 16573702
26511721 16573702
26511726 16573702
26511727 16573702
26511733 16573702
26511747 16573702
26511749 16573702
26506495 16573704
26504626 16573705
26508902 16573705
26509277 16573705
26504374 16573708
26504397 16573708
26504197 16573716
26506389 16573719
26504526 16573722
26512048 16573725
26511033 16573727
26510225 16573730
26504654 16573740
26504659 16573740
26504678 16573740
26504691 16573740
26504818 16573740
26505527 16573740
26505530 16573740
26505537 16573740
26505538 16573740
26505593 16573740
26505747 16573740
26505801 16573740
26507183 16573740
26507195 16573740
26507351 16573740
26507400 16573740
26507564 16573740
26509115 16573740
26509511 16573740
26509580 16573740
26509583 16573740
26510654 16573740
26510655 16573740
26504591 16573743
26505121 16573743
26505126 16573743
26504693 16573750
26504710 16573750
26504714 16573750
26504717 16573750
26505086 16573750
26505148 16573750
26507186 16573750
26507199 16573750
26507638 16573750
26507694 16573750
26507704 16573750
26510073 16573750
26510074 16573750
26511019 16573750
26512226 16573750
26512227 16573750
26512228 16573750
26512229 16573750
26509418 16573753
26509721 16573755
26510759 16573758
26504494 16573759
26510818 16573761
26510822 16573761
26508120 16573763
26508113 16573764
26510718 16573766
26505388 16573768
26504628 16573770
26509330 16573773
26506550 16573774
26505468 16573776
26505469 16573776
26505470 16573776
26505539 16573776
26505913 16573776
26509284 16573776
26506463 16573777
26506837 16573777
26511701 16573777
26511703 16573777
26507605 16573779
26504381 16573782
26509605 16573782
26509606 16573782
26510907 16573785
26510981 16573787
26511485 16573788
26509221 16573790
26510012 16573790
26506585 16573794
26506806 16573794
26505533 16573797
26505534 16573797
26505595 16573797
26505795 16573797
26505508 16573800
26506844 16573802
26506845 16573802
26505902 16573803
26504203 16573807
26504283 16573807
26504285 16573807
26511576 16573811
26505416 16573816
26505422 16573816
26505553 16573816
26505650 16573816
26505654 16573816
26505847 16573816
26504536 16573819
26504539 16573819
26505164 16573819
26510722 16573819
26506547 16573823
26505168 16573825
26505170 16573825
26505171 16573825
26505173 16573825
26505273 16573825
26504745 16573828
26504758 16573828
26505097 16573828
26507846 16573828
26510009 16573828
26512149 16573828
26512150 16573828
26506527 16573833
26506538 16573833
26506713 16573833
26509212 16573833
26511838 16573835
26511844 16573835
26505347 16573836
26505349 16573836
26505351 16573836
26505352 16573836
26504528 16573839
26504531 16573839
26504532 16573839
26505163 16573839
26505259 16573839
26510660 16573843
26510663 16573843
26510664 16573843
26505009 16573845
26504732 16573846
26504738 16573846
26505218 16573846
26507697 16573850
26507698 16573850
26510794 16573850
26510795 16573850
26510799 16573850
26510802 16573850
26510803 16573850
26510807 16573850
26506555 16573859
26506563 16573859
26506654 16573859
26504557 16573863
26504865 16573863
26505178 16573863
26505120 16573864
26511965 16573866
26504577 16573867
26505207 16573867
26504642 16573869
26504885 16573869
26509596 16573869
26505445 16573873
26505671 16573873
26505826 16573873
26505503 16573874
26512029 16573877
26507361 16573880
26505257 16573883
26510819 16573883
26510820 16573883
26510823 16573883
26510824 16573883
26505474 16573885
26505498 16573885
26505502 16573885
26505506 16573885
26505926 16573885
26508174 16573885
26508175 16573885
26509329 16573885
26509331 16573885
26505051 16573887
26511408 16573889
26511937 16573890
26512091 16573891
26512093 16573891
26512095 16573891
26505889 16573893
26505890 16573893
26508045 16573893
26505516 16573894
26509322 16573894
26509323 16573894
26509788 16573895
26509800 16573897
26509806 16573897
26509807 16573897
26504184 16573900
26504207 16573900
26504225 16573900
26504351 16573900
26504385 16573900
26509603 16573900
26509604 16573900
26509631 16573900
26509632 16573900
26506637 16573902
26511441 16573902
26511443 16573902
26506576 16573910
26509173 16573910
26511417 16573910
26511427 16573910
26511806 16573914
26511807 16573914
26504761 16573921
26504937 16573921
26507531 16573921
26511894 16573924
26511935 16573927
26511938 16573927
26505117 16573928
26505927 16573929
26511785 16573930
26509476 16573932
26504569 16573934
26504582 16573934
26505182 16573934
26507500 16573934
26505174 16573936
26511082 16573937
26504561 16573941
26504565 16573941
26504574 16573941
26505153 16573941
26505158 16573941
26505928 16573942
26505934 16573942
26512043 16573943
26512154 16573945
26512155 16573946
26509577 16573948
26511893 16573949
26506123 16573953
26506123 99481333
26506123 99481350
26506128 16573953
26506128 99481333
26506128 99481350
26507457 16573953
26507457 99481333
26507457 99481350
26507458 16573953
26507458 99481333
26507458 99481350
26507539 16573953
26507539 99481333
26507539 99481350
26507774 16573953
26507774 99481333
26507774 99481350
26507792 16573953
26507792 99481333
26507792 99481350
26511917 16573953
26511917 99481333
26511917 99481350
26511918 16573953
26511918 99481333
26511918 99481350
26510598 16573956
26506046 16573961
26506052 16573961
26506081 16573961
26509530 16573961
26505002 16573966
26504183 16573972
26504192 16573972
26504194 16573972
26509722 16573972
26509726 16573972
26509728 16573972
26504712 16573975
26504816 16573975
26509575 16573975
26509576 16573975
26504743 16573980
26509554 16573980
26509555 16573980
26509573 16573980
26505880 16573983
26508021 16573983
26508022 16573983
26509742 16573985
26510755 16573987
26504560 16573989
26505180 16573989
26505387 16573991
26505400 16573991
26505627 16573991
26505632 16573991
26505835 16573991
26511053 16573995
26504157 16573997
26504163 16573997
26507220 16573998
26510010 16573998
26507576 16574001
26506850 16574003
26506857 16574003
26505473 16574006
26506583 16574009
26506700 16574009
26505489 16574010
26505490 16574010
26509324 16574010
26506455 16574013
26506829 16574013
26510821 16574015
26510849 16574016
26510134 16574019
26505330 16574021
26505159 16574022
26506578 16574026
26509911 16574026
26509914 16574026
26509918 16574026
26509920 16574026
26509926 16574026
26505524 16574029
26505532 16574029
26505738 16574029
26506868 16574032
26505342 16574033
26505350 16574033
26505363 16574033
26506553 16574036
26506558 16574036
26506640 16574036
26506643 16574036
26509633 16574039
26507529 16574040
26510980 16574042
26506904 16574043
26511218 16574045
26511219 16574045
26511234 16574045
26504733 16574046
26506466 16574047
26506443 16574051
26504354 16574054
26509597 16574054
26509656 16574054
26512152 16574054
26512153 16574054
26505016 16574057
26505011 16574058
26510944 16574059
26509619 16574060
26509629 16574060
26509630 16574060
26511085 16574061
26506762 16574063
26506228 16574070
26506230 16574070
26506236 16574070
26506240 16574070
26509084 16574070
26509154 16574070
26509155 16574070
26511516 16574070
26511517 16574070
26511208 16574073
26504562 16574075
26510719 16574075
26511682 16574076
26506472 16574077
26506512 16574077
26506525 16574077
26506743 16574077
26509213 16574077
26510706 16574080
26511899 16574081
26504243 16574086
26504246 16574086
26504723 16574086
26504726 16574086
26504730 16574086
26505092 16574086
26509089 16574086
26509875 16574086
26509876 16574086
26509880 16574086
26505887 16574087
26506518 16574094
26506539 16574094
26506548 16574094
26506549 16574094
26506633 16574094
26506688 16574094
26506774 16574094
26507625 16574094
26507626 16574094
26505138 16574095
26507046 16574096
26510562 16574098
26509833 16574101
26505281 16574102
26508122 16574102
26505535 16574104
26505744 16574104
26509922 16574110
26511587 16574113
26511588 16574113
26511012 16574114
26506468 16574116
26505476 16574118
26505478 16574118
26505480 16574118
26505482 16574118
26510145 16574120
26510153 16574120
26510159 16574120
26510166 16574120
26510168 16574120
26507487 16574122
26505876 16574123
26510555 16574125
26510557 16574125
26509988 16574127
26507042 16574128
26510815 16574131
26507198 16574137
26509105 16574137
26511910 16574139
26511843 16574140
26506432 16574144
26507206 16574145
26507319 16574148
26506893 16574154
26508415 16574154
26508416 16574154
26508422 16574154
26509195 16574154
26509196 16574154
26512050 16574154
26512052 16574154
26512069 16574154
26512070 16574154
26505320 16574163
26507561 16574166
26506027 16574171
26506029 16574171
26506031 16574171
26510400 16574173
26511064 16574175
26511254 16574176
26511258 16574176
26511312 16574178
26511315 16574178
26504149 16574181
26504323 16574181
26511941 16574182
26505601 16574183
26507367 16574186
26504403 16574191
26511924 16574192
26509658 16574194
26505438 16574207
26511411 16574208
26509642 16574210
26509644 16574210
26509646 16574210
26506163 16574213
26506164 16574213
26506603 16574213
26511767 16574213
26511770 16574213
26511771 16574213
26511784 16574213
26511787 16574213
26511795 16574213
26511796 16574213
26505414 16574218
26505419 16574218
26509368 16574218
26506206 16574224
26506392 16574224
26510551 16574225
26510579 16574228
26510590 16574228
26510597 16574228
26510600 16574228
26510602 16574228
26510603 16574228
26505194 16574229
26504474 16574231
26504841 16574231
26504988 16574231
26505479 16574232
26505485 16574232
26510987 16574234
26510667 16574236
26510672 16574236
26510673 16574236
26510674 16574236
26504230 16574237
26505408 16574241
26512084 16574241
26510193 16574243
26506238 16574244
26510601 16574246
26509874 16574250
26504130 16574255
26504130 31145558
26504130 31145559
26504130 36846173
26504131 16574255
26504131 31145558
26504131 31145559
26504131 36846173
26504134 16574255
26504134 31145558
26504134 31145559
26504134 36846173
26504139 16574255
26504139 31145558
26504139 31145559
26504139 36846173
26504141 16574255
26504141 31145558
26504141 31145559
26504141 36846173
26504497 16574255
26504497 31145558
26504497 31145559
26504497 36846173
26504501 16574255
26504501 31145558
26504501 31145559
26504501 36846173
26504837 16574255
26504837 31145558
26504837 31145559
26504837 36846173
26509826 16574255
26509826 31145558
26509826 31145559
26509826 36846173
26509832 16574255
26509832 31145558
26509832 31145559
26509832 36846173
26509840 16574255
26509840 31145558
26509840 31145559
26509840 36846173
26509842 16574255
26509842 31145558
26509842 31145559
26509842 36846173
26508185 16574257
26509827 16574258
26511332 16574261
26510956 16574262
26510723 16574263
26510730 16574263
26510609 16574269
26510692 16574272
26504142 16574286
26504168 16574286
26504173 16574286
26507613 16574286
26507614 16574286
26509095 16574286
26509809 16574286
26509810 16574286
26509815 16574286
26509816 16574286
26505379 16574288
26510499 16574288
26509899 16574291
26504697 16574293
26504713 16574293
26510641 16574293
26510643 16574293
26510648 16574293
26506843 16574295
26506839 16574297
26511699 16574297
26506398 16574301
26511261 16574302
26509290 16574303
26511338 16574304
26511339 16574304
26510908 16574305
26510922 16574306
26509378 16574307
26511794 16574309
26510327 16574310
26506562 16574312
26506565 16574312
26511453 16574315
26504217 16574316
26506451 16574318
26506457 16574318
26506462 16574318
26506739 16574318
26506832 16574318
26505822 16574320
26505823 16574320
26509919 16574323
26508254 16574324
26504653 16574325
26505067 16574325
26509584 16574325
26509504 16574326
26511011 16574328
26504469 16574335
26504496 16574335
26506577 16574335
26506600 16574335
26506863 16574335
26509956 16574335
26509957 16574335
26509958 16574335
26505172 16574339
26505172 51320029
26505165 16574341
26504735 16574350
26504737 16574350
26504742 16574350
26504747 16574350
26504748 16574350
26504749 16574350
26504750 16574350
26504811 16574350
26509567 16574350
26509569 16574350
26509570 16574350
26510560 16574350
26510563 16574350
26510568 16574350
26510569 16574350
26505504 16574353
26505938 16574353
26504226 16574357
26504294 16574357
26509088 16574357
26511174 16574359
26505334 16574363
26505771 16574363
26506901 16574365
26506931 16574365
26505513 16574376
26505517 16574376
26505519 16574376
26505588 16574376
26505946 16574376
26509312 16574376
26509314 16574376
26511388 16574376
26507683 16574382
26507684 16574382
26511939 16574386
26504709 16574388
26504915 16574388
26511215 16574388
26511216 16574388
26511242 16574388
26504739 16574393
26509643 16574396
26504564 16574397
26505151 16574397
26506831 16574398
26506833 16574398
26504583 16574399
26505122 16574399
26505127 16574399
26505301 16574399
26508525 16574401
26504144 16574404
26504145 16574404
26504146 16574404
26504151 16574404
26504328 16574404
26504414 16574404
26506460 16574407
26506830 16574407
26506536 16574410
26506546 16574410
26506560 16574410
26506690 16574410
26506306 16574414
26511632 16574414
26511633 16574414
26504499 16574415
26504603 16574421
26509843 16574421
26509844 16574421
26509860 16574421
26509863 16574421
26509866 16574421
26506139 16574423
26510942 16574426
26510850 16574428
26511105 16574431
26511107 16574431
26511108 16574431
26505185 16574433
26505265 16574433
26508236 16574433
26509256 16574435
26506426 16574438
26507229 16574438
26511853 16574438
26511878 16574438
26511900 16574438
26511903 16574438
26511909 16574438
26511911 16574438
26511913 16574438
26511914 16574438
26508143 16574440
26511922 16574442
26507035 16574446
26507039 16574446
26507040 16574446
26507044 16574446
26507047 16574446
26507049 16574446
26509197 16574446
26512030 16574446
26511178 16574448
26505354 16574449
26505118 16574453
26508681 16574453
26507372 16574455
26507375 16574455
26505215 16574458
26504253 16574462
26505881 16574464
26510446 16574467
26510161 16574469
26504960 16574477
26506091 16574477
26507666 16574477
26507667 16574477
26509996 16574477
26509999 16574477
26506529 16574481
26506711 16574481
26505455 16574486
26505456 16574486
26505572 16574486
26509491 16574486
26504482 16574489
26505006 16574489
26505008 16574489
26510223 16574489
26510226 16574489
26511070 16574490
26510582 16574493
26508048 16574494
26505345 16574495
26505358 16574495
26505369 16574500
26505779 16574500
26509144 16574500
26509166 16574504
26511522 16574504
26511523 16574504
26509912 16574505
26505883 16574507
26505868 16574509
26509344 16574509
26504154 16574511
26504155 16574511
26504412 16574511
26506884 16574514
26506886 16574514
26506887 16574514
26506895 16574514
26506960 16574514
26507009 16574514
26507043 16574514
26507261 16574516
26508176 16574518
26511524 16574521
26505365 16574523
26505373 16574523
26511273 16574524
26511957 16574528
26511960 16574528
26504718 16574532
26504800 16574532
26504956 16574532
26507715 16574532
26507716 16574532
26510111 16574532
26509845 16574535
26505335 16574544
26510480 16574544
26510482 16574544
26510483 16574544
26510492 16574548
26510493 16574548
26505393 16574551
26505664 16574551
26510358 16574553
26510656 16574555
26505183 16574558
26510782 16574559
26504681 16574566
26504696 16574566
26504753 16574566
26504808 16574566
26504924 16574566
26505072 16574566
26506048 16574566
26506050 16574566
26507740 16574566
26510029 16574566
26510038 16574566
26510039 16574566
26510040 16574566
26510041 16574566
26510553 16574566
26510554 16574566
26510626 16574566
26510631 16574566
26510635 16574566
26510679 16574566
26510682 16574566
26510690 16574566
26510691 16574566
26510699 16574566
26512180 16574566
26512181 16574566
26512183 16574566
26512184 16574566
26512006 16574568
26506979 16574574
26508557 16574574
26510859 16574574
26510860 16574574
26511062 16574574
26511071 16574574
26511089 16574574
26511090 16574574
26509327 16574576
26509503 16574576
26509505 16574578
26504544 16574580
26504622 16574580
26504869 16574580
26505056 16574580
26505062 16574580
26505237 16574580
26506557 16574582
26511648 16574582
26511649 16574582
26506273 16574584
26511499 16574584
26511502 16574584
26511504 16574584
26511506 16574584
26511509 16574584
26511512 16574584
26504158 16574589
26504177 16574589
26504334 16574589
26504339 16574589
26509795 16574589
26510924 16574589
26510925 16574589
26510931 16574589
26510933 16574589
26510936 16574589
26510938 16574589
26510939 16574589
26510949 16574589
26510950 16574589
26504492 16574597
26505015 16574597
26504299 16574602
26509883 16574602
26506008 16574614
26506022 16574614
26507920 16574614
26509147 16574614
26509404 16574614
26509413 16574614
26509421 16574614
26509424 16574614
26509426 16574614
26509427 16574614
26509429 16574614
26509430 16574614
26509447 16574614
26509448 16574614
26509470 16574614
26509474 16574614
26509477 16574614
26509480 16574614
26510524 16574614
26510525 16574614
26512240 16574614
26512241 16574614
26511905 16574615
26504234 16574626
26504234 31145423
26504234 36845956
26504239 16574626
26504239 31145423
26504239 36845956
26504383 16574626
26504383 31145423
26504383 36845956
26504613 16574626
26504613 31145423
26504613 36845956
26504630 16574626
26504630 31145423
26504630 36845956
26504667 16574626
26504667 31145423
26504667 36845956
26504677 16574626
26504677 31145423
26504677 36845956
26504687 16574626
26504687 31145423
26504687 36845956
26504694 16574626
26504694 31145423
26504694 36845956
26504698 16574626
26504698 31145423
26504698 36845956
26504903 16574626
26504903 31145423
26504903 36845956
26504906 16574626
26504906 31145423
26504906 36845956
26505306 16574626
26505306 31145423
26505306 36845956
26508682 16574626
26508682 31145423
26508682 36845956
26510130 16574626
26510130 31145423
26510130 36845956
26510131 16574626
26510131 31145423
26510131 36845956
26510144 16574626
26510144 31145423
26510144 36845956
26510172 16574626
26510172 31145423
26510172 36845956
26510174 16574626
26510174 31145423
26510174 36845956
26510177 16574626
26510177 31145423
26510177 36845956
26510180 16574626
26510180 31145423
26510180 36845956
26510184 16574626
26510184 31145423
26510184 36845956
26510186 16574626
26510186 31145423
26510186 36845956
26510567 16574629
26509517 16574631
26509518 16574631
26511308 16574633
26504942 16574638
26509553 16574638
26504721 16574639
26509550 16574639
26509551 16574639
26509556 16574642
26509588 16574645
26510200 16574652
26510209 16574652
26510212 16574652
26510215 16574652
26510216 16574652
26509594 16574654
26505188 16574655
26505189 16574655
26509122 16574655
26504159 16574662
26504164 16574662
26504167 16574662
26504341 16574662
26504426 16574662
26509799 16574662
26506434 16574667
26506447 16574667
26506610 16574667
26506828 16574667
26509785 16574668
26505466 16574672
26505563 16574672
26507272 16574672
26507276 16574672
26509350 16574672
26509351 16574672
26509352 16574672
26509354 16574672
26509358 16574672
26510533 16574672
26510534 16574672
26510538 16574672
26506196 16574677
26511594 16574677
26511597 16574677
26511598 16574677
26509379 16574679
26509380 16574679
26508183 16574684
26508184 16574684
26510625 16574686
26511912 16574687
26505477 16574688
26505494 16574688
26505897 16574690
26504627 16574696
26504629 16574696
26510580 16574697
26510581 16574697
26510990 16574699
26510995 16574699
26505366 16574701
26505370 16574701
26505371 16574701
26505372 16574701
26510856 16574704
26510766 16574705
26510592 16574711
26509790 16574714
26511613 16574718
26505132 16574719
26505133 16574719
26504638 16574723
26507724 16574723
26510707 16574723
26510715 16574723
26506441 16574724
