25479916 12084739
25479917 12084739
25482450 12084739
25482451 12084739
25512121 12084739
25512122 12084739
38255085 12083387
38255085 12408588
38255085 41667317
38277074 12083387
38277074 12408588
38277074 41667317
38263088 12086016
38277066 12086016
38260791 12077933
38260791 12472584
38260792 12077934
38260792 12472586
38260722 12078495
38260722 12473454
38260839 12078495
38260839 12473454
38260899 12079944
38260899 12474577
38260092 12082232
38260092 12475268
38260094 12082232
38260094 12475268
38260098 12082232
38260098 12475268
38260099 12082232
38260099 12475268
38260353 12082232
38260353 12475268
38260356 12082232
38260356 12475268
38260484 12082232
38260484 12475268
38260485 12082232
38260485 12475268
38260486 12082232
38260486 12475268
38260494 12082232
38260494 12475268
38260711 12082232
38260711 12475268
38260770 12082232
38260770 12475268
38260771 12082232
38260771 12475268
38260783 12082232
38260783 12475268
38260895 12082232
38260895 12475268
38260896 12082232
38260896 12475268
38261617 12082232
38261617 12475268
38270778 12082232
38270778 12475268
38270779 12082232
38270779 12475268
38260717 12475268
38260719 12475268
38260781 12475268
38260897 12475268
38261618 12475268
38270884 12475268
38270885 12475268
38260279 101124124
38260279 12086799
38260281 101124124
38260281 12086799
38260287 101124124
38260287 12086799
38260289 101124124
38260289 12086799
38260291 101124124
38260291 12086799
38260293 101124124
38260293 12086799
38260295 101124124
38260295 12086799
38260297 101124124
38260297 12086799
38261260 101124124
38261260 12086799
38261568 101124124
38261568 12086799
38261571 101124124
38261571 12086799
38262255 101124124
38262255 12086799
38262265 101124124
38262265 12086799
38262267 101124124
38262267 12086799
38262306 101124124
38262306 12086799
38262307 101124124
38262307 12086799
38263648 101124124
38263648 12086799
38263649 101124124
38263649 12086799
38267845 101124124
38267845 12086799
38267846 101124124
38267846 12086799
38270202 101124124
38270202 12086799
38270203 101124124
38270203 12086799
38270748 101124124
38270748 12086799
38270749 101124124
38270749 12086799
38270750 101124124
38270750 12086799
38270751 101124124
38270751 12086799
38272398 101124124
38272398 12086799
38272399 101124124
38272399 12086799
38259831 12076940
38260126 12076940
38261338 12076940
38264479 12076940
38265473 12076940
38267385 12076940
38276754 12076940
38254200 12076944
38276802 12076947
38272737 12076948
38272738 12076950
38267707 12076956
38263781 12076963
38255943 12076968
38256396 12076971
38263969 12076972
38263306 12076981
38271812 12076996
38271813 12076996
38276435 12076996
38264629 12077005
38264633 12077005
38264634 12077005
38264639 12077005
38264642 12077005
38264654 12077005
38264703 12077005
38266001 12077005
38266806 12077005
38266807 12077005
38267489 12077005
38267494 12077005
38275601 12077008
38259471 12077009
38261330 12077009
38254965 12077024
38266428 12077027
38259095 12077032
38267433 12077036
38258845 12077038
38266518 12077042
38261758 12077044
38266307 12077051
38267462 12077051
38276712 12077051
38272681 12077061
38273331 12077061
38272682 12077066
38263960 12077073
38263650 12077076
38265421 12077078
38265422 12077078
38265423 12077079
38265426 12077081
38260451 12077084
38264094 12077087
38260453 12077089
38256322 12077091
38264098 12077093
38261637 12077096
38257828 12077097
38265440 12077102
38265443 12077105
38260472 12077108
38256341 12077113
38260478 12077117
38266942 12077122
38266943 12077122
38261652 12077127
38260100 12077133
38270600 12077133
38270601 12077133
38265462 12077134
38265465 12077136
38260493 12077138
38260495 12077140
38265310 12077142
38257864 12077144
38266811 12077147
38266812 12077151
38260349 12077152
38257228 12077169
38257230 12077169
38257232 12077169
38257234 12077169
38257243 12077169
38257713 12077169
38257715 12077169
38262243 12077169
38269706 12077169
38269707 12077169
38269714 12077169
38269716 12077169
38269717 12077169
38269720 12077169
38269721 12077169
38269722 12077169
38269723 12077169
38269934 12077169
38269935 12077169
38271202 12077169
38271203 12077169
38272286 12077169
38272287 12077169
38272288 12077169
38272290 12077169
38272291 12077169
38272324 12077169
38272325 12077169
38256365 12077178
38256371 12077178
38256373 12077178
38256381 12077178
38256382 12077178
38261295 12077178
38267669 12077178
38269334 12077178
38269335 12077178
38269342 12077178
38269344 12077178
38269346 12077178
38269347 12077178
38269352 12077178
38269354 12077178
38269355 12077178
38272220 12077178
38272221 12077178
38266985 12077182
38265330 12077183
38265336 12077185
38256232 12077186
38266837 12077187
38266838 12077187
38266839 12077188
38260120 12077190
38260380 12077190
38260383 12077193
38266851 12077196
38265202 12077199
38257759 12077201
38265370 12077203
38266704 12077205
38266707 12077206
38258871 12077208
38258875 12077208
38258877 12077208
38258879 12077208
38265374 12077208
38272476 12077208
38272477 12077208
38265375 12077210
38270252 12077210
38266873 12077211
38266876 12077214
38265223 12077215
38265226 12077218
38265229 12077219
38266722 12077221
38266725 12077222
38265393 12077224
38266728 12077226
38256290 12077229
38265396 12077231
38267905 12077233
38266891 12077235
38266894 12077237
38260108 12077240
38254961 12077245
38265239 12077245
38265240 12077245
38257790 12077248
38258799 12077250
38258805 12077250
38258807 12077250
38258812 12077250
38270214 12077250
38270215 12077250
38270244 12077250
38270245 12077250
38270246 12077250
38270247 12077250
38272368 12077250
38272369 12077250
38272474 12077250
38272475 12077250
38265241 12077251
38265247 12077252
38257796 12077253
38266741 12077257
38266744 12077259
38266747 12077261
38256162 12077262
38258761 12077266
38266759 12077266
38266760 12077266
38266761 12077268
38256166 12077272
38266764 12077274
38266769 12077275
38266770 12077275
38258815 12077280
38258819 12077280
38258823 12077280
38258825 12077280
38258827 12077280
38258829 12077280
38258831 12077280
38258833 12077280
38258839 12077280
38258840 12077280
38258944 12077280
38265382 12077280
38265383 12077280
38270248 12077280
38270249 12077280
38272370 12077280
38272371 12077280
38265281 12077282
38265294 12077282
38277181 12077282
38266614 12077284
38265282 12077286
38265286 12077288
38265132 12077291
38265133 12077297
38265136 12077298
38267963 12077299
38266631 12077301
38266632 12077301
38266633 12077303
38266639 12077305
38258710 12077306
38258715 12077307
38258716 12077308
38262849 12077310
38267980 12077312
38265156 12077313
38265159 12077314
38267989 12077316
38266652 12077317
38266658 12077319
38258883 12077320
38258889 12077320
38267798 12077320
38270253 12077320
38265004 12077322
38265007 12077324
38267835 12077328
38258731 12077332
38258732 12077332
38266500 12077336
38266501 12077337
38266502 12077339
38265172 12077340
38266671 12077341
38266674 12077342
38266650 12077343
38266651 12077343
38266675 12077343
38267302 12077343
38266676 12077345
38265022 12077347
38266679 12077350
38267854 12077351
38265028 12077353
38263920 12077354
38267857 12077354
38258753 12077355
38265190 12077358
38266522 12077361
38265193 12077362
38262888 12077365
38265196 12077366
38266692 12077368
38265040 12077370
38265043 12077371
38265046 12077373
38265049 12077375
38257700 12077384
38257701 12077384
38267724 12077384
38257741 12077388
38267728 12077388
38265061 12077391
38258625 12077392
38265064 12077395
38260090 12077399
38258785 12077401
38258790 12077401
38258792 12077401
38262373 12077401
38266562 12077403
38257469 12077404
38266417 12077406
38262797 12077407
38266439 12077409
38266440 12077409
38254843 12077412
38254845 12077412
38254847 12077412
38254849 12077412
38266443 12077412
38266451 12077412
38266452 12077412
38271932 12077412
38271933 12077412
38271758 12077417
38271760 12077417
38271761 12077417
38271762 12077420
38271763 12077420
38262516 12077422
38271780 12077424
38271781 12077424
38271782 12077429
38271783 12077429
38254911 12077433
38254914 12077436
38254915 12077436
38266325 12077439
38266326 12077439
38267500 12077443
38267501 12077446
38267502 12077448
38266491 12077449
38267506 12077455
38266494 12077457
38266497 12077459
38258571 12077460
38271654 12077462
38271655 12077462
38267523 12077463
38263827 12077466
38271656 12077466
38271657 12077466
38265142 12077472
38267524 12077472
38267527 12077479
38267693 12077492
38257261 12077495
38263901 12077498
38267547 12077504
38263907 12077506
38254973 12077508
38254977 12077511
38257285 12077516
38262599 12077516
38254995 12077520
38254998 12077523
38254828 12077527
38254830 12077527
38254832 12077527
38254836 12077527
38254838 12077527
38254840 12077527
38256663 12077527
38256664 12077527
38256691 12077527
38261162 12077527
38262529 12077527
38267589 12077531
38258487 12077534
38261130 12077536
38261131 12077541
38263963 12077544
38263966 12077549
38263812 12077550
38262480 12077552
38263984 12077554
38264006 12077554
38264007 12077554
38257190 12077556
38262338 12077561
38267498 12077564
38267499 12077566
38263858 12077567
38263871 12077568
38263872 12077568
38254622 12077569
38263891 12077570
38263894 12077571
38263747 12077573
38254643 12077574
38254648 12077576
38254649 12077576
38263765 12077577
38263768 12077578
38262114 12077579
38272719 12077582
38263787 12077584
38266099 12077588
38272735 12077589
38258175 12077594
38258177 12077603
38269998 12077603
38269999 12077603
38267121 12077605
38272751 12077637
38272752 12077637
38259368 12077644
38259521 12077644
38258191 12077654
38269950 12077654
38269951 12077654
38254403 12077656
38259544 12077659
38262020 12077663
38262022 12077663
38264911 12077667
38264914 12077668
38259416 12077671
38254441 12077672
38259418 12077676
38272660 12077680
38254467 12077685
38254414 12077689
38254468 12077689
38264951 12077692
38264954 12077693
38264955 12077693
38264958 12077699
38259452 12077701
38264801 12077703
38259456 12077704
38259459 12077705
38255817 12077708
38255823 12077708
38264807 12077709
38264973 12077715
38271728 12077715
38271729 12077715
38271730 12077715
38271731 12077715
38264976 12077717
38264979 12077720
38259473 12077721
38264823 12077723
38264826 12077724
38264829 12077727
38264991 12077728
38255873 12077730
38259362 12077732
38264717 12077738
38264886 12077740
38264730 12077743
38264739 12077745
38264751 12077748
38264754 12077749
38264757 12077751
38268352 12077767
38264774 12077773
38264777 12077777
38264622 12077778
38264628 12077779
38264641 12077783
38264644 12077786
38255659 12077788
38258896 12077792
38258902 12077792
38258903 12077792
38267914 12077792
38272374 12077792
38272375 12077792
38276459 12077792
38255502 12077794
38255503 12077794
38255672 12077796
38263294 12077800
38255528 12077801
38264532 12077805
38264535 12077808
38255548 12077811
38264552 12077812
38264557 12077813
38264407 12077815
38268001 12077817
38268004 12077818
38268009 12077823
38260931 12077826
38277275 12077827
38277278 12077830
38264427 12077833
38268021 12077834
38264592 12077835
38265927 12077836
38264595 12077837
38264598 12077838
38256842 12077840
38260820 12077842
38260823 12077844
38260827 12077846
38260829 12077847
38264312 12077852
38264319 12077855
38264480 12077856
38265813 12077858
38260840 12077860
38264483 12077861
38265816 12077863
38265819 12077864
38264331 12077867
38264334 12077869
38264337 12077873
38256739 12077879
38256740 12077879
38265854 12077882
38265857 12077883
38256752 12077888
38265702 12077890
38265705 12077892
38264375 12077895
38265708 12077897
38256773 12077899
38256777 12077901
38265724 12077903
38264392 12077905
38256355 12077909
38256357 12077909
38256359 12077909
38269326 12077909
38269327 12077909
38261930 12077913
38265891 12077915
38256797 12077917
38256799 12077918
38265740 12077920
38265748 12077922
38264260 12077923
38264264 12077925
38264267 12077928
38265760 12077930
38261972 12077939
38261974 12077943
38261982 12077943
38264281 12077944
38265781 12077949
38255147 12077955
38265632 12077959
38260663 12077961
38265638 12077964
38265653 12077966
38265657 12077968
38260684 12077970
38264004 12077971
38265500 12077972
38265501 12077972
38265502 12077974
38265503 12077974
38265507 12077974
38265510 12077974
38265512 12077974
38265513 12077974
38265504 12077975
38265508 12077977
38265672 12077979
38265677 12077980
38265678 12077980
38265521 12077983
38265522 12077983
38265526 12077986
38265688 12077987
38265690 12077987
38265693 12077988
38265696 12077990
38257922 12077992
38265699 12077995
38264048 12077996
38265544 12078000
38265546 12078003
38265547 12078005
38264068 12078006
38265560 12078008
38265563 12078009
38265566 12078011
38260441 12078012
38265417 12078015
38260449 12078016
38266914 12078017
38265436 12078020
38265437 12078020
38256339 12078021
38265450 12078023
38265456 12078025
38265459 12078026
38261664 12078027
38265302 12078028
38265307 12078030
38256202 12078032
38266808 12078034
38265475 12078037
38266975 12078041
38266976 12078041
38267908 12078041
38265324 12078043
38265327 12078045
38266821 12078046
38256228 12078048
38266826 12078050
38265498 12078051
38256242 12078053
38266842 12078055
38266845 12078056
38266848 12078057
38257718 12078065
38257720 12078065
38257722 12078065
38257726 12078065
38257728 12078065
38257738 12078065
38257744 12078065
38257761 12078065
38267732 12078065
38267733 12078065
38269938 12078065
38269939 12078065
38269944 12078065
38269945 12078065
38269948 12078065
38269949 12078065
38272326 12078065
38272328 12078065
38272329 12078065
38265361 12078066
38265215 12078069
38265218 12078071
38266710 12078073
38266713 12078074
38266716 12078075
38265384 12078083
38265387 12078083
38266719 12078085
38266882 12078086
38266885 12078089
38265232 12078093
38266888 12078094
38266731 12078095
38266735 12078096
38257472 12078098
38257631 12078098
38266738 12078100
38265251 12078101
38265252 12078101
38265253 12078103
38266758 12078106
38266601 12078109
38265272 12078113
38265273 12078113
38258458 12078116
38258838 12078116
38265274 12078117
38256176 12078121
38266773 12078127
38266776 12078130
38266779 12078135
38265127 12078136
38267956 12078140
38263241 12078144
38266624 12078144
38266790 12078148
38256197 12078153
38266793 12078155
38256199 12078156
38266797 12078158
38266798 12078160
38265147 12078164
38258725 12078167
38258728 12078169
38267995 12078171
38267998 12078172
38266661 12078173
38266664 12078174
38265010 12078175
38266667 12078177
38266668 12078177
38265013 12078179
38265016 12078180
38266510 12078181
38258743 12078184
38266513 12078185
38265182 12078187
38265183 12078187
38265186 12078189
38265187 12078189
38266686 12078192
38265031 12078193
38266689 12078196
38265034 12078199
38267863 12078202
38260062 12078204
38267711 12078209
38266551 12078212
38266554 12078213
38267735 12078216
38257459 12078219
38266570 12078221
38266575 12078223
38271732 12078227
38271734 12078227
38271735 12078227
38266592 12078229
38266595 12078229
38266596 12078230
38266599 12078233
38266316 12078238
38257212 12078244
38266481 12078246
38254928 12078248
38267518 12078250
38254948 12078252
38267531 12078255
38257258 12078258
38254963 12078260
38263910 12078261
38271686 12078264
38271687 12078264
38263919 12078266
38254987 12078269
38263936 12078271
38263937 12078271
38263938 12078272
38258476 12078274
38267595 12078275
38257161 12078278
38257163 12078278
38263800 12078280
38263803 12078282
38263806 12078284
38263972 12078286
38263975 12078288
38263821 12078290
38263994 12078292
38263995 12078292
38254890 12078293
38267316 12078295
38261017 12078297
38267486 12078301
38267487 12078305
38259717 12078308
38261053 12078312
38263883 12078314
38263884 12078314
38263885 12078317
38263888 12078318
38259608 12078320
38263750 12078321
38263753 12078324
38263756 12078326
38272705 12078329
38263771 12078333
38262294 12078335
38263790 12078340
38276380 12078341
38263799 12078342
38276382 12078343
38276383 12078345
38276384 12078348
38276385 12078350
38276386 12078351
38262169 12078353
38262019 12078357
38262030 12078359
38264905 12078362
38264908 12078364
38276277 12078365
38262052 12078367
38262054 12078369
38272658 12078376
38259420 12078377
38259424 12078378
38259426 12078379
38259428 12078380
38255601 12078383
38264942 12078383
38264945 12078384
38264948 12078385
38254470 12078388
38259449 12078389
38264961 12078391
38264964 12078393
38264967 12078395
38259461 12078397
38264810 12078400
38264985 12078402
38264988 12078403
38264832 12078405
38264835 12078408
38269930 12078410
38269931 12078410
38264854 12078411
38264702 12078413
38269952 12078415
38269953 12078415
38264705 12078417
38255716 12078418
38255718 12078419
38255884 12078422
38264724 12078426
38264727 12078428
38268497 12078433
38264745 12078435
38264614 12078437
38264615 12078439
38264780 12078441
38264783 12078443
38255641 12078445
38264635 12078447
38255512 12078452
38277203 12078462
38264526 12078464
38264527 12078464
38264528 12078465
38256921 12078466
38264549 12078468
38264560 12078471
38264563 12078472
38260921 12078475
38268161 12078477
38277269 12078479
38277118 12078480
38268012 12078482
38255590 12078484
38268015 12078486
38268018 12078488
38256813 12078490
38255598 12078491
38264431 12078493
38264325 12078497
38264328 12078498
38265820 12078500
38265821 12078500
38265822 12078501
38260852 12078503
38264340 12078504
38264343 12078507
38264344 12078509
38264349 12078510
38265843 12078511
38260872 12078512
38260873 12078512
38256742 12078514
38260877 12078515
38256746 12078516
38264360 12078518
38264366 12078519
38264369 12078522
38261908 12078523
38265869 12078525
38256764 12078527
38256766 12078529
38256768 12078531
38265712 12078532
38264386 12078533
38256613 12078537
38269398 12078537
38269399 12078537
38261921 12078540
38261927 12078542
38265888 12078544
38256783 12078546
38265733 12078551
38265737 12078552
38265751 12078553
38264103 12078554
38264106 12078555
38264109 12078557
38264278 12078560
38265773 12078563
38265775 12078565
38265777 12078565
38265778 12078565
38265776 12078567
38265620 12078568
38265623 12078570
38261987 12078571
38265626 12078572
38265629 12078573
38260657 12078575
38261830 12078577
38265641 12078578
38255001 12078579
38265648 12078580
38265649 12078580
38265660 12078581
38265663 12078584
38265666 12078586
38264012 12078588
38264015 12078590
38265511 12078592
38265514 12078594
38265517 12078595
38265518 12078595
38255195 12078597
38265681 12078600
38265682 12078601
38265689 12078602
38264033 12078603
38264036 12078604
38264039 12078605
38265532 12078606
38265533 12078606
38265534 12078609
38265539 12078610
38261740 12078611
38261745 12078612
38264050 12078616
38264054 12078619
38264057 12078621
38265551 12078622
38265554 12078624
38265557 12078625
38265400 12078626
38265401 12078626
38265402 12078627
38264072 12078628
38265405 12078630
38264075 12078631
38256301 12078634
38266902 12078636
38266905 12078638
38266908 12078641
38267157 12078648
38265766 12078654
38268375 12078660
38258660 12078666
38259983 12078679
38255767 12078688
38256321 12078688
38256324 12078688
38264324 12078688
38266699 12078688
38271954 12078688
38271955 12078688
38265334 12078692
38265335 12078692
38255819 12078698
38258152 12078706
38258813 12078706
38261699 12078706
38262331 12078706
38262372 12078706
38276625 12078706
38272692 12078708
38255809 12078709
38255820 12078709
38266089 12078711
38256454 12078721
38256657 12078721
38266229 12078721
38266488 12078725
38266794 12078726
38260854 12078727
38260883 12078727
38276511 12078731
38261796 12078738
38267897 12078738
38262660 12078743
38262926 12078749
38259955 12078755
38262659 12078755
38268007 12078758
38268008 12078758
38271194 12078764
38271196 12078764
38271197 12078764
38265974 12078771
38255793 12078777
38255810 12078777
38259170 12078829
38259174 12078829
38259186 12078829
38260930 12078829
38263507 12078829
38263516 12078829
38263521 12078829
38263789 12078829
38263797 12078829
38266121 12078829
38266123 12078829
38266125 12078829
38266401 12078829
38266402 12078829
38266523 12078829
38266524 12078829
38266535 12078829
38266536 12078829
38267344 12078829
38271022 12078832
38272645 12078832
38276610 12078835
38259934 12078844
38259958 12078844
38254267 12078872
38254393 12078872
38254457 12078872
38254460 12078872
38255696 12078872
38255992 12078872
38256161 12078872
38265038 12078872
38265692 12078872
38267123 12078872
38267569 12078872
38267572 12078872
38271802 12078872
38271804 12078872
38271805 12078872
38259632 12078874
38262418 12078874
38254352 12078885
38262458 12078885
38258601 12078895
38258880 12078895
38261845 12078895
38265757 12078895
38258130 12078899
38263580 12078899
38263581 12078899
38276553 12078899
38264383 12078902
38259981 12078913
38259993 12078913
38260446 12078913
38264423 12078913
38264424 12078913
38272098 12078913
38272099 12078913
38277149 12078913
38260085 12078919
38260355 12078919
38267634 12078935
38276637 12078935
38264601 12078940
38264519 12078941
38264523 12078941
38264599 12078941
38264600 12078941
38268368 12078945
38260530 12078948
38263905 12078951
38263906 12078951
38255893 12078952
38255905 12078952
38255916 12078952
38256075 12078952
38256078 12078953
38259985 12078956
38263011 12078958
38264616 12078961
38267488 12078961
38254390 12078962
38264096 12078965
38264097 12078965
38270276 12078965
38259150 12078986
38259406 12078986
38263525 12078986
38266514 12078986
38266515 12078986
38267343 12078986
38270267 12078986
38270486 12078986
38270487 12078986
38276572 12078986
38262099 12078991
38254595 12078993
38266855 12078995
38266858 12079010
38267981 12079010
38267985 12079010
38267987 12079010
38267988 12079010
38267990 12079010
38272576 12079010
38272577 12079010
38277270 12079010
38277271 12079010
38277273 12079010
38277276 12079010
38277277 12079010
38267993 12079014
38267994 12079014
38276785 12079016
38264612 12079021
38264613 12079021
38266055 12079025
38266056 12079025
38276711 12079025
38258328 12079028
38258784 12079028
38258851 12079028
38267671 12079028
38262423 12079031
38257962 12079039
38258920 12079039
38261387 12079039
38261787 12079039
38261975 12079039
38255226 12079048
38267269 12079051
38256930 12079070
38257167 12079070
38264846 12079070
38265083 12079070
38266323 12079070
38266827 12079070
38266828 12079070
38271717 12079070
38256900 12079097
38256919 12079097
38257050 12079097
38257158 12079097
38257227 12079097
38262211 12079097
38266324 12079097
38267682 12079097
38267698 12079097
38269574 12079097
38269575 12079097
38254976 12079105
38264102 12079105
38264105 12079105
38256917 12079110
38262995 12079118
38262998 12079118
38263009 12079118
38263013 12079124
38264741 12079124
38264743 12079124
38264744 12079124
38263018 12079131
38263019 12079131
38263246 12079147
38265051 12079147
38266823 12079147
38267677 12079147
38267678 12079147
38271962 12079147
38271963 12079147
38276656 12079147
38271884 12079150
38271885 12079150
38258611 12079153
38264620 12079155
38265308 12079155
38267490 12079155
38258180 12079165
38258486 12079165
38265958 12079165
38268127 12079165
38258184 12079166
38255922 12079185
38255923 12079185
38256250 12079185
38256395 12079185
38264355 12079185
38264356 12079185
38269350 12079185
38269351 12079185
38265625 12079209
38272713 12079213
38260107 12079215
38254355 12079218
38262533 12079218
38267590 12079218
38267827 12079218
38262792 12079219
38263730 12079222
38262769 12079227
38267357 12079227
38266695 12079234
38255877 12079261
38262560 12079261
38262568 12079261
38266677 12079261
38266678 12079261
38276628 12079261
38267159 12079270
38272702 12079275
38256901 12079283
38256902 12079283
38257185 12079283
38257186 12079283
38267519 12079287
38271958 12079301
38271959 12079301
38272756 12079301
38276466 12079301
38264844 12079303
38267961 12079304
38267962 12079304
38261880 12079308
38265467 12079308
38258110 12079313
38262371 12079313
38272670 12079313
38255821 12079316
38268175 12079316
38267820 12079319
38259492 12079322
38260718 12079344
38260754 12079344
38260762 12079344
38276724 12079344
38256720 12079348
38261808 12079351
38263606 12079357
38264797 12079360
38265367 12079362
38256516 12079364
38262082 12079366
38254508 12079368
38265221 12079368
38276701 12079368
38264486 12079370
38262238 12079375
38269866 12079375
38269867 12079375
38262862 12079376
38264569 12079378
38264572 12079378
38263693 12079380
38266754 12079383
38261327 12079390
38266752 12079392
38267331 12079392
38266926 12079398
38276518 12079398
38262134 12079402
38261983 12079409
38266781 12079409
38266785 12079409
38266103 12079415
38266628 12079419
38267544 12079419
38255610 12079422
38254522 12079429
38258614 12079431
38266753 12079433
38261629 12079434
38255954 12079440
38255960 12079440
38266257 12079440
38271866 12079440
38271867 12079440
38259951 12079443
38260013 12079443
38260204 12079443
38271584 12079448
38257333 12079468
38263248 12079468
38263249 12079468
38265842 12079468
38267619 12079468
38267708 12079468
38257341 12079494
38257343 12079494
38257513 12079494
38266266 12079494
38267709 12079494
38261868 12079497
38261906 12079497
38266092 12079497
38255855 12079502
38256291 12079502
38256300 12079502
38256424 12079502
38261689 12079502
38261942 12079502
38276506 12079502
38276465 12079507
38276717 12079508
38267630 12079520
38256848 12079532
38266819 12079532
38267679 12079532
38266984 12079536
38266583 12079540
38257987 12079546
38258013 12079546
38258050 12079546
38268125 12079546
38258055 12079547
38259887 12079549
38260724 12079558
38271850 12079558
38271851 12079558
38260720 12079568
38260853 12079568
38260918 12079568
38276613 12079568
38258673 12079571
38267852 12079572
38267917 12079576
38267918 12079576
38277145 12079576
38277146 12079576
38267824 12079586
38270259 12079586
38276570 12079586
38267171 12079591
38255519 12079594
38255529 12079594
38262553 12079594
38266248 12079597
38257605 12079604
38269738 12079604
38276533 12079604
38259982 12079613
38259982 129916745
38260000 12079613
38260000 129916745
38276714 12079613
38276714 129916745
38259899 12079626
38259908 12079626
38259912 12079626
38259917 12079626
38260210 12079626
38264484 12079626
38266380 12079626
38266381 12079626
38254696 12079638
38256440 12079638
38256451 12079638
38256822 12079638
38265683 12079638
38265684 12079638
38266935 12079638
38267019 12079638
38258552 12079641
38276519 12079654
38267304 12079659
38276692 12079667
38261453 12079673
38258637 12079675
38276566 12079675
38266611 12079681
38262395 12079693
38263546 12079693
38276707 12079693
38258993 12079716
38259047 12079716
38259223 12079716
38259330 12079716
38259425 12079716
38259622 12079716
38265427 12079716
38265428 12079716
38267359 12079716
38268130 12079716
38270488 12079716
38270489 12079716
38272086 12079716
38272087 12079716
38276569 12079716
38258316 12079732
38260535 12079746
38266080 12079746
38272652 12079746
38262060 12079747
38262141 12079749
38262774 12079749
38259435 12079754
38263731 12079757
38264357 12079761
38254534 12079778
38265955 12079785
38257984 12079787
38265746 12079791
38265747 12079791
38265213 12079796
38265214 12079796
38263459 12079800
38259576 12079806
38268134 12079806
38263363 12079809
38263364 12079809
38272701 12079811
38257160 12079820
38263458 12079820
38276758 12079826
38258543 12079828
38258544 12079828
38260660 12079835
38265444 12079835
38265445 12079835
38256246 12079843
38262880 12079843
38256633 12079849
38256753 12079849
38267670 12079849
38272657 12079852
38254550 12079856
38265390 12079860
38254990 12079868
38268168 12079869
38267454 12079870
38267455 12079870
38263981 12079872
38263991 12079872
38264002 12079872
38264005 12079872
38264008 12079872
38264010 12079872
38264011 12079872
38263973 12079873
38263976 12079873
38263986 12079873
38263987 12079875
38263989 12079876
38254602 12079878
38254608 12079880
38263993 12079883
38264013 12079883
38264014 12079883
38258330 12079887
38262125 12079892
38262956 12079896
38263775 12079902
38260024 12079908
38260376 12079908
38260557 12079908
38266138 12079908
38267393 12079908
38260121 12079917
38260382 12079917
38260504 12079917
38267842 12079917
38264031 12079925
38266336 12079925
38262969 12079928
38260282 12079934
38265476 12079934
38265477 12079934
38258866 12079936
38260014 12079937
38260022 12079937
38268349 12079937
38262973 12079942
38262975 12079942
38255539 12079943
38263719 12079945
38260516 12079953
38260523 12079953
38265119 12079956
38271743 12079956
38271742 12079961
38262953 12079963
38269438 12079965
38269439 12079965
38256467 12079985
38256578 12079985
38263395 12079985
38263396 12079985
38265014 12079985
38265015 12079985
38266636 12079989
38272755 12079995
38275513 12079995
38263934 12079998
38267379 12079998
38275972 12080005
38266475 12080007
38271766 12080010
38271767 12080010
38263479 12080015
38259089 12080017
38265650 12080019
38275401 12080027
38275548 12080030
38271694 12080041
38271695 12080042
38255517 12080044
38272668 12080046
38256936 12080060
38257183 12080060
38257235 12080060
38261308 12080060
38267244 12080060
38267268 12080060
38267694 12080060
38269607 12080060
38271738 12080060
38259969 12080067
38259994 12080067
38267205 12080071
38263428 12080077
38255164 12080094
38255165 12080094
38267655 12080094
38262002 12080097
38265729 12080099
38259028 12080105
38254662 12080109
38263180 12080109
38265670 12080109
38265671 12080109
38265651 12080112
38265652 12080112
38257382 12080117
38266265 12080117
38272624 12080117
38259415 12080128
38263861 12080128
38263944 12080128
38263947 12080128
38265940 12080128
38265941 12080128
38268142 12080128
38259002 12080142
38259003 12080142
38259006 12080142
38259009 12080142
38261770 12080142
38261775 12080142
38261855 12080142
38262374 12080142
38267739 12080142
38257624 12080151
38260125 12080151
38260141 12080151
38260581 12080151
38270584 12080151
38270585 12080151
38256304 12080153
38260113 12080168
38260248 12080168
38267392 12080168
38267849 12080168
38276653 12080168
38268285 12080173
38254584 12080175
38265964 12080175
38254568 12080176
38256712 12080178
38260547 12080179
38262033 12080183
38276697 12080187
38258633 12080189
38258634 12080189
38258569 12080190
38259151 12080201
38259167 12080201
38264056 12080201
38267810 12080201
38270418 12080201
38270419 12080201
38271676 12080201
38271677 12080201
38259360 12080204
38255178 12080206
38255589 12080206
38263325 12080206
38276737 12080206
38266366 12080207
38258853 12080208
38258100 12080217
38259132 12080217
38259147 12080217
38258909 12080226
38258911 12080226
38258912 12080226
38261119 12080233
38261888 12080233
38264887 12080233
38276695 12080233
38255378 12080236
38272743 12080238
38267376 12080240
38264413 12080245
38262249 12080247
38265178 12080248
38259494 12080252
38271637 12080253
38276454 12080254
38257970 12080258
38257970 181398189
38257971 12080258
38257971 181398189
38257990 12080258
38257990 181398189
38258127 12080260
38258141 12080260
38267738 12080262
38254573 12080264
38254325 12080276
38254640 12080276
38264808 12080276
38264809 12080276
38271100 12080276
38271101 12080276
38276748 12080276
38276741 12080295
38257961 12080299
38254207 12080309
38254343 12080309
38254351 12080309
38258684 12080310
38267481 12080312
38266805 12080313
38277115 12080315
38277120 12080315
38255293 12080317
38259931 12080318
38259940 12080318
38259968 12080318
38259992 12080318
38276713 12080318
38266091 12080320
38276772 12080321
38258121 12080325
38258129 12080325
38258325 12080325
38258524 12080325
38258786 12080325
38259386 12080325
38259567 12080325
38267777 12080325
38269988 12080325
38269989 12080325
38270268 12080325
38270269 12080325
38257200 12080328
38257201 12080328
38255802 12080329
38255806 12080329
38264291 12080330
38263462 12080334
38267247 12080334
38259481 12080336
38267533 12080336
38255640 12080339
38267871 12080339
38256436 12080344
38256444 12080344
38256448 12080344
38265656 12080346
38265659 12080346
38260034 12080347
38261450 12080347
38261879 12080347
38275971 12080349
38259925 12080351
38254537 12080357
38261660 12080357
38260886 12080358
38260887 12080358
38272704 12080360
38267194 12080361
38258038 12080363
38277150 12080365
38255271 12080366
38268938 12080366
38268939 12080366
38255222 12080367
38255488 12080367
38271724 12080367
38254563 12080369
38275604 12080371
38257972 12080372
38257978 12080372
38257982 12080372
38257999 12080372
38259907 12080373
38258003 12080375
38258014 12080375
38258037 12080375
38268373 12080376
38265162 12080379
38265169 12080379
38267906 12080379
38266022 12080381
38255748 12080382
38270776 12080382
38270777 12080382
38255958 12080408
38255978 12080408
38256141 12080408
38261702 12080408
38261952 12080408
38263348 12080408
38263350 12080408
38263351 12080408
38265562 12080408
38265935 12080408
38266018 12080408
38266733 12080408
38266734 12080408
38267029 12080408
38267030 12080408
38267034 12080408
38269156 12080408
38261674 12080416
38262018 12080416
38267292 12080416
38255703 12080421
38255711 12080421
38256001 12080421
38260055 12080422
38255510 12080423
38272655 12080424
38272730 12080426
38272731 12080426
38255770 12080427
38255778 12080432
38255856 12080432
38256302 12080432
38256432 12080432
38269144 12080432
38269145 12080432
38266478 12080434
38264798 12080439
38266094 12080442
38256696 12080457
38256819 12080457
38264962 12080457
38264963 12080457
38269132 12080457
38269133 12080457
38268241 12080460
38272654 12080460
38258641 12080470
38258642 12080470
38258643 12080470
38258645 12080470
38258648 12080470
38258651 12080470
38258842 12080470
38267324 12080470
38268129 12080470
38263661 12080471
38265085 12080473
38262380 12080475
38255734 12080481
38256027 12080481
38262981 12080484
38264581 12080484
38266802 12080484
38266803 12080484
38277152 12080490
38263183 12080497
38263184 12080497
38276448 12080501
38262872 12080504
38264533 12080504
38276434 12080504
38276688 12080504
38271814 12080526
38259067 12080531
38254678 12080538
38254692 12080538
38277155 12080538
38262947 12080541
38264610 12080541
38258090 12080544
38258530 12080544
38264026 12080546
38268316 12080546
38262910 12080548
38256164 12080550
38258058 12080554
38266061 12080563
38265097 12080570
38266691 12080587
38276554 12080591
38277186 12080592
38263534 12080600
38267342 12080600
38256897 12080606
38260945 12080619
38276457 12080625
38266625 12080626
38263904 12080634
38266729 12080645
38266730 12080645
38267636 12080645
38264445 12080666
38264461 12080666
38266076 12080666
38271699 12080666
38276482 12080666
38276686 12080666
38257618 12080705
38264850 12080705
38272292 12080705
38272294 12080705
38272295 12080705
38266698 12080711
38272726 12080714
38255787 12080719
38255796 12080719
38255804 12080719
38255839 12080719
38256430 12080719
38276463 12080722
38254642 12080725
38260925 12080728
38261052 12080728
38266415 12080728
38270902 12080728
38270903 12080728
38271924 12080728
38271926 12080728
38271927 12080728
38259182 12080748
38259182 182382212
38259184 12080748
38259184 182382212
38259342 12080748
38259342 182382212
38272707 12080751
38259953 12080755
38254348 12080763
38254354 12080763
38267564 12080763
38267236 12080771
38262844 12080777
38262845 12080777
38264046 12080792
38264047 12080792
38266777 12080792
38271960 12080792
38271961 12080792
38259156 12080795
38267339 12080795
38271253 12080795
38267175 12080810
38266021 12080821
38271642 12080832
38271643 12080832
38255818 12080837
38276505 12080837
38267332 12080841
38264118 12080842
38275609 12080847
38257979 12080851
38276548 12080851
38260801 12080857
38264315 12080859
38264728 12080860
38264729 12080860
38272676 12080861
38276424 12080864
38271192 12080866
38271193 12080866
38264900 12080868
38276418 12080871
38265942 12080873
38256288 12080889
38256289 12080889
38256295 12080889
38256366 12080889
38256419 12080889
38267174 12080889
38267196 12080889
38267208 12080889
38267644 12080889
38263431 12080890
38265764 12080893
38265765 12080893
38266299 12080893
38265925 12080899
38262168 12080900
38268253 12080900
38263189 12080905
38263190 12080905
38267492 12080906
38255494 12080908
38267235 12080914
38265041 12080921
38265044 12080921
38265045 12080921
38255695 12080932
38265135 12080932
38265138 12080932
38265139 12080932
38267386 12080938
38266490 12080940
38266492 12080940
38266493 12080940
38277119 12080942
38265982 12080945
38266720 12080945
38267222 12080945
38268144 12080946
38265535 12080947
38262789 12080951
38255921 12080967
38255963 12080967
38256271 12080967
38256272 12080967
38256513 12080967
38265394 12080967
38265395 12080967
38267023 12080967
38267024 12080967
38267646 12080967
38257830 12080967
38257830 12080987
38257898 12080967
38257898 12080987
38257900 12080967
38257900 12080987
38258498 12080967
38258498 12080987
38258700 12080967
38258700 12080987
38258724 12080967
38258724 12080987
38258742 12080967
38258742 12080987
38261628 12080967
38261628 12080987
38265631 12080967
38265631 12080987
38265634 12080967
38265634 12080987
38265637 12080967
38265637 12080987
38265640 12080967
38265640 12080987
38267788 12080967
38267788 12080987
38271172 12080967
38271172 12080987
38271173 12080967
38271173 12080987
38257931 12080977
38257966 12080977
38263619 12080977
38265889 12080977
38265890 12080977
38266509 12080977
38266509 12083696
38260941 12081004
38260944 12081004
38260990 12081004
38263856 12081004
38263857 12081004
38266187 12081004
38266404 12081004
38266405 12081004
38271000 12081004
38271001 12081004
38271852 12081004
38271853 12081004
38259973 12081010
38262906 12081010
38271508 12081010
38271509 12081010
38259464 12081015
38254624 12081019
38266348 12081024
38264746 12081030
38264019 12081040
38264028 12081040
38264034 12081040
38264035 12081040
38271882 12081040
38271883 12081040
38258131 12081043
38263675 12081046
38263676 12081046
38254657 12081050
38254934 12081050
38276468 12081057
38263598 12081063
38266750 12081069
38258668 12081071
38255197 12081081
38255206 12081081
38255368 12081081
38255231 12081093
38255396 12081093
38255666 12081093
38262563 12081093
38263692 12081099
38272675 12081099
38256884 12081104
38255795 12081107
38255799 12081107
38255815 12081107
38264338 12081107
38264339 12081107
38266977 12081107
38267209 12081107
38276729 12081107
38266669 12081111
38266672 12081111
38266673 12081111
38271950 12081111
38271951 12081111
38265406 12081114
38265407 12081114
38267424 12081116
38271592 12081137
38276674 12081137
38276676 12081137
38258783 12081140
38255698 12081148
38264986 12081148
38264990 12081148
38266224 12081148
38267667 12081148
38259093 12081153
38261784 12081159
38263571 12081159
38263577 12081159
38263578 12081159
38257995 12081161
38257998 12081161
38258018 12081161
38258030 12081161
38269972 12081161
38269973 12081161
38254203 12081167
38254206 12081167
38254211 12081167
38254212 12081167
38254434 12081167
38254486 12081167
38254606 12081167
38254623 12081167
38266206 12081167
38256452 12081170
38256453 12081170
38256455 12081170
38256788 12081170
38276529 12081170
38259597 12081172
38264550 12081178
38264551 12081178
38264559 12081178
38264578 12081178
38267120 12081178
38267485 12081181
38266538 12081185
38266539 12081185
38271940 12081185
38271941 12081185
38266528 12081188
38266541 12081188
38271942 12081188
38271943 12081188
38266532 12081190
38268002 12081192
38268003 12081192
38261860 12081197
38266019 12081199
38264402 12081201
38266287 12081216
38271874 12081216
38271876 12081216
38271877 12081216
38272696 12081216
38272753 12081216
38272754 12081216
38268358 12081219
38266383 12081225
38265483 12081229
38277165 12081229
38262193 12081236
38263579 12081238
38259496 12081243
38259497 12081243
38259498 12081243
38271186 12081243
38271187 12081243
38276462 12081243
38254687 12081246
38259377 12081249
38259466 12081253
38261313 12081253
38265862 12081253
38265863 12081253
38260018 12081255
38268160 12081264
38271124 12081268
38271125 12081268
38257445 12081270
38257447 12081270
38257686 12081270
38257737 12081270
38265408 12081273
38263247 12081275
38263495 12081278
38276469 12081282
38254988 12081299
38263754 12081299
38258629 12081301
38258635 12081301
38260051 12081304
38260556 12081304
38267381 12081304
38261452 12081307
38268151 12081310
38254429 12081311
38254804 12081312
38254819 12081312
38258591 12081313
38276786 12081315
38268273 12081317
38265978 12081319
38256158 12081330
38276749 12081330
38258804 12081336
38262080 12081354
38258192 12081359
38258442 12081359
38258452 12081359
38260672 12081359
38265743 12081359
38265744 12081359
38266308 12081359
38266910 12081359
38267309 12081359
38263464 12081361
38258212 12081368
38258226 12081368
38258570 12081368
38268193 12081368
38275970 12081370
38256881 12081371
38256542 12081403
38256547 12081403
38256557 12081403
38256763 12081403
38256767 12081403
38265397 12081403
38265398 12081403
38269508 12081403
38269509 12081403
38269512 12081403
38269513 12081403
38259898 12081411
38264536 12081412
38264537 12081414
38255270 12081423
38254881 12081425
38263170 12081428
38260825 12081432
38265054 12081438
38276442 12081438
38272690 12081440
38272612 12081442
38266225 12081449
38255850 12081452
38267206 12081454
38263869 12081458
38263870 12081458
38263864 12081460
38263867 12081460
38263868 12081460
38255899 12081463
38272759 12081467
38277147 12081467
38257449 12081469
38257695 12081469
38277136 12081471
38259045 12081478
38268433 12081480
38265058 12081483
38257983 12081490
38257996 12081490
38266363 12081490
38266364 12081490
38262612 12081493
38264164 12081493
38267249 12081493
38267474 12081493
38264466 12081498
38268494 12081498
38268493 12081504
38260807 12081516
38262580 12081516
38266095 12081516
38266097 12081516
38266060 12081519
38265124 12081520
38265125 12081524
38265126 12081524
38255516 12081532
38264824 12081532
38264825 12081532
38257717 12081538
38257760 12081538
38258160 12081541
38267147 12081542
38276783 12081542
38268322 12081544
38265364 12081551
38258592 12081553
38262909 12081555
38259870 12081566
38259889 12081566
38262258 12081566
38268251 12081566
38276594 12081570
38276596 12081570
38266745 12081591
38266746 12081591
38269480 12081591
38269481 12081591
38276652 12081595
38271370 12081596
38271371 12081596
38267978 12081597
38267979 12081597
38254742 12081615
38254839 12081615
38254841 12081615
38254889 12081615
38261644 12081615
38261651 12081615
38268592 12081615
38268593 12081615
38276634 12081615
38276464 12081621
38263244 12081623
38276782 12081628
38259060 12081629
38276720 12081633
38258701 12081638
38267329 12081638
38276887 12081642
38272697 12081644
38257899 12081665
38258418 12081665
38258802 12081665
38258863 12081665
38261805 12081665
38267451 12081665
38267748 12081665
38262938 12081667
38263952 12081674
38263953 12081674
38259364 12081680
38257937 12081682
38258646 12081682
38276567 12081684
38272666 12081689
38266360 12081690
38258033 12081696
38258033 181398194
38258033 181398195
38258048 12081696
38258048 181398194
38258048 181398195
38258063 12081696
38258063 181398194
38258063 181398195
38266058 12081696
38266058 181398194
38266058 181398195
38266059 12081696
38266059 181398194
38266059 181398195
38276546 12081701
38255014 12081702
38268171 12081703
38263185 12081705
38272648 12081708
38267609 12081712
38276495 12081712
38255841 12081717
38266923 12081723
38271972 12081723
38271973 12081723
38276770 12081730
38266859 12081734
38262860 12081753
38265907 12081753
38267260 12081753
38259890 12081760
38259892 12081760
38259893 12081760
38259895 12081760
38254680 12081773
38254686 12081773
38254791 12081773
38254806 12081773
38272739 12081775
38261700 12081779
38268017 12081779
38263200 12081782
38254614 12081784
38261318 12081787
38259185 12081799
38259325 12081799
38276680 12081799
38272734 12081801
38257399 12081807
38257778 12081807
38257780 12081807
38261773 12081809
38255968 12081817
38256145 12081817
38256278 12081817
38256280 12081817
38256284 12081817
38264313 12081817
38264314 12081817
38264317 12081817
38264318 12081817
38267204 12081817
38258011 12081822
38258011 181398188
38259478 12081822
38259478 181398188
38259480 12081822
38259480 181398188
38262124 12081822
38262124 181398188
38262126 12081822
38262126 181398188
38262790 12081822
38262790 181398188
38262791 12081822
38262791 181398188
38262798 12081822
38262798 181398188
38266300 12081822
38266300 181398188
38266301 12081822
38266301 181398188
38267354 12081822
38267354 181398188
38271188 12081822
38271188 181398188
38271189 12081822
38271189 181398188
38265823 12081824
38266782 12081825
38268118 12081831
38254745 12081840
38262534 12081840
38255082 12081849
38263179 12081858
38255253 12081874
38262930 12081874
38262931 12081874
38264904 12081874
38264910 12081874
38276696 12081874
38265700 12081877
38265701 12081877
38268377 12081879
38259379 12081880
38259583 12081880
38276453 12081882
38258905 12081886
38256610 12081899
38256737 12081899
38267230 12081899
38260011 12081903
38260025 12081903
38258682 12081905
38258683 12081905
38277130 12081907
38268348 12081909
38262190 12081917
38276440 12081924
38275561 12081927
38261675 12081931
38262802 12081933
38272362 12081935
38272363 12081935
38257804 12081938
38263624 12081939
38272720 12081940
38266605 12081941
38266865 12081942
38277133 12081944
38268299 12081945
38276276 12081947
38261137 12081951
38264373 12081951
38264374 12081951
38268248 12081951
38271660 12081960
38271661 12081960
38276467 12081960
38258190 12081963
38276451 12081963
38268486 12081966
38262977 12081968
38255892 12081969
38272677 12081971
38264503 12081972
38276525 12081978
38258605 12081981
38262773 12081981
38263373 12081983
38264353 12081983
38263372 12081983
38263372 12081987
38267173 12081983
38267173 12081987
38265919 12081990
38268246 12081992
38254611 12082007
38254646 12082007
38254813 12082007
38254906 12082007
38254912 12082007
38254913 12082007
38261656 12082007
38265242 12082007
38265243 12082007
38265245 12082007
38265246 12082007
38265248 12082007
38265249 12082007
38265963 12082007
38268720 12082007
38268721 12082007
38271324 12082007
38271325 12082007
38257977 12082012
38254509 12082030
38254510 12082030
38254527 12082030
38254569 12082030
38254571 12082030
38254579 12082030
38254589 12082030
38254603 12082030
38255027 12082030
38262174 12082030
38262481 12082030
38265179 12082030
38265188 12082030
38265189 12082030
38265191 12082030
38265194 12082030
38267035 12082030
38267036 12082030
38271114 12082030
38271115 12082030
38271306 12082030
38271307 12082030
38276650 12082030
38276888 12082030
38258613 12082034
38263689 12082034
38266912 12082037
38266913 12082037
38257906 12082041
38255808 12082043
38255811 12082043
38255832 12082043
38258590 12082052
38262344 12082052
38262347 12082052
38262360 12082052
38267782 12082052
38268305 12082055
38266132 12082057
38260056 12082062
38260063 12082062
38257660 12082064
38256472 12082078
38264996 12082078
38265011 12082078
38265017 12082078
38266244 12082078
38266702 12082078
38266705 12082078
38266706 12082078
38267224 12082078
38271956 12082078
38271957 12082078
38254221 12082122
38254250 12082122
38254433 12082122
38255190 12082122
38255609 12082122
38255704 12082122
38255730 12082122
38255751 12082122
38255870 12082122
38256174 12082122
38256175 12082122
38261632 12082122
38261634 12082122
38265048 12082122
38267118 12082122
38267188 12082122
38268385 12082122
38268958 12082122
38268960 12082122
38268961 12082122
38271948 12082122
38266365 12082128
38263653 12082131
38263654 12082131
38258022 12082133
38257725 12082145
38267904 12082150
38266232 12082152
38264872 12082154
38262100 12082167
38262112 12082167
38262447 12082167
38263001 12082171
38263002 12082171
38257490 12082182
38267996 12082182
38267997 12082182
38257878 12082185
38257924 12082202
38266765 12082202
38266766 12082202
38276722 12082202
38256658 12082205
38277072 12082205
38256790 12082210
38256792 12082210
38254626 12082214
38260709 12082232
38260785 12082232
38260826 12082232
38260828 12082232
38267401 12082232
38267407 12082232
38267869 12082232
38270814 12082232
38270815 12082232
38276527 12082263
38276527 188749991
38258000 12082268
38257470 12082276
38257699 12082276
38261752 12082276
38258680 12082284
38262770 12082284
38265446 12082286
38272667 12082287
38266077 12082288
38258208 12082291
38266979 12082293
38263024 12082296
38267955 12082298
38259074 12082302
38262449 12082302
38263406 12082303
38255485 12082311
38263023 12082311
38264758 12082311
38264759 12082311
38264812 12082315
38264813 12082318
38255771 12082334
38255979 12082334
38256039 12082334
38256354 12082334
38265703 12082334
38267212 12082334
38254617 12082340
38254618 12082340
38254877 12082340
38268120 12082340
38271668 12082340
38271670 12082340
38271671 12082340
38266870 12082343
38256761 12082348
38258149 12082350
38263728 12082353
38259874 12082356
38259891 12082356
38259903 12082356
38258132 12082359
38258326 12082359
38258137 12082360
38262962 12082362
38262963 12082364
38263427 12082372
38263430 12082372
38267189 12082372
38268354 12082379
38275564 12082379
38270206 12082384
38270207 12082384
38260953 12082386
38267415 12082386
38276623 12082386
38272030 12082408
38272031 12082408
38255078 12082416
38266025 12082422
38266549 12082422
38266550 12082422
38263729 12082424
38255151 12082425
38255522 12082428
38255523 12082428
38255527 12082430
38255093 12082439
38260536 12082442
38261881 12082442
38259387 12082444
38255920 12082452
38262927 12082459
38272716 12082459
38271511 12082460
38255136 12082464
38256840 12082464
38262952 12082467
38256679 12082468
38257313 12082488
38257829 12082488
38257840 12082488
38257846 12082488
38257847 12082488
38263307 12082488
38263308 12082488
38267282 12082488
38267705 12082488
38262280 12082500
38270770 12082500
38270771 12082500
38259388 12082509
38259643 12082509
38267370 12082509
38267895 12082509
38268216 12082509
38272665 12082509
38259580 12082510
38259581 12082510
38259582 12082510
38262426 12082510
38264363 12082511
38255715 12082512
38255144 12082515
38268906 12082515
38268908 12082515
38272749 12082517
38276571 12082518
38259124 12082519
38256910 12082521
38256913 12082521
38257041 12082521
38257229 12082521
38266252 12082522
38276479 12082526
38257862 12082532
38258864 12082532
38265621 12082532
38267744 12082532
38258218 12082546
38258457 12082546
38258836 12082546
38266102 12082546
38266903 12082546
38266904 12082546
38267765 12082546
38270177 12082546
38270204 12082546
38270205 12082546
38277143 12082546
38258215 12082553
38263434 12082564
38256709 12082568
38255024 12082570
38276485 12082576
38257758 12082581
38257429 12082619
38257429 129916681
38257443 12082619
38257443 129916681
38257607 12082619
38257607 129916681
38259827 12082619
38259827 129916681
38259843 12082619
38259843 129916681
38259858 12082619
38259858 129916681
38260167 12082619
38260167 129916681
38262278 12082619
38262278 129916681
38262279 12082619
38262279 129916681
38265356 12082619
38265356 129916681
38265357 12082619
38265357 129916681
38261807 12082646
38262053 12082646
38262445 12082646
38264391 12082646
38265529 12082646
38265530 12082646
38265538 12082646
38271770 12082646
38271771 12082646
38276555 12082646
38267348 12082649
38259472 12082650
38267403 12082650
38272700 12082651
38254559 12082653
38269130 12082656
38269131 12082656
38262895 12082658
38267129 12082663
38265448 12082665
38265449 12082665
38267754 12082682
38267754 181398198
38267754 181398199
38267754 181398200
38267784 12082682
38267784 181398198
38267784 181398199
38267784 181398200
38256441 12082686
38265685 12082686
38276517 12082686
38255826 12082689
38255826 181398196
38255836 12082689
38255836 181398196
38255847 12082689
38255847 181398196
38272674 12082698
38266113 12082704
38265098 12082710
38265099 12082716
38268022 12082721
38268023 12082721
38263055 12082723
38263055 12406090
38258124 12082726
38271834 12082735
38276715 12082735
38260497 12082745
38260527 12082745
38260529 12082745
38263636 12082745
38264473 12082745
38267864 12082745
38256924 12082750
38257056 12082750
38257165 12082750
38254512 12082755
38254515 12082755
38254519 12082755
38254520 12082755
38254521 12082755
38257921 12082767
38257921 181398193
38257926 12082767
38257926 181398193
38261378 12082767
38261378 181398193
38269969 12082769
38255763 12082780
38255763 181398192
38255764 12082780
38255764 181398192
38255776 12082780
38255776 181398192
38255068 12082784
38255068 191140931
38255068 191140937
38265673 12082784
38265673 191140931
38265673 191140937
38265674 12082784
38265674 191140931
38265674 191140937
38276476 12082784
38276476 191140931
38276476 191140937
38264539 12082786
38267483 12082788
38255665 12082799
38268936 12082799
38268937 12082799
38254596 12082803
38254599 12082803
38276739 12082822
38256515 12082841
38256521 12082841
38256747 12082841
38265735 12082841
38266736 12082841
38266737 12082841
38255644 12082857
38257318 12082857
38262538 12082857
38254586 12082870
38266585 12082870
38266586 12082870
38265884 12082875
38267287 12082875
38262965 12082877
38262945 12082880
38262946 12082880
38266714 12082883
38266715 12082883
38256931 12082894
38256941 12082894
38256943 12082894
38263455 12082894
38276639 12082894
38277132 12082894
38256133 12082896
38262352 12082896
38255911 12082909
38256823 12082915
38256825 12082915
38265792 12082915
38271784 12082915
38264065 12082922
38267470 12082926
38256607 12082930
38276784 12082933
38265227 12082940
38265228 12082940
38266449 12082940
38266459 12082940
38266460 12082940
38276725 12082940
38264821 12082951
38268121 12082951
38272761 12082951
38276432 12082951
38255486 12082957
38268141 12082962
38268301 12082962
38254438 12082965
38265291 12082969
38265292 12082969
38258858 12082971
38258861 12082971
38266895 12082971
38266896 12082971
38276443 12082973
38259964 12082979
38259984 12082979
38260202 12082979
38266800 12082983
38266801 12082983
38276689 12082983
38266804 12082986
38264586 12082987
38276523 12082994
38258991 12083002
38267815 12083002
38266341 12083007
38262171 12083011
38267841 12083011
38272714 12083015
38272715 12083015
38263188 12083020
38264310 12083023
38264311 12083023
38267899 12083025
38262662 12083030
38262864 12083032
38264827 12083032
38264830 12083032
38264831 12083032
38265122 12083032
38268325 12083032
38272663 12083035
38256550 12083048
38258984 12083048
38265419 12083048
38265424 12083048
38276452 12083054
38257215 12083055
38265105 12083057
38263182 12083059
38272685 12083061
38259454 12083064
38265852 12083066
38267555 12083067
38271160 12083078
38271162 12083078
38261663 12083081
38257363 12083094
38257795 12083094
38276684 12083094
38266011 12083097
38260528 12083099
38256697 12083101
38268470 12083104
38267662 12083107
38258859 12083108
38259977 12083109
38262159 12083109
38259050 12083131
38259052 12083131
38259055 12083131
38259300 12083131
38259469 12083131
38259625 12083131
38267356 12083131
38272116 12083142
38272118 12083142
38272119 12083142
38276422 12083142
38276427 12083142
38276750 12083148
38264297 12083151
38276458 12083151
38264298 12083152
38255854 12083154
38266420 12083158
38271928 12083158
38271929 12083158
38266544 12083164
38271944 12083164
38271945 12083164
38266534 12083169
38258065 12083171
38265635 12083172
38261636 12083176
38267819 12083181
38257894 12083187
38259232 12083187
38255617 12083212
38263403 12083219
38267195 12083220
38255249 12083239
38255431 12083239
38255540 12083239
38262552 12083239
38267999 12083239
38268000 12083239
38268935 12083239
38269124 12083239
38271517 12083239
38276498 12083239
38276504 12083239
38255314 12083254
38255317 12083254
38269080 12083254
38269081 12083254
38268465 12083255
38264409 12083257
38266382 12083258
38256885 12083262
38256893 12083262
38262224 12083262
38258727 12083270
38261707 12083270
38261835 12083270
38261971 12083270
38265932 12083270
38265933 12083270
38267741 12083270
38267791 12083270
38260053 12083275
38264064 12083278
38257798 12083281
38262119 12083285
38256292 12083286
38255645 12083287
38262068 12083292
38262594 12083292
38263032 12083292
38263033 12083292
38263036 12083292
38264517 12083292
38267466 12083292
38268162 12083292
38268265 12083295
38259555 12083298
38272744 12083301
38258062 12083306
38258067 12083306
38259096 12083306
38266050 12083306
38276590 12083306
38268482 12083312
38265485 12083316
38271180 12083318
38271181 12083318
38257836 12083319
38271946 12083322
38271947 12083322
38256389 12083323
38276446 12083328
38259945 12083336
38259957 12083336
38259976 12083336
38272722 12083338
38276745 12083345
38267162 12083347
38262851 12083351
38267888 12083351
38255688 12083360
38265145 12083360
38265146 12083360
38265376 12083367
38265379 12083367
38277134 12083369
38257929 12083372
38258844 12083372
38258848 12083372
38255926 12083374
38256376 12083383
38267179 12083383
38267643 12083383
38258850 12083386
38270250 12083386
38270251 12083386
38259506 12083392
38262397 12083392
38268283 12083395
38263643 12083398
38264833 12083405
38264834 12083405
38267622 12083405
38262960 12083407
38262961 12083407
38264811 12083407
38266009 12083407
38266010 12083407
38262871 12083410
38259479 12083411
38271818 12083416
38271819 12083416
38259128 12083417
38259129 12083420
38259961 12083423
38255153 12083424
38266008 12083427
38256675 12083431
38256796 12083431
38256903 12083436
38277131 12083436
38272691 12083439
38267617 12083447
38255414 12083451
38267967 12083461
38260027 12083464
38260045 12083464
38260052 12083464
38260122 12083464
38260314 12083464
38260584 12083464
38268231 12083464
38268232 12083464
38255526 12083467
38264816 12083467
38264817 12083467
38263547 12083469
38261813 12083473
38276455 12083476
38271688 12083478
38271689 12083478
38265299 12083479
38268192 12083483
38272748 12083483
38258650 12083488
38268211 12083488
38254620 12083495
38254621 12083497
38254875 12083497
38254802 12083507
38254817 12083507
38261970 12083513
38272708 12083513
38260299 12083521
38265454 12083521
38265455 12083521
38265458 12083521
38265463 12083521
38265464 12083521
38267859 12083521
38275973 12083534
38276387 12083536
38264284 12083538
38254202 12083542
38254204 12083542
38254494 12083542
38276417 12083542
38258072 12083546
38256718 12083552
38264857 12083554
38257166 12083557
38276449 12083561
38260540 12083565
38263340 12083568
38255941 12083571
38262448 12083574
38262810 12083577
38267313 12083584
38267271 12083591
38276642 12083599
38263331 12083607
38265710 12083607
38265711 12083607
38265714 12083607
38266238 12083607
38266239 12083607
38266634 12083607
38266635 12083607
38265723 12083611
38276738 12083611
38256401 12083613
38256152 12083616
38265874 12083619
38265876 12083619
38254688 12083621
38254693 12083621
38268338 12083624
38266547 12083626
38266548 12083628
38258574 12083650
38260680 12083650
38260847 12083650
38260915 12083650
38262154 12083650
38263807 12083650
38263810 12083650
38263811 12083650
38263898 12083650
38266900 12083650
38267870 12083650
38263377 12083652
38259886 12083657
38259886 190631427
38259924 12083657
38259924 190631427
38267920 12083665
38271722 12083666
38271723 12083666
38258091 12083672
38269978 12083672
38269979 12083672
38276550 12083672
38256873 12083678
38257980 12083681
38258689 12083681
38259084 12083681
38259069 12083684
38259070 12083684
38259495 12083684
38262121 12083684
38268138 12083684
38271490 12083684
38271491 12083684
38272684 12083684
38256498 12083687
38256500 12083687
38255233 12083689
38256082 12083702
38254260 12083711
38254260 191140923
38254336 12083711
38254336 191140923
38254389 12083711
38254389 191140923
38263199 12083711
38263199 191140923
38265033 12083711
38265033 191140923
38267020 12083711
38267020 191140923
38277172 12083711
38277172 191140923
38277173 12083711
38277173 191140923
38256730 12083717
38256732 12083717
38276444 12083717
38264095 12083720
38256303 12083722
38259468 12083726
38263353 12083734
38272130 12083734
38272135 12083734
38276746 12083734
38258444 12083738
38258446 12083740
38257942 12083748
38258079 12083748
38258624 12083748
38261314 12083748
38261388 12083748
38262649 12083748
38255740 12083754
38255744 12083754
38256165 12083754
38255754 12083755
38256020 12083755
38261901 12083758
38260081 12083764
38260083 12083764
38260585 12083764
38266130 12083764
38266339 12083764
38266340 12083764
38266937 12083764
38266938 12083764
38266989 12083764
38264030 12083766
38260893 12083773
38270888 12083773
38270889 12083773
38272762 12083778
38272763 12083778
38272764 12083778
38265244 12083782
38258627 12083786
38258867 12083787
38266047 12083789
38267800 12083789
38266240 12083793
38260428 12083798
38272664 12083799
38254935 12083805
38259546 12083811
38261334 12083811
38259548 12083813
38259549 12083814
38264443 12083819
38264444 12083819
38267325 12083821
38262017 12083823
38265783 12083826
38257394 12083829
38258173 12083854
38258229 12083854
38258547 12083854
38258551 12083854
38258555 12083854
38258556 12083854
38262915 12083854
38267763 12083854
38268128 12083854
38271822 12083854
38271823 12083854
38258168 12083858
38258542 12083858
38261818 12083858
38263499 12083858
38267003 12083858
38267004 12083858
38267759 12083858
38255181 12083910
38255181 189273668
38255181 191140922
38255181 191140925
38255181 191140940
38255181 191643092
38255964 12083910
38255964 189273668
38255964 191140922
38255964 191140925
38255964 191140940
38255964 191643092
38256231 12083910
38256231 189273668
38256231 191140922
38256231 191140925
38256231 191140940
38256231 191643092
38256233 12083910
38256233 189273668
38256233 191140922
38256233 191140925
38256233 191140940
38256233 191643092
38257822 12083910
38257822 189273668
38257822 191140922
38257822 191140925
38257822 191140940
38257822 191643092
38257826 12083910
38257826 189273668
38257826 191140922
38257826 191140925
38257826 191140940
38257826 191643092
38257827 12083910
38257827 189273668
38257827 191140922
38257827 191140925
38257827 191140940
38257827 191643092
38264361 12083910
38264361 189273668
38264361 191140922
38264361 191140925
38264361 191140940
38264361 191643092
38264362 12083910
38264362 189273668
38264362 191140922
38264362 191140925
38264362 191140940
38264362 191643092
38266014 12083910
38266014 189273668
38266014 191140922
38266014 191140925
38266014 191140940
38266014 191643092
38267043 12083910
38267043 189273668
38267043 191140922
38267043 191140925
38267043 191140940
38267043 191643092
38271984 12083910
38271984 189273668
38271984 191140922
38271984 191140925
38271984 191140940
38271984 191643092
38271985 12083910
38271985 189273668
38271985 191140922
38271985 191140925
38271985 191140940
38271985 191643092
38276709 12083910
38276709 189273668
38276709 191140922
38276709 191140925
38276709 191140940
38276709 191643092
38255421 12083929
38255642 12083929
38266015 12083929
38267616 12083929
38267623 12083929
38262540 12083932
38276651 12083932
38276515 12083933
38264329 12083940
38264330 12083940
38277272 12083942
38259073 12083945
38257248 12083951
38255713 12083955
38261709 12083961
38261877 12083961
38266520 12083961
38266521 12083961
38277148 12083968
38264818 12083970
38271820 12083971
38271821 12083974
38257953 12083976
38257762 12083983
38257763 12083983
38264791 12083991
38264795 12083991
38264796 12083991
38266473 12083991
38266476 12083991
38266479 12083991
38266482 12083991
38265739 12083994
38276456 12083994
38256710 12084005
38262110 12084010
38265880 12084010
38265881 12084010
38276638 12084010
38254428 12084015
38258081 12084017
38265472 12084019
38265790 12084027
38266934 12084027
38254593 12084029
38254594 12084029
38254597 12084029
38261526 12084032
38261763 12084032
38257432 12084047
38257438 12084047
38257453 12084047
38257610 12084047
38267272 12084047
38272298 12084047
38272299 12084047
38257488 12084078
38255216 12084098
38255227 12084098
38255242 12084098
38255394 12084098
38255930 12084098
38255932 12084098
38267017 12084098
38267641 12084098
38267657 12084098
38268928 12084098
38268929 12084098
38255382 12084115
38255382 174903510
38262531 12084115
38262531 174903510
38264364 12084115
38264364 174903510
38264365 12084115
38264365 174903510
38267015 12084115
38267015 174903510
38271364 12084115
38271364 174903510
38271365 12084115
38271365 174903510
38254570 12084132
38254591 12084132
38254770 12084132
38255026 12084132
38268119 12084132
38255897 12084165
38256069 12084165
38256198 12084165
38256245 12084165
38256364 12084165
38256402 12084165
38269322 12084165
38269376 12084165
38269377 12084165
38276507 12084165
38256460 12084179
38256580 12084179
38256698 12084179
38264969 12084179
38264978 12084179
38265002 12084179
38265005 12084179
38265006 12084179
38265972 12084179
38266243 12084179
38267225 12084179
38271806 12084179
38276516 12084179
38276708 12084179
38267584 12084183
38254560 12084187
38254564 12084187
38254567 12084187
38255007 12084187
38255008 12084187
38265234 12084189
38264982 12084191
38262920 12084194
38265441 12084196
38265442 12084196
38255691 12084202
38256388 12084202
38268148 12084202
38256522 12084214
38266742 12084214
38266743 12084214
38267013 12084214
38268554 12084228
38268181 12084232
38274096 12084232
38274097 12084232
38277141 12084232
38263592 12084238
38258140 12084239
38259019 12084288
38259241 12084288
38259252 12084288
38259607 12084288
38276576 12084288
38276761 12084288
38262885 12084297
38256871 12084310
38275537 12084310
38272750 12084321
38273335 12084321
38260676 12084326
38266883 12084326
38266884 12084326
38258667 12084334
38258669 12084334
38258670 12084334
38263297 12084337
38258032 12084342
38258035 12084342
38268291 12084346
38275571 12084346
38263611 12084352
38255520 12084354
38259923 12084357
38259926 12084357
38267503 12084365
38254253 12084372
38254321 12084372
38254469 12084372
38264775 12084372
38264776 12084372
38264778 12084372
38264779 12084372
38265157 12084372
38265166 12084372
38265171 12084372
38267571 12084372
38267582 12084372
38271566 12084372
38271567 12084372
38276419 12084372
38259071 12084378
38262768 12084378
38263622 12084378
38263623 12084378
38264712 12084380
38264715 12084380
38264716 12084380
38267493 12084380
38254574 12084381
38266318 12084384
38267907 12084388
38259007 12084392
38262944 12084394
38258952 12084414
38259164 12084414
38262135 12084414
38268099 12084414
38270274 12084414
38270275 12084414
38276743 12084414
38255655 12084426
38255648 12084431
38267158 12084431
38267323 12084433
38258052 12084437
38258618 12084437
38264016 12084439
38264994 12084440
38258662 12084442
38259141 12084443
38259134 12084444
38266621 12084446
38266622 12084448
38276483 12084456
38262939 12084458
38266868 12084459
38266869 12084459
38255781 12084470
38256385 12084470
38263410 12084470
38263411 12084470
38263414 12084470
38276679 12084470
38258040 12084477
38258054 12084477
38258061 12084477
38260042 12084487
38260450 12084487
38264406 12084487
38267387 12084487
38270774 12084487
38270775 12084487
38260089 12084489
38272724 12084492
38268297 12084497
38272639 12084497
38258089 12084507
38258332 12084507
38258400 12084507
38258529 12084507
38266426 12084507
38266427 12084507
38276760 12084507
38260518 12084518
38261427 12084518
38267737 12084518
38276603 12084518
38276551 12084521
38254996 12084522
38268345 12084524
38260922 12084539
38260923 12084539
38260926 12084539
38268346 12084539
38265968 12084543
38260091 12084545
38260103 12084545
38267382 12084545
38261910 12084549
38265986 12084550
38265987 12084550
38276293 12084551
38272703 12084552
38261714 12084555
38269100 12084560
38272712 12084563
38268174 12084566
38272723 12084566
38259927 12084568
38259933 12084568
38259943 12084575
38259954 12084575
38259970 12084575
38259989 12084575
38260006 12084575
38264514 12084579
38266040 12084579
38276687 12084579
38268396 12084586
38272412 12084586
38272414 12084586
38272415 12084586
38265732 12084593
38272699 12084604
38255295 12084617
38262564 12084617
38254503 12084639
38276578 12084649
38258644 12084650
38272678 12084651
38276659 12084656
38272646 12084658
38259453 12084679
38259457 12084679
38276423 12084679
38276723 12084679
38276514 12084686
38265698 12084688
38258187 12084711
38258475 12084711
38258830 12084711
38266108 12084711
38266109 12084711
38266886 12084711
38267761 12084711
38267762 12084711
38258064 12084715
38258071 12084715
38258085 12084715
38265793 12084718
38263523 12084721
38260079 12084735
38260101 12084735
38260228 12084735
38267850 12084735
38276600 12084735
38255152 12084739
38277170 12084739
38277171 12084739
38266829 12084744
38261661 12084747
38260369 12084753
38260517 12084753
38264573 12084755
38264574 12084755
38255535 12084757
38256762 12084760
38262500 12084760
38266684 12084765
38266685 12084765
38276694 12084765
38265205 12084768
38265203 12084772
38265209 12084772
38267137 12084772
38267598 12084772
38267526 12084774
38263954 12084785
38264049 12084786
38264051 12084786
38255260 12084805
38255266 12084805
38255278 12084805
38262954 12084805
38263286 12084805
38267615 12084805
38272626 12084805
38272765 12084805
38259965 12084809
38259988 12084809
38265081 12084812
38263703 12084815
38271938 12084820
38271939 12084820
38258996 12084834
38259016 12084834
38259017 12084834
38259043 12084834
38259460 12084834
38263955 12084834
38263958 12084834
38271658 12084834
38271659 12084834
38272662 12084841
38267855 12084843
38267856 12084846
38260400 12084847
38272644 12084847
38260603 12084851
38260604 12084853
38267472 12084855
38267473 12084855
38263829 12084859
38259116 12084861
38259501 12084864
38266810 12084867
38263749 12084885
38266609 12084885
38267141 12084885
38268020 12084885
38265037 12084887
38258655 12084891
38258657 12084891
38258658 12084891
38258661 12084891
38258663 12084891
38270212 12084891
38270213 12084891
38260705 12084923
38260943 12084923
38266410 12084923
38266411 12084923
38271854 12084923
38271855 12084923
38262869 12084927
38262966 12084934
38262967 12084934
38262968 12084934
38271520 12084934
38271521 12084934
38265460 12084941
38268329 12084941
38258196 12084949
38258197 12084949
38258447 12084949
38268186 12084949
38262988 12084951
38276363 12084956
38276364 12084956
38276445 12084958
38262898 12084961
38255205 12084979
38256950 12085007
38256955 12085007
38266376 12085007
38267684 12085007
38255537 12085021
38263535 12085028
38259837 12085041
38260280 12085041
38260471 12085041
38262932 12085043
38272687 12085061
38273332 12085061
38255738 12085063
38256017 12085063
38268170 12085063
38254635 12085071
38254766 12085071
38254946 12085071
38254947 12085071
38266327 12085071
38266328 12085071
38264564 12085073
38264571 12085073
38266333 12085076
38267398 12085076
38258545 12085080
38258397 12085096
38258397 189274289
38258504 12085096
38258504 189274289
38258508 12085096
38258508 189274289
38263493 12085096
38263493 189274289
38263494 12085096
38263494 189274289
38264388 12085096
38264388 189274289
38265305 12085096
38265305 189274289
38265306 12085096
38265306 189274289
38265957 12085096
38265957 189274289
38267757 12085096
38267757 189274289
38267775 12085096
38267775 189274289
38267909 12085096
38267909 189274289
38267910 12085096
38267910 189274289
38271612 12085096
38271612 189274289
38271613 12085096
38271613 189274289
38272356 12085096
38272356 189274289
38272358 12085096
38272358 189274289
38272359 12085096
38272359 189274289
38264596 12085097
38264597 12085097
38255156 12085099
38255348 12085099
38276493 12085099
38256748 12085103
38268263 12085103
38256520 12085104
38276481 12085109
38266048 12085110
38266049 12085110
38256886 12085128
38256886 78289648
38257302 12085128
38257302 78289648
38263258 12085128
38263258 78289648
38263261 12085128
38263261 78289648
38266834 12085128
38266834 78289648
38266835 12085128
38266835 78289648
38266849 12085128
38266849 78289648
38267957 12085128
38267957 78289648
38267958 12085128
38267958 78289648
38272649 12085139
38272650 12085139
38259879 12085149
38259915 12085149
38259975 12085149
38260001 12085149
38260605 12085149
38264482 12085149
38267847 12085149
38276609 12085149
38255875 12085153
38262824 12085153
38263387 12085153
38266723 12085153
38266724 12085153
38267229 12085153
38268674 12085160
38268674 174914856
38268675 12085160
38268675 174914856
38272741 12085170
38258541 12085181
38262766 12085182
38266580 12085184
38266579 12085186
38271494 12085187
38270590 12085191
38263914 12085193
38261875 12085197
38263638 12085197
38267901 12085197
38259832 12085206
38266511 12085210
38266512 12085210
38254580 12085214
38255013 12085214
38257196 12085217
38266486 12085221
38266487 12085221
38259869 12085227
38259875 12085227
38259877 12085227
38262641 12085233
38268598 12085233
38277122 12085238
38258671 12085241
38266422 12085245
38266543 12085245
38266546 12085245
38275554 12085245
38262721 12085255
38262724 12085255
38262840 12085255
38263539 12085255
38263893 12085255
38266064 12085255
38267355 12085255
38267808 12085255
38259389 12085259
38265492 12085259
38271768 12085259
38271769 12085259
38265399 12085263
38255499 12085267
38264656 12085267
38264725 12085267
38264726 12085267
38267497 12085267
38267529 12085267
38259960 12085270
38260206 12085270
38272620 12085272
38261943 12085275
38266242 12085276
38267554 12085279
38276721 12085283
38267423 12085289
38264513 12085292
38264516 12085294
38266701 12085295
38258685 12085299
38260519 12085304
38260521 12085304
38265494 12085311
38265495 12085311
38258043 12085320
38258074 12085320
38264501 12085320
38264502 12085320
38269974 12085320
38269975 12085320
38276549 12085320
38259092 12085331
38262800 12085331
38262801 12085331
38255533 12085336
38276763 12085344
38266175 12085347
38262782 12085352
38255788 12085358
38259949 12085361
38256776 12085374
38256798 12085374
38258994 12085374
38259207 12085374
38262501 12085374
38259094 12085381
38259113 12085381
38259125 12085381
38259376 12085381
38259378 12085381
38259513 12085381
38259572 12085381
38261332 12085381
38256896 12085386
38256898 12085386
38268359 12085388
38262247 12085406
38265366 12085406
38265368 12085406
38265369 12085406
38267277 12085406
38267278 12085406
38257456 12085410
38261765 12085410
38267729 12085410
38272661 12085410
38263435 12085450
38263435 191509816
38263436 12085450
38263436 191509816
38264999 12085450
38264999 191509816
38265000 12085450
38265000 191509816
38266709 12085450
38266709 191509816
38267674 12085450
38267674 191509816
38269396 12085450
38269396 191509816
38269397 12085450
38269397 191509816
38276520 12085450
38276520 191509816
38276648 12085450
38276648 191509816
38255288 12085464
38255292 12085464
38255310 12085464
38264553 12085464
38276690 12085464
38265001 12085466
38259142 12085469
38259143 12085469
38259552 12085469
38259554 12085469
38256552 12085487
38256640 12085487
38256643 12085487
38262495 12085487
38276524 12085487
38259574 12085489
38259575 12085489
38276477 12085493
38268332 12085496
38272732 12085498
38261815 12085505
38265515 12085510
38265519 12085510
38265520 12085510
38258930 12085520
38268213 12085520
38272672 12085520
38272673 12085520
38276703 12085520
38264352 12085530
38276436 12085534
38267232 12085542
38257393 12085564
38257416 12085564
38257723 12085564
38262228 12085564
38262246 12085564
38262609 12085564
38266295 12085564
38266874 12085564
38266787 12085568
38254941 12085572
38266637 12085583
38254440 12085590
38264772 12085590
38264773 12085590
38263941 12085594
38263942 12085596
38254576 12085603
38261872 12085605
38259483 12085610
38276736 12085621
38263178 12085634
38267314 12085639
38267315 12085639
38267760 12085639
38256875 12085686
38256875 189670508
38257364 12085686
38257364 189670508
38257370 12085686
38257370 189670508
38257518 12085686
38257518 189670508
38257524 12085686
38257524 189670508
38257527 12085686
38257527 189670508
38257789 12085686
38257789 189670508
38258698 12085686
38258698 189670508
38261377 12085686
38261377 189670508
38261382 12085686
38261382 189670508
38261384 12085686
38261384 189670508
38265060 12085686
38265060 189670508
38265953 12085686
38265953 189670508
38266788 12085686
38266788 189670508
38266871 12085686
38266871 189670508
38266872 12085686
38266872 189670508
38266993 12085686
38266993 189670508
38266997 12085686
38266997 189670508
38267712 12085686
38267712 189670508
38267772 12085686
38267772 189670508
38267773 12085686
38267773 189670508
38269788 12085686
38269788 189670508
38269789 12085686
38269789 189670508
38271977 12085686
38271977 189670508
38272334 12085686
38272334 189670508
38272336 12085686
38272336 189670508
38272338 12085686
38272338 189670508
38272339 12085686
38272339 189670508
38255028 12085693
38262778 12085697
38262779 12085697
38267491 12085698
38256221 12085719
38256222 12085719
38264959 12085719
38264960 12085719
38276508 12085719
38260214 12085729
38260214 129916714
38260214 129916718
38260214 174688287
38267840 12085729
38267840 129916714
38267840 129916718
38267840 174688287
38271844 12085729
38271844 129916714
38271844 129916718
38271844 174688287
38271845 12085729
38271845 129916714
38271845 129916718
38271845 174688287
38258203 12085746
38258207 12085746
38258213 12085746
38258235 12085746
38258382 12085746
38260651 12085746
38263805 12085746
38266038 12085746
38266111 12085746
38266112 12085746
38266892 12085746
38266893 12085746
38267000 12085746
38271978 12085746
38258538 12085748
38261851 12085748
38261897 12085748
38267005 12085785
38267005 41547512
38267005 41547514
38267005 41547515
38267005 41547516
38267005 41547517
38267005 41547518
38267005 41547521
38267005 41547522
38267005 41547524
38267005 41547525
38267005 41547528
38267009 12085785
38267009 41547512
38267009 41547514
38267009 41547515
38267009 41547516
38267009 41547517
38267009 41547518
38267009 41547521
38267009 41547522
38267009 41547524
38267009 41547525
38267009 41547528
38271270 12085785
38271270 41547512
38271270 41547514
38271270 41547515
38271270 41547516
38271270 41547517
38271270 41547518
38271270 41547521
38271270 41547522
38271270 41547524
38271270 41547525
38271270 41547528
38276643 12085785
38276643 41547512
38276643 41547514
38276643 41547515
38276643 41547516
38276643 41547517
38276643 41547518
38276643 41547521
38276643 41547522
38276643 41547524
38276643 41547525
38276643 41547528
38259906 12085820
38259906 129916700
38259906 129916719
38259906 129916725
38260440 12085820
38260440 129916700
38260440 129916719
38260440 129916725
38260476 12085820
38260476 129916700
38260476 129916719
38260476 129916725
38260477 12085820
38260477 129916700
38260477 129916719
38260477 129916725
38260574 12085820
38260574 129916700
38260574 129916719
38260574 129916725
38260575 12085820
38260575 129916700
38260575 129916719
38260575 129916725
38260658 12085820
38260658 129916700
38260658 129916719
38260658 129916725
38260662 12085820
38260662 129916700
38260662 129916719
38260662 129916725
38260819 12085820
38260819 129916700
38260819 129916719
38260819 129916725
38260821 12085820
38260821 129916700
38260821 129916719
38260821 129916725
38260822 12085820
38260822 129916700
38260822 129916719
38260822 129916725
38260824 12085820
38260824 129916700
38260824 129916719
38260824 129916725
38263477 12085820
38263477 129916700
38263477 129916719
38263477 129916725
38263478 12085820
38263478 129916700
38263478 129916719
38263478 129916725
38263902 12085820
38263902 129916700
38263902 129916719
38263902 129916725
38265451 12085820
38265451 129916700
38265451 129916719
38265451 129916725
38265452 12085820
38265452 129916700
38265452 129916719
38265452 129916725
38265749 12085820
38265749 129916700
38265749 129916719
38265749 129916725
38265753 12085820
38265753 129916700
38265753 129916719
38265753 129916725
38266098 12085820
38266098 129916700
38266098 129916719
38266098 129916725
38266100 12085820
38266100 129916700
38266100 129916719
38266100 129916725
38266999 12085820
38266999 129916700
38266999 129916719
38266999 129916725
38268137 12085820
38268137 129916700
38268137 129916719
38268137 129916725
38270586 12085820
38270586 129916700
38270586 129916719
38270586 129916725
38270772 12085820
38270772 129916700
38270772 129916719
38270772 129916725
38270773 12085820
38270773 129916700
38270773 129916719
38270773 129916725
38270812 12085820
38270812 129916700
38270812 129916719
38270812 129916725
38270813 12085820
38270813 129916700
38270813 129916719
38270813 129916725
38265287 12085822
38266431 12085822
38261951 12085854
38268335 12085854
38268371 12085854
38268372 12085854
38276710 12085854
38270480 12085860
38272679 12085866
38257957 12085871
38262328 12085871
38265255 12085872
38266467 12085872
38271752 12085872
38271753 12085872
38276439 12085872
38258029 12085876
38258036 12085876
38266041 12085876
38256439 12085877
38272728 12085882
38272729 12085882
38257958 12085888
38257969 12085888
38272042 12085898
38276740 12085898
38258631 12085902
38272686 12085904
38262959 12085907
38262924 12085912
38262925 12085912
38259385 12085918
38255981 12085924
38263970 12085928
38263971 12085928
38265009 12085945
38267546 12085945
38263614 12085951
38264067 12085951
38264074 12085951
38266305 12085951
38266306 12085951
38267828 12085951
38276595 12085951
38255833 12085953
38255838 12085953
38255846 12085953
38260413 12085957
38264896 12085959
38264897 12085959
38255558 12085964
38259584 12085966
38259577 12085968
38264805 12085973
38264806 12085973
38267755 12085995
38276702 12085995
38276744 12085995
38258001 12086001
38258021 12086001
38263380 12086004
38264037 12086006
38264038 12086006
38262438 12086016
38266191 12086016
38257946 12086020
38259967 12086024
38266088 12086029
38268340 12086029
38264063 12086031
38267817 12086031
38263722 12086033
38259682 12086044
38277070 12086044
38276890 12086047
38266315 12086052
38275589 12086054
38260927 12086065
38276473 12086065
38272746 12086072
38272747 12086072
38267696 12086078
38257278 12086091
38266915 12086091
38267520 12086091
38262147 12086101
38262152 12086101
38266114 12086101
38276716 12086101
38255653 12086114
38261094 12086114
38262922 12086114
38266254 12086114
38259930 12086117
38266349 12086117
38257423 12086121
38262245 12086121
38265325 12086138
38265329 12086138
38265332 12086138
38271756 12086138
38276668 12086143
38254967 12086148
38257861 12086167
38276756 12086167
38267742 12086171
38257371 12086182
38257389 12086182
38269820 12086182
38269821 12086182
38263027 12086186
38262874 12086187
38267821 12086191
38267823 12086191
38265490 12086192
38255031 12086198
38276421 12086198
38260086 12086201
38260102 12086201
38260105 12086201
38260114 12086201
38260115 12086201
38260390 12086201
38260398 12086201
38261341 12086201
38262577 12086201
38262663 12086201
38263921 12086201
38263922 12086201
38266172 12086201
38266990 12086201
38256880 12086233
38257304 12086233
38257387 12086233
38257406 12086233
38257428 12086233
38257446 12086233
38257448 12086233
38257452 12086233
38260365 12086233
38261753 12086233
38261754 12086233
38261757 12086233
38262229 12086233
38262644 12086233
38265345 12086233
38265779 12086233
38265780 12086233
38266424 12086233
38266988 12086233
38269557 12086233
38269724 12086233
38269734 12086233
38269736 12086233
38269737 12086233
38269946 12086233
38269947 12086233
38271930 12086233
38271931 12086233
38256858 12086252
38256863 12086252
38256866 12086252
38256867 12086252
38257287 12086252
38276492 12086252
38272695 12086257
38263272 12086264
38265110 12086264
38276698 12086264
38259238 12086273
38270260 12086273
38270261 12086273
38264802 12086280
38264803 12086280
38265023 12086284
38268604 12086286
38268605 12086286
38254504 12086296
38255198 12086302
38265971 12086306
38263491 12086316
38263492 12086316
38272725 12086317
38258410 12086318
38270673 12086352
38276605 12086352
38276719 12086352
38256927 12086373
38267242 12086373
38255872 12086384
38255881 12086384
38255883 12086384
38256042 12086384
38271506 12086393
38271507 12086393
38258539 12086396
38259872 12086400
38259873 12086410
38259873 190631426
38259881 12086410
38259881 190631426
38259882 12086410
38259882 190631426
38255204 12086422
38255209 12086422
38255223 12086422
38255487 12086422
38263008 12086430
38255860 12086434
38256426 12086434
38271674 12086435
38271675 12086435
38276683 12086436
38261490 12086446
38264884 12086446
38264885 12086446
38258211 12086458
38266110 12086458
38267308 12086458
38257997 12086463
38258009 12086463
38272367 12086474
38276759 12086474
38268413 12086479
38259711 12086481
38272694 12086485
38276633 12086506
38259169 12086512
38263785 12086512
38255094 12086530
38267977 12086535
38255392 12086570
38261283 12086570
38264476 12086580
38264477 12086580
38259489 12086582
38257355 12086590
38264280 12086590
38272733 12086592
38266587 12086596
38263541 12086600
38256499 12086620
38263948 12086625
38264750 12086633
38264753 12086633
38264755 12086633
38264756 12086633
38276480 12086635
38262131 12086637
38267169 12086650
38255157 12086652
38255339 12086652
38254257 12086672
38254263 12086672
38254331 12086672
38254410 12086672
38254411 12086672
38265035 12086672
38265036 12086672
38267578 12086672
38276706 12086677
38261641 12086687
38261925 12086687
38276636 12086687
38258077 12086693
38257933 12086697
38258846 12086697
38272688 12086697
38264588 12086698
38264590 12086698
38264593 12086698
38264594 12086698
38255861 12086700
38265991 12086703
38257812 12086705
38254794 12086719
38255719 12086719
38256338 12086719
38256340 12086719
38256342 12086719
38263404 12086719
38267629 12086719
38267665 12086719
38268153 12086723
38255155 12086731
38255158 12086731
38255166 12086731
38255168 12086731
38255179 12086731
38261280 12086731
38261667 12086731
38261933 12086731
38262561 12086731
38267608 12086731
38259448 12086738
38259450 12086738
38263965 12086738
38271667 12086738
38276682 12086738
38262992 12086742
38254690 12086745
38254808 12086745
38263772 12086745
38265969 12086745
38276681 12086745
38254761 12086762
38276426 12086762
38259078 12086767
38259078 181398208
38259475 12086767
38259475 181398208
38262783 12086767
38262783 181398208
38262784 12086767
38262784 181398208
38262795 12086767
38262795 181398208
38262796 12086767
38262796 181398208
38255842 12086770
38255851 12086770
38261688 12086770
38264347 12086772
38264348 12086772
38268279 12086776
38256443 12086777
38256445 12086777
38266786 12086779
38257581 12086787
38262032 12086787
38267275 12086787
38254349 12086793
38254799 12086793
38262474 12086793
38262508 12086793
38266208 12086793
38267594 12086793
38256656 12086803
38256791 12086803
38261156 12086803
38267073 12086803
38267136 12086803
38269518 12086803
38269520 12086803
38269521 12086803
38257194 12086817
