200112309 48637934
200112309 9838134
200112309 9879908
200146984 48637934
200146984 9838134
200146984 9879908
200110569 9836718
200110569 9881098
200110851 9836718
200110851 9881098
200112702 9837628
200112702 9879904
200112431 9838208
200112431 9879904
200112637 9838208
200112637 9879904
200112639 9838208
200112639 9879904
200112641 9838208
200112641 9879904
200112703 9838208
200112703 9879904
200114110 9838208
200114110 9879904
200114111 9838208
200114111 9879904
200114112 9838208
200114112 9879904
200114113 9838208
200114113 9879904
200146978 9838208
200146978 9879904
200146980 9838208
200146980 9879904
200146981 9838208
200146981 9879904
200112433 9838211
200112433 9879908
200146982 9838211
200146982 9879908
200146983 9838211
200146983 9879908
200146985 9838211
200146985 9879908
200112046 9839048
200112046 9882979
200114120 9839048
200114120 9882979
200114121 9839048
200114121 9882979
200129475 9839048
200129475 9882979
200129476 9839048
200129476 9882979
200129483 9839048
200129483 9882979
200129484 9839048
200129484 9882979
174267749 48637931
174267749 9921905
174283029 48637931
174283029 9921905
174283030 48637931
174283030 9921905
174283031 48637931
174283031 9921905
174283032 48637931
174283032 9921905
174267757 9837281
174267758 9837281
174267754 9837281
174267754 9920830
174267756 9837281
174267756 9920830
174270537 9838495
174270537 9918920
174270538 9838495
174270538 9918920
174270596 9838495
174270596 9918920
174270622 9838495
174270622 9918920
174270628 9838495
174270628 9918920
174270629 9838495
174270629 9918920
174267639 9839015
174267641 9839015
174267642 9839015
174267643 9839015
174267644 9839015
174267715 9839015
174267728 9839015
174267750 9839015
174267762 9839015
174267763 9839015
174275643 9839015
174275644 9839015
174283960 9839015
174283961 9839015
174267629 9918829
174267630 9918829
174267636 9918829
174267646 9918829
174267701 9918829
174267706 9918829
174267710 9918829
174267717 9918829
174267740 9918829
174267741 9918829
174267759 9918829
174274076 9918829
174274358 9918829
174274360 9918829
174274361 9918829
174274362 9918829
174274363 9918829
200253815 9837318
200253815 9924253
200253819 9837318
200253819 9924253
200253820 9837318
200253820 9924253
200253829 9837318
200253829 9924253
200253830 9837318
200253830 9924253
200253867 9837318
200253867 9924253
200253910 9837318
200253910 9924253
200254183 9837318
200254183 9924253
200254192 9837318
200254192 9924253
200255038 9837318
200255038 9924253
200255039 9837318
200255039 9924253
200299745 166663540
200299745 9837395
200302699 166663540
200302699 9837395
200304103 166663540
200304103 9837395
200304104 166663540
200304104 9837395
200289719 189744142
200289719 9838517
200302978 189744142
200302978 9838517
200306135 189744143
200306135 9838910
200291657 44449641
200291657 9839014
200291659 44449641
200291659 9839014
200291660 44449641
200291660 9839014
200291662 44449641
200291662 9839014
200291664 44449641
200291664 9839014
200291665 44449641
200291665 9839014
200291668 44449641
200291668 9839014
200291669 44449641
200291669 9839014
200291672 44449641
200291672 9839014
200291882 44449641
200291882 9839014
200292030 44449641
200292030 9839014
200292032 44449641
200292032 9839014
200292075 44449641
200292075 9839014
200292122 44449641
200292122 9839014
200292126 44449641
200292126 9839014
200292317 44449641
200292317 9839014
200292322 44449641
200292322 9839014
200298200 44449641
200298200 9839014
200298211 44449641
200298211 9839014
200301475 44449641
200301475 9839014
200303423 44449641
200303423 9839014
200304500 44449641
200304500 9839014
200306648 44449641
200306648 9839014
200306649 44449641
200306649 9839014
200307027 44449641
200307027 9839014
200288818 48637932
200288818 48637933
200288818 9836665
200288819 48637932
200288819 48637933
200288819 9836665
200305574 48637932
200305574 48637933
200305574 9836665
200305575 48637932
200305575 48637933
200305575 9836665
200305580 48637932
200305580 48637933
200305580 9836665
200305581 48637932
200305581 48637933
200305581 9836665
200306652 48637932
200306652 48637933
200306652 9836665
200306654 48637932
200306654 48637933
200306654 9836665
200288614 48637934
200288614 9838134
200291534 9836477
200305900 9836477
200290486 9836483
200290499 9836483
200290681 9836483
200290683 9836483
200290685 9836483
200301006 9836483
200303224 9836483
200304471 9836483
200305413 9836484
200305416 9836484
200306330 9836484
200291663 9836485
200291704 9836486
200291695 9836488
200289460 9836508
200289516 9836508
200289576 9836508
200289632 9836508
200289643 9836508
200289672 9836508
200289748 9836508
200291471 9836508
200296139 9836508
200296148 9836508
200296405 9836508
200298617 9836508
200298639 9836508
200298696 9836508
200298797 9836508
200302896 9836508
200302897 9836508
200302906 9836508
200302910 9836508
200302937 9836508
200303004 9836508
200303851 9836508
200303854 9836508
200306396 9836508
200306406 9836508
200305282 9836510
200288438 9836513
200288441 9836513
200288448 9836513
200288455 9836513
200289445 9836513
200294778 9836513
200306980 9836515
200303341 9836517
200291685 9836519
200291687 9836519
200306357 9836519
200306358 9836519
200288837 9836521
200289003 9836521
200290825 9836521
200290838 9836521
200290846 9836521
200290857 9836521
200290980 9836521
200291010 9836521
200291015 9836521
200291023 9836521
200294613 9836521
200299229 9836521
200303258 9836521
200307071 9836521
200289783 9836527
200289815 9836527
200289831 9836527
200290056 9836527
200290060 9836527
200292099 9836527
200292109 9836527
200292117 9836527
200292416 9836527
200297109 9836527
200297121 9836527
200297230 9836527
200297251 9836527
200297262 9836527
200301491 9836527
200303009 9836527
200303018 9836527
200303049 9836527
200303425 9836527
200303910 9836527
200304397 9836527
200305765 9836527
200305766 9836527
200306985 9836527
200306991 9836527
200291683 9836534
200291694 9836534
200291696 9836534
200291720 9836534
200291743 9836534
200291762 9836534
200291824 9836534
200292015 9836534
200292017 9836534
200292071 9836534
200293429 9836534
200293453 9836534
200293462 9836534
200293471 9836534
200293474 9836534
200293546 9836534
200293551 9836534
200298220 9836534
200303397 9836534
200303590 9836534
200304922 9836534
200304993 9836534
200304994 9836534
200305373 9836534
200305374 9836534
200291688 9836537
200306752 9836537
200306753 9836537
200304608 9836538
200304609 9836538
200307057 9836540
200305256 9836542
200305257 9836542
200305253 9836544
200305254 9836544
200306981 9836544
200291635 9836545
200292084 9836549
200291630 9836551
200291640 9836551
200291652 9836551
200305225 9836551
200305229 9836551
200305230 9836551
200305232 9836551
200305233 9836551
200305248 9836551
200305249 9836551
200305743 9836551
200305744 9836551
200291529 9836552
200305432 9836553
200305547 9836555
200293954 9836556
200294007 9836556
200294056 9836556
200294067 9836556
200306274 9836559
200293946 9836565
200288824 9836566
200291511 9836568
200291516 9836568
200291556 9836570
200304602 9836572
200287668 9836576
200288766 9836576
200299713 9836576
200299753 9836576
200302046 9836576
200302347 9836576
200304097 9836576
200304102 9836576
200306119 9836576
200306527 9836576
200306528 9836576
200295696 9836580
200295725 9836580
200302462 9836580
200303770 9836580
200303772 9836580
200303777 9836580
200305621 9836580
200305909 9836580
200305910 9836580
200306684 9836580
200306685 9836580
200306943 9836580
200307085 9836580
200293799 9836582
200300318 9836582
200306688 9836585
200306689 9836585
200288143 9836591
200291966 9836593
200293097 9836599
200293220 9836599
200289471 9836602
200296307 9836602
200296478 9836602
200302891 9836602
200303840 9836602
200293221 9836605
200289458 9836611
200289464 9836611
200289465 9836611
200289476 9836611
200289611 9836611
200289695 9836611
200289773 9836611
200296310 9836611
200302892 9836611
200289479 9836613
200296390 9836613
200296426 9836613
200302894 9836613
200302943 9836613
200305715 9836613
200288185 9836620
200293118 9836620
200293119 9836620
200293126 9836620
200293127 9836620
200293226 9836620
200293122 9836621
200293227 9836621
200296133 9836627
200302898 9836627
200303814 9836627
200289463 9836635
200289552 9836635
200289619 9836635
200289752 9836635
200296053 9836635
200297576 9836635
200297582 9836635
200302899 9836635
200302901 9836635
200302903 9836635
200288781 9836637
200288786 9836637
200288790 9836637
200288795 9836637
200288798 9836637
200294608 9836637
200299620 9836637
200302701 9836637
200305973 9836637
200305974 9836637
200306969 9836637
200292446 9836639
200288782 9836641
200288783 9836646
200288803 9836646
200288805 9836646
200288993 9836646
200289095 9836646
200294503 9836646
200293112 9836648
200294644 9836648
200289634 9836649
200296381 9836649
200302895 9836649
200303853 9836649
200288777 9836651
200288779 9836651
200288789 9836651
200305976 9836651
200305977 9836651
200305570 9836654
200298399 9836662
200298502 9836662
200298508 9836662
200298518 9836662
200303275 9836662
200303278 9836662
200303300 9836662
200289119 9836694
200289138 9836694
200289255 9836694
200289260 9836694
200296184 9836694
200296502 9836694
200296544 9836694
200296630 9836694
200296652 9836694
200296655 9836694
200302774 9836694
200302834 9836694
200302865 9836694
200302867 9836694
200303845 9836694
200303860 9836694
200303872 9836694
200291149 9836695
200291159 9836695
200291172 9836695
200288213 9836697
200305577 9836698
200305578 9836698
200287488 9836699
200287489 9836699
200302481 9836699
200303745 9836699
200303746 9836699
200305579 9836700
200290391 9836701
200290392 9836701
200291179 9836704
200292510 9836707
200292525 9836707
200292535 9836707
200292546 9836707
200292622 9836707
200292675 9836707
200300460 9836707
200303516 9836707
200304149 9836707
200292511 9836708
200292528 9836708
200306577 9836708
200290396 9836711
200293444 9836715
200293458 9836715
200300548 9836715
200304995 9836715
200304999 9836715
200305007 9836715
200306028 9836715
200306029 9836715
200288311 9836718
200288311 9881098
200302592 9836718
200302592 9881098
200293523 9836721
200305008 9836721
200293079 9836722
200293188 9836722
200293235 9836722
200299928 9836722
200292519 9836723
200306825 9836725
200293902 9836727
200293925 9836727
200293932 9836727
200293624 9836738
200293861 9836738
200306617 9836738
200306665 9836738
200306785 9836738
200306786 9836738
200306819 9836738
200306820 9836738
200306826 9836738
200293926 9836745
200293933 9836745
200305298 9836745
200298276 9836747
200298285 9836747
200303337 9836747
200293070 9836749
200305643 9836751
200293939 9836753
200291245 9836754
200291401 9836754
200305649 9836756
200305650 9836756
200287502 9836760
200287638 9836760
200292119 9836764
200292295 9836764
200292306 9836764
200292410 9836764
200292423 9836764
200292425 9836764
200301478 9836764
200301516 9836764
200303428 9836764
200290463 9836766
200290464 9836766
200289459 9836774
200289474 9836774
200289598 9836774
200302893 9836774
200304758 9836774
200304867 9836774
200290466 9836780
200290757 9836780
200300937 9836780
200303209 9836780
200290468 9836787
200290474 9836787
200290633 9836787
200290638 9836787
200300928 9836787
200303167 9836787
200288811 9836790
200288999 9836790
200289090 9836790
200294497 9836790
200290469 9836793
200290627 9836793
200295105 9836796
200302673 9836796
200288697 9836812
200288704 9836812
200288750 9836812
200288939 9836812
200289034 9836812
200289085 9836812
200295108 9836812
200295111 9836812
200295120 9836812
200295195 9836812
200295288 9836812
200295309 9836812
200295315 9836812
200295328 9836812
200295922 9836812
200295945 9836812
200299679 9836812
200302670 9836812
200302676 9836812
200302679 9836812
200302682 9836812
200302691 9836812
200302696 9836812
200302738 9836812
200301395 9836814
200307103 9836814
200296475 9836820
200296520 9836820
200306972 9836820
200303592 9836822
200306032 9836824
200293426 9836827
200293612 9836827
200303593 9836827
200304130 9836827
200304992 9836827
200307055 9836827
200289755 9836830
200297570 9836830
200297573 9836830
200302998 9836830
200293140 9836831
200288357 9836833
200288360 9836833
200289103 9836833
200296523 9836833
200296526 9836833
200302813 9836833
200305713 9836835
200304934 9836837
200295748 9836842
200302444 9836842
200293645 9836845
200293782 9836845
200293785 9836845
200293791 9836845
200293873 9836845
200293937 9836845
200294049 9836845
200294879 9836845
200293789 9836847
200305017 9836847
200289181 9836848
200289200 9836848
200289183 9836854
200289186 9836854
200292138 9836857
200292141 9836857
200292142 9836857
200292486 9836857
200292492 9836857
200301469 9836857
200303429 9836857
200288014 9836859
200288025 9836859
200290882 9836859
200291097 9836859
200306515 9836859
200293098 9836864
200293213 9836864
200299900 9836864
200305075 9836864
200293214 9836866
200294535 9836866
200292430 9836867
200289455 9836869
200289690 9836869
200289691 9836869
200296354 9836869
200302887 9836869
200292432 9836870
200292436 9836872
200292517 9836872
200292520 9836872
200292522 9836872
200292524 9836872
200292591 9836872
200292697 9836872
200292698 9836872
200301389 9836872
200303498 9836872
200306197 9836872
200293626 9836874
200293767 9836874
200293855 9836874
200306547 9836874
200290865 9836877
200290868 9836877
200290876 9836877
200291038 9836877
200291051 9836877
200291109 9836877
200305562 9836877
200305563 9836877
200306157 9836877
200305564 9836879
200287420 9836881
200287422 9836881
200287395 9836884
200287421 9836884
200291165 9836889
200291309 9836889
200305569 9836890
200287411 9836895
200287423 9836895
200287457 9836895
200306939 9836895
200291150 9836903
200291167 9836903
200291184 9836903
200291212 9836903
200291356 9836903
200291358 9836903
200291388 9836903
200298231 9836903
200303282 9836903
200306170 9836903
200287524 9836906
200304786 9836906
200304787 9836906
200291169 9836907
200287426 9836911
200287460 9836911
200287462 9836911
200288310 9836915
200288320 9836915
200295008 9836915
200295020 9836915
200302660 9836915
200302663 9836915
200287427 9836918
200306810 9836920
200300991 9836923
200303170 9836923
200292509 9836925
200301659 9836925
200303496 9836925
200304637 9836925
200307042 9836925
200293921 9836927
200294077 9836927
200305296 9836927
200290485 9836939
200290492 9836939
200290674 9836939
200292719 9836939
200300994 9836939
200301780 9836939
200303171 9836939
200303546 9836939
200293033 9836943
200293060 9836943
200292646 9836948
200292650 9836948
200292651 9836948
200292937 9836948
200292939 9836948
200292941 9836948
200292943 9836948
200292945 9836948
200292947 9836948
200292949 9836948
200292951 9836948
200292953 9836948
200292955 9836948
200292957 9836948
200292959 9836948
200292960 9836948
200293061 9836948
200293063 9836948
200293064 9836948
200301726 9836948
200303522 9836948
200305632 9836950
200288733 9836953
200288979 9836953
200289043 9836953
200289083 9836953
200295930 9836953
200299681 9836953
200299690 9836953
200302692 9836953
200302694 9836953
200303784 9836953
200303786 9836953
200291233 9836955
200291246 9836955
200291404 9836955
200303290 9836955
200290442 9836962
200290444 9836962
200290450 9836962
200290461 9836962
200290574 9836962
200290729 9836962
200290749 9836962
200290751 9836962
200290752 9836962
200290772 9836962
200290774 9836962
200297877 9836962
200298111 9836962
200298115 9836962
200303164 9836962
200303204 9836962
200303206 9836962
200307107 9836962
200290451 9836964
200290453 9836967
200290589 9836967
200290717 9836967
200287729 9836970
200294481 9836970
200289329 9836974
200289371 9836974
200298870 9836974
200302783 9836974
200292107 9836979
200292110 9836979
200292288 9836979
200306193 9836979
200288691 9836982
200288692 9836982
200288906 9836982
200288911 9836982
200294958 9836982
200302722 9836982
200287635 9836986
200287642 9836986
200287731 9836986
200294488 9836986
200299518 9836986
200303671 9836986
200304090 9836986
200292544 9836988
200301383 9836988
200303500 9836988
200304154 9836988
200305932 9836988
200305933 9836988
200288687 9837006
200288699 9837006
200288707 9837006
200288715 9837006
200288719 9837006
200288723 9837006
200288916 9837006
200288923 9837006
200288927 9837006
200288950 9837006
200288955 9837006
200288957 9837006
200289041 9837006
200289064 9837006
200294990 9837006
200295241 9837006
200295244 9837006
200295248 9837006
200295255 9837006
200302675 9837006
200302693 9837006
200303723 9837006
200306374 9837006
200306537 9837006
200306968 9837006
200289823 9837012
200289966 9837012
200290043 9837012
200306143 9837012
200306022 9837014
200293472 9837020
200293668 9837020
200293848 9837020
200303584 9837020
200293130 9837030
200293132 9837030
200293314 9837030
200304984 9837030
200306247 9837030
200293131 9837035
200293134 9837035
200306026 9837037
200293133 9837039
200304988 9837039
200305703 9837042
200292160 9837043
200292350 9837043
200306703 9837043
200306832 9837043
200293129 9837049
200293135 9837049
200293136 9837056
200291148 9837058
200291303 9837058
200291433 9837058
200289153 9837062
200289222 9837062
200299826 9837062
200302087 9837062
200302788 9837062
200302856 9837062
200304060 9837062
200288188 9837070
200288194 9837070
200293139 9837070
200300089 9837070
200300092 9837070
200303559 9837070
200291305 9837072
200292249 9837076
200292355 9837076
200301408 9837076
200301411 9837076
200303476 9837076
200289802 9837082
200289935 9837082
200290044 9837082
200297400 9837082
200297433 9837082
200297459 9837082
200297490 9837082
200303015 9837082
200292161 9837087
200292358 9837087
200301266 9837087
200301269 9837087
200301279 9837087
200301285 9837087
200301288 9837087
200301291 9837087
200303435 9837087
200306662 9837090
200303017 9837091
200303930 9837091
200293633 9837094
200293771 9837094
200291227 9837096
200291941 9837096
200298225 9837096
200303344 9837096
200306485 9837096
200301452 9837101
200303431 9837101
200303433 9837101
200304504 9837101
200304939 9837101
200306194 9837101
200288119 9837103
200288121 9837103
200288141 9837103
200288223 9837103
200288232 9837103
200288251 9837103
200299961 9837103
200299980 9837103
200299996 9837103
200302569 9837103
200302576 9837103
200302581 9837103
200306421 9837103
200306951 9837103
200305484 9837106
200305781 9837106
200291473 9837114
200291839 9837114
200291945 9837114
200288124 9837118
200305487 9837119
200289167 9837122
200289173 9837122
200305488 9837124
200305489 9837124
200288126 9837126
200291089 9837127
200289178 9837131
200289357 9837131
200292420 9837132
200292424 9837134
200288753 9837137
200288763 9837137
200288767 9837137
200288770 9837137
200288772 9837137
200288778 9837137
200294554 9837137
200292427 9837139
200292428 9837139
200288768 9837140
200288769 9837140
200294346 9837145
200295879 9837145
200299719 9837145
200299736 9837145
200302306 9837145
200302697 9837145
200303633 9837145
200303639 9837145
200290024 9837147
200290159 9837147
200290163 9837147
200290166 9837147
200290173 9837147
200290369 9837147
200301522 9837147
200301528 9837147
200301534 9837147
200301718 9837147
200303088 9837147
200303149 9837147
200303157 9837147
200304914 9837147
200306148 9837147
200306578 9837147
200306579 9837147
200306777 9837147
200306995 9837147
200305551 9837149
200289241 9837151
200287516 9837154
200304775 9837154
200304776 9837154
200291158 9837156
200291431 9837156
200287391 9837164
200287418 9837164
200287458 9837164
200287708 9837164
200288836 9837166
200289023 9837166
200289832 9837168
200289885 9837168
200297484 9837169
200303070 9837169
200293022 9837172
200293054 9837172
200287393 9837176
200305625 9837176
200305630 9837176
200305631 9837176
200305904 9837176
200305905 9837176
200305629 9837177
200292103 9837181
200292275 9837181
200304652 9837183
200306580 9837183
200292102 9837185
200292104 9837185
200292113 9837185
200292277 9837185
200292404 9837185
200301356 9837185
200303469 9837185
200291229 9837189
200291384 9837189
200289319 9837193
200289392 9837193
200298963 9837193
200302785 9837193
200290445 9837195
200290447 9837195
200290435 9837197
200290446 9837197
200290570 9837197
200306999 9837197
200291190 9837199
200291192 9837199
200306587 9837199
200306588 9837199
200288682 9837203
200288901 9837203
200306325 9837203
200287832 9837204
200288042 9837204
200287827 9837206
200288044 9837206
200306015 9837207
200288047 9837209
200290894 9837209
200290896 9837209
200290897 9837209
200291082 9837209
200291090 9837209
200300125 9837209
200303260 9837209
200293419 9837213
200293449 9837213
200300163 9837213
200303576 9837213
200304996 9837213
200293123 9837215
200293125 9837215
200294891 9837215
200289098 9837218
200289099 9837218
200300149 9837227
200303579 9837227
200289461 9837236
200289600 9837236
200289777 9837236
200297548 9837236
200297557 9837236
200303007 9837236
200303008 9837236
200303938 9837236
200303941 9837236
200306975 9837236
200296508 9837243
200296666 9837243
200296674 9837243
200304329 9837243
200304333 9837243
200304343 9837243
200292128 9837246
200292131 9837246
200292341 9837246
200289488 9837255
200289817 9837255
200289824 9837255
200289945 9837255
200289952 9837255
200289963 9837255
200289974 9837255
200290067 9837255
200296050 9837255
200297595 9837255
200297628 9837255
200300723 9837255
200300728 9837255
200302904 9837255
200303002 9837255
200303019 9837255
200303071 9837255
200304768 9837255
200306982 9837255
200292155 9837256
200292345 9837256
200296047 9837257
200303003 9837257
200305587 9837259
200306653 9837259
200293760 9837265
200306655 9837270
200293638 9837274
200293647 9837274
200293748 9837274
200293753 9837274
200293762 9837274
200293835 9837274
200291722 9837276
200291723 9837276
200291724 9837276
200291730 9837276
200291931 9837276
200291939 9837276
200291965 9837276
200291969 9837276
200291970 9837276
200306190 9837276
200292980 9837278
200306220 9837278
200292981 9837284
200292982 9837285
200289164 9837293
200289170 9837293
200289176 9837293
200289231 9837293
200289375 9837293
200289377 9837293
200298405 9837293
200303274 9837293
200289233 9837295
200298530 9837295
200298551 9837295
200302859 9837295
200302860 9837295
200291068 9837296
200291075 9837296
200291211 9837296
200291213 9837296
200291217 9837296
200291224 9837296
200291386 9837296
200291391 9837296
200291412 9837296
200291418 9837296
200291427 9837296
200303285 9837296
200303286 9837296
200306167 9837296
200292803 9837299
200292987 9837299
200301867 9837299
200303550 9837299
200289165 9837301
200294804 9837301
200291079 9837302
200291745 9837307
200291751 9837307
200291757 9837307
200291761 9837307
200291923 9837307
200300254 9837307
200300268 9837307
200303350 9837307
200306180 9837307
200306189 9837307
200288754 9837309
200288755 9837315
200288983 9837315
200294562 9837315
200306964 9837315
200306966 9837315
200288756 9837321
200292308 9837322
200292419 9837322
200288757 9837326
200299733 9837326
200303632 9837326
200292184 9837330
200292190 9837330
200292193 9837330
200293628 9837330
200293646 9837330
200293736 9837330
200293838 9837330
200304947 9837330
200304760 9837332
200304761 9837332
200291143 9837334
200303303 9837334
200287390 9837336
200287394 9837336
200287402 9837336
200305604 9837336
200305790 9837336
200305791 9837336
200306940 9837336
200306944 9837336
200306945 9837336
200291146 9837339
200291296 9837339
200298385 9837339
200307011 9837339
200292195 9837342
200292197 9837342
200292259 9837342
200292390 9837342
200293625 9837342
200293769 9837342
200293863 9837342
200293883 9837342
200293884 9837342
200293885 9837342
200294844 9837342
200300493 9837342
200304945 9837342
200304946 9837342
200306544 9837342
200306545 9837342
200287501 9837345
200287627 9837345
200287659 9837345
200287760 9837345
200287771 9837345
200287784 9837345
200287792 9837345
200287816 9837345
200287828 9837345
200287920 9837345
200287931 9837345
200287948 9837345
200287981 9837345
200287999 9837345
200288005 9837345
200288030 9837345
200294391 9837345
200299468 9837345
200299473 9837345
200299536 9837345
200302285 9837345
200302449 9837345
200302488 9837345
200302563 9837345
200304092 9837345
200289842 9837348
200289870 9837348
200289871 9837348
200289872 9837348
200290001 9837348
200288822 9837350
200288823 9837350
200289177 9837350
200294587 9837350
200293900 9837351
200306276 9837351
200293903 9837352
200294033 9837352
200305369 9837352
200298259 9837354
200290430 9837356
200290544 9837356
200298083 9837356
200303161 9837356
200303162 9837356
200307000 9837356
200291216 9837360
200291435 9837360
200291438 9837360
200291440 9837360
200291441 9837360
200303284 9837360
200289132 9837361
200289308 9837361
200306571 9837362
200306572 9837362
200307109 9837362
200300409 9837366
200289154 9837367
200289168 9837367
200298554 9837367
200298896 9837367
200302789 9837367
200302869 9837367
200304043 9837367
200290436 9837368
200306575 9837369
200306576 9837370
200291712 9837373
200292165 9837373
200292173 9837373
200292175 9837373
200292176 9837373
200292375 9837373
200301282 9837373
200301362 9837373
200301417 9837373
200303387 9837373
200303436 9837373
200303437 9837373
200303475 9837373
200304621 9837373
200305788 9837373
200306182 9837373
200306195 9837373
200306205 9837373
200307021 9837373
200303560 9837374
200304119 9837374
200307050 9837374
200293087 9837376
200303563 9837376
200289082 9837378
200295297 9837378
200295300 9837378
200295306 9837378
200302284 9837378
200307084 9837378
200289813 9837380
200289947 9837380
200289949 9837380
200293099 9837386
200293110 9837386
200287838 9837389
200287850 9837389
200288037 9837389
200298876 9837391
200302784 9837391
200292132 9837392
200292136 9837392
200292143 9837392
200292145 9837392
200292330 9837392
200292333 9837392
200301212 9837392
200301217 9837392
200303427 9837392
200304496 9837392
200305358 9837392
200289089 9837393
200293117 9837394
200306639 9837397
200306640 9837397
200288672 9837400
200304266 9837400
200306840 9837400
200306841 9837400
200306641 9837402
200290504 9837403
200290505 9837403
200287890 9837404
200291755 9837405
200291897 9837405
200291920 9837405
200301315 9837405
200301344 9837405
200303345 9837405
200303348 9837405
200307026 9837405
200293100 9837406
200294538 9837406
200287741 9837408
200287898 9837408
200290816 9837408
200290817 9837408
200290943 9837408
200290995 9837408
200299247 9837408
200299272 9837408
200299282 9837408
200299305 9837408
200299312 9837408
200299324 9837408
200303249 9837408
200303250 9837408
200303263 9837408
200303265 9837408
200303268 9837408
200305291 9837408
200305293 9837408
200292973 9837409
200291752 9837410
200291925 9837410
200291927 9837410
200292789 9837413
200303542 9837413
200304681 9837413
200304755 9837413
200292975 9837414
200289152 9837415
200290281 9837419
200297020 9837419
200297024 9837419
200303131 9837419
200304422 9837419
200304430 9837419
200289157 9837422
200299818 9837423
200294604 9837428
200294893 9837428
200289794 9837431
200306610 9837431
200306611 9837431
200287377 9837434
200288189 9837434
200300060 9837434
200302573 9837434
200304117 9837434
200289795 9837437
200290155 9837439
200290170 9837439
200290406 9837439
200290693 9837439
200290695 9837439
200290697 9837439
200290735 9837439
200300894 9837439
200303227 9837439
200288748 9837440
200288986 9837440
200305528 9837442
200305531 9837442
200306021 9837442
200306946 9837442
200289547 9837450
200289603 9837450
200289609 9837450
200305532 9837450
200305533 9837450
200298178 9837453
200303347 9837453
200306178 9837453
200297394 9837454
200303035 9837454
200291132 9837463
200291134 9837463
200291147 9837463
200291160 9837463
200291173 9837463
200291188 9837463
200291194 9837463
200291200 9837463
200291220 9837463
200291236 9837463
200291247 9837463
200291377 9837463
200291420 9837463
200298426 9837463
200303277 9837463
200306973 9837463
200293649 9837464
200293828 9837464
200291133 9837469
200288868 9837475
200295060 9837475
200295066 9837475
200295075 9837475
200302590 9837475
200302714 9837475
200303709 9837475
200292188 9837477
200292198 9837477
200292378 9837477
200300490 9837477
200303478 9837477
200293564 9837479
200304998 9837479
200306493 9837479
200290165 9837480
200290356 9837480
200290374 9837480
200304915 9837480
200306993 9837480
200288810 9837481
200299026 9837482
200299029 9837482
200306657 9837482
200306658 9837482
200290835 9837483
200290990 9837483
200290484 9837488
200290669 9837488
200290733 9837488
200292711 9837488
200292712 9837488
200292718 9837488
200292722 9837488
200292727 9837488
200292862 9837488
200292865 9837488
200300965 9837488
200300980 9837488
200301030 9837488
200303172 9837488
200303219 9837488
200306095 9837488
200289799 9837489
200297466 9837489
200303069 9837489
200291203 9837490
200291446 9837490
200290420 9837492
200290741 9837492
200288735 9837506
200288737 9837506
200288739 9837506
200288741 9837506
200288990 9837506
200289136 9837506
200289139 9837506
200289156 9837506
200289166 9837506
200289323 9837506
200299665 9837506
200302690 9837506
200306911 9837506
200306912 9837506
200306920 9837506
200306559 9837509
200306560 9837509
200287513 9837516
200294435 9837516
200294451 9837516
200299388 9837516
200299412 9837516
200302452 9837516
200304080 9837516
200305292 9837516
200290424 9837520
200290429 9837520
200306563 9837525
200306564 9837525
200306628 9837525
200306824 9837525
200290425 9837526
200293672 9837528
200293879 9837528
200293673 9837534
200293674 9837540
200287809 9837542
200287810 9837542
200287811 9837542
200287822 9837542
200287824 9837542
200288012 9837542
200288023 9837542
200300008 9837542
200302539 9837542
200292526 9837545
200292527 9837545
200292531 9837545
200292581 9837545
200292625 9837545
200301769 9837545
200303623 9837545
200304641 9837545
200305385 9837545
200306214 9837545
200306217 9837545
200288892 9837550
200289075 9837550
200289077 9837550
200295162 9837550
200295165 9837550
200302678 9837550
200292810 9837552
200292811 9837552
200292816 9837552
200293026 9837552
200293069 9837552
200301857 9837552
200303556 9837552
200306242 9837552
200307044 9837552
200293102 9837555
200293103 9837556
200293105 9837557
200293108 9837557
200289370 9837562
200296210 9837562
200296217 9837562
200296683 9837562
200296686 9837562
200298887 9837562
200302776 9837562
200302781 9837562
200302827 9837562
200302832 9837562
200302868 9837562
200296026 9837566
200302777 9837566
200306897 9837566
200306900 9837566
200306918 9837566
200293107 9837573
200293109 9837573
200293111 9837573
200293113 9837573
200293115 9837573
200289581 9837585
200291472 9837585
200291482 9837585
200298762 9837585
200303355 9837585
200304035 9837585
200287757 9837586
200287758 9837586
200287881 9837586
200299287 9837586
200303251 9837586
200306337 9837586
200290427 9837589
200290431 9837589
200297993 9837589
200298092 9837589
200303159 9837589
200303160 9837589
200303970 9837589
200305451 9837590
200305454 9837592
200305456 9837592
200291916 9837593
200289142 9837598
200289147 9837598
200299058 9837598
200302083 9837598
200302084 9837598
200302086 9837598
200302787 9837598
200304051 9837598
200304061 9837598
200304287 9837598
200291053 9837602
200291727 9837603
200291734 9837603
200291738 9837603
200291914 9837603
200291918 9837603
200292966 9837604
200292967 9837608
200294857 9837608
200304676 9837608
200296931 9837609
200296937 9837609
200302842 9837609
200287601 9837614
200287603 9837614
200287688 9837614
200295489 9837614
200302266 9837614
200305669 9837614
200305670 9837614
200305672 9837614
200305673 9837614
200290885 9837618
200291058 9837618
200291061 9837618
200292969 9837620
200289149 9837622
200295011 9837624
200306380 9837624
200306393 9837624
200306700 9837624
200306701 9837624
200288643 9837628
200290739 9837628
200290755 9837628
200298119 9837628
200298127 9837628
200298163 9837628
200302655 9837628
200303236 9837628
200303242 9837628
200305457 9837628
200305458 9837628
200306963 9837628
200288725 9837629
200288738 9837629
200288744 9837629
200288745 9837629
200288988 9837629
200296017 9837629
200302687 9837629
200290740 9837631
200298166 9837631
200287786 9837634
200287789 9837634
200287794 9837634
200287796 9837634
200287936 9837634
200287938 9837634
200287946 9837634
200287950 9837634
200287956 9837634
200287969 9837634
200290851 9837634
200290852 9837634
200290854 9837634
200291033 9837634
200299186 9837634
200299191 9837634
200302528 9837634
200302530 9837634
200306165 9837634
200291121 9837635
200289211 9837636
200293636 9837638
200293818 9837638
200291123 9837640
200305526 9837641
200291008 9837642
200291019 9837642
200291128 9837642
200299235 9837642
200303256 9837642
200289514 9837648
200289526 9837648
200289684 9837648
200289736 9837648
200291470 9837648
200298722 9837648
200298750 9837648
200302914 9837648
200303001 9837648
200291129 9837650
200293591 9837651
200290349 9837652
200291758 9837655
200291760 9837655
200291764 9837655
200291768 9837655
200291769 9837655
200290891 9837656
200306488 9837656
200288804 9837666
200288832 9837666
200288997 9837666
200289092 9837666
200289094 9837666
200290813 9837666
200290822 9837666
200290828 9837666
200290830 9837666
200290840 9837666
200290850 9837666
200290961 9837666
200291112 9837666
200291113 9837666
200294352 9837666
200294501 9837666
200299361 9837666
200302702 9837666
200302707 9837666
200293427 9837671
200293428 9837671
200293432 9837671
200293433 9837671
200293437 9837671
200293439 9837671
200293443 9837671
200293574 9837671
200293581 9837671
200293593 9837671
200293597 9837671
200293629 9837671
200293630 9837671
200293631 9837671
200293632 9837671
200293634 9837671
200293635 9837671
200293742 9837671
200293750 9837671
200293882 9837671
200300166 9837671
200303577 9837671
200304834 9837671
200304835 9837671
200307060 9837671
200293477 9837673
200293599 9837673
200293600 9837673
200293663 9837673
200293850 9837673
200293891 9837673
200300285 9837673
200300294 9837673
200303585 9837673
200305025 9837673
200306255 9837673
200289856 9837675
200295623 9837688
200295632 9837688
200295643 9837688
200295662 9837688
200302442 9837688
200302445 9837688
200303761 9837688
200303765 9837688
200288886 9837693
200299651 9837693
200297456 9837697
200297499 9837697
200303048 9837697
200290128 9837699
200290132 9837699
200290254 9837699
200290410 9837699
200290412 9837699
200290598 9837699
200303135 9837699
200303166 9837699
200306304 9837699
200306305 9837699
200306562 9837699
200306746 9837699
200306747 9837699
200306997 9837699
200290411 9837701
200288542 9837704
200288546 9837704
200288570 9837704
200288577 9837704
200288581 9837704
200288585 9837704
200297063 9837704
200302636 9837704
200303072 9837704
200304393 9837704
200304409 9837704
200288806 9837708
200289161 9837708
200289174 9837708
200289219 9837708
200289335 9837708
200289338 9837708
200298972 9837708
200298975 9837708
200299023 9837708
200299657 9837708
200302703 9837708
200302790 9837708
200302791 9837708
200305807 9837708
200305960 9837708
200305963 9837708
200305964 9837708
200306139 9837708
200306971 9837708
200306551 9837711
200306552 9837711
200306626 9837711
200306627 9837711
200288584 9837712
200290415 9837713
200306553 9837714
200306683 9837714
200306830 9837714
200306554 9837715
200306556 9837715
200290417 9837717
200290433 9837717
200290560 9837717
200290579 9837717
200306146 9837717
200293661 9837718
200293664 9837718
200293890 9837718
200290418 9837719
200293655 9837721
200293659 9837721
200293660 9837721
200293662 9837721
200293806 9837721
200303603 9837721
200305016 9837721
200291523 9837724
200291676 9837724
200291742 9837724
200291746 9837724
200291912 9837724
200298173 9837724
200298182 9837724
200298302 9837724
200303346 9837724
200303389 9837724
200306175 9837724
200306191 9837724
200305375 9837725
200289650 9837726
200289928 9837726
200289811 9837727
200289929 9837727
200302761 9837728
200306526 9837728
200302763 9837729
200289067 9837730
200303549 9837731
200289036 9837733
200289068 9837733
200289069 9837733
200289109 9837743
200289110 9837743
200289123 9837743
200296594 9837743
200296612 9837743
200296621 9837743
200296812 9837743
200296955 9837743
200296964 9837743
200302765 9837743
200302767 9837743
200302770 9837743
200302772 9837743
200302822 9837743
200302871 9837743
200296624 9837745
200302768 9837745
200302769 9837746
200288645 9837747
200288654 9837747
200288656 9837747
200293916 9837748
200301988 9837748
200303613 9837748
200288657 9837749
200306629 9837752
200305442 9837753
200292765 9837754
200305443 9837754
200305445 9837755
200292734 9837763
200292737 9837763
200292954 9837763
200301732 9837763
200303529 9837763
200304691 9837763
200292958 9837767
200292965 9837767
200304964 9837767
200290030 9837772
200292098 9837772
200288720 9837778
200288934 9837778
200288936 9837778
200288952 9837778
200291680 9837779
200291681 9837779
200305399 9837779
200289454 9837780
200289457 9837780
200289693 9837780
200289772 9837780
200287775 9837781
200287787 9837781
200287798 9837781
200287808 9837781
200287941 9837781
200287777 9837782
200287943 9837782
200290841 9837782
200290843 9837782
200290997 9837782
200291000 9837782
200299226 9837782
200288443 9837783
200297372 9837783
200291110 9837784
200292035 9837787
200305507 9837787
200305513 9837787
200305514 9837787
200305518 9837787
200306338 9837787
200287845 9837788
200287846 9837788
200287847 9837788
200287852 9837788
200287853 9837788
200287857 9837788
200288057 9837788
200288064 9837788
200290862 9837788
200290875 9837788
200290879 9837788
200290892 9837788
200290900 9837788
200290901 9837788
200291085 9837788
200291093 9837788
200291111 9837788
200291118 9837788
200287709 9837790
200295543 9837790
200289724 9837792
200296166 9837792
200296168 9837792
200296178 9837792
200296328 9837792
200302905 9837792
200302990 9837792
200303819 9837792
200288489 9837793
200297349 9837793
200297377 9837793
200302625 9837793
200290334 9837795
200291119 9837797
200300307 9837799
200290124 9837803
200290336 9837803
200297215 9837803
200300800 9837803
200303123 9837803
200289670 9837804
200300653 9837804
200300720 9837804
200302908 9837804
200302911 9837804
200304375 9837804
200305295 9837806
200289848 9837807
200290015 9837807
200306992 9837807
200302680 9837808
200291759 9837809
200290827 9837810
200290976 9837810
200290978 9837810
200290312 9837811
200290400 9837811
200290139 9837813
200290310 9837813
200290398 9837813
200290399 9837813
200290402 9837813
200288549 9837814
200288551 9837814
200288573 9837814
200288575 9837814
200304408 9837814
200290403 9837815
200293651 9837816
200288544 9837817
200288578 9837817
200292788 9837818
200301894 9837818
200303532 9837818
200289917 9837819
200297244 9837819
200303014 9837819
200303016 9837819
200304336 9837819
200305367 9837820
200293604 9837821
200300155 9837821
200289057 9837822
200302756 9837823
200305919 9837823
200302757 9837824
200289524 9837831
200289743 9837831
200291469 9837831
200298625 9837831
200298669 9837831
200301161 9837831
200302915 9837831
200303357 9837831
200304015 9837831
200304198 9837831
200294505 9837832
200299603 9837832
200302704 9837832
200287765 9837833
200287767 9837833
200287770 9837833
200287913 9837833
200288647 9837833
200290831 9837833
200290832 9837833
200290834 9837833
200290836 9837833
200290837 9837833
200290839 9837833
200290984 9837833
200290987 9837833
200290992 9837833
200291005 9837833
200291103 9837833
200291151 9837833
200291316 9837833
200299214 9837833
200299220 9837833
200302523 9837833
200302525 9837833
200305431 9837834
200305434 9837834
200300798 9837838
200293642 9837839
200293793 9837839
200293796 9837839
200293888 9837839
200300324 9837839
200303595 9837839
200303601 9837839
200303605 9837839
200306532 9837839
200306533 9837839
200306681 9837839
200306682 9837839
200289122 9837841
200296870 9837841
200302872 9837841
200305439 9837842
200303607 9837843
200290101 9837844
200290257 9837844
200288711 9837845
200306399 9837846
200289986 9837848
200290147 9837848
200290148 9837848
200290149 9837848
200290320 9837848
200290325 9837848
200290341 9837848
200290346 9837848
200290358 9837848
200300833 9837848
200300860 9837848
200303143 9837848
200306145 9837848
200288714 9837849
200288722 9837849
200288965 9837849
200295303 9837849
200302685 9837849
200289556 9837850
200289764 9837850
200291526 9837851
200303382 9837851
200306186 9837851
200289115 9837854
200289116 9837854
200289368 9837854
200296313 9837854
200296316 9837854
200292150 9837855
200292498 9837855
200301472 9837855
200303430 9837855
200290889 9837858
200290899 9837858
200290911 9837858
200290936 9837858
200306159 9837858
200291104 9837859
200291106 9837861
200288447 9837864
200288449 9837864
200288451 9837864
200288468 9837864
200289692 9837864
200289694 9837864
200289696 9837864
200289698 9837864
200289700 9837864
200289702 9837864
200289717 9837864
200289718 9837864
200296160 9837864
200296287 9837864
200298716 9837864
200298744 9837864
200298765 9837864
200298777 9837864
200298783 9837864
200298842 9837864
200302620 9837864
200303402 9837864
200303403 9837864
200304026 9837864
200306977 9837864
200288497 9837870
200289788 9837870
200289791 9837870
200290383 9837870
200297272 9837870
200297294 9837870
200297297 9837870
200297305 9837870
200303011 9837870
200303013 9837870
200303038 9837870
200303915 9837870
200306142 9837870
200291737 9837871
200291740 9837871
200300540 9837871
200291741 9837873
200289135 9837877
200296233 9837877
200296270 9837877
200296890 9837877
200296958 9837877
200298957 9837877
200299850 9837877
200302779 9837877
200302830 9837877
200302844 9837877
200302875 9837877
200303828 9837877
200303890 9837877
200304286 9837877
200304322 9837877
200305283 9837880
200293422 9837881
200293436 9837881
200293446 9837881
200293455 9837881
200293517 9837881
200293566 9837881
200293578 9837881
200300153 9837881
200306833 9837881
200291710 9837885
200298213 9837885
200303416 9837885
200303417 9837885
200303980 9837885
200289838 9837887
200294955 9837890
200302672 9837890
200294964 9837892
200302677 9837892
200293009 9837894
200288539 9837898
200288561 9837898
200290088 9837898
200297687 9837898
200297733 9837898
200303096 9837898
200304412 9837898
200304432 9837898
200306557 9837898
200306558 9837898
200291407 9837900
200293267 9837900
200306530 9837900
200288564 9837905
200297083 9837905
200305082 9837907
200306534 9837907
200306535 9837907
200287781 9837908
200287806 9837908
200287926 9837908
200287953 9837908
200287983 9837908
200299170 9837908
200299209 9837908
200302529 9837908
200293641 9837909
200288538 9837912
200288548 9837912
200288567 9837912
200288568 9837912
200306536 9837913
200287783 9837914
200287922 9837914
200302526 9837914
200305351 9837915
200305352 9837916
200301324 9837918
200301326 9837918
200304933 9837918
200287788 9837920
200287799 9837920
200287843 9837920
200288016 9837920
200288052 9837920
200299149 9837920
200299162 9837920
200299183 9837920
200300003 9837920
200302533 9837920
200302534 9837920
200302549 9837920
200302562 9837920
200303521 9837922
200306216 9837922
200304571 9837923
200289042 9837924
200289044 9837926
200289780 9837928
200289782 9837928
200289908 9837928
200290034 9837928
200297257 9837928
200297275 9837928
200297283 9837928
200302627 9837928
200303010 9837928
200303033 9837928
200292726 9837933
200292728 9837933
200292874 9837933
200292877 9837933
200301795 9837933
200303528 9837933
200289047 9837934
200289048 9837934
200288838 9837935
200289005 9837935
200299262 9837935
200302749 9837935
200288610 9837944
200288613 9837944
200288628 9837944
200288629 9837944
200288630 9837944
200287500 9837948
200294445 9837948
200304316 9837948
200305662 9837948
200305774 9837948
200305775 9837948
200305912 9837948
200305913 9837948
200305998 9837948
200305999 9837948
200306947 9837948
200306604 9837950
200297912 9837953
200298065 9837953
200298070 9837953
200303957 9837953
200292773 9837955
200292775 9837955
200292777 9837955
200292930 9837955
200293020 9837955
200306223 9837955
200306243 9837955
200292761 9837956
200292772 9837956
200292932 9837956
200304667 9837956
200306227 9837956
200290847 9837957
200290848 9837957
200291003 9837957
200291021 9837957
200291170 9837957
200291171 9837957
200291174 9837957
200291176 9837957
200291177 9837957
200291178 9837957
200291325 9837957
200291379 9837957
200307010 9837957
200292613 9837958
200304640 9837958
200291711 9837960
200292058 9837960
200292073 9837960
200301715 9837961
200304646 9837961
200293490 9837962
200293491 9837962
200306385 9837963
200293301 9837965
200306387 9837965
200294278 9837966
200294279 9837966
200288701 9837967
200291661 9837969
200301172 9837975
200301185 9837975
200303329 9837975
200303372 9837975
200289750 9837977
200296129 9837977
200302996 9837977
200289751 9837978
200293497 9837980
200293501 9837980
200293487 9837981
200293498 9837981
200295049 9837983
200302591 9837983
200296706 9837985
200296743 9837985
200302597 9837985
200302598 9837985
200303879 9837985
200288482 9837986
200288485 9837986
200297346 9837986
200291749 9837989
200292146 9837989
200292148 9837989
200292154 9837989
200292158 9837989
200292172 9837989
200292182 9837989
200292183 9837989
200292186 9837989
200292187 9837989
200292254 9837989
200292348 9837989
200292361 9837989
200292380 9837989
200303359 9837989
200304158 9837989
200306207 9837989
200293560 9837990
200289810 9837991
200289820 9837991
200287814 9837992
200305271 9837992
200291733 9837994
200291735 9837994
200290090 9838000
200290092 9838000
200297756 9838000
200303079 9838000
200290084 9838003
200290091 9838003
200290105 9838003
200290250 9838003
200297031 9838003
200297039 9838003
200303080 9838003
200303153 9838003
200291501 9838004
200304497 9838004
200290096 9838005
200290100 9838005
200290102 9838005
200290108 9838005
200290111 9838005
200290241 9838005
200290255 9838005
200290259 9838005
200290413 9838005
200297788 9838005
200303127 9838005
200291584 9838007
200304499 9838007
200290098 9838009
200290099 9838009
200303114 9838009
200288550 9838010
200302642 9838010
200294411 9838019
200294413 9838019
200294761 9838019
200299395 9838019
200299402 9838019
200299561 9838019
200302294 9838019
200302298 9838019
200302453 9838019
200302490 9838019
200304081 9838019
200304086 9838019
200288553 9838021
200306960 9838021
200306529 9838022
200291480 9838028
200291483 9838028
200291488 9838028
200291803 9838028
200291953 9838028
200291979 9838028
200298337 9838028
200301151 9838028
200303326 9838028
200303333 9838028
200304196 9838028
200305344 9838034
200306287 9838034
200293637 9838035
200293886 9838035
200292464 9838037
200292472 9838037
200292635 9838037
200292664 9838037
200305346 9838037
200290144 9838038
200290154 9838038
200290161 9838038
200306147 9838038
200287484 9838047
200287575 9838047
200295757 9838047
200295796 9838047
200295799 9838047
200295832 9838047
200295848 9838047
200302261 9838047
200302446 9838047
200302500 9838047
200302510 9838047
200302512 9838047
200303747 9838047
200303748 9838047
200303749 9838047
200303782 9838047
200306408 9838047
200307086 9838047
200291563 9838048
200291581 9838048
200301093 9838050
200303419 9838050
200288626 9838053
200290426 9838053
200290448 9838053
200290449 9838053
200290555 9838053
200290573 9838053
200290605 9838053
200290608 9838053
200290609 9838053
200290611 9838053
200290613 9838053
200290615 9838053
200298013 9838053
200303183 9838053
200307001 9838053
200307002 9838053
200289512 9838056
200289513 9838056
200289675 9838056
200305411 9838057
200292776 9838060
200292798 9838060
200292802 9838060
200292921 9838060
200292999 9838060
200294859 9838060
200301748 9838060
200303533 9838060
200305415 9838061
200305418 9838062
200291993 9838065
200292065 9838065
200290080 9838068
200290232 9838068
200303077 9838068
200304411 9838068
200289107 9838069
200289108 9838069
200287830 9838072
200287837 9838072
200287844 9838072
200288076 9838072
200299885 9838072
200302558 9838072
200306371 9838072
200306410 9838072
200292068 9838073
200293475 9838075
200293480 9838075
200293483 9838075
200293484 9838075
200293485 9838075
200306375 9838076
200306407 9838076
200289741 9838077
200306379 9838078
200289521 9838081
200289742 9838081
200290856 9838082
200290870 9838082
200290898 9838082
200290907 9838082
200291056 9838082
200291120 9838082
200291122 9838082
200307007 9838082
200293488 9838083
200289747 9838085
200288487 9838089
200297337 9838089
200297340 9838089
200302624 9838089
200291475 9838096
200291477 9838096
200291983 9838096
200298613 9838096
200303369 9838096
200290137 9838098
200290301 9838098
200287697 9838100
200295740 9838100
200295763 9838100
200302502 9838100
200302504 9838100
200289807 9838101
200289814 9838101
200289818 9838101
200294812 9838101
200287699 9838104
200302505 9838104
200303771 9838104
200304488 9838105
200290086 9838106
200290087 9838107
200302659 9838109
200306512 9838110
200287761 9838111
200287907 9838111
200288085 9838111
200288102 9838111
200299487 9838111
200302546 9838111
200287738 9838112
200287740 9838112
200287752 9838112
200287762 9838112
200287766 9838112
200288081 9838112
200306811 9838112
200306516 9838113
200291219 9838114
200291234 9838114
200291251 9838114
200291365 9838114
200293265 9838114
200293368 9838114
200306517 9838114
200306518 9838115
200305337 9838116
200306783 9838121
200307072 9838121
200290150 9838123
200293991 9838126
200305339 9838126
200306268 9838126
200288808 9838127
200294572 9838127
200305967 9838127
200305970 9838127
200302728 9838129
200304312 9838129
200304313 9838129
200290158 9838130
200305972 9838131
200305975 9838132
200298041 9838135
200305462 9838135
200306155 9838135
200291338 9838136
200303280 9838136
200305978 9838137
200291579 9838138
200291238 9838140
200291239 9838140
200291243 9838140
200291402 9838140
200291416 9838140
200291424 9838140
200291744 9838140
200303287 9838140
200303288 9838140
200303289 9838140
200303319 9838140
200307014 9838140
200307016 9838140
200292050 9838141
200305406 9838143
200292751 9838144
200292752 9838144
200292901 9838144
200292918 9838144
200304972 9838144
200288355 9838146
200288368 9838146
200288391 9838146
200288393 9838146
200288392 9838147
200288394 9838149
200288395 9838152
200288397 9838152
200294119 9838159
200294244 9838159
200294255 9838159
200293473 9838160
200291641 9838161
200291642 9838161
200289731 9838162
200289732 9838162
200291643 9838163
200292692 9838164
200293479 9838165
200287902 9838166
200290861 9838167
200289737 9838168
200292696 9838170
200289738 9838171
200289739 9838171
200288152 9838176
200288153 9838176
200288154 9838176
200288159 9838176
200300049 9838176
200302572 9838176
200302574 9838177
200287678 9838178
200287680 9838178
200304874 9838178
200290423 9838181
200297974 9838181
200303179 9838181
200303186 9838181
200306998 9838181
200305247 9838183
200305250 9838183
200305742 9838183
200306439 9838184
200293940 9838193
200302009 9838193
200306265 9838193
200305255 9838194
200291716 9838196
200290908 9838197
200290910 9838197
200290932 9838197
200290934 9838197
200293081 9838197
200293082 9838197
200293083 9838197
200293089 9838197
200293144 9838197
200293177 9838197
200293196 9838197
200293249 9838197
200293263 9838197
200299904 9838197
200303565 9838197
200303569 9838197
200304124 9838197
200304476 9838197
200304991 9838197
200306849 9838197
200306854 9838197
200306855 9838197
200306915 9838197
200292767 9838198
200290073 9838202
200302634 9838202
200297693 9838204
200302643 9838204
200290815 9838207
200290820 9838207
200290833 9838207
200290945 9838207
200290959 9838207
200290964 9838207
200294526 9838207
200299290 9838207
200299355 9838207
200299601 9838207
200302705 9838207
200302710 9838207
200302751 9838207
200306502 9838209
200287750 9838212
200287759 9838212
200287768 9838212
200287977 9838212
200287979 9838212
200306507 9838213
200288839 9838215
200288840 9838215
200289009 9838215
200289011 9838215
200289013 9838215
200294579 9838215
200294594 9838215
200293949 9838218
200294045 9838218
200294052 9838218
200307062 9838218
200288679 9838224
200288864 9838224
200288917 9838224
200289063 9838224
200289066 9838224
200295005 9838224
200295081 9838224
200295096 9838224
200295102 9838224
200302664 9838224
200302665 9838224
200302713 9838224
200307069 9838226
200293391 9838229
200293392 9838231
200305962 9838233
200293394 9838235
200305965 9838237
200293397 9838240
200293398 9838240
200289276 9838259
200289489 9838259
200289646 9838259
200289654 9838259
200296325 9838259
200296449 9838259
200302902 9838259
200302980 9838259
200291565 9838262
200305969 9838263
200290756 9838277
200290783 9838277
200289504 9838291
200289659 9838291
200300619 9838291
200300714 9838291
200302923 9838291
200292041 9838298
200287523 9838315
200287749 9838315
200299452 9838315
200302069 9838315
200302519 9838315
200302540 9838315
200304606 9838323
200304611 9838323
200304612 9838323
200304613 9838327
200288354 9838348
200288380 9838348
200288388 9838348
200288389 9838348
200288390 9838348
200288400 9838348
200292753 9838354
200292908 9838354
200292047 9838358
200288386 9838370
200288387 9838370
200289721 9838395
200292680 9838399
200292682 9838399
200293465 9838418
200293466 9838418
200293469 9838418
200292683 9838419
200289725 9838421
200289502 9838423
200289727 9838423
200289728 9838425
200292687 9838426
200289511 9838428
200289515 9838428
200289711 9838428
200289729 9838428
200298701 9838428
200298747 9838428
200302913 9838428
200302993 9838428
200290460 9838429
200290635 9838429
200298107 9838429
200303211 9838429
200292540 9838432
200292688 9838432
200292112 9838433
200292293 9838433
200294846 9838433
200306789 9838433
200293986 9838443
200294065 9838443
200294066 9838443
200294310 9838443
200301786 9838446
200303175 9838446
200287670 9838447
200287672 9838448
200291481 9838454
200291490 9838454
200298393 9838454
200303411 9838454
200303988 9838454
200288151 9838467
200306429 9838467
200305242 9838468
200292757 9838470
200290061 9838472
200294092 9838473
200294094 9838473
200297100 9838475
200302635 9838475
200290065 9838477
200290068 9838479
200289571 9838487
200292300 9838487
200301095 9838487
200301115 9838487
200304495 9838487
200293606 9838488
200287748 9838489
200305314 9838490
200306241 9838490
200302708 9838491
200305948 9838492
200305952 9838492
200293344 9838493
200293388 9838493
200293389 9838493
200290747 9838496
200290777 9838496
200287490 9838498
200287499 9838498
200287609 9838498
200302486 9838498
200305644 9838498
200305645 9838498
200305654 9838498
200305655 9838498
200305777 9838498
200305778 9838498
200306005 9838498
200306008 9838498
200306009 9838498
200307068 9838498
200292031 9838500
200292033 9838501
200287747 9838502
200287893 9838502
200299424 9838502
200299446 9838502
200302521 9838502
200290203 9838506
200297744 9838506
200303074 9838506
200292543 9838507
200292547 9838507
200292550 9838507
200292551 9838507
200292673 9838507
200306340 9838507
200300533 9838508
200306342 9838508
200288359 9838510
200288378 9838510
200289112 9838510
200289117 9838510
200289252 9838510
200296008 9838510
200296586 9838510
200296760 9838510
200296766 9838510
200296803 9838510
200296819 9838510
200296830 9838510
200296919 9838510
200296922 9838510
200296925 9838510
200302766 9838510
200302771 9838510
200302773 9838510
200302778 9838510
200302811 9838510
200302817 9838510
200304902 9838510
200293448 9838512
200293452 9838512
200290462 9838513
200290465 9838513
200290467 9838513
200290471 9838513
200290731 9838513
200297883 9838513
200303165 9838513
200292674 9838514
200292677 9838516
200292678 9838516
200290849 9838518
200289493 9838520
200300591 9838521
200289497 9838524
200289498 9838524
200298641 9838524
200305231 9838526
200305759 9838526
200305234 9838527
200305760 9838527
200289812 9838532
200290051 9838532
200304406 9838532
200290052 9838534
200292749 9838535
200289808 9838537
200290053 9838537
200297232 9838537
200304395 9838537
200304399 9838537
200304407 9838537
200290054 9838540
200290055 9838540
200290057 9838541
200291479 9838542
200287737 9838544
200287739 9838544
200290118 9838547
200290120 9838547
200290140 9838547
200290323 9838547
200290327 9838547
200290395 9838547
200300852 9838547
200303087 9838547
200304421 9838547
200306153 9838547
200292817 9838548
200290121 9838549
200293085 9838555
200293086 9838555
200293094 9838555
200307047 9838555
200290125 9838565
200305946 9838568
200290760 9838570
200305085 9838572
200299278 9838573
200303253 9838573
200305088 9838575
200287703 9838579
200288684 9838579
200289073 9838579
200295144 9838579
200295382 9838579
200295392 9838579
200295404 9838579
200295438 9838579
200302279 9838579
200302439 9838579
200302466 9838579
200302508 9838579
200307073 9838579
200287483 9838584
200287573 9838584
200302262 9838584
200302443 9838584
200307111 9838584
200307112 9838585
200292027 9838586
200288347 9838588
200288348 9838588
200288365 9838588
200288396 9838588
200296693 9838588
200296698 9838588
200302604 9838588
200293445 9838589
200291614 9838590
200292663 9838591
200303322 9838593
200295183 9838595
200295186 9838595
200295274 9838595
200295277 9838595
200302683 9838595
200306965 9838595
200304370 9838596
200292665 9838597
200289792 9838602
200289793 9838602
200290036 9838602
200297300 9838602
200303042 9838602
200303917 9838602
200306400 9838604
200306401 9838605
200288358 9838611
200288421 9838611
200288434 9838611
200296472 9838611
200296517 9838611
200302605 9838611
200302611 9838611
200291215 9838613
200291393 9838613
200291436 9838613
200287652 9838616
200299418 9838616
200302450 9838616
200292731 9838619
200292733 9838619
200292905 9838619
200292948 9838619
200292732 9838620
200292743 9838620
200292886 9838620
200292891 9838620
200292946 9838620
200292972 9838620
200294855 9838620
200305223 9838622
200305226 9838622
200290902 9838623
200290903 9838623
200290904 9838623
200306883 9838623
200306884 9838623
200296552 9838624
200302610 9838624
200294069 9838626
200294070 9838626
200290045 9838627
200290909 9838628
200294074 9838629
200306183 9838630
200290047 9838632
200290048 9838632
200290707 9838640
200301833 9838640
200304433 9838640
200293092 9838645
200293292 9838645
200294079 9838646
200293295 9838651
200288504 9838654
200288505 9838654
200293298 9838656
200307031 9838659
200290110 9838660
200292807 9838661
200291994 9838663
200304514 9838663
200292808 9838664
200292809 9838665
200293281 9838667
200293283 9838667
200293284 9838667
200293395 9838667
200293406 9838667
200306250 9838667
200307053 9838667
200290114 9838669
200290117 9838669
200306252 9838671
200305938 9838672
200290753 9838673
200305078 9838676
200292010 9838678
200304299 9838679
200304300 9838679
200292014 9838681
200288350 9838682
200292016 9838683
200288353 9838684
200304887 9838684
200292018 9838685
200293435 9838686
200289203 9838687
200289353 9838687
200304368 9838687
200297072 9838689
200303154 9838689
200293505 9838690
200293988 9838692
200294063 9838692
200294064 9838692
200290035 9838693
200290037 9838694
200290039 9838695
200291454 9838696
200293287 9838697
200293288 9838698
200293289 9838700
200287452 9838701
200287713 9838701
200302268 9838701
200304506 9838702
200290103 9838703
200290104 9838703
200287491 9838706
200287508 9838706
200287509 9838706
200287730 9838706
200294376 9838706
200294483 9838706
200294485 9838706
200295855 9838706
200299564 9838706
200302293 9838706
200302297 9838706
200302448 9838706
200306244 9838709
200288174 9838713
200288175 9838713
200288277 9838713
200288156 9838718
200288279 9838718
200306249 9838719
200293261 9838720
200293272 9838720
200293355 9838720
200306597 9838720
200306806 9838720
200305928 9838721
200301018 9838722
200301021 9838722
200301024 9838722
200301801 9838722
200303237 9838722
200303554 9838722
200304468 9838722
200293990 9838723
200292000 9838724
200292001 9838724
200293993 9838725
200292006 9838726
200306312 9838727
200292008 9838728
200293420 9838729
200293421 9838729
200293423 9838729
200293425 9838729
200306030 9838729
200306031 9838729
200294107 9838733
200294207 9838733
200294234 9838733
200288349 9838735
200291954 9838737
200291956 9838737
200291962 9838737
200291963 9838737
200292403 9838737
200292405 9838737
200292407 9838737
200292409 9838737
200292411 9838737
200292413 9838737
200292417 9838737
200292418 9838737
200292642 9838737
200298809 9838737
200301179 9838737
200301204 9838737
200301593 9838737
200301706 9838737
200303407 9838737
200303408 9838737
200303481 9838737
200303518 9838737
200303519 9838737
200304214 9838737
200307040 9838737
200292459 9838738
200292643 9838738
200292644 9838739
200290811 9838740
200290812 9838741
200292462 9838742
200292647 9838742
200306958 9838743
200299177 9838744
200302527 9838744
200302531 9838744
200304071 9838744
200287494 9838746
200287691 9838746
200295835 9838746
200302511 9838746
200305771 9838746
200305772 9838746
200297051 9838748
200303081 9838748
200289466 9838749
200292710 9838751
200292714 9838751
200292715 9838754
200292717 9838754
200292730 9838754
200292896 9838754
200292898 9838754
200292716 9838755
200290109 9838756
200297759 9838756
200297762 9838756
200303128 9838756
200304427 9838756
200290498 9838757
200290501 9838757
200301804 9838757
200301810 9838757
200301813 9838757
200301822 9838757
200303541 9838757
200304653 9838757
200293275 9838758
200292484 9838770
200292491 9838770
200292493 9838770
200292499 9838770
200292507 9838770
200292516 9838770
200292532 9838770
200292536 9838770
200292589 9838770
200292597 9838770
200292610 9838770
200292679 9838770
200292686 9838770
200292705 9838770
200293905 9838770
200293914 9838770
200293930 9838770
200294041 9838770
200300406 9838770
200303609 9838770
200303614 9838770
200304635 9838770
200304639 9838770
200306171 9838770
200306219 9838770
200293264 9838775
200293266 9838775
200293268 9838775
200293270 9838775
200293273 9838775
200293274 9838775
200293276 9838775
200293337 9838775
200293342 9838775
200293348 9838775
200293360 9838775
200293363 9838775
200293366 9838775
200293373 9838775
200293393 9838775
200293470 9838775
200293541 9838775
200293544 9838775
200293549 9838775
200293613 9838775
200300169 9838775
200300181 9838775
200303574 9838775
200303575 9838775
200305000 9838775
200291445 9838778
200290483 9838788
200290489 9838788
200290661 9838788
200290666 9838788
200292494 9838790
200292497 9838790
200292502 9838790
200292780 9838790
200304679 9838790
200306317 9838790
200291447 9838791
200287705 9838792
200294757 9838792
200297133 9838793
200303075 9838793
200306232 9838794
200305911 9838795
200305916 9838796
200290730 9838797
200305918 9838798
200290732 9838799
200290734 9838800
200290736 9838801
200293980 9838803
200293984 9838803
200293981 9838804
200293983 9838807
200293985 9838809
200305693 9838810
200306307 9838811
200295153 9838812
200287469 9838813
200287470 9838813
200306941 9838813
200288977 9838814
200301734 9838815
200288401 9838818
200290089 9838821
200297738 9838821
200297741 9838821
200303073 9838821
200303106 9838821
200289456 9838822
200287682 9838827
200287685 9838827
200295861 9838827
200302299 9838827
200302499 9838827
200291484 9838831
200291961 9838831
200291980 9838831
200291982 9838831
200294905 9838831
200306173 9838831
200293260 9838833
200291432 9838834
200289522 9838835
200291434 9838837
200290478 9838838
200290650 9838838
200293269 9838839
200293278 9838839
200293286 9838839
200293335 9838839
200293390 9838839
200292485 9838840
200290476 9838841
200290479 9838841
200290645 9838841
200290658 9838841
200290758 9838841
200290761 9838841
200288171 9838843
200288172 9838843
200288176 9838843
200288179 9838843
200288255 9838843
200288258 9838843
200294118 9838844
200287476 9838845
200287479 9838847
200305908 9838848
200293972 9838851
200293979 9838851
200293992 9838851
200294309 9838851
200293978 9838853
200293400 9838854
200289378 9838855
200289367 9838856
200296499 9838856
200296535 9838856
200302866 9838856
200304330 9838856
200297839 9838857
200304335 9838858
200305756 9838859
200304971 9838861
200302280 9838862
200291990 9838864
200291992 9838865
200288166 9838866
200288170 9838866
200306141 9838867
200291998 9838868
200288177 9838870
200287396 9838871
200295690 9838871
200302436 9838871
200303769 9838871
200289517 9838872
200304877 9838876
200306782 9838876
200290477 9838879
200290481 9838879
200290648 9838879
200290653 9838879
200293892 9838881
200293893 9838881
200287461 9838883
200287463 9838885
200287468 9838887
200290716 9838889
200290719 9838891
200305671 9838893
200305677 9838895
200305678 9838895
200290491 9838899
200290493 9838899
200290704 9838899
200301789 9838899
200289369 9838900
200288089 9838901
200288090 9838901
200305725 9838902
200305745 9838902
200305748 9838902
200304968 9838903
200288155 9838905
200288160 9838905
200288161 9838905
200288162 9838905
200288163 9838905
200291984 9838906
200291986 9838907
200288164 9838908
200293240 9838909
200293241 9838909
200292463 9838911
200300606 9838913
200305595 9838914
200306775 9838914
200291193 9838915
200306203 9838916
200293116 9838919
200293222 9838919
200293307 9838919
200293309 9838919
200293310 9838919
200293311 9838919
200304990 9838919
200293312 9838920
200293315 9838920
200306251 9838920
200292455 9838921
200292456 9838921
200292457 9838921
200292460 9838921
200292562 9838921
200292641 9838921
200303490 9838921
200304630 9838921
200304723 9838921
200306208 9838921
200293316 9838924
200288797 9838926
200288800 9838926
200288802 9838926
200288825 9838926
200288878 9838926
200289007 9838926
200289018 9838926
200294600 9838926
200305582 9838926
200305943 9838926
200305944 9838926
200307070 9838926
200293093 9838928
200305664 9838929
200288123 9838931
200288129 9838931
200288226 9838931
200288227 9838931
200288243 9838931
200304882 9838931
200306124 9838931
200290482 9838933
200304885 9838934
200288709 9838936
200288710 9838936
200295126 9838936
200302278 9838936
200306690 9838936
200306691 9838936
200306695 9838936
200306696 9838936
200288080 9838938
200288082 9838939
200288083 9838940
200306051 9838943
200306052 9838943
200302873 9838949
200302874 9838949
200306902 9838949
200306919 9838949
200291181 9838950
200291183 9838950
200291228 9838950
200291242 9838950
200291331 9838950
200291382 9838950
200291450 9838950
200298249 9838950
200299121 9838950
200303283 9838950
200293165 9838952
200304950 9838957
200304956 9838957
200304955 9838959
200306694 9838960
200306697 9838960
200306120 9838961
200306123 9838962
200293236 9838964
200293238 9838965
200288791 9838966
200288792 9838967
200288793 9838967
200288794 9838968
200293874 9838969
200293876 9838971
200291180 9838972
200291182 9838972
200291504 9838972
200298252 9838972
200305585 9838973
200305586 9838973
200293300 9838976
200293303 9838976
200293304 9838976
200305009 9838976
200291185 9838977
200293302 9838981
200305010 9838983
200293305 9838989
200292521 9838990
200293308 9838993
200304237 9838995
200291254 9838996
200287510 9838997
200290470 9838998
200300443 9838999
200300446 9838999
200303499 9838999
200304878 9839000
200304879 9839001
200305720 9839003
200288078 9839004
200291191 9839005
200291206 9839005
200291225 9839005
200291241 9839005
200291248 9839005
200291249 9839005
200291250 9839005
200291252 9839005
200291255 9839005
200291256 9839005
200291257 9839005
200291258 9839005
200291260 9839005
200291323 9839005
200291328 9839005
200291351 9839005
200291408 9839005
200291415 9839005
200299123 9839005
200300195 9839005
200303312 9839005
200303321 9839005
200304942 9839006
200291616 9839008
200291617 9839008
200291624 9839008
200291625 9839008
200291627 9839008
200305251 9839008
200305252 9839008
200305691 9839008
200305692 9839008
200291567 9839009
200291570 9839009
200291572 9839009
200291575 9839009
200291670 9839011
200298290 9839016
200303338 9839016
200291557 9839017
200304605 9839018
200305695 9839019
200305697 9839019
200305724 9839019
200305740 9839019
200305741 9839019
200305758 9839019
200306301 9839019
200290143 9839020
200290145 9839020
200290307 9839020
200305449 9839020
200291560 9839021
200291561 9839023
200291544 9839024
200291545 9839024
200292087 9839025
200291636 9839026
200292052 9839026
200291541 9839027
200291549 9839027
200292082 9839027
200287823 9839029
200288010 9839029
200290867 9839029
200290869 9839029
200290871 9839029
200290874 9839029
200290877 9839029
200290880 9839029
200291026 9839029
200291036 9839029
200291046 9839029
200291049 9839029
200291064 9839029
200291073 9839029
200291095 9839029
200291126 9839029
200291195 9839029
200291196 9839029
200291199 9839029
200291360 9839029
200291367 9839029
200291395 9839029
200291444 9839029
200304472 9839029
200306156 9839029
200306192 9839031
200291548 9839032
200291568 9839032
200305219 9839032
200305220 9839032
200305238 9839032
200305239 9839032
200305243 9839032
200305244 9839032
200291639 9839033
200291644 9839033
200291658 9839034
200291697 9839036
200291699 9839036
200306360 9839036
200305278 9839037
200305279 9839037
200292051 9839038
200305543 9839038
200305544 9839038
200291539 9839039
200291566 9839040
200291585 9839040
200291601 9839040
200292049 9839040
200292072 9839040
200291580 9839041
200291583 9839041
200291594 9839041
200291599 9839041
200291587 9839042
200291591 9839042
200291592 9839042
200291598 9839042
200293650 9839043
200293965 9839044
200291693 9839046
200291698 9839046
200306503 9839046
200306504 9839046
200306505 9839047
200306506 9839047
200307108 9839047
200291633 9839049
200291645 9839049
200291654 9839049
200305716 9839049
200305717 9839049
200291537 9839050
200291554 9839050
200305680 9839051
200305681 9839051
200305683 9839051
200305684 9839051
200305727 9839051
200306984 9839051
