193619823 41724442
193619823 89339702
193619823 89339703
193619823 89339704
193619823 9840476
193619823 9888643
193619933 41724442
193619933 89339702
193619933 89339704
193619933 9888643
193619934 41724442
193619934 89339702
193619934 89339704
193619934 9888643
193625597 41724442
193625597 89339702
193625597 89339704
193625597 9888643
193625599 41724442
193625599 89339702
193625599 89339704
193625599 9888643
193625600 41724442
193625600 89339702
193625600 89339704
193625600 9888643
193619820 89339703
193619820 9840476
193619824 89339703
193619824 9840476
193619899 89339703
193619899 9840476
193619901 89339703
193619901 9840476
201180116 41724442
201180116 89339702
201180116 89339704
201180116 9884061
201180116 9888643
201181410 9883330
201181410 9885796
201181411 9883330
201181411 9885796
201177735 9888598
201177737 9888598
201177738 9888598
201177739 9888598
201177742 9888598
201177743 9888598
201177744 9888598
201177747 9888598
201177774 9888598
201177838 9888598
201177929 9888598
201177930 9888598
201177984 9888598
201181414 9888598
201005193 34790825
201005193 34790826
201005193 34790827
201005193 34790828
201005193 34790829
201005193 34790830
201005193 9888435
201005193 9897661
201005196 34790825
201005196 34790826
201005196 34790827
201005196 34790828
201005196 34790829
201005196 34790830
201005196 9888435
201005196 9897661
201005197 34790825
201005197 34790826
201005197 34790827
201005197 34790828
201005197 34790829
201005197 34790830
201005197 9888435
201005197 9897661
201005304 34790825
201005304 34790826
201005304 34790827
201005304 34790828
201005304 34790829
201005304 34790830
201005304 9888435
201005304 9897661
201011106 34790825
201011106 34790826
201011106 34790827
201011106 34790828
201011106 34790829
201011106 34790830
201011106 9888435
201011106 9897661
201005191 9897661
201005425 9897661
201005432 9897661
201005510 9897661
201005513 9897661
201010988 9897661
201011689 9897661
201011691 9897661
201012471 9897661
201012472 9897661
201012841 9897661
201012842 9897661
201013569 9897661
201013570 9897661
201013577 9897661
201013578 9897661
201013579 9897661
201013580 9897661
201013903 9897661
201013904 9897661
201510640 9887468
201510640 9901917
201510641 9887468
201510641 9901917
201510643 9887468
201510643 9901917
201510645 9887468
201510645 9901917
201510647 9887468
201510647 9901917
201510648 9887468
201510648 9901917
201510649 9887468
201510649 9901917
201510651 9887468
201510651 9901917
201510652 9887468
201510652 9901917
201510653 9887468
201510653 9901917
201510655 9887468
201510655 9901917
201510657 9887468
201510657 9901917
201510658 9887468
201510658 9901917
201510661 9887468
201510661 9901917
201510663 9887468
201510663 9901917
201510664 9887468
201510664 9901917
201510665 9887468
201510665 9901917
201510666 9887468
201510666 9901917
201511576 9887468
201511576 9901917
201511577 9887468
201511577 9901917
201509264 9888468
201509264 9901816
201509266 9888468
201509266 9901816
201509267 9888468
201509267 9901816
201509269 9888468
201509269 9901816
201509271 9888468
201509271 9901816
201509272 9888468
201509272 9901816
201511277 9888468
201511277 9901816
201511278 9888468
201511278 9901816
201511280 9888468
201511280 9901816
201511281 9888468
201511281 9901816
201508188 9888549
201508180 9888549
201508180 9901843
201508186 9888549
201508186 9901843
201508187 9888549
201508187 9901843
201508191 9888549
201508191 9901843
201508194 9888549
201508194 9901843
201508195 9888549
201508195 9901843
201508205 9888549
201508205 9901843
201508209 9888549
201508209 9901843
201508532 9888549
201508532 9901843
201508534 9888549
201508534 9901843
201508537 9888549
201508537 9901843
201508539 9888549
201508539 9901843
201510668 9888549
201510668 9901843
201511518 9888549
201511518 9901843
201511578 9888549
201511578 9901843
201511579 9888549
201511579 9901843
201512167 9888549
201512167 9901843
201512168 9888549
201512168 9901843
201512676 9888549
201512676 9901843
201512677 9888549
201512677 9901843
201508183 9901843
201508207 9901843
34967033 34790825
34967033 34790826
34967033 34790827
34967033 34790828
34967033 34790829
34967033 34790830
34967033 40982769
34967033 9888435
34967033 9905667
34967034 34790825
34967034 34790826
34967034 34790827
34967034 34790828
34967034 34790829
34967034 34790830
34967034 40982769
34967034 9888435
34967034 9905667
34967035 34790825
34967035 34790826
34967035 34790827
34967035 34790828
34967035 34790829
34967035 34790830
34967035 40982769
34967035 9888435
34967035 9905667
34967036 34790825
34967036 34790826
34967036 34790827
34967036 34790828
34967036 34790829
34967036 34790830
34967036 40982769
34967036 9888435
34967036 9905667
34967039 34790825
34967039 34790826
34967039 34790827
34967039 34790828
34967039 34790829
34967039 34790830
34967039 40982769
34967039 9888435
34967039 9905667
34967040 34790825
34967040 34790826
34967040 34790827
34967040 34790828
34967040 34790829
34967040 34790830
34967040 40982769
34967040 9888435
34967040 9905667
34967170 34790825
34967170 34790826
34967170 34790827
34967170 34790828
34967170 34790829
34967170 34790830
34967170 40982769
34967170 9888435
34967170 9905667
34967299 34790825
34967299 34790826
34967299 34790827
34967299 34790828
34967299 34790829
34967299 34790830
34967299 40982769
34967299 9888435
34967299 9905667
34987888 34790825
34987888 34790826
34987888 34790827
34987888 34790828
34987888 34790829
34987888 34790830
34987888 40982769
34987888 9888435
34987888 9905667
34987889 34790825
34987889 34790826
34987889 34790827
34987889 34790828
34987889 34790829
34987889 34790830
34987889 40982769
34987889 9888435
34987889 9905667
34999030 34790825
34999030 34790826
34999030 34790827
34999030 34790828
34999030 34790829
34999030 34790830
34999030 40982769
34999030 9888435
34999030 9905667
34999031 34790825
34999031 34790826
34999031 34790827
34999031 34790828
34999031 34790829
34999031 34790830
34999031 40982769
34999031 9888435
34999031 9905667
35002404 34790825
35002404 34790826
35002404 34790827
35002404 34790828
35002404 34790829
35002404 34790830
35002404 40982769
35002404 9888435
35002404 9905667
35002405 34790825
35002405 34790826
35002405 34790827
35002405 34790828
35002405 34790829
35002405 34790830
35002405 40982769
35002405 9888435
35002405 9905667
35013097 34790825
35013097 34790826
35013097 34790827
35013097 34790828
35013097 34790829
35013097 34790830
35013097 40982769
35013097 9888435
35013097 9905667
35013098 34790825
35013098 34790826
35013098 34790827
35013098 34790828
35013098 34790829
35013098 34790830
35013098 40982769
35013098 9888435
35013098 9905667
35013099 34790825
35013099 34790826
35013099 34790827
35013099 34790828
35013099 34790829
35013099 34790830
35013099 40982769
35013099 9888435
35013099 9905667
35013100 34790825
35013100 34790826
35013100 34790827
35013100 34790828
35013100 34790829
35013100 34790830
35013100 40982769
35013100 9888435
35013100 9905667
34996656 34790825
34996656 34790826
34996656 34790827
34996656 34790828
34996656 34790829
34996656 34790830
34996656 9888435
34996657 34790825
34996657 34790826
34996657 34790827
34996657 34790828
34996657 34790829
34996657 34790830
34996657 9888435
35013101 34790825
35013101 34790826
35013101 34790827
35013101 34790828
35013101 34790829
35013101 34790830
35013101 9888435
35013102 34790825
35013102 34790826
35013102 34790827
35013102 34790828
35013102 34790829
35013102 34790830
35013102 9888435
34960813 9888457
34960814 9888457
34960816 9888457
34961119 9888457
34961191 9888457
34977937 9888457
34979219 9888457
34979220 9888457
34987703 9888457
34987707 9888457
34987708 9888457
34994087 9888457
35013103 9888457
35013104 9888457
35013105 9888457
35013106 9888457
35013107 9888457
35013108 9888457
35013111 9888457
35013112 9888457
35013113 9888457
35013114 9888457
34996659 9888457
34996659 9905673
35013110 9888457
35013110 9905673
34996658 9889077
34996658 9905845
193662311 41007573
193662311 41007576
193662311 41007578
193662311 41007582
193662311 41007586
193662311 41007589
193662311 41007593
193662311 41007766
193662311 41007768
193662311 41007771
193662311 41007775
193662311 41007777
193662311 41007778
193662311 41007780
193662311 9888978
193662311 9906049
193662312 41007573
193662312 41007576
193662312 41007578
193662312 41007582
193662312 41007586
193662312 41007589
193662312 41007593
193662312 41007766
193662312 41007768
193662312 41007771
193662312 41007775
193662312 41007777
193662312 41007778
193662312 41007780
193662312 9888978
193662312 9906049
193662333 41007573
193662333 41007576
193662333 41007578
193662333 41007582
193662333 41007586
193662333 41007589
193662333 41007593
193662333 41007766
193662333 41007768
193662333 41007771
193662333 41007775
193662333 41007777
193662333 41007778
193662333 41007780
193662333 9888978
193662333 9906049
193662335 41007573
193662335 41007576
193662335 41007578
193662335 41007582
193662335 41007586
193662335 41007589
193662335 41007593
193662335 41007766
193662335 41007768
193662335 41007771
193662335 41007775
193662335 41007777
193662335 41007778
193662335 41007780
193662335 9888978
193662335 9906049
193664707 41007573
193664707 41007576
193664707 41007578
193664707 41007582
193664707 41007586
193664707 41007589
193664707 41007593
193664707 41007766
193664707 41007768
193664707 41007771
193664707 41007775
193664707 41007777
193664707 41007778
193664707 41007780
193664707 9888978
193664707 9906049
193664718 41007573
193664718 41007576
193664718 41007578
193664718 41007582
193664718 41007586
193664718 41007589
193664718 41007593
193664718 41007766
193664718 41007768
193664718 41007771
193664718 41007775
193664718 41007777
193664718 41007778
193664718 41007780
193664718 9888978
193664718 9906049
193664733 41007573
193664733 41007576
193664733 41007578
193664733 41007582
193664733 41007586
193664733 41007589
193664733 41007593
193664733 41007766
193664733 41007768
193664733 41007771
193664733 41007775
193664733 41007777
193664733 41007778
193664733 41007780
193664733 9888978
193664733 9906049
193665617 41007573
193665617 41007576
193665617 41007578
193665617 41007582
193665617 41007586
193665617 41007589
193665617 41007593
193665617 41007766
193665617 41007768
193665617 41007771
193665617 41007775
193665617 41007777
193665617 41007778
193665617 41007780
193665617 9888978
193665617 9906049
193665618 41007573
193665618 41007576
193665618 41007578
193665618 41007582
193665618 41007586
193665618 41007589
193665618 41007593
193665618 41007766
193665618 41007768
193665618 41007771
193665618 41007775
193665618 41007777
193665618 41007778
193665618 41007780
193665618 9888978
193665618 9906049
193665619 41007573
193665619 41007576
193665619 41007578
193665619 41007582
193665619 41007586
193665619 41007589
193665619 41007593
193665619 41007766
193665619 41007768
193665619 41007771
193665619 41007775
193665619 41007777
193665619 41007778
193665619 41007780
193665619 9888978
193665619 9906049
193665620 41007573
193665620 41007576
193665620 41007578
193665620 41007582
193665620 41007586
193665620 41007589
193665620 41007593
193665620 41007766
193665620 41007768
193665620 41007771
193665620 41007775
193665620 41007777
193665620 41007778
193665620 41007780
193665620 9888978
193665620 9906049
193665621 41007573
193665621 41007576
193665621 41007578
193665621 41007582
193665621 41007586
193665621 41007589
193665621 41007593
193665621 41007766
193665621 41007768
193665621 41007771
193665621 41007775
193665621 41007777
193665621 41007778
193665621 41007780
193665621 9888978
193665621 9906049
193665622 41007573
193665622 41007576
193665622 41007578
193665622 41007582
193665622 41007586
193665622 41007589
193665622 41007593
193665622 41007766
193665622 41007768
193665622 41007771
193665622 41007775
193665622 41007777
193665622 41007778
193665622 41007780
193665622 9888978
193665622 9906049
193665623 41007573
193665623 41007576
193665623 41007578
193665623 41007582
193665623 41007586
193665623 41007589
193665623 41007593
193665623 41007766
193665623 41007768
193665623 41007771
193665623 41007775
193665623 41007777
193665623 41007778
193665623 41007780
193665623 9888978
193665623 9906049
193665627 41007573
193665627 41007576
193665627 41007578
193665627 41007582
193665627 41007586
193665627 41007589
193665627 41007593
193665627 41007766
193665627 41007768
193665627 41007771
193665627 41007775
193665627 41007777
193665627 41007778
193665627 41007780
193665627 9888978
193665627 9906049
193665645 41007573
193665645 41007576
193665645 41007578
193665645 41007582
193665645 41007586
193665645 41007589
193665645 41007593
193665645 41007766
193665645 41007768
193665645 41007771
193665645 41007775
193665645 41007777
193665645 41007778
193665645 41007780
193665645 9888978
193665645 9906049
193665646 41007573
193665646 41007576
193665646 41007578
193665646 41007582
193665646 41007586
193665646 41007589
193665646 41007593
193665646 41007766
193665646 41007768
193665646 41007771
193665646 41007775
193665646 41007777
193665646 41007778
193665646 41007780
193665646 9888978
193665646 9906049
193665648 41007573
193665648 41007576
193665648 41007578
193665648 41007582
193665648 41007586
193665648 41007589
193665648 41007593
193665648 41007766
193665648 41007768
193665648 41007771
193665648 41007775
193665648 41007777
193665648 41007778
193665648 41007780
193665648 9888978
193665648 9906049
193665650 41007573
193665650 41007576
193665650 41007578
193665650 41007582
193665650 41007586
193665650 41007589
193665650 41007593
193665650 41007766
193665650 41007768
193665650 41007771
193665650 41007775
193665650 41007777
193665650 41007778
193665650 41007780
193665650 9888978
193665650 9906049
193669286 41007573
193669286 41007576
193669286 41007578
193669286 41007582
193669286 41007586
193669286 41007589
193669286 41007593
193669286 41007766
193669286 41007768
193669286 41007771
193669286 41007775
193669286 41007777
193669286 41007778
193669286 41007780
193669286 9888978
193669286 9906049
193669287 41007573
193669287 41007576
193669287 41007578
193669287 41007582
193669287 41007586
193669287 41007589
193669287 41007593
193669287 41007766
193669287 41007768
193669287 41007771
193669287 41007775
193669287 41007777
193669287 41007778
193669287 41007780
193669287 9888978
193669287 9906049
193669288 41007573
193669288 41007576
193669288 41007578
193669288 41007582
193669288 41007586
193669288 41007589
193669288 41007593
193669288 41007766
193669288 41007768
193669288 41007771
193669288 41007775
193669288 41007777
193669288 41007778
193669288 41007780
193669288 9888978
193669288 9906049
193669289 41007573
193669289 41007576
193669289 41007578
193669289 41007582
193669289 41007586
193669289 41007589
193669289 41007593
193669289 41007766
193669289 41007768
193669289 41007771
193669289 41007775
193669289 41007777
193669289 41007778
193669289 41007780
193669289 9888978
193669289 9906049
193669290 41007573
193669290 41007576
193669290 41007578
193669290 41007582
193669290 41007586
193669290 41007589
193669290 41007593
193669290 41007766
193669290 41007768
193669290 41007771
193669290 41007775
193669290 41007777
193669290 41007778
193669290 41007780
193669290 9888978
193669290 9906049
193669291 41007573
193669291 41007576
193669291 41007578
193669291 41007582
193669291 41007586
193669291 41007589
193669291 41007593
193669291 41007766
193669291 41007768
193669291 41007771
193669291 41007775
193669291 41007777
193669291 41007778
193669291 41007780
193669291 9888978
193669291 9906049
193668448 9885063
193668448 9902815
193671270 9885063
193671270 9902815
193671271 9885063
193671271 9902815
193664697 9889001
193664697 9906074
193664712 9889001
193664712 9906074
193664714 9889001
193664714 9906074
193664720 9889001
193664720 9906074
193668455 9889001
193668455 9906074
193669918 9889001
193669918 9906074
193669919 9889001
193669919 9906074
193671272 9889001
193671272 9906074
193671273 9889001
193671273 9906074
203670628 118976389
203670628 118976476
203670628 9889253
203672784 118976389
203672784 118976476
203672784 9889253
203674717 118976389
203674717 118976476
203674717 9889253
203672983 118976514
203672983 9887302
203676775 118976514
203676775 9887302
203669891 172234065
203669891 172371919
203669891 9888239
203669891 9888244
203669893 172234065
203669893 172371919
203669893 9888239
203669893 9888244
203669929 172234065
203669929 172371919
203669929 9888239
203669929 9888244
203669953 172234065
203669953 172371919
203669953 9888239
203669953 9888244
203674828 172234065
203674828 172371919
203674828 9888239
203674828 9888244
203676709 172234065
203676709 172371919
203676709 9888239
203676709 9888244
203672934 172234080
203672934 172371919
203672934 9886571
203672934 9888239
203672936 172234080
203672936 172371919
203672936 9886571
203672936 9888239
203672937 172234080
203672937 172371919
203672937 9886571
203672937 9888239
203672941 172234080
203672941 172371919
203672941 9886571
203672941 9888239
203672943 172234080
203672943 172371919
203672943 9886571
203672943 9888239
203672945 172234080
203672945 172371919
203672945 9886571
203672945 9888239
203675371 172234080
203675371 172371919
203675371 9886571
203675371 9888239
203675372 172234080
203675372 172371919
203675372 9886571
203675372 9888239
203673642 172234124
203673642 172371919
203673642 9888239
203673643 172234124
203673643 172371919
203673643 9888239
203669941 172234134
203669941 9888236
203669943 172234134
203669943 9888236
203669945 172234134
203669945 9888236
203669947 172234134
203669947 9888236
203669980 172371919
203669980 9888234
203669980 9888239
203675253 172371919
203675253 9888234
203675253 9888239
203675254 172371919
203675254 9888234
203675254 9888239
203676586 172371919
203676586 9888234
203676586 9888239
203673609 172371919
203673609 9888239
203673609 9888242
203674615 172371919
203674615 9888239
203674615 9888242
203672570 192675996
203672570 192675997
203672570 9886869
203672690 192675996
203672690 192675997
203672690 9886869
203673225 192675996
203673225 192675997
203673225 9886869
203673227 192675996
203673227 192675997
203673227 9886869
203673230 192675996
203673230 192675997
203673230 9886869
203673231 192675996
203673231 192675997
203673231 9886869
203673232 192675996
203673232 192675997
203673232 9886869
203673233 192675996
203673233 192675997
203673233 9886869
203676457 45683322
203676457 9886550
203676458 45683322
203676458 9886550
203670915 45729689
203670915 90859857
203670915 90859882
203670915 9887113
203670918 45729689
203670918 90859857
203670918 90859882
203670918 9887113
203670919 45729689
203670919 90859857
203670919 90859882
203670919 9887113
203670921 45729689
203670921 90859857
203670921 90859882
203670921 9887113
203671102 45729689
203671102 90859857
203671102 90859882
203671102 9887113
203671114 45729689
203671114 90859857
203671114 90859882
203671114 9887113
203671256 45729689
203671256 90859857
203671256 90859882
203671256 9887113
203671264 45729689
203671264 90859857
203671264 90859882
203671264 9887113
203671266 45729689
203671266 90859857
203671266 90859882
203671266 9887113
203671271 45729689
203671271 90859857
203671271 90859882
203671271 9887113
203671276 45729689
203671276 90859857
203671276 90859882
203671276 9887113
203671279 45729689
203671279 90859857
203671279 90859882
203671279 9887113
203671290 45729689
203671290 90859857
203671290 90859882
203671290 9887113
203676071 45729689
203676071 90859857
203676071 90859882
203676071 9887113
203676072 45729689
203676072 90859857
203676072 90859882
203676072 9887113
203677000 90859851
203677000 90859910
203677000 9887099
203677001 90859851
203677001 90859910
203677001 9887099
203677006 90859851
203677006 90859910
203677006 9887099
203677009 90859851
203677009 90859910
203677009 9887099
203677010 90859851
203677010 90859910
203677010 9887099
203677013 90859851
203677013 90859910
203677013 9887099
203677014 90859851
203677014 90859910
203677014 9887099
203677015 90859851
203677015 90859910
203677015 9887099
203677019 90859851
203677019 90859910
203677019 9887099
203677505 90859851
203677505 90859910
203677505 9887099
203673349 9884528
203673383 9884528
203671402 9884542
203670619 9884543
203677480 9884543
203670257 9884546
203671044 9884562
203670991 9884586
203677002 9884592
203673508 9884601
203673452 9884612
203673831 9884618
203673832 9884618
203676215 9884621
203677487 9884647
203677317 9884660
203677408 9884665
203669669 9884701
203669672 9884701
203669674 9884701
203669821 9884701
203670002 9884701
203675799 9884703
203671386 9884705
203671430 9884710
203670560 9884714
203670728 9884714
203670209 9884729
203670210 9884729
203670212 9884729
203670213 9884729
203670214 9884729
203670215 9884729
203670347 9884729
203670363 9884729
203670564 9884748
203670852 9884748
203674793 9884748
203676683 9884756
203676232 9884757
203676233 9884757
203672780 9884758
203677458 9884764
203677404 9884765
203677471 9884765
203670937 9884775
203670966 9884775
203670978 9884775
203670994 9884775
203671126 9884775
203671136 9884775
203671147 9884775
203677339 9884775
203677340 9884775
203672101 9884782
203673106 9884786
203677403 9884786
203671868 9884789
203671882 9884789
203671885 9884789
203671965 9884789
203671967 9884789
203671917 9884818
203671986 9884818
203672577 9884818
203672591 9884818
203672602 9884818
203672618 9884818
203672632 9884818
203672651 9884818
203672715 9884818
203675429 9884818
203676692 9884818
203670512 9884849
203670522 9884849
203670539 9884849
203670544 9884849
203670577 9884849
203670585 9884849
203670607 9884849
203670716 9884849
203670737 9884849
203670739 9884849
203670749 9884849
203670761 9884849
203670796 9884849
203671545 9884849
203671578 9884849
203671609 9884849
203671619 9884849
203674803 9884849
203676627 9884849
203672920 9884855
203671323 9884858
203677369 9884858
203677370 9884858
203677027 9884861
203677028 9884861
203673325 9884864
203673327 9884864
203673573 9884864
203676959 9884864
203676960 9884864
203677151 9884864
203677152 9884864
203674807 9884866
203674808 9884866
203676918 9884866
203669686 9884869
203669852 9884869
203670574 9884875
203670222 9884888
203670223 9884888
203669681 9884925
203670570 9884925
203671002 9884925
203671004 9884925
203671005 9884925
203671007 9884925
203671009 9884925
203671161 9884925
203671170 9884925
203671173 9884925
203674845 9884925
203673478 9884930
203673480 9884930
203673465 9884932
203670862 9884934
203673117 9884937
203673119 9884937
203673120 9884937
203673122 9884937
203673124 9884937
203673724 9884937
203675687 9884937
203677205 9884937
203675579 9884940
203676413 9884940
203670259 9884946
203670397 9884946
203675914 9884946
203676648 9884946
203672254 9884955
203672286 9884955
203672436 9884955
203674783 9884955
203671763 9884975
203672217 9884975
203672229 9884975
203676671 9884975
203671725 9884986
203671736 9884986
203671810 9884986
203671851 9884986
203672662 9884992
203672847 9884992
203673104 9884996
203673105 9884998
203676480 9884999
203676062 9885000
203675613 9885002
203675614 9885002
203669732 9885010
203669916 9885010
203670023 9885010
203675708 9885010
203675730 9885010
203675731 9885010
203673131 9885020
203673133 9885020
203673134 9885020
203673136 9885020
203673139 9885020
203673590 9885020
203675608 9885020
203675609 9885020
203675631 9885020
203675632 9885020
203675942 9885020
203676800 9885020
203671996 9885022
203671998 9885023
203673720 9885024
203673838 9885025
203671555 9885028
203671331 9885029
203673506 9885031
203671337 9885032
203671339 9885033
203671227 9885034
203669988 9885036
203669764 9885038
203675595 9885039
203671311 9885040
203669630 9885041
203671620 9885043
203674603 9885043
203671624 9885044
203671512 9885045
203675357 9885047
203671627 9885048
203671628 9885048
203675880 9885050
203675997 9885054
203675998 9885056
203675886 9885058
203671930 9885059
203671821 9885061
203675442 9885062
203671712 9885064
203671825 9885065
203671827 9885066
203669928 9885068
203674586 9885069
203675423 9885069
203675956 9885071
203675957 9885071
203675958 9885072
203675932 9885074
203670877 9885076
203675820 9885076
203675821 9885076
203677085 9885077
203677145 9885077
203677146 9885077
203675822 9885078
203675826 9885079
203670065 9885080
203676843 9885080
203675829 9885082
203670067 9885083
203677457 9885084
203670599 9885085
203670486 9885086
203670342 9885088
203670485 9885088
203670487 9885088
203674788 9885088
203676865 9885088
203675912 9885089
203677011 9885090
203677012 9885090
203670488 9885091
203675915 9885092
203670043 9885093
203670791 9885094
203670793 9885095
203670511 9885101
203670524 9885101
203670541 9885101
203670548 9885101
203670555 9885101
203670680 9885101
203670697 9885101
203670792 9885101
203670794 9885101
203675740 9885101
203677431 9885103
203677432 9885103
203670795 9885104
203670797 9885105
203670575 9885109
203670584 9885109
203670744 9885109
203674080 9885110
203674919 9885110
203674081 9885111
203674085 9885111
203674088 9885111
203674076 9885112
203674083 9885112
203674089 9885112
203674090 9885112
203676931 9885112
203676932 9885112
203674084 9885114
203674087 9885114
203676930 9885114
203677217 9885115
203677105 9885117
203677106 9885117
203670355 9885125
203670360 9885125
203670405 9885125
203674766 9885125
203674086 9885129
203670469 9885133
203676611 9885133
203670134 9885138
203670135 9885138
203670865 9885140
203670876 9885140
203670882 9885140
203670996 9885141
203670998 9885143
203671166 9885143
203671168 9885143
203674348 9885145
203674350 9885145
203674352 9885145
203674354 9885145
203674356 9885145
203674358 9885145
203674393 9885145
203670779 9885146
203670667 9885147
203674179 9885148
203670201 9885157
203670339 9885157
203670344 9885157
203670003 9885158
203670007 9885159
203670516 9885161
203670517 9885161
203670867 9885161
203670868 9885161
203674109 9885163
203674265 9885163
203670536 9885169
203670551 9885169
203670556 9885169
203670713 9885169
203670720 9885169
203670537 9885171
203670540 9885171
203670691 9885171
203670538 9885172
203670700 9885172
203674044 9885173
203670427 9885175
203674159 9885177
203674192 9885177
203674279 9885177
203674047 9885178
203670429 9885179
203674049 9885180
203670207 9885184
203670565 9885184
203674461 9885186
203674688 9885187
203670846 9885188
203672293 9885195
203672304 9885195
203672442 9885195
203670172 9885197
203670310 9885197
203670510 9885197
203670513 9885197
203670514 9885197
203672294 9885209
203672295 9885210
203672382 9885210
203672384 9885210
203672296 9885213
203672297 9885213
203672375 9885213
203672378 9885213
203672380 9885213
203672503 9885213
203672078 9885215
203670503 9885216
203670519 9885216
203670679 9885216
203670407 9885220
203670409 9885220
203674779 9885221
203670938 9885222
203674445 9885223
203676292 9885224
203676293 9885224
203676294 9885225
203672168 9885226
203672169 9885226
203674004 9885227
203672390 9885228
203674751 9885228
203674006 9885229
203674868 9885230
203674421 9885231
203670917 9885232
203676998 9885232
203676999 9885232
203670806 9885233
203676270 9885235
203674425 9885236
203674426 9885236
203670808 9885238
203670272 9885241
203670334 9885241
203670545 9885241
203670546 9885241
203670547 9885241
203670693 9885241
203670695 9885241
203670790 9885241
203670809 9885241
203676273 9885242
203676276 9885243
203676051 9885244
203672894 9885245
203676166 9885246
203676054 9885247
203672897 9885248
203672922 9885250
203676693 9885250
203672789 9885251
203672452 9885252
203674739 9885254
203674401 9885255
203672456 9885256
203674403 9885257
203674405 9885258
203676140 9885259
203676141 9885259
203674409 9885260
203676139 9885261
203676142 9885261
203676229 9885262
203676257 9885262
203676260 9885262
203676263 9885262
203672873 9885263
203672761 9885264
203672762 9885265
203672766 9885265
203672935 9885265
203672875 9885266
203674935 9885268
203676685 9885268
203672520 9885269
203672989 9885269
203672764 9885271
203670875 9885273
203670880 9885273
203676508 9885273
203676784 9885273
203676563 9885274
203676566 9885274
203672433 9885276
203672659 9885277
203672435 9885278
203672437 9885279
203676234 9885280
203676237 9885280
203676123 9885281
203676124 9885281
203672107 9885282
203676984 9885283
203672633 9885286
203672635 9885286
203672906 9885286
203672634 9885301
203672649 9885301
203672707 9885301
203672714 9885301
203672412 9885302
203676658 9885303
203676548 9885304
203676210 9885305
203676102 9885306
203676103 9885307
203676963 9885308
203676741 9885309
203672729 9885311
203676523 9885312
203672619 9885322
203676526 9885325
203676862 9885325
203672928 9885328
203672929 9885328
203670523 9885346
203670525 9885346
203675900 9885346
203676722 9885346
203676502 9885348
203676505 9885349
203672900 9885350
203672902 9885351
203672905 9885352
203673791 9885353
203672907 9885354
203673680 9885355
203676813 9885356
203672909 9885357
203676701 9885363
203673682 9885365
203676928 9885366
203673684 9885367
203676929 9885369
203676933 9885369
203673246 9885370
203673111 9885372
203673132 9885372
203673135 9885372
203673994 9885374
203673996 9885377
203673998 9885379
203673775 9885380
203673663 9885383
203673665 9885384
203673667 9885385
203673669 9885387
203671272 9885388
203673110 9885389
203673762 9885389
203673971 9885390
203673112 9885391
203673000 9885392
203673974 9885393
203673976 9885394
203673978 9885395
203671360 9885397
203671361 9885397
203671364 9885400
203671365 9885400
203671252 9885402
203671366 9885404
203673840 9885405
203671035 9885409
203673733 9885411
203673736 9885412
203673737 9885413
203671341 9885414
203671347 9885416
203671349 9885417
203671985 9885418
203673820 9885419
203673821 9885421
203673823 9885422
203673824 9885422
203673710 9885423
203673825 9885424
203673719 9885427
203669972 9885428
203669974 9885429
203669755 9885430
203671632 9885431
203673804 9885432
203671634 9885434
203673806 9885435
203675893 9885439
203675894 9885439
203675895 9885440
203671307 9885441
203671309 9885442
203671832 9885443
203675789 9885444
203671838 9885445
203677089 9885446
203675430 9885448
203675769 9885449
203669601 9885450
203671701 9885451
203671703 9885453
203677396 9885458
203671707 9885460
203671709 9885461
203675413 9885462
203675300 9885469
203675301 9885469
203675940 9885471
203675832 9885474
203676711 9885474
203670181 9885476
203670305 9885476
203675833 9885477
203671278 9885478
203671282 9885478
203675834 9885478
203675947 9885479
203670074 9885482
203677244 9885484
203677131 9885485
203675922 9885486
203675923 9885486
203670499 9885487
203675926 9885488
203675929 9885489
203670054 9885491
203675818 9885492
203677442 9885496
203677443 9885496
203677445 9885496
203670580 9885497
203675901 9885498
203670411 9885501
203675902 9885501
203677115 9885502
203677003 9885516
203670030 9885519
203670032 9885520
203670783 9885521
203669743 9885523
203670037 9885523
203670038 9885523
203670785 9885524
203674181 9885525
203674185 9885526
203670231 9885534
203670124 9885535
203670871 9885537
203676516 9885537
203670431 9885538
203670433 9885539
203670194 9885554
203670225 9885554
203670237 9885554
203670324 9885554
203670333 9885554
203670357 9885554
203670365 9885554
203670418 9885554
203674762 9885554
203674791 9885554
203670216 9885556
203670964 9885558
203670965 9885559
203673972 9885564
203673973 9885564
203674696 9885564
203674905 9885564
203674360 9885566
203674362 9885568
203674364 9885569
203670414 9885570
203674032 9885571
203674147 9885573
203670419 9885574
203670940 9885576
203674450 9885578
203674452 9885579
203674456 9885581
203672173 9885582
203674459 9885583
203676174 9885584
203676191 9885584
203672175 9885585
203676080 9885587
203672177 9885588
203676081 9885589
203676082 9885589
203674010 9885590
203676194 9885592
203674124 9885594
203674872 9885596
203674013 9885597
203676085 9885599
203670810 9885600
203674430 9885601
203674432 9885602
203676391 9885603
203674434 9885605
203674436 9885607
203674438 9885609
203672156 9885610
203672158 9885611
203676069 9885612
203672460 9885613
203672134 9885615
203674419 9885616
203672136 9885618
203672882 9885619
203676267 9885621
203672138 9885622
203672887 9885623
203676796 9885626
203672441 9885627
203676571 9885629
203672444 9885630
203676242 9885632
203676245 9885632
203676131 9885634
203676134 9885635
203672869 9885636
203672647 9885637
203672421 9885638
203676114 9885639
203676122 9885639
203676125 9885639
203676128 9885639
203676551 9885639
203672648 9885640
203672423 9885641
203676553 9885642
203672425 9885643
203672427 9885644
203672429 9885644
203676558 9885646
203676110 9885647
203676111 9885647
203676976 9885650
203673099 9885652
203672737 9885653
203672738 9885654
203672739 9885654
203676758 9885656
203676532 9885657
203676533 9885657
203676645 9885659
203676535 9885661
203676204 9885663
203676842 9885664
203676956 9885666
203676510 9885668
203676514 9885669
203672913 9885670
203672915 9885670
203672919 9885670
203676820 9885671
203672918 9885672
203673690 9885673
203673698 9885674
203673474 9885676
203673639 9885676
203673671 9885678
203676805 9885679
203673787 9885680
203671248 9885681
203671390 9885681
203671392 9885681
203671246 9885683
203671247 9885683
203671391 9885683
203673678 9885684
203671394 9885685
203671284 9885686
203671285 9885686
203673980 9885687
203673651 9885689
203673653 9885690
203673655 9885692
203673657 9885693
203671260 9885694
203671262 9885695
203671263 9885695
203671351 9885696
203671353 9885697
203671241 9885698
203671355 9885699
203671357 9885701
203671249 9885702
203672530 9885704
203672521 9885706
203672876 9885706
203676206 9885712
203673413 9885714
203673486 9885714
203673564 9885714
203676493 9885714
203676494 9885714
203676782 9885714
203673239 9885717
203673242 9885717
203673243 9885717
203673244 9885717
203673245 9885717
203673727 9885717
203675561 9885717
203675562 9885717
203677210 9885720
203676946 9885722
203676947 9885722
203676948 9885722
203671664 9885724
203671691 9885724
203675112 9885728
203675113 9885728
203677473 9885728
203671495 9885732
203671546 9885732
203670138 9885733
203670139 9885733
203670477 9885733
203674827 9885735
203675267 9885735
203670958 9885738
203671316 9885738
203674831 9885738
203671378 9885742
203677090 9885742
203670171 9885744
203670535 9885746
203674794 9885751
203670186 9885761
203670320 9885761
203670329 9885761
203675877 9885768
203677100 9885768
203677225 9885772
203676669 9885774
203673142 9885776
203673174 9885776
203673189 9885776
203673226 9885776
203673262 9885776
203673290 9885776
203673342 9885776
203673376 9885776
203673410 9885776
203676238 9885777
203676239 9885777
203675671 9885779
203675674 9885779
203675680 9885779
203675683 9885779
203675686 9885779
203673417 9885781
203673424 9885781
203673425 9885781
203675617 9885781
203675672 9885781
203675673 9885781
203673152 9885785
203673155 9885785
203673156 9885785
203673159 9885785
203673160 9885785
203673162 9885785
203673164 9885785
203674630 9885785
203677198 9885785
203677199 9885785
203674851 9885788
203676694 9885792
203671919 9885801
203672585 9885804
203675023 9885804
203670573 9885819
203670590 9885819
203670598 9885819
203670618 9885819
203670755 9885819
203670771 9885819
203677484 9885831
203670625 9885843
203670674 9885843
203670801 9885843
203672779 9885843
203674804 9885843
203674805 9885843
203675812 9885843
203675881 9885843
203677466 9885843
203677469 9885843
203676176 9885851
203672666 9885852
203671737 9885861
203674704 9885861
203672037 9885872
203672038 9885872
203671891 9885878
203676154 9885878
203673801 9885883
203675123 9885883
203675124 9885883
203672040 9885895
203672042 9885895
203676951 9885896
203669597 9885898
203672556 9885899
203672559 9885899
203672728 9885904
203675732 9885905
203669595 9885907
203669894 9885907
203675642 9885907
203676785 9885907
203672555 9885908
203677056 9885918
203677061 9885918
203677252 9885918
203672560 9885919
203672956 9885919
203669709 9885926
203669851 9885926
203675147 9885932
203677405 9885935
203672034 9885936
203672047 9885936
203672048 9885936
203672052 9885936
203674946 9885937
203675798 9885937
203670199 9885940
203670550 9885951
203670710 9885951
203674590 9885951
203677376 9885953
203677377 9885953
203672536 9885954
203672541 9885954
203672670 9885956
203672681 9885956
203672687 9885956
203672696 9885956
203672704 9885956
203672733 9885956
203675606 9885956
203672748 9885957
203675599 9885958
203676073 9885959
203676074 9885959
203672050 9885961
203673347 9885963
203673380 9885963
203676415 9885972
203676425 9885972
203676809 9885972
203675803 9885975
203672064 9885978
203672072 9885978
203670506 9885983
203674349 9885996
203674677 9885996
203676949 9885999
203671280 9886007
203671286 9886007
203671291 9886007
203677023 9886007
203677024 9886007
203671303 9886010
203677247 9886011
203677248 9886013
203672532 9886015
203676235 9886015
203676236 9886015
203671752 9886024
203670173 9886025
203671523 9886029
203671524 9886029
203670189 9886030
203670471 9886034
203672244 9886041
203675159 9886045
203669744 9886047
203677493 9886052
203669689 9886060
203675698 9886060
203676528 9886060
203676719 9886060
203677428 9886060
203677461 9886060
203675161 9886062
203675162 9886063
203675418 9886070
203677022 9886070
203677038 9886070
203677250 9886070
203676911 9886076
203677033 9886076
203677034 9886076
203677036 9886076
203677039 9886076
203677037 9886083
203677249 9886087
203674065 9886095
203674243 9886095
203674069 9886099
203674252 9886099
203674329 9886099
203672580 9886129
203672583 9886129
203672584 9886129
203672586 9886129
203672589 9886129
203672590 9886129
203672821 9886129
203672874 9886129
203672962 9886129
203673656 9886129
203672235 9886138
203672240 9886157
203677489 9886157
203673149 9886160
203673170 9886160
203673200 9886160
203673214 9886160
203673248 9886160
203673287 9886160
203673584 9886160
203673722 9886160
203676961 9886163
203677138 9886163
203677203 9886163
203677204 9886163
203677208 9886163
203677211 9886163
203677212 9886163
203677213 9886163
203677497 9886166
203670579 9886169
203670592 9886169
203677464 9886169
203672581 9886174
203675903 9886175
203677315 9886178
203672992 9886180
203675801 9886190
203675802 9886190
203669572 9886191
203669930 9886191
203669960 9886191
203676807 9886191
203677180 9886193
203674661 9886194
203674670 9886194
203673206 9886195
203673207 9886195
203673209 9886195
203673211 9886195
203673212 9886195
203669581 9886197
203674131 9886214
203674132 9886214
203674133 9886214
203674444 9886214
203674449 9886214
203674451 9886214
203672274 9886231
203672278 9886247
203672621 9886266
203672624 9886266
203672626 9886266
203672629 9886266
203672631 9886266
203672835 9886266
203672970 9886266
203669790 9886270
203673070 9886270
203674127 9886270
203674276 9886270
203674391 9886270
203674435 9886270
203674437 9886270
203673072 9886274
203673074 9886274
203673077 9886275
203677148 9886279
203677149 9886279
203677113 9886281
203675638 9886282
203673438 9886284
203673699 9886284
203676486 9886284
203673379 9886287
203673382 9886287
203673384 9886287
203673386 9886287
203673388 9886287
203673390 9886287
203673392 9886287
203673394 9886287
203673395 9886287
203673568 9886287
203673381 9886288
203671121 9886289
203671258 9886289
203674842 9886289
203677048 9886289
203677049 9886289
203671318 9886291
203677501 9886291
203677502 9886291
203677052 9886299
203677384 9886299
203677390 9886299
203671008 9886320
203671016 9886320
203671031 9886320
203671041 9886320
203671155 9886320
203671195 9886320
203671207 9886320
203671655 9886320
203671697 9886320
203676052 9886320
203676053 9886320
203673012 9886344
203673022 9886344
203673031 9886344
203675188 9886344
203675189 9886344
203675193 9886344
203675194 9886344
203677295 9886344
203677302 9886344
203677303 9886344
203670896 9886351
203671245 9886351
203671250 9886351
203673496 9886351
203673514 9886351
203673624 9886351
203673711 9886351
203673714 9886351
203673757 9886351
203674738 9886351
203675563 9886351
203675564 9886351
203673082 9886354
203672028 9886361
203672041 9886361
203672087 9886361
203672137 9886361
203672755 9886362
203669570 9886363
203669890 9886363
203669940 9886363
203676634 9886363
203673084 9886365
203674136 9886365
203674439 9886365
203675237 9886365
203675238 9886365
203674979 9886369
203672283 9886372
203672285 9886372
203672368 9886372
203677285 9886372
203672637 9886382
203672638 9886382
203672641 9886382
203672643 9886382
203672646 9886382
203672841 9886382
203672903 9886382
203672977 9886382
203673088 9886388
203677284 9886389
203674142 9886395
203674143 9886395
203674145 9886395
203674980 9886396
203674984 9886396
203674985 9886397
203674988 9886397
203675766 9886398
203675805 9886398
203677456 9886400
203676004 9886401
203670907 9886403
203677446 9886404
203677425 9886405
203677426 9886405
203674140 9886409
203674351 9886409
203671010 9886431
203671020 9886431
203671033 9886431
203671043 9886431
203671176 9886431
203671198 9886431
203671203 9886431
203671224 9886431
203671444 9886431
203671657 9886431
203671661 9886431
203671700 9886431
203675937 9886438
203675938 9886438
203675939 9886438
203672091 9886459
203672103 9886459
203672131 9886459
203672155 9886459
203673016 9886459
203673028 9886459
203673053 9886459
203673539 9886459
203675166 9886459
203675167 9886459
203675183 9886459
203675184 9886459
203676920 9886459
203676921 9886459
203670945 9886460
203670420 9886461
203672249 9886464
203674687 9886467
203672024 9886469
203672030 9886469
203672179 9886469
203676922 9886483
203676923 9886483
203672910 9886485
203676240 9886486
203676241 9886486
203672109 9886487
203672065 9886488
203672067 9886488
203672108 9886488
203673730 9886489
203673731 9886489
203676477 9886489
203676478 9886489
203676479 9886489
203670572 9886494
203670826 9886495
203669684 9886499
203671401 9886500
203670956 9886501
203671410 9886501
203672036 9886502
203672060 9886502
203672071 9886502
203672079 9886502
203673069 9886504
203673554 9886504
203675232 9886507
203675233 9886507
203674153 9886510
203674154 9886510
203674161 9886510
203675289 9886510
203675294 9886510
203675954 9886510
203675955 9886510
203676703 9886510
203672292 9886512
203672459 9886512
203674802 9886512
203672656 9886513
203672908 9886513
203676871 9886515
203676742 9886516
203673098 9886518
203674160 9886518
203673102 9886525
203673748 9886525
203669705 9886527
203669708 9886527
203669866 9886527
203669710 9886530
203669848 9886530
203670236 9886537
203670238 9886537
203670273 9886537
203670369 9886537
203670372 9886537
203670583 9886537
203670586 9886537
203670589 9886537
203670593 9886537
203670594 9886537
203670740 9886537
203670782 9886537
203677016 9886539
203675401 9886540
203675438 9886540
203672708 9886542
203672723 9886542
203672845 9886542
203672712 9886543
203672716 9886543
203673145 9886544
203673193 9886544
203673229 9886544
203673265 9886544
203673282 9886544
203673337 9886544
203673371 9886544
203673407 9886544
203677050 9886545
203677399 9886545
203670558 9886548
203670587 9886560
203670616 9886560
203671552 9886560
203671569 9886560
203671587 9886560
203676622 9886560
203672066 9886565
203672074 9886565
203677062 9886567
203672730 9886568
203672734 9886568
203672735 9886568
203673332 9886568
203673334 9886568
203673335 9886568
203673338 9886568
203673340 9886568
203673343 9886568
203673529 9886568
203674726 9886568
203672744 9886569
203672750 9886569
203669942 9886572
203669959 9886572
203669961 9886572
203669963 9886572
203669964 9886572
203669965 9886572
203669967 9886573
203669968 9886573
203672855 9886575
203672857 9886575
203672967 9886575
203672969 9886575
203672971 9886575
203672980 9886575
203672982 9886575
203672984 9886575
203674731 9886575
203674732 9886575
203675016 9886575
203675017 9886575
203675440 9886575
203674392 9886576
203674394 9886576
203669933 9886577
203669935 9886577
203669958 9886577
203672299 9886578
203673298 9886583
203673300 9886583
203673718 9886583
203675251 9886583
203672711 9886588
203675816 9886588
203674165 9886604
203674167 9886604
203674168 9886604
203674169 9886604
203674170 9886604
203674172 9886604
203674173 9886604
203674175 9886604
203674283 9886604
203674288 9886604
203674291 9886604
203674293 9886604
203674397 9886604
203675245 9886604
203675252 9886604
203676696 9886604
203677276 9886604
203677277 9886604
203673485 9886606
203673488 9886606
203673491 9886606
203673493 9886606
203673495 9886606
203673497 9886606
203673499 9886606
203673501 9886606
203673503 9886606
203673562 9886606
203673709 9886606
203673735 9886606
203675684 9886606
203675685 9886606
203671510 9886609
203675097 9886609
203675110 9886609
203675111 9886609
203676650 9886609
203670176 9886617
203670185 9886617
203670197 9886617
203674780 9886617
203671461 9886620
203672933 9886621
203676615 9886621
203676616 9886621
203672777 9886622
203673473 9886626
203673475 9886626
203673482 9886626
203673637 9886626
203673116 9886627
203673157 9886627
203673178 9886627
203673205 9886627
203673241 9886627
203673276 9886627
203673305 9886627
203673352 9886627
203673389 9886627
203673526 9886627
203674736 9886632
203673272 9886634
203673527 9886634
203677413 9886638
203671649 9886642
203671313 9886644
203671314 9886644
203673687 9886645
203675225 9886645
203675875 9886646
203677510 9886646
203677511 9886646
203677522 9886646
203672033 9886648
203672181 9886648
203673075 9886649
203673103 9886650
203671687 9886654
203670595 9886679
203670614 9886679
203670765 9886679
203671553 9886679
203671568 9886679
203671575 9886679
203674922 9886686
203676162 9886686
203676163 9886686
203676555 9886686
203672630 9886696
203672645 9886696
203676619 9886697
203671957 9886716
203671981 9886716
203671982 9886716
203672523 9886716
203675029 9886716
203675030 9886716
203675035 9886716
203675036 9886716
203676924 9886716
203676925 9886716
203675884 9886720
203675885 9886720
203677257 9886722
203677107 9886724
203674082 9886725
203672540 9886726
203670140 9886729
203670145 9886729
203670151 9886729
203670158 9886729
203670161 9886729
203670449 9886729
203672461 9886729
203677395 9886729
203672053 9886730
203672056 9886730
203672057 9886730
203672058 9886730
203672068 9886730
203672133 9886730
203672199 9886730
203674902 9886730
203674129 9886732
203674442 9886732
203672628 9886734
203673595 9886734
203673697 9886734
203673071 9886736
203673076 9886741
203669616 9886749
203669923 9886749
203670169 9886751
203670426 9886751
203670497 9886752
203670626 9886752
203670903 9886759
203670904 9886759
203671251 9886759
203676083 9886759
203676084 9886759
203670913 9886760
203671104 9886760
203671253 9886760
203676986 9886760
203676987 9886760
203669600 9886768
203669605 9886768
203669607 9886768
203669896 9886768
203669971 9886768
203670056 9886768
203676589 9886768
203676754 9886768
203670901 9886771
203671306 9886771
203671308 9886771
203671310 9886771
203670509 9886775
203673739 9886776
203676942 9886776
203677219 9886776
203672783 9886777
203673505 9886777
203673507 9886777
203673510 9886777
203674619 9886777
203675634 9886777
203675635 9886777
203677491 9886780
203674114 9886783
203672614 9886785
203673065 9886787
203676569 9886787
203676570 9886787
203670582 9886789
203670612 9886789
203676621 9886789
203677479 9886789
203672724 9886791
203676907 9886792
203677402 9886795
203676003 9886797
203674875 9886798
203672303 9886800
203676778 9886801
203676814 9886801
203675808 9886803
203671556 9886807
203671567 9886807
203672623 9886833
203672640 9886833
203672661 9886833
203674730 9886833
203671888 9886852
203671952 9886852
203671975 9886852
203676100 9886852
203676549 9886852
203676550 9886852
203677228 9886852
203671926 9886865
203672516 9886865
203672582 9886865
203672818 9886865
203677455 9886866
203673186 9886868
203673203 9886868
203673344 9886868
203673378 9886868
203674658 9886868
203674668 9886868
203675552 9886868
203675553 9886868
203675587 9886868
203675588 9886868
203670629 9886870
203673434 9886871
203673455 9886871
203673153 9886872
203673222 9886873
203673259 9886873
203673309 9886873
203673393 9886873
203673578 9886873
203677503 9886875
203670501 9886882
203670665 9886882
203674646 9886882
203676614 9886882
203670496 9886883
203677214 9886884
203677231 9886884
203675610 9886885
203675611 9886886
203673141 9886887
203673144 9886887
203673147 9886887
203673148 9886887
203672861 9886889
203672990 9886889
203674714 9886889
203672754 9886891
203672757 9886891
203673427 9886891
203673429 9886891
203673431 9886891
203673433 9886891
203673436 9886891
203673437 9886891
203673439 9886891
203673440 9886891
203675807 9886891
203676546 9886891
203676547 9886891
203677467 9886891
203670955 9886899
203670961 9886899
203677516 9886899
203677517 9886899
203677520 9886899
203677523 9886899
203677515 9886901
203677518 9886901
203670977 9886904
203671132 9886904
203671139 9886904
203673109 9886910
203677490 9886910
203673066 9886914
203669611 9886915
203677258 9886919
203677108 9886921
203672073 9886923
203672075 9886923
203672076 9886923
203672077 9886923
203677246 9886924
203674745 9886925
203669682 9886926
203669690 9886926
203669779 9886931
203670075 9886933
203674092 9886934
203674093 9886934
203676500 9886934
203676501 9886934
203676801 9886934
203674126 9886937
203673726 9886939
203673464 9886940
203675542 9886941
203675543 9886941
203675390 9886942
203672925 9886943
203672688 9886944
203672693 9886944
203676826 9886945
203672533 9886946
203672552 9886947
203669718 9886948
203672531 9886949
203674711 9886950
203675619 9886951
203675620 9886951
203673280 9886952
203673333 9886952
203673365 9886952
203673402 9886952
203672547 9886953
203673416 9886955
203673469 9886955
203673515 9886955
203673612 9886955
203674625 9886955
203670988 9886957
203675421 9886957
203676060 9886958
203676061 9886958
203677226 9886959
203669663 9886960
203673441 9886961
203673443 9886961
203673445 9886961
203673448 9886961
203676230 9886962
203676231 9886962
203672542 9886963
203676261 9886963
203676262 9886963
203670532 9886965
203670847 9886965
203675878 9886970
203677279 9886970
203677280 9886970
203670533 9886975
203670549 9886975
203670706 9886975
203670711 9886975
203677463 9886982
203676013 9886986
203676849 9886986
203676850 9886986
203677063 9886986
203677065 9886986
203677067 9886991
203677068 9886991
203672679 9886993
203672680 9886993
203672682 9886993
203672926 9886993
203673190 9886993
203673191 9886993
203673194 9886993
203673195 9886993
203673198 9886993
203675555 9886994
203675559 9886994
203675560 9886994
203675776 9886997
203675778 9886997
203677110 9886997
203677111 9886997
203677081 9887004
203677086 9887004
203672765 9887010
203676691 9887010
203669726 9887012
203669914 9887012
203675703 9887012
203676592 9887012
203677512 9887013
203671415 9887015
203672061 9887017
203672069 9887017
203676818 9887017
203676944 9887020
203677243 9887022
203674712 9887023
203676258 9887024
203676259 9887024
203672782 9887025
203672753 9887026
203672667 9887027
203672671 9887027
203672683 9887027
203672686 9887027
203672697 9887027
203672700 9887027
203672732 9887027
203672742 9887027
203672746 9887027
203670892 9887028
203671228 9887028
203671388 9887028
203677380 9887029
203677381 9887029
203670845 9887030
203675414 9887030
203670941 9887031
203670946 9887031
203670947 9887031
203671123 9887031
203671393 9887031
203674841 9887031
203670676 9887034
203676597 9887038
203669721 9887040
203669722 9887040
203676639 9887040
203676640 9887040
203672545 9887041
203672773 9887043
203672775 9887043
203672776 9887043
203676914 9887043
203676915 9887043
203675770 9887044
203676771 9887045
203670898 9887048
203671118 9887048
203670146 9887049
203670153 9887049
203670476 9887049
203671751 9887051
203674705 9887051
203673810 9887055
203673813 9887055
203673817 9887055
203674007 9887056
203672142 9887058
203671906 9887060
203676798 9887060
203677316 9887063
203677318 9887063
203673504 9887064
203673428 9887065
203673449 9887065
203676225 9887066
203676226 9887066
203672991 9887068
203674876 9887069
203669618 9887081
203669622 9887081
203669623 9887081
203669626 9887081
203669898 9887081
203669927 9887081
203669973 9887081
203670935 9887081
203674826 9887081
203675322 9887081
203675323 9887081
203675325 9887081
203675326 9887081
203675353 9887081
203675354 9887081
203670910 9887115
203671242 9887115
203671243 9887115
203676451 9887115
203676452 9887115
203675797 9887117
203674957 9887119
203675356 9887119
203674959 9887120
203672208 9887133
203672361 9887133
203672514 9887133
203672518 9887133
203672865 9887133
203672955 9887133
203672987 9887133
203673003 9887133
203673004 9887133
203673005 9887133
203676676 9887133
203672526 9887138
203675181 9887138
203676205 9887138
203676559 9887138
203676560 9887138
203672216 9887143
203673007 9887159
203673008 9887159
203673011 9887159
203673015 9887159
203673017 9887159
203673551 9887159
203673650 9887159
203673662 9887159
203673677 9887159
203674042 9887159
203674296 9887159
203674302 9887159
203674423 9887159
203674492 9887159
203675180 9887159
203675196 9887159
203675197 9887159
203672791 9887166
203672881 9887166
203676198 9887166
203672519 9887169
203670152 9887171
203676859 9887172
203675584 9887173
203677031 9887174
203675835 9887175
203670866 9887178
203674799 9887180
203670873 9887182
203669638 9887189
203669804 9887189
203675270 9887189
203669700 9887200
203669739 9887200
203669838 9887200
203669858 9887200
203676595 9887200
203670060 9887221
203670072 9887221
203670081 9887221
203674191 9887236
203675230 9887236
203669885 9887239
203674176 9887239
203674285 9887239
203674110 9887249
203674125 9887249
203674263 9887249
203674332 9887249
203674347 9887249
203674433 9887249
203675229 9887249
203674952 9887250
203673771 9887255
203673772 9887255
203673779 9887255
203673970 9887255
203675273 9887257
203673917 9887266
203673985 9887266
203674031 9887266
203674055 9887266
203674063 9887266
203674232 9887266
203674359 9887266
203674361 9887266
203674698 9887266
203674180 9887269
203671880 9887293
203671929 9887293
203671955 9887293
203672525 9887293
203672573 9887293
203672588 9887293
203672595 9887293
203672627 9887293
203672642 9887293
203672658 9887293
203672829 9887293
203672896 9887293
203672898 9887293
203676164 9887293
203676165 9887293
203676269 9887293
203676274 9887293
203676275 9887293
203676384 9887293
203676385 9887293
203676556 9887293
203676557 9887293
203672675 9887296
203672677 9887296
203672691 9887296
203672692 9887296
203672699 9887296
203672706 9887310
203672794 9887310
203672443 9887313
203672717 9887313
203669727 9887314
203669733 9887314
203675710 9887314
203673163 9887317
203673184 9887317
203673213 9887317
203673238 9887317
203672660 9887321
203675986 9887322
203677440 9887322
203669736 9887323
203675722 9887323
203675724 9887323
203669615 9887325
203672790 9887332
203672886 9887332
203675025 9887332
203676196 9887332
203672219 9887368
203672221 9887368
203672224 9887368
203672226 9887368
203672422 9887368
203672564 9887368
203672569 9887368
203673018 9887400
203673021 9887400
203673024 9887400
203673549 9887400
203673666 9887400
203674054 9887400
203674056 9887400
203674363 9887400
203674372 9887400
203674402 9887400
203675198 9887400
203672895 9887427
203673025 9887427
203673029 9887427
203673030 9887427
203673536 9887427
203673652 9887427
203675032 9887427
203675033 9887427
203675199 9887427
203676200 9887427
203676201 9887427
203676564 9887427
203676565 9887427
203674051 9887429
203674058 9887429
203674309 9887429
203674422 9887429
203674638 9887429
203672228 9887431
203677044 9887432
203677045 9887432
203677047 9887432
203673143 9887433
203673175 9887433
203673192 9887433
203673228 9887433
203673264 9887433
203673291 9887433
203673336 9887433
203673373 9887433
203673405 9887433
203677451 9887435
203677452 9887435
203677126 9887436
203675988 9887437
203671333 9887439
203671000 9887441
203675227 9887444
203675228 9887444
203672093 9887452
203672123 9887452
203672174 9887452
203672189 9887452
203673006 9887452
203673019 9887452
203673034 9887452
203673044 9887452
203673058 9887452
203673543 9887452
203673679 9887452
203674490 9887452
203674702 9887452
203676305 9887460
203669881 9887466
203673096 9887466
203673632 9887466
203675241 9887466
203677267 9887466
203677268 9887466
203677269 9887466
203674869 9887469
203677292 9887470
203674067 9887472
203674404 9887472
203676802 9887472
203672233 9887474
203673533 9887479
203675185 9887479
203675186 9887479
203675191 9887479
203675436 9887485
203674071 9887490
203674073 9887490
203674342 9887490
203672237 9887496
203672238 9887496
203672424 9887496
203672426 9887496
203672428 9887496
203673033 9887503
203673039 9887503
203673040 9887503
203673546 9887503
203675203 9887503
203675204 9887503
203677291 9887503
203669701 9887541
203669703 9887541
203669835 9887541
203670588 9887541
203671013 9887541
203671014 9887541
203671017 9887541
203671019 9887541
203671021 9887541
203671022 9887541
203671179 9887541
203671186 9887541
203671188 9887541
203671345 9887541
203671348 9887541
203674877 9887541
203670229 9887560
203670232 9887560
203670234 9887560
203669711 9887564
203669912 9887565
203673316 9887567
203673574 9887567
203676957 9887568
203676958 9887568
203673151 9887569
203675945 9887569
203675946 9887569
203673216 9887570
203673251 9887570
203673324 9887570
203673357 9887570
203673391 9887570
203673580 9887570
203669717 9887571
203669719 9887571
203676786 9887571
203670530 9887574
203670531 9887574
203670688 9887574
203670703 9887574
203670997 9887609
203671001 9887609
203671012 9887609
203671026 9887609
203671036 9887609
203671163 9887609
203671190 9887609
203671220 9887609
203671338 9887609
203671340 9887609
203671342 9887609
203671350 9887609
203671352 9887609
203672051 9887615
203672083 9887615
203672095 9887615
203672126 9887615
203672135 9887615
203673009 9887615
203673020 9887615
203673038 9887615
203673059 9887615
203673664 9887615
203673668 9887615
203673670 9887615
203675213 9887615
203675214 9887615
203675224 9887615
203674843 9887619
203673689 9887621
203671708 9887622
203672025 9887626
203670897 9887631
203673296 9887631
203673630 9887631
203675256 9887631
203676329 9887631
203676919 9887631
203671689 9887635
203671726 9887644
203671738 9887644
203671766 9887644
203671806 9887644
203671816 9887644
203672218 9887644
203672236 9887644
203674929 9887644
203676590 9887644
203676681 9887644
203670240 9887650
203670250 9887650
203670379 9887650
203670383 9887650
203670446 9887650
203672253 9887661
203672273 9887661
203672284 9887661
203672291 9887661
203672307 9887661
203672366 9887661
203672434 9887661
203672440 9887661
203671474 9887665
203675104 9887665
203675105 9887665
203677127 9887665
203677128 9887665
203671231 9887667
203669987 9887670
203677460 9887675
203672250 9887679
203676280 9887679
203674105 9887685
203674108 9887685
203674268 9887685
203674273 9887685
203674429 9887685
203672432 9887686
203677229 9887686
203673049 9887709
203673050 9887709
203673052 9887709
203673530 9887709
203673674 9887709
203673675 9887709
203673681 9887709
203673683 9887709
203675208 9887709
203675209 9887709
203675211 9887709
203675212 9887709
203676271 9887709
203676272 9887709
203676704 9887709
203674099 9887711
203674102 9887711
203674325 9887711
203674386 9887711
203674408 9887711
203672247 9887717
203672398 9887717
203672592 9887719
203672598 9887721
203676689 9887721
203670597 9887748
203670602 9887748
203671025 9887748
203671027 9887748
203671032 9887748
203671034 9887748
203671061 9887748
203671193 9887748
203671201 9887748
203671218 9887748
203671343 9887748
203674573 9887748
203676049 9887748
203676050 9887748
203669741 9887755
203669742 9887755
203669876 9887755
203670243 9887760
203670247 9887760
203670248 9887760
203670390 9887760
203670600 9887760
203670605 9887760
203670606 9887760
203670610 9887760
203670611 9887760
203670751 9887760
203670778 9887760
203674571 9887760
203676603 9887760
203676604 9887760
203676608 9887760
203676612 9887760
203669751 9887772
203669861 9887772
203669918 9887772
203675728 9887772
203675729 9887772
203675768 9887772
203676585 9887772
203675443 9887775
203675883 9887775
203675556 9887776
203675557 9887776
203675566 9887778
203676869 9887778
203673271 9887781
203673274 9887781
203673275 9887781
203673582 9887783
203669704 9887789
203669740 9887789
203669867 9887789
203677492 9887792
203674260 9887797
203673829 9887815
203674128 9887817
203674411 9887820
203669579 9887821
203674806 9887822
203672986 9887823
203674050 9887830
203674318 9887830
203674400 9887830
203672868 9887834
203672960 9887834
203675024 9887834
203672413 9887843
203677488 9887843
203671003 9887851
203671015 9887851
203671028 9887851
203671037 9887851
203671160 9887851
203671185 9887851
203671215 9887851
203671346 9887851
203671642 9887851
203671652 9887851
203671678 9887851
203671704 9887851
203672085 9887880
203672098 9887880
203672165 9887880
203673010 9887880
203673023 9887880
203673055 9887880
203673067 9887880
203673085 9887880
203673560 9887880
203675206 9887880
203675207 9887880
203676265 9887880
203676266 9887880
203672166 9887882
203670899 9887893
203671269 9887893
203673628 9887893
203674928 9887893
203672023 9887894
203671729 9887919
203671740 9887919
203671756 9887919
203671768 9887919
203671807 9887919
203671829 9887919
203672211 9887919
203672220 9887919
203672239 9887919
203672262 9887919
203672279 9887919
203672403 9887919
203674930 9887919
203674989 9887919
203674990 9887919
203676677 9887919
203670253 9887922
203675057 9887922
203675058 9887922
203676868 9887923
203673432 9887924
203673453 9887924
203672550 9887925
203673177 9887926
203673180 9887926
203673182 9887926
203673185 9887926
203673738 9887926
203669587 9887927
203676632 9887927
203676788 9887927
203674939 9887932
203674943 9887932
203674941 9887933
203672938 9887934
203675627 9887935
203675665 9887935
203677091 9887936
203677095 9887938
203674112 9887943
203674113 9887943
203674334 9887943
203674377 9887943
203675441 9887943
203672258 9887972
203672259 9887972
203672261 9887972
203672394 9887972
203672455 9887972
203672472 9887972
203672603 9887972
203672605 9887972
203672606 9887972
203672611 9887972
203672615 9887972
203672899 9887972
203672968 9887972
203674931 9887972
203675004 9887972
203675005 9887972
203672609 9887976
203672613 9887976
203672830 9887976
203673063 9887986
203673605 9887986
203674740 9887986
203675217 9887986
203674122 9887994
203676503 9887994
203676702 9887994
203676705 9887994
203669761 9888000
203669767 9888000
203670615 9888001
203675733 9888001
203674933 9888003
203671038 9888004
203671040 9888004
203671042 9888004
203671214 9888004
203670252 9888017
203670254 9888017
203670255 9888017
203670260 9888017
203670445 9888017
203670617 9888029
203670763 9888029
203676624 9888029
203676793 9888029
203677409 9888030
203673353 9888032
203673356 9888032
203673358 9888032
203673359 9888032
203673361 9888032
203673570 9888032
203673346 9888033
203673348 9888033
203675529 9888033
203672747 9888034
203672749 9888034
203673399 9888034
203673400 9888034
203673401 9888034
203673403 9888034
203673408 9888034
203673409 9888034
203673411 9888034
203676389 9888034
203676390 9888034
203669696 9888049
203669697 9888049
203669869 9888049
203677119 9888049
203677120 9888049
203677124 9888049
203677125 9888049
203671006 9888072
203671018 9888072
203671029 9888072
203671039 9888072
203671157 9888072
203671354 9888072
203671654 9888072
203671663 9888072
203671670 9888072
203671695 9888072
203671702 9888072
203674960 9888072
203673013 9888088
203673026 9888088
203673051 9888088
203673604 9888088
203675201 9888088
203675202 9888088
203676699 9888088
203671046 9888098
203673299 9888098
203673626 9888098
203676078 9888098
203676079 9888098
203677004 9888098
203677005 9888098
203672031 9888101
203673087 9888102
203670960 9888113
203670975 9888113
203671134 9888113
203671151 9888113
203671363 9888113
203672089 9888116
203671772 9888118
203671734 9888121
203671824 9888121
203670195 9888127
203670205 9888127
203670218 9888127
203670233 9888127
203670239 9888127
203670432 9888127
203675055 9888127
203675066 9888127
203675074 9888127
203675075 9888127
203675909 9888127
203676607 9888127
203676613 9888127
203676651 9888127
203676290 9888128
203674605 9888131
203672414 9888132
203672245 9888134
203672257 9888134
203672405 9888134
203676495 9888136
203673790 9888151
203673793 9888151
203673805 9888151
203673807 9888151
203673828 9888151
203673923 9888151
203673981 9888151
203673982 9888151
203669664 9888158
203674953 9888158
203675796 9888158
203677459 9888158
203677096 9888160
203674095 9888162
203674338 9888162
203669754 9888170
203669759 9888170
203675360 9888171
203669627 9888176
203677411 9888179
203677412 9888179
203671229 9888180
203673500 9888180
203673519 9888180
203673423 9888181
203673446 9888181
203671543 9888198
203671548 9888198
203671549 9888198
203671550 9888198
203671598 9888198
203671631 9888198
203671633 9888198
203671641 9888198
203671643 9888198
203671644 9888198
203671645 9888198
203671646 9888198
203671676 9888198
203671547 9888204
203671607 9888204
203674774 9888204
203670066 9888206
203670069 9888206
203670071 9888206
203670106 9888206
203670119 9888206
203670127 9888206
203670063 9888207
203670109 9888207
203674885 9888207
203671453 9888230
203671454 9888230
203671458 9888230
203671506 9888230
203675077 9888230
203675924 9888230
203676655 9888230
203676935 9888231
203676936 9888231
203674412 9888232
203672543 9888233
203673704 9888235
203673705 9888235
203669921 9888237
203669922 9888237
203670020 9888237
203670025 9888237
203670118 9888237
203670120 9888237
203670122 9888237
203670133 9888237
203675996 9888237
203669897 9888238
203669899 9888238
203669901 9888238
203669904 9888238
203669907 9888238
203669909 9888238
203669911 9888238
203669919 9888238
203669948 9888238
203675278 9888238
203675279 9888238
203676537 9888238
203676538 9888238
203676575 9888238
203676594 9888238
203676729 9888238
203676732 9888238
203676763 9888238
203677430 9888238
203677472 9888238
203673645 9888240
203669952 9888243
203672860 9888245
203671732 9888257
203671746 9888257
203671750 9888257
203672215 9888257
203672223 9888257
203676659 9888257
203670208 9888270
203670221 9888270
203670230 9888270
203670428 9888270
203670430 9888270
203675049 9888270
203675050 9888270
203675052 9888270
203676606 9888270
203670453 9888274
203672298 9888274
203672260 9888284
203672401 9888284
203673146 9888286
203673196 9888286
203673217 9888286
203673283 9888286
203673339 9888286
203673367 9888286
203673404 9888286
203675558 9888286
203675633 9888289
203671370 9888290
203673187 9888292
203674871 9888293
203670144 9888294
203670479 9888294
203672529 9888295
203675649 9888296
203672544 9888297
203675351 9888300
203675352 9888300
203674897 9888301
203675773 9888301
203670992 9888317
203670995 9888317
203670557 9888325
203670562 9888325
203670563 9888325
203677477 9888325
203670561 9888330
203674852 9888331
203672049 9888333
203672054 9888333
203672063 9888333
203672070 9888333
203676396 9888458
203676398 9888458
203670926 9888461
203672289 9888505
203672300 9888505
203674974 9888505
203672246 9888521
203672256 9888521
203672266 9888521
203672393 9888521
203672397 9888521
203674752 9888521
203674973 9888521
203673113 9888649
203673721 9888649
203670983 9888663
203670986 9888663
203670989 9888663
203671336 9888663
203673450 9888664
203673451 9888664
203673454 9888664
203673456 9888664
203673458 9888664
203673459 9888664
203673461 9888664
203673707 9888664
203674741 9888664
203671330 9888666
203673108 9888674
203677046 9888679
203672948 9888680
203669568 9888681
203669966 9888681
203676821 9888681
203676822 9888681
203676971 9888681
203669580 9888682
203669582 9888682
203669892 9888682
203669949 9888682
203669955 9888682
203676633 9888682
203674926 9888683
203670982 9888684
203670984 9888684
203677420 9888686
203677421 9888686
203677422 9888687
203676901 9888688
203674096 9888691
203674097 9888691
203674258 9888695
203672599 9888699
203672824 9888699
203672248 9888700
203676910 9888701
203670895 9888702
203670909 9888702
203671058 9888702
203673435 9888702
203673457 9888702
203673481 9888702
203673509 9888702
203673607 9888702
203673635 9888702
203676631 9888702
203669750 9888705
203669574 9888706
203669932 9888706
203676969 9888706
203676970 9888706
203677055 9888708
203677060 9888708
203677406 9888708
203676972 9888709
203676974 9888709
203676975 9888709
203669661 9888712
203676962 9888713
203671116 9888717
203676823 9888717
203676824 9888717
203670143 9888721
203670147 9888721
203670148 9888721
203670478 9888721
203672741 9888722
203672752 9888722
203674727 9888722
203676656 9888726
203676664 9888729
203673566 9888733
203677434 9888734
203677475 9888734
203669738 9888737
203674878 9888737
203669745 9888741
203670016 9888741
203670017 9888741
203676625 9888743
203677256 9888744
203676772 9888745
203677240 9888745
203673712 9888746
203673114 9888747
203675582 9888748
203676414 9888748
203676402 9888748
203676402 9888749
203672719 9888752
203672720 9888752
203672721 9888752
203672930 9888752
203677121 9888758
203677260 9888760
203670034 9888762
203669716 9888763
203669720 9888763
203669725 9888763
203676761 9888764
203675625 9888765
203675626 9888765
203675681 9888765
203675682 9888765
203669654 9888766
203676520 9888777
203670934 9888783
203676629 9888783
203670155 9888784
203670159 9888784
203670162 9888784
203670451 9888784
203676977 9888784
203670064 9888793
203675644 9888794
203675645 9888794
203673354 9888795
203673385 9888795
203675666 9888795
203675667 9888795
203676228 9889004
203673115 9889006
203673154 9889006
203673172 9889006
203673188 9889006
203673204 9889006
203673224 9889006
203673236 9889006
203673260 9889006
203673273 9889006
203673315 9889006
203673355 9889006
203673387 9889006
203675692 9889006
203675693 9889006
203672657 9889021
203672769 9889021
203672981 9889021
203674813 9889021
203674815 9889021
203674816 9889021
203672600 9889024
203672612 9889024
203672826 9889024
203677465 9889032
203670569 9889039
203670581 9889039
203676554 9889040
203676251 9889041
203676751 9889041
203672032 9889042
203672149 9889043
203671727 9889052
203671730 9889052
203671733 9889052
203671735 9889052
203671803 9889052
203671822 9889052
203671855 9889052
203676829 9889052
203676836 9889052
203676906 9889054
203671871 9889062
203672026 9889068
203673782 9889071
203673785 9889071
203673788 9889071
203673995 9889071
203674906 9889071
203675120 9889071
203675121 9889071
203670969 9889072
203677102 9889072
203670981 9889075
203671640 9889076
203671680 9889076
203674139 9889082
203673086 9889091
203673089 9889091
203673090 9889091
203672644 9889093
203673081 9889093
203673528 9889093
203673593 9889093
203674853 9889096
203677112 9889099
203672702 9889100
203672703 9889100
203673279 9889100
203673281 9889100
203673284 9889100
203673285 9889100
203673286 9889100
203673289 9889100
203673292 9889100
203673293 9889100
203676964 9889101
203676965 9889101
203676698 9889106
203671296 9889108
203671297 9889108
203676002 9889108
203677400 9889110
203669773 9889119
203669840 9889119
203669878 9889119
203670070 9889119
203670089 9889119
203674144 9889128
203674355 9889128
203675286 9889128
203675287 9889128
203675291 9889128
203675292 9889128
203669671 9889132
203669999 9889132
203674961 9889132
203675320 9889132
203675321 9889132
203675332 9889132
203675333 9889132
203673822 9889137
203673826 9889137
203673834 9889137
203673839 9889137
203673904 9889137
203673908 9889137
203673955 9889137
203674038 9889137
203674046 9889137
203674057 9889137
203674072 9889137
203674106 9889137
203674119 9889137
203674246 9889137
203674255 9889137
203674271 9889137
203674307 9889137
203674420 9889137
203673784 9889139
203675126 9889139
203675127 9889139
203675148 9889139
203672272 9889141
203672232 9889144
203672411 9889144
203675086 9889145
203676654 9889145
203670141 9889147
203670164 9889147
203670183 9889147
203670302 9889147
203677398 9889147
203677265 9889148
203677134 9889149
203671739 9889153
203671741 9889153
203671745 9889153
203671747 9889153
203671828 9889153
203676661 9889153
203673797 9889156
203673798 9889156
203673799 9889156
203673948 9889156
203673979 9889156
203673999 9889156
203674000 9889156
203675137 9889156
203675140 9889156
203675143 9889156
203675930 9889156
203675931 9889156
203672035 9889157
203672183 9889157
203671896 9889159
203671898 9889159
203672044 9889159
203672045 9889159
203672128 9889159
203672152 9889159
203672153 9889159
203671889 9889160
203671894 9889160
203675431 9889160
203676170 9889160
203676746 9889160
203676747 9889160
203670177 9889163
203670939 9889164
203674840 9889164
203670521 9889165
203672694 9889166
203672695 9889166
203672698 9889166
203673247 9889166
203673249 9889166
203673254 9889166
203673255 9889166
203673257 9889166
203673263 9889166
203673266 9889166
203673267 9889166
203673268 9889166
203673269 9889166
203670893 9889167
203670908 9889167
203671097 9889167
203673422 9889167
203673447 9889167
203673471 9889167
203673502 9889167
203673610 9889167
203676485 9889167
203673168 9889168
203673197 9889168
203673218 9889168
203673253 9889168
203673277 9889168
203673330 9889168
203673369 9889168
203673397 9889168
203677470 9889168
203677153 9889169
203673220 9889171
203673256 9889171
203673278 9889171
203673331 9889171
203673398 9889171
203672672 9889173
203672673 9889173
203672676 9889173
203672927 9889173
203673176 9889173
203673181 9889173
203673169 9889174
203673171 9889174
203673588 9889174
203677202 9889174
203677242 9889174
203676819 9889175
203673811 9889177
203669609 9889184
203669635 9889184
203669644 9889184
203669670 9889184
203669683 9889184
203669826 9889184
203669975 9889184
203670006 9889184
203674184 9889184
203676728 9889184
203670029 9889192
203670059 9889192
203670068 9889192
203670096 9889192
203670117 9889192
203674894 9889192
203674896 9889192
203674117 9889197
203674123 9889197
203674130 9889197
203674152 9889197
203674353 9889197
203676706 9889197
203673783 9889204
203673795 9889204
203673935 9889204
203673997 9889204
203675128 9889204
203675129 9889204
203675146 9889204
203674052 9889205
203674070 9889205
203674320 9889205
203674415 9889205
203674418 9889205
203671551 9889206
203671560 9889206
203671590 9889206
203671596 9889206
203671612 9889206
203671623 9889206
203671625 9889206
203676657 9889206
203672625 9889212
203672639 9889212
203672655 9889212
203672837 9889212
203672901 9889212
203672904 9889212
203674723 9889212
203674724 9889212
203675020 9889212
203672572 9889217
203675022 9889217
203670534 9889225
203670543 9889225
203670553 9889225
203670559 9889225
203670686 9889225
203670730 9889225
203670732 9889225
203676175 9889226
203676212 9889226
203672942 9889227
203674725 9889227
203675813 9889227
203675019 9889233
203671911 9889251
203676113 9889251
203676667 9889251
203676668 9889251
203670157 9889252
203670502 9889254
203670475 9889255
203673364 9889256
203673366 9889256
203673368 9889256
203673370 9889256
203673374 9889256
203673375 9889256
203673377 9889256
203676387 9889256
203676388 9889256
203672745 9889257
203673814 9889260
203673815 9889260
203673819 9889260
203673926 9889260
203673946 9889260
203671754 9889268
203671758 9889268
203671761 9889268
203671762 9889268
203671820 9889268
203671826 9889268
203676638 9889268
203671909 9889275
203671913 9889275
203671915 9889275
203671962 9889275
203672092 9889275
203672084 9889284
203672086 9889284
203672088 9889284
203672187 9889284
203677485 9889284
203671912 9889285
203676168 9889285
203676173 9889285
203676662 9889285
203675432 9889286
203670799 9889288
203674825 9889289
203670163 9889290
203670166 9889290
203676790 9889290
203670504 9889291
203677088 9889292
203677143 9889292
203677144 9889292
203670190 9889293
203670326 9889293
203670336 9889293
203674796 9889294
203671329 9889295
203669634 9889296
203669636 9889296
203669637 9889296
203669640 9889296
203675268 9889296
203675276 9889296
203675277 9889296
203675327 9889296
203675328 9889296
203675330 9889296
203675331 9889296
203670184 9889298
203670818 9889299
203672100 9889301
203672043 9889305
203673073 9889311
203673101 9889317
203672305 9889324
203672306 9889324
203672371 9889324
203672374 9889324
203672451 9889324
203672302 9889325
203676688 9889325
203675007 9889328
203675008 9889328
203670609 9889333
203670621 9889333
203670754 9889333
203670774 9889333
203671566 9889333
203671601 9889333
203676617 9889333
203672561 9889335
203672866 9889335
203672565 9889337
203672568 9889338
203672958 9889338
203672636 9889348
203672654 9889348
203672838 9889348
203671905 9889359
203676120 9889359
203676121 9889359
203676133 9889359
203676665 9889359
203676177 9889360
203676214 9889360
203672709 9889361
203672944 9889361
203675904 9889362
203671099 9889363
203671233 9889363
203671240 9889363
203673418 9889363
203673442 9889363
203673467 9889363
203673494 9889363
203673614 9889363
203673703 9889363
203676630 9889363
203677071 9889364
203677084 9889364
203676647 9889365
203677078 9889365
203670963 9889368
203677082 9889368
203677083 9889368
203673837 9889375
203674036 9889375
203674048 9889375
203674236 9889375
203676700 9889375
203674115 9889378
203670079 9889393
203670123 9889393
203669599 9889409
203669617 9889409
203669631 9889409
203669646 9889409
203669934 9889409
203669984 9889409
203669991 9889409
203674149 9889409
203674182 9889409
203674838 9889409
203675303 9889409
203675304 9889409
203674327 9889413
203673780 9889417
203673794 9889417
203673818 9889417
203673941 9889417
203674634 9889417
203674410 9889418
203676937 9889419
203669584 9889420
203669650 9889424
203671423 9889425
203671437 9889425
203670196 9889427
203670200 9889427
203670552 9889428
203670554 9889428
203670722 9889428
203676626 9889428
203677416 9889429
203677474 9889429
203677441 9889430
203677498 9889432
203677499 9889432
203677500 9889433
203671773 9889436
203671837 9889436
203671920 9889436
203674921 9889436
203675434 9889436
203676660 9889436
203676680 9889436
203676682 9889436
203673833 9889438
203673835 9889438
203673893 9889438
203673895 9889438
203673897 9889438
203673899 9889438
203673902 9889438
203673964 9889438
203674009 9889438
203674011 9889438
203672104 9889440
203675168 9889440
203675169 9889440
203676834 9889442
203671931 9889447
203676189 9889447
203676190 9889447
203676192 9889447
203676193 9889447
203676209 9889447
203676926 9889447
203676927 9889447
203677407 9889447
203672094 9889456
203672097 9889456
203672099 9889456
203672122 9889456
203672163 9889456
203672164 9889456
203672167 9889456
203672172 9889456
203672176 9889456
203673827 9889456
203673919 9889456
203676672 9889456
203675569 9889461
203675589 9889464
203673426 9889466
203673460 9889466
203673812 9889470
203673943 9889470
203674908 9889470
203669760 9889475
203669873 9889475
203670062 9889475
203670111 9889475
203669702 9889483
203669818 9889487
203674844 9889487
203676525 9889495
203676588 9889495
203673841 9889501
203673874 9889501
203673875 9889501
203673910 9889503
203673958 9889503
203674040 9889503
203669777 9889506
203674473 9889513
203674678 9889513
203675960 9889513
203675961 9889518
203674053 9889533
203674235 9889533
203676803 9889533
203674676 9889543
203669569 9889572
203669576 9889572
203669590 9889572
203669610 9889572
203669621 9889572
203669633 9889572
203669666 9889572
203669888 9889572
203669926 9889572
203675282 9889572
203676421 9889572
203676587 9889572
203676806 9889572
203671887 9889591
203671901 9889591
203676126 9889591
203676127 9889591
203675918 9889602
203675919 9889602
203676618 9889602
203670601 9889613
203672579 9889651
203672594 9889651
203672604 9889651
203672620 9889651
203672833 9889651
203672872 9889651
203672515 9889659
203674707 9889659
