29394077 16075863
29394077 19539987
29394050 16078731
29394050 19541677
29394065 16078731
29394065 19541677
29393046 16080615
29393046 19539192
29393608 16080615
29393608 19539192
29395046 16080615
29395046 19539192
29395128 16080615
29395128 19539192
29395129 16080615
29395129 19539192
29694537 19538884
29694174 19538884
29694174 19619249
29694591 19538884
29694591 19619249
29694177 19541745
29694177 19617158
29694589 19541745
29694589 19617158
29694171 19541880
29694171 19618353
29693492 111096953
29693492 19538564
29693592 111096953
29693592 19538564
29698627 111096953
29698627 19538564
29701407 111096953
29701407 19538564
29701410 111096953
29701410 19538564
29701688 111096953
29701688 19538564
29701692 111096953
29701692 19538564
29693360 111096970
29693360 19541785
29693364 111096970
29693364 19541785
29693501 111097232
29693501 19540822
29694600 111097232
29694600 19540822
29694758 111097232
29694758 19540822
29694759 111097232
29694759 19540822
29699337 111097232
29699337 19540822
29699338 111097232
29699338 19540822
29701031 111097232
29701031 19540822
29701347 111097232
29701347 19540822
29701795 111097232
29701795 19540822
29693433 111097362
29693433 111097475
29693433 19539240
29693460 111097362
29693460 111097475
29693460 19539240
29693486 111097362
29693486 111097475
29693486 19539240
29693488 111097362
29693488 111097475
29693488 19539240
29693489 111097362
29693489 111097475
29693489 19539240
29693878 111097362
29693878 111097475
29693878 19539240
29693881 111097362
29693881 111097475
29693881 19539240
29693884 111097362
29693884 111097475
29693884 19539240
29701680 111097362
29701680 111097475
29701680 19539240
29692713 111097468
29692713 19541149
29692934 111097468
29692934 19541149
29695683 111560734
29695683 19541377
29695745 111560734
29695745 19541377
29696430 111560734
29696430 19541377
29696440 111560734
29696440 19541377
29696444 111560734
29696444 19541377
29696459 111560734
29696459 19541377
29696462 111560734
29696462 19541377
29696473 111560734
29696473 19541377
29696505 111560734
29696505 19541377
29696509 111560734
29696509 19541377
29696514 111560734
29696514 19541377
29696519 111560734
29696519 19541377
29696528 111560734
29696528 19541377
29696534 111560734
29696534 19541377
29696540 111560734
29696540 19541377
29696553 111560734
29696553 19541377
29696574 111560734
29696574 19541377
29696578 111560734
29696578 19541377
29696585 111560734
29696585 19541377
29696588 111560734
29696588 19541377
29697238 111560734
29697238 19541377
29697304 111560734
29697304 19541377
29697358 111560734
29697358 19541377
29697364 111560734
29697364 19541377
29697417 111560734
29697417 19541377
29699150 111560734
29699150 19541377
29701922 111560734
29701922 19541377
29702147 111560734
29702147 19541377
29696999 111560742
29696999 19541427
29698745 111560742
29698745 19541427
29698888 111560742
29698888 19541427
29698994 111560742
29698994 19541427
29698995 111560742
29698995 19541427
29700994 111560748
29700994 19541346
29700995 111560748
29700995 19541346
29701607 111560748
29701607 19541346
29701608 111560748
29701608 19541346
29695891 190655977
29695891 19542252
29695892 190655977
29695892 19542252
29695897 190655977
29695897 19542252
29695952 190655977
29695952 19542252
29696066 190655977
29696066 19542252
29696212 190655977
29696212 19542252
29698438 190655977
29698438 19542252
29698524 190655977
29698524 19542252
29699455 190655977
29699455 19542252
29699791 190655977
29699791 19542252
29700920 190655977
29700920 19542252
29700925 190655977
29700925 19542252
29700927 190655977
29700927 19542252
29700929 190655977
29700929 19542252
29700932 190655977
29700932 19542252
29701137 190655977
29701137 19542252
29701141 190655977
29701141 19542252
29701142 190655977
29701142 19542252
29701866 190655977
29701866 19542252
29701867 190655977
29701867 19542252
29701889 190655977
29701889 19542252
29701891 190655977
29701891 19542252
29702132 190655977
29702132 19542252
29696072 190733843
29696072 19540348
29700355 190733843
29700355 19540348
29702037 190733843
29702037 19540348
29696562 190914030
29696562 190914032
29696562 19539700
29696563 190914030
29696563 190914032
29696563 19539700
29696584 190914030
29696584 190914032
29696584 19539700
29696603 190914030
29696603 190914032
29696603 19539700
29697322 190914030
29697322 190914032
29697322 19539700
29699416 190914030
29699416 190914032
29699416 19539700
29700141 190914030
29700141 190914032
29700141 19539700
29700146 190914030
29700146 190914032
29700146 19539700
29700147 190914030
29700147 190914032
29700147 19539700
29700853 190914030
29700853 190914032
29700853 19539700
29702158 190914030
29702158 190914032
29702158 19539700
29695717 190914031
29695717 19537598
29695722 190914031
29695722 19537598
29697314 190914031
29697314 19537598
29697316 190914031
29697316 19537598
29697318 190914031
29697318 19537598
29697320 190914031
29697320 19537598
29697321 190914031
29697321 19537598
29697323 190914031
29697323 19537598
29697325 190914031
29697325 19537598
29697326 190914031
29697326 19537598
29697329 190914031
29697329 19537598
29697331 190914031
29697331 19537598
29697333 190914031
29697333 19537598
29697335 190914031
29697335 19537598
29697337 190914031
29697337 19537598
29697340 190914031
29697340 19537598
29697371 190914031
29697371 19537598
29697373 190914031
29697373 19537598
29697576 190914031
29697576 19537598
29698003 190914031
29698003 19537598
29698007 190914031
29698007 19537598
29698336 190914031
29698336 19537598
29698801 190914031
29698801 19537598
29700620 190914031
29700620 19537598
29700621 190914031
29700621 19537598
29700768 190986185
29700768 190986188
29700768 19541747
29701127 190986185
29701127 190986188
29701127 19541747
29701128 190986185
29701128 190986188
29701128 19541747
29701043 19537123
29694004 19537133
29700276 19537133
29701685 19537133
29696485 19537136
29696490 19537136
29697350 19537144
29702148 19537148
29700844 19537153
29692596 19537165
29692793 19537165
29701714 19537165
29697736 19537169
29699403 19537169
29699413 19537169
29693595 19537174
29693992 19537174
29698929 19537174
29701682 19537174
29700028 19537180
29700029 19537180
29692678 19537186
29695168 19537191
29695341 19537191
29699827 19537201
29699829 19537201
29699830 19537201
29699043 19537203
29697416 19537205
29696684 19537209
29696691 19537209
29696696 19537209
29696701 19537209
29696709 19537209
29697834 19537209
29698824 19537209
29692517 19537218
29692550 19537218
29692560 19537218
29692569 19537218
29699046 19537218
29699821 19537218
29699822 19537218
29692581 19537228
29693278 19537228
29700875 19537228
29693238 19537252
29696571 19537252
29696624 19537252
29696648 19537252
29696663 19537252
29697249 19537252
29698463 19537252
29698464 19537252
29698548 19537252
29698549 19537252
29698804 19537252
29698826 19537252
29698827 19537252
29699475 19537252
29699815 19537252
29699816 19537252
29700870 19537252
29701647 19537252
29701906 19537252
29693376 19537259
29693874 19537259
29693964 19537259
29701369 19537259
29701370 19537259
29701994 19537259
29696441 19537264
29697378 19537264
29697379 19537264
29695206 19537291
29695685 19537300
29695692 19537300
29698751 19537300
29700791 19537300
29694801 19537310
29696788 19537310
29701897 19537310
29701905 19537310
29701969 19537310
29694803 19537321
29694809 19537321
29694817 19537321
29694819 19537321
29694844 19537321
29694856 19537321
29694858 19537321
29699307 19537323
29692594 19537332
29692796 19537332
29692558 19537338
29700293 19537340
29700294 19537345
29694797 19537367
29694807 19537367
29702119 19537367
29699330 19537371
29696660 19537374
29696707 19537377
29697164 19537377
29696591 19537389
29697149 19537389
29697313 19537389
29697579 19537389
29697580 19537389
29699199 19537389
29699200 19537389
29694764 19537395
29694636 19537400
29694714 19537400
29699124 19537404
29699125 19537404
29699402 19537409
29696625 19537417
29698961 19537417
29698962 19537417
29696637 19537422
29695682 19537427
29701855 19537427
29695771 19537432
29695778 19537432
29695678 19537453
29696428 19537453
29700391 19537453
29700790 19537453
29701856 19537453
29693169 19537456
29697816 19537458
29698788 19537458
29695928 19537467
29695935 19537467
29695956 19537467
29696094 19537467
29698525 19537467
29699282 19537467
29699283 19537467
29700895 19537467
29692620 19537480
29693022 19537480
29693248 19537480
29696351 19537483
29696329 19537492
29696330 19537492
29696753 19537496
29696530 19537499
29694365 19537502
29696158 19537508
29696162 19537508
29696168 19537508
29696170 19537508
29696171 19537508
29696328 19537508
29698836 19537508
29702009 19537508
29702140 19537508
29698451 19537511
29694438 19537513
29694328 19537518
29699650 19537518
29699651 19537518
29700371 19537521
29694723 19537525
29694725 19537531
29700570 19537532
29698633 19537534
29700247 19537537
29695177 19537542
29700139 19537548
29700669 19537551
29695489 19537554
29700001 19537555
29695045 19537559
29695047 19537565
29695680 19537567
29700756 19537575
29700758 19537577
29695466 19537579
29700313 19537582
29700316 19537585
29700734 19537603
29701150 19537603
29700622 19537605
29700623 19537605
29695639 19537608
29695663 19537608
29695665 19537610
29700737 19537616
29700625 19537619
29693386 19537624
29693696 19537624
29693966 19537624
29701180 19537627
29701295 19537629
29695112 19537631
29701298 19537636
29701299 19537636
29695750 19537639
29693064 19537655
29693068 19537655
29693070 19537655
29693072 19537655
29693074 19537655
29693076 19537655
29693078 19537655
29693080 19537655
29693083 19537655
29693084 19537655
29693124 19537655
29693195 19537655
29693298 19537655
29693689 19537655
29693691 19537655
29693693 19537655
29693695 19537655
29693697 19537655
29693698 19537655
29693972 19537655
29697250 19537655
29697256 19537655
29697258 19537655
29697259 19537655
29698605 19537655
29698803 19537655
29701639 19537655
29702194 19537655
29695530 19537657
29693584 19537659
29693913 19537659
29700606 19537661
29695421 19537662
29701492 19537663
29701495 19537668
29701384 19537673
29695413 19537680
29701273 19537680
29701387 19537684
29701278 19537688
29701279 19537691
29701578 19537695
29701580 19537695
29695712 19537714
29695714 19537714
29696180 19537714
29696182 19537714
29697262 19537714
29697264 19537714
29697266 19537714
29697268 19537714
29697270 19537714
29697276 19537714
29697278 19537714
29697280 19537714
29697282 19537714
29697283 19537714
29697291 19537714
29697295 19537714
29697297 19537714
29697299 19537714
29697301 19537714
29697303 19537714
29697305 19537714
29697306 19537714
29698833 19537714
29700004 19537714
29700005 19537714
29700143 19537714
29702173 19537714
29702176 19537714
29701585 19537719
29701699 19537723
29701361 19537726
29693346 19537735
29701588 19537740
29701364 19537744
29701365 19537747
29701479 19537750
29701480 19537750
29697490 19537754
29699802 19537760
29701143 19537760
29701368 19537763
29701146 19537768
29698310 19537771
29701147 19537771
29697384 19537778
29695828 19537780
29697386 19537783
29701560 19537788
29701561 19537788
29701564 19537789
29697054 19537793
29700699 19537793
29701568 19537796
29701342 19537800
29693102 19537802
29701343 19537805
29701346 19537809
29701980 19537812
29693107 19537814
29695914 19537817
29697698 19537818
29693859 19537824
29693860 19537824
29697589 19537827
29701541 19537829
29693415 19537830
29693417 19537832
29697781 19537834
29701546 19537838
29701435 19537841
29701436 19537841
29701322 19537846
29701323 19537846
29701549 19537850
29701324 19537852
29701212 19537854
29701327 19537857
29697220 19537864
29697222 19537864
29697224 19537864
29697226 19537864
29697228 19537864
29697230 19537864
29697232 19537864
29697233 19537864
29697234 19537864
29702139 19537864
29702196 19537864
29701520 19537870
29701524 19537873
29697873 19537874
29701300 19537880
29701301 19537880
29701413 19537883
29701414 19537883
29701527 19537885
29701302 19537888
29701305 19537892
29701307 19537896
29701308 19537896
29701309 19537897
29701500 19537905
29701501 19537905
29701615 19537907
29701729 19537911
29701618 19537914
29701619 19537917
29697520 19537919
29699042 19537923
29699793 19537926
29699682 19537931
29697838 19537938
29699685 19537941
29699688 19537944
29699994 19537947
29699882 19537950
29699885 19537952
29699888 19537954
29697709 19537957
29699863 19537959
29699753 19537962
29699756 19537966
29699840 19537969
29699843 19537973
29699732 19537975
29699846 19537977
29699820 19537981
29699823 19537984
29699825 19537986
29699713 19537989
29699828 19537991
29699913 19537997
29699805 19537998
29694068 19538000
29696411 19538004
29696611 19538007
29695706 19538010
29700693 19538010
29702049 19538010
29694556 19538013
29700295 19538017
29700380 19538018
29694538 19538021
29700163 19538024
29700166 19538029
29698757 19538034
29700697 19538037
29700030 19538039
29695076 19538043
29695078 19538043
29700148 19538048
29698515 19538050
29700234 19538055
29700763 19538057
29700656 19538059
29700657 19538061
29693193 19538063
29700328 19538066
29700740 19538067
29695782 19538071
29695672 19538072
29695899 19538075
29695788 19538077
29695110 19538084
29695451 19538084
29700749 19538088
29700303 19538091
29700306 19538093
29695980 19538094
29695010 19538098
29701390 19538101
29693262 19538103
29701280 19538105
29701396 19538108
29701283 19538110
29693790 19538112
29701286 19538118
29701399 19538122
29701683 19538122
29693792 19538125
29701176 19538128
29701289 19538132
29701179 19538135
29700705 19538137
29701591 19538142
29701594 19538144
29701481 19538147
29695525 19538149
29701371 19538151
29693130 19538154
29693132 19538154
29701597 19538155
29701486 19538158
29693247 19538162
29701489 19538165
29701376 19538169
29693249 19538173
29701377 19538176
29701571 19538182
29693443 19538186
29695503 19538190
29695504 19538190
29701574 19538195
29701351 19538196
29701579 19538199
29701354 19538201
29701357 19538206
29697482 19538210
29697484 19538216
29701552 19538223
29701330 19538225
29701331 19538225
29701555 19538228
29697791 19538229
29701336 19538231
29697571 19538232
29701226 19538233
29701530 19538234
29701310 19538236
29701200 19538238
29701313 19538242
29701314 19538246
29701203 19538249
29701429 19538250
29697554 19538253
29697555 19538253
29701206 19538255
29701625 19538261
29701628 19538261
29701629 19538261
29701404 19538265
29701405 19538265
29697752 19538266
29701519 19538268
29701408 19538270
29693915 19538272
29699699 19538277
29701711 19538277
29701600 19538279
29701603 19538281
29701718 19538283
29699695 19538285
29697628 19538288
29699891 19538289
29699894 19538290
29699673 19538291
29699984 19538294
29699987 19538295
29699765 19538296
29699654 19538298
29699658 19538299
29696191 19538300
29699851 19538301
29699852 19538301
29699855 19538302
29699743 19538303
29699744 19538304
29699746 19538306
29699749 19538307
29699831 19538308
29699836 19538310
29699837 19538313
29699729 19538316
29692648 19538317
29696791 19538318
29701421 19538323
29701799 19538331
29699333 19538338
29692737 19538342
29692941 19538353
29701666 19538353
29698588 19538358
29696653 19538363
29696685 19538363
29696783 19538367
29696805 19538367
29696814 19538367
29696829 19538367
29697131 19538377
29700980 19538377
29700981 19538377
29694717 19538380
29692571 19538390
29692578 19538390
29692589 19538390
29699079 19538390
29699832 19538390
29694722 19538401
29693503 19538408
29697866 19538409
29701197 19538418
29692637 19538424
29692639 19538427
29699135 19538432
29699136 19538432
29698782 19538435
29694143 19538447
29694157 19538447
29694280 19538447
29694747 19538452
29695801 19538464
29695990 19538464
29695993 19538464
29696193 19538464
29700771 19538464
29695787 19538471
29700772 19538471
29700774 19538471
29701263 19538474
29694176 19538478
29692629 19538482
29692677 19538512
29692683 19538512
29692633 19538525
29692636 19538525
29692658 19538525
29693228 19538525
29693275 19538525
29699031 19538525
29701672 19538525
29692566 19538551
29692605 19538551
29692610 19538551
29692611 19538551
29692617 19538551
29692618 19538551
29692626 19538551
29692818 19538551
29693260 19538551
29693267 19538551
29693268 19538551
29693282 19538551
29698592 19538551
29699032 19538551
29699033 19538551
29699887 19538551
29699890 19538551
29701636 19538551
29701637 19538551
29701676 19538551
29702091 19538551
29699274 19538576
29700900 19538576
29701610 19538579
29693749 19538582
29701694 19538582
29697382 19538588
29701964 19538594
29696607 19538600
29697751 19538600
29697753 19538600
29697758 19538600
29701974 19538600
29694876 19538625
29694883 19538625
29695018 19538625
29695046 19538625
29695164 19538625
29695292 19538625
29700596 19538625
29700597 19538625
29701048 19538625
29701056 19538625
29701772 19538625
29701783 19538625
29701784 19538625
29701786 19538625
29693378 19538636
29693380 19538636
29693763 19538636
29697806 19538639
29693447 19538640
29697302 19538644
29702155 19538644
29702166 19538647
29692964 19538667
29701014 19538667
29701590 19538667
29701593 19538667
29701596 19538667
29701728 19538667
29701747 19538667
29692688 19538673
29699078 19538676
29697444 19538680
29693315 19538684
29699348 19538688
29696779 19538693
29696803 19538693
29701973 19538696
29701975 19538696
29697837 19538700
29697908 19538700
29698993 19538700
29699068 19538703
29698968 19538706
29692580 19538715
29700802 19538715
29701674 19538715
29695131 19538722
29695254 19538722
29701083 19538727
29694710 19538733
29694711 19538733
29696587 19538736
29699339 19538740
29695664 19538742
29695616 19538751
29700785 19538751
29699361 19538755
29699362 19538755
29700786 19538755
29695613 19538758
29693453 19538760
29692692 19538767
29693077 19538767
29701547 19538767
29701548 19538767
29701566 19538767
29701567 19538767
29702090 19538767
29695347 19538771
29697808 19538775
29697809 19538775
29699238 19538786
29699239 19538786
29701804 19538791
29699491 19538796
29699492 19538796
29696941 19538797
29697974 19538800
29702183 19538800
29698717 19538804
29700651 19538808
29700652 19538808
29700653 19538813
29700275 19538819
29699112 19538820
29699113 19538820
29694799 19538833
29696229 19538833
29696230 19538833
29698679 19538833
29701779 19538833
29694837 19538840
29694873 19538840
29694934 19538840
29702120 19538840
29694820 19538845
29694885 19538845
29694866 19538846
29694201 19538863
29694224 19538863
29694226 19538863
29694456 19538863
29699220 19538863
29699221 19538863
29694983 19538871
29694324 19538876
29694170 19538881
29701204 19538881
29696620 19538887
29696642 19538887
29701671 19538895
29692570 19538904
29699346 19538904
29699356 19538908
29692640 19538923
29692651 19538923
29692656 19538923
29692664 19538923
29693002 19538923
29693006 19538923
29693011 19538923
29693232 19538923
29696088 19538938
29696293 19538938
29700944 19538938
29700945 19538938
29701182 19538938
29701183 19538938
29701893 19538938
29698518 19538942
29694775 19538945
29696749 19538948
29695127 19538958
29699864 19538958
29701828 19538958
29695524 19538963
29695527 19538963
29699859 19538964
29699860 19538964
29697723 19538968
29701651 19538970
29693081 19538996
29698177 19538996
29699186 19538996
29699194 19538996
29699195 19538996
29701543 19538996
29701996 19538996
29702000 19538996
29702083 19538996
29700876 19538999
29692645 19539005
29692646 19539006
29692649 19539006
29693308 19539009
29696730 19539010
29696734 19539010
29696715 19539013
29693976 19539018
29695008 19539023
29695009 19539023
29700602 19539025
29696802 19539028
29696804 19539028
29696806 19539028
29696808 19539028
29696810 19539028
29696688 19539033
29692556 19539044
29692574 19539044
29692812 19539044
29693030 19539044
29700393 19539047
29700394 19539047
29694529 19539053
29699527 19539053
29699528 19539053
29692738 19539065
29692740 19539065
29693155 19539065
29696945 19539065
29696957 19539065
29696959 19539065
29696961 19539065
29696964 19539065
29696966 19539065
29697733 19539065
29698040 19539065
29698066 19539065
29699861 19539065
29699862 19539065
29701663 19539065
29701667 19539065
29695793 19539085
29695825 19539085
29695882 19539085
29695888 19539085
29696252 19539085
29700820 19539085
29701864 19539085
29701882 19539085
29701883 19539085
29701884 19539085
29702142 19539085
29695603 19539092
29695608 19539092
29695611 19539092
29695783 19539092
29696253 19539092
29700781 19539092
29700783 19539092
29702146 19539092
29699717 19539095
29694698 19539100
29694787 19539100
29695816 19539109
29701860 19539109
29692923 19539119
29692925 19539119
29692927 19539119
29692562 19539134
29692563 19539134
29692564 19539134
29692591 19539134
29692783 19539134
29693239 19539138
29693240 19539138
29696861 19539141
29701934 19539141
29696813 19539146
29696839 19539146
29698947 19539146
29693428 19539149
29693511 19539149
29693576 19539149
29693444 19539152
29693446 19539152
29693479 19539158
29701135 19539160
29696866 19539163
29693760 19539166
29693414 19539169
29693416 19539172
29695311 19539188
29695575 19539188
29694541 19539204
29701201 19539204
29701211 19539204
29701725 19539204
29694154 19539207
29701609 19539209
29698735 19539216
29701726 19539219
29692729 19539228
29692755 19539228
29692996 19539228
29693101 19539228
29693105 19539228
29698607 19539228
29699173 19539228
29699174 19539228
29693647 19539232
29698923 19539232
29698924 19539232
29696832 19539243
29696844 19539243
29698676 19539251
29698521 19539252
29694091 19539262
29698535 19539270
29699672 19539270
29702209 19539270
29699806 19539273
29699807 19539273
29699808 19539275
29698434 19539281
29701670 19539292
29699783 19539298
29699784 19539298
29699785 19539300
29697841 19539302
29695385 19539305
29696702 19539309
29696815 19539313
29696816 19539313
29696818 19539313
29699266 19539317
29701487 19539324
29701488 19539324
29701859 19539324
29695877 19539339
29695893 19539339
29696209 19539339
29696211 19539339
29699309 19539339
29699310 19539339
29699751 19539339
29699763 19539339
29699764 19539339
29700716 19539339
29694822 19539344
29695040 19539344
29695038 19539350
29701785 19539350
29701344 19539355
29701345 19539355
29696873 19539359
29696881 19539359
29697905 19539359
29702162 19539359
29702163 19539359
29693402 19539363
29693690 19539363
29698542 19539363
29698543 19539363
29693331 19539367
29692652 19539372
29693949 19539374
29695673 19539378
29695696 19539378
29696427 19539378
29698712 19539382
29695957 19539393
29695958 19539393
29695959 19539393
29696092 19539393
29696103 19539393
29696105 19539393
29696107 19539393
29696109 19539393
29696112 19539393
29696117 19539393
29695195 19539400
29695359 19539400
29695379 19539400
29695470 19539400
29696974 19539404
29696976 19539404
29698491 19539408
29694081 19539426
29694082 19539426
29694205 19539426
29694207 19539426
29694209 19539426
29694211 19539426
29694230 19539426
29694290 19539426
29694435 19539426
29701333 19539426
29701719 19539426
29701832 19539426
29696764 19539432
29696765 19539432
29696768 19539432
29697582 19539432
29702051 19539436
29702006 19539445
29698794 19539447
29698987 19539449
29692758 19539452
29693091 19539453
29700889 19539456
29692632 19539470
29692835 19539470
29692840 19539470
29693263 19539470
29693325 19539470
29693327 19539470
29699325 19539477
29699326 19539477
29700966 19539478
29694231 19539491
29694236 19539491
29694238 19539491
29702103 19539491
29694144 19539493
29692756 19539496
29701657 19539496
29695976 19539504
29693889 19539507
29693891 19539507
29701606 19539510
29694046 19539512
29699204 19539514
29693334 19539518
29693791 19539518
29700245 19539518
29700246 19539518
29693338 19539521
29693534 19539521
29695802 19539546
29695810 19539546
29695832 19539546
29695842 19539546
29696026 19539546
29696327 19539546
29696331 19539546
29701148 19539546
29701149 19539546
29701575 19539546
29701576 19539546
29702126 19539546
29702127 19539546
29697823 19539549
29693390 19539553
29693391 19539553
29696781 19539555
29696643 19539563
29697864 19539563
29702188 19539563
29696602 19539566
29697245 19539566
29696711 19539571
29696729 19539571
29696740 19539571
29697162 19539571
29697650 19539571
29702182 19539571
29696436 19539577
29701385 19539577
29701386 19539577
29699105 19539580
29699106 19539580
29699343 19539581
29696835 19539584
29696838 19539584
29697632 19539585
29693069 19539586
29693128 19539586
29698552 19539600
29698553 19539600
29701000 19539600
29701653 19539600
29701654 19539600
29694813 19539617
29694868 19539617
29694928 19539617
29700604 19539617
29700605 19539617
29701770 19539617
29694637 19539631
29694645 19539631
29694646 19539631
29694762 19539631
29701109 19539631
29692711 19539638
29701656 19539638
29696638 19539643
29696649 19539643
29696651 19539643
29697560 19539643
29695679 19539656
29695702 19539656
29695713 19539656
29696434 19539656
29696435 19539656
29696494 19539656
29696510 19539656
29697056 19539656
29697058 19539656
29697060 19539656
29697286 19539656
29697395 19539656
29699131 19539656
29699132 19539656
29700868 19539656
29701493 19539656
29701496 19539656
29701497 19539656
29693431 19539659
29699363 19539662
29694400 19539664
29694402 19539665
29697899 19539667
29692718 19539673
29692932 19539673
29696731 19539676
29696737 19539676
29696738 19539676
29696745 19539676
29696644 19539679
29696608 19539684
29696628 19539684
29697129 19539684
29698276 19539684
29696723 19539705
29698282 19539705
29701923 19539705
29692625 19539715
29692634 19539715
29692635 19539715
29692837 19539715
29693016 19539715
29693018 19539715
29701664 19539715
29698823 19539718
29697443 19539720
29698516 19539720
29699641 19539721
29702034 19539725
29700286 19539726
29701292 19539729
29702107 19539739
29696862 19539741
29696863 19539743
29696871 19539744
29696872 19539746
29692590 19539750
29692599 19539750
29692609 19539750
29698169 19539750
29692576 19539752
29693028 19539752
29692572 19539755
29692575 19539755
29695361 19539759
29701099 19539759
29701660 19539763
29695056 19539769
29694791 19539778
29692554 19539783
29699880 19539783
29699881 19539783
29692573 19539786
29693352 19539788
29699709 19539788
29699710 19539788
29693347 19539792
29693362 19539797
29693553 19539797
29701372 19539797
29701531 19539799
29697900 19539800
29698744 19539800
29700144 19539802
29700145 19539802
29696630 19539804
29697481 19539804
29697483 19539804
29697487 19539808
29699442 19539810
29696443 19539811
29696930 19539813
29696956 19539813
29694671 19539828
29694682 19539828
29694684 19539828
29694731 19539828
29701760 19539828
29701767 19539828
29701340 19539836
29701341 19539836
29694605 19539842
29692726 19539847
29697156 19539852
29697257 19539852
29699094 19539852
29701195 19539852
29701648 19539852
29696569 19539856
29696582 19539856
29696598 19539856
29701963 19539856
29696483 19539860
29696566 19539860
29702151 19539860
29693216 19539863
29701782 19539864
29697565 19539865
29694018 19539868
29700923 19539869
29692612 19539876
29698171 19539876
29696513 19539878
29699120 19539878
29702150 19539878
29697561 19539879
29696716 19539883
29696896 19539884
29696522 19539887
29697932 19539887
29702149 19539887
29696496 19539891
29697336 19539891
29700618 19539891
29700619 19539891
29700846 19539891
29700847 19539891
29698455 19539893
29694325 19539896
29700105 19539898
29700106 19539898
29699571 19539900
29692628 19539904
29692631 19539904
29692615 19539905
29699892 19539908
29699893 19539908
29698941 19539910
29693888 19539911
29693890 19539911
29695391 19539918
29701100 19539918
29694130 19539922
29693495 19539924
29693990 19539924
29702076 19539925
29702077 19539925
29698979 19539927
29698980 19539927
29696951 19539929
29696963 19539929
29702165 19539929
29698546 19539932
29698547 19539932
29693125 19539935
29698610 19539935
29700695 19539936
29700696 19539936
29696506 19539938
29696639 19539939
29696646 19539939
29696662 19539939
29696673 19539939
29696686 19539939
29696698 19539939
29696713 19539939
29696719 19539939
29697865 19539939
29698092 19539939
29696735 19539941
29696794 19539941
29697587 19539944
29699639 19539944
29699640 19539944
29702159 19539944
29696874 19539946
29696880 19539946
29697243 19539949
29701388 19539949
29701389 19539949
29697047 19539954
29695955 19539955
29695960 19539955
29694816 19539960
29694863 19539960
29696175 19539960
29701622 19539960
29701781 19539960
29701892 19539960
29696770 19539962
29693450 19539963
29693717 19539963
29693434 19539963
29693434 19539965
29693914 19539963
29693914 19539965
29693426 19539966
29698526 19539967
29694835 19539970
29695087 19539970
29701096 19539974
29693960 19539978
29696445 19539985
29696450 19539985
29700804 19539985
29701858 19539985
29695686 19539987
29695687 19539987
29699140 19539987
29697828 19539988
29701896 19539991
29696828 19539993
29696830 19539993
29696836 19539993
29697179 19539993
29700273 19539996
29700274 19539996
29695688 19539998
29697345 19539998
29697346 19539998
29692549 19540001
29692551 19540001
29695710 19540001
29698583 19540001
29695676 19540004
29695669 19540005
29694713 19540007
29694406 19540009
29694407 19540009
29692680 19540015
29692690 19540015
29692863 19540015
29692981 19540015
29697765 19540015
29702089 19540015
29698569 19540016
29699542 19540018
29699546 19540020
29693336 19540021
29693532 19540021
29693844 19540021
29698978 19540025
29694409 19540031
29694543 19540031
29693877 19540033
29693974 19540033
29696750 19540035
29696845 19540040
29699010 19540041
29700835 19540046
29700160 19540048
29699535 19540051
29699544 19540051
29701992 19540051
29699797 19540054
29699798 19540054
29699799 19540055
29698784 19540059
29701126 19540062
29701471 19540063
29701944 19540063
29697813 19540064
29698069 19540064
29698951 19540064
29699730 19540064
29699731 19540064
29699884 19540067
29702092 19540067
29694165 19540071
29694319 19540071
29694321 19540071
29694372 19540071
29699911 19540071
29699912 19540071
29694263 19540076
29698224 19540076
29701104 19540076
29697792 19540077
29697426 19540078
29696549 19540079
29699386 19540081
29699425 19540081
29694830 19540082
29694910 19540082
29694917 19540082
29693502 19540088
29693602 19540088
29693605 19540088
29693635 19540088
29694650 19540088
29694652 19540088
29694658 19540088
29694705 19540088
29701759 19540088
29700395 19540090
29700829 19540092
29693287 19540098
29693470 19540098
29693288 19540099
29696613 19540102
29693477 19540105
29693439 19540108
29695844 19540111
29701581 19540111
29699458 19540112
29698880 19540114
29696766 19540115
29696787 19540115
29693394 19540117
29693400 19540117
29697570 19540118
29697573 19540118
29696697 19540119
29697575 19540119
29697825 19540119
29699130 19540121
29699267 19540126
29695632 19540132
29700755 19540132
29701851 19540132
29695773 19540136
29695781 19540136
29701852 19540136
29692764 19540139
29697810 19540140
29699268 19540142
29699269 19540142
29701928 19540145
29702073 19540147
29702074 19540147
29692878 19540154
29696614 19540154
29696615 19540154
29696636 19540154
29697253 19540154
29697743 19540154
29698024 19540154
29698386 19540154
29698970 19540154
29698971 19540154
29699418 19540154
29699804 19540154
29699818 19540154
29699819 19540154
29702084 19540154
29702189 19540154
29695426 19540160
29695428 19540160
29695430 19540160
29695431 19540160
29699147 19540163
29695106 19540165
29701805 19540165
29698975 19540167
29698976 19540167
29692613 19540174
29696905 19540179
29699003 19540179
29697108 19540181
29692702 19540195
29692895 19540195
29692897 19540195
29692943 19540195
29696823 19540195
29697169 19540195
29697171 19540195
29697173 19540195
29697183 19540195
29697728 19540195
29693436 19540199
29696747 19540202
29696754 19540202
29697898 19540202
29698576 19540202
29698577 19540202
29693388 19540210
29693567 19540210
29693568 19540210
29693570 19540210
29694110 19540224
29694117 19540224
29694118 19540224
29694146 19540224
29694147 19540224
29694166 19540224
29694260 19540224
29694363 19540224
29694376 19540224
29694381 19540224
29694422 19540224
29694562 19540224
29695165 19540224
29695541 19540224
29695555 19540224
29702101 19540224
29697225 19540230
29693372 19540240
29693544 19540240
29701705 19540240
29702108 19540245
29701849 19540248
29698620 19540253
29700891 19540253
29692616 19540255
29699336 19540257
29695864 19540259
29698727 19540262
29699853 19540266
29699854 19540266
29698965 19540268
29701641 19540268
29701642 19540268
29696592 19540273
29696595 19540273
29696596 19540273
29697317 19540273
29697319 19540273
29700314 19540273
29700315 19540273
29700869 19540273
29701777 19540277
29694977 19540280
29700047 19540281
29695577 19540284
29695578 19540284
29694393 19540287
29692583 19540291
29698591 19540291
29695609 19540299
29695630 19540299
29695635 19540299
29695641 19540299
29695658 19540299
29695765 19540299
29700741 19540299
29700742 19540299
29700746 19540299
29693097 19540305
29697860 19540307
29695126 19540308
29695214 19540308
29700830 19540317
29701426 19540317
29702003 19540317
29698557 19540320
29700236 19540323
29700237 19540323
29701708 19540323
29701169 19540325
29698674 19540327
29700594 19540327
29698944 19540328
29694112 19540331
29694424 19540331
29696762 19540333
29699116 19540334
29699117 19540334
29700849 19540338
29701144 19540338
29701145 19540338
29695876 19540346
29695881 19540346
29696050 19540346
29700812 19540346
29700813 19540346
29700911 19540346
29695866 19540360
29695880 19540360
29696527 19540360
29698460 19540360
29698511 19540360
29698725 19540360
29699328 19540360
29700162 19540360
29700164 19540360
29700165 19540360
29700654 19540360
29700655 19540360
29701374 19540360
29701375 19540360
29701918 19540360
29702154 19540360
29700352 19540363
29700958 19540363
29696177 19540368
29701769 19540368
29701116 19540370
29694156 19540374
29693332 19540380
29693619 19540380
29692607 19540386
29700883 19540390
29692584 19540397
29692593 19540397
29692810 19540397
29693252 19540397
29693437 19540401
29698624 19540401
29700809 19540407
29695863 19540409
29698453 19540409
29696559 19540415
29697403 19540417
29697404 19540417
29692746 19540418
29699264 19540423
29700982 19540423
29699265 19540425
29699084 19540428
29699088 19540432
29699090 19540432
29699091 19540432
29695873 19540438
29695896 19540438
29696044 19540438
29696046 19540438
29696048 19540438
29696054 19540438
29696056 19540438
29699308 19540438
29702129 19540438
29698741 19540444
29700765 19540444
29702190 19540444
29696917 19540448
29697615 19540448
29697577 19540451
29697578 19540451
29701118 19540451
29692908 19540467
29701998 19540467
29702125 19540473
29693645 19540476
29698483 19540480
29697081 19540490
29697105 19540490
29698465 19540490
29698514 19540490
29702178 19540490
29699083 19540496
29695607 19540498
29696647 19540501
29697096 19540503
29692666 19540505
29700278 19540507
29699261 19540509
29699262 19540509
29694507 19540512
29693715 19540518
29693893 19540518
29693895 19540522
29693716 19540523
29696554 19540529
29701903 19540529
29701887 19540534
29696084 19540537
29696464 19540539
29696465 19540539
29696466 19540539
29700793 19540539
29696456 19540549
29697040 19540549
29698996 19540551
29694145 19540556
29698660 19540556
29701733 19540556
29702099 19540556
29696438 19540561
29696442 19540561
29697000 19540561
29697012 19540561
29697385 19540561
29699145 19540561
29699450 19540564
29699279 19540568
29700898 19540570
29698559 19540573
29697541 19540579
29701103 19540586
29696481 19540594
29697034 19540594
29697779 19540594
29697785 19540594
29699139 19540594
29699567 19540594
29699568 19540594
29693408 19540599
29693410 19540599
29693411 19540599
29693412 19540599
29693472 19540599
29693639 19540599
29698912 19540599
29701033 19540599
29701586 19540599
29701587 19540599
29696284 19540603
29701646 19540610
29692687 19540615
29692869 19540615
29692881 19540615
29693047 19540615
29698461 19540616
29696583 19540622
29697117 19540622
29701913 19540622
29697833 19540625
29694222 19540626
29701748 19540626
29694483 19540630
29699222 19540630
29695485 19540631
29695123 19540640
29695143 19540640
29695241 19540640
29695243 19540640
29695267 19540640
29695487 19540640
29695491 19540640
29695559 19540640
29695563 19540640
29701275 19540640
29694121 19540659
29694126 19540659
29694150 19540659
29694276 19540659
29694351 19540659
29701730 19540659
29701744 19540659
29699095 19540663
29692691 19540677
29692703 19540677
29692714 19540677
29692887 19540677
29693073 19540677
29693187 19540677
29693188 19540677
29701569 19540677
29701570 19540677
29701668 19540677
29702085 19540677
29692722 19540684
29692991 19540684
29695420 19540688
29701270 19540688
29701809 19540688
29695790 19540693
29699569 19540698
29701550 19540698
29701553 19540698
29701554 19540698
29698998 19540700
29692674 19540708
29692685 19540708
29701942 19540711
29701945 19540711
29702145 19540719
29695824 19540721
29695854 19540723
29696153 19540723
29696621 19540726
29697135 19540726
29696990 19540744
29698694 19540744
29701266 19540744
29701961 19540744
29701957 19540746
29699149 19540749
29696940 19540751
29692548 19540758
29698593 19540758
29699550 19540774
29695156 19540776
29695161 19540776
29701276 19540789
29701277 19540789
29693496 19540791
29693988 19540791
29698570 19540833
29693883 19540835
29694051 19540859
29694053 19540859
29694055 19540859
29694106 19540859
29694455 19540859
29698662 19540859
29699214 19540859
29699215 19540859
29699958 19540859
29701311 19540859
29701316 19540859
29701325 19540859
29701326 19540859
29701604 19540859
29701605 19540859
29701613 19540859
29701614 19540859
29701722 19540859
29701735 19540859
29701736 19540859
29701742 19540859
29701743 19540859
29701750 19540859
29701751 19540859
29701752 19540859
29694123 19540859
29694123 19540867
29694050 19540877
29698421 19540877
29698431 19540877
29699423 19540877
29701071 19540877
29701073 19540877
29701074 19540877
29696724 19540880
29697535 19540880
29696722 19540881
29699263 19540886
29701175 19540886
29696849 19540888
29696864 19540888
29697836 19540888
29698742 19540890
29702020 19540891
29702024 19540894
29694632 19540897
29694628 19540897
29694628 19540903
29694724 19540897
29694724 19540903
29699334 19540897
29699334 19540903
29701765 19540897
29701765 19540903
29701020 19540904
29693480 19540907
29693483 19540907
29699020 19540914
29699590 19540914
29699015 19540917
29694619 19540934
29694620 19540934
29701287 19540934
29701291 19540934
29701294 19540934
29701362 19540934
29701363 19540934
29701792 19540934
29702115 19540934
29693451 19540950
29693600 19540950
29693905 19540950
29694604 19540950
29700272 19540950
29701763 19540950
29701562 19540952
29701563 19540952
29695815 19540956
29696008 19540956
29701876 19540956
29695827 19540964
29695834 19540964
29695838 19540964
29696018 19540964
29696401 19540964
29701877 19540964
29694135 19540978
29694136 19540978
29694311 19540978
29694515 19540978
29694517 19540978
29702104 19540978
29699036 19540984
29699895 19540984
29699896 19540984
29699897 19540986
29697536 19540987
29693465 19540991
29701339 19540992
29693212 19540997
29696710 19540998
29695841 19541015
29695852 19541015
29696014 19541015
29699754 19541015
29699755 19541015
29700814 19541015
29700815 19541015
29700825 19541015
29700827 19541015
29700828 19541015
29701395 19541015
29702143 19541015
29696910 19541027
29696910 19541044
29697950 19541027
29697950 19541044
29701526 19541027
29701526 19541044
29695174 19541036
29695174 19541044
29695176 19541036
29695176 19541044
29695179 19541036
29695179 19541044
29695197 19541036
29695197 19541044
29695315 19541036
29695315 19541044
29695329 19541036
29695329 19541044
29699256 19541036
29699256 19541044
29699257 19541036
29699257 19541044
29701815 19541036
29701815 19541044
29695263 19541040
29695263 19541044
29695383 19541044
29699233 19541049
29696561 19541058
29702156 19541058
29702175 19541058
29700369 19541061
29700370 19541061
29702050 19541063
29696552 19541068
29696557 19541068
29696565 19541068
29697407 19541068
29701430 19541068
29701431 19541068
29701556 19541068
29701557 19541068
29700863 19541070
29695792 19541076
29695798 19541076
29701572 19541076
29701573 19541076
29692759 19541080
29699211 19541089
29699216 19541089
29699219 19541089
29693422 19541090
29693910 19541090
29699193 19541093
29702185 19541095
29694416 19541096
29692513 19541098
29692773 19541098
29699834 19541098
29699835 19541098
29692585 19541104
29692791 19541104
29692802 19541104
29693307 19541104
29693518 19541104
29693521 19541104
29693612 19541104
29693616 19541104
29701697 19541104
29692582 19541106
29693261 19541106
29693909 19541108
29700300 19541108
29698565 19541109
29698967 19541109
29696778 19541112
29693044 19541121
29693213 19541121
29693270 19541121
29700879 19541121
29699085 19541125
29693330 19541134
29693333 19541134
29693342 19541134
29693789 19541134
29696903 19541136
29697662 19541136
29696848 19541138
29696855 19541138
29696865 19541138
29696869 19541138
29696870 19541138
29696875 19541138
29698811 19541138
29700987 19541138
29701113 19541152
29701066 19541153
29702086 19541153
29694073 19541154
29694618 19541156
29696661 19541157
29701262 19541159
29696886 19541160
29697847 19541160
29697848 19541160
29702187 19541161
29699817 19541163
29696934 19541164
29694234 19541170
29701063 19541170
29701720 19541170
29694942 19541176
29695052 19541176
29695062 19541176
29695072 19541176
29695074 19541176
29700921 19541201
29700922 19541201
29702174 19541204
29696937 19541206
29696942 19541206
29700936 19541208
29700770 19541212
29693413 19541215
29693978 19541215
29701690 19541215
29692661 19541227
29692875 19541227
29693060 19541227
29693384 19541227
29693389 19541227
29693403 19541228
29696666 19541231
29696672 19541231
29696674 19541231
29696467 19541234
29697062 19541234
29697290 19541234
29701895 19541236
29696482 19541240
29696507 19541240
29696433 19541242
29697014 19541242
29697016 19541242
29693214 19541245
29695862 19541248
29696022 19541248
29700822 19541248
29702131 19541248
29695867 19541254
29695885 19541254
29695904 19541254
29696359 19541254
29698733 19541254
29701868 19541254
29696809 19541256
29698743 19541256
29694124 19541257
29694257 19541257
29694139 19541266
29694153 19541266
29701102 19541266
29695272 19541274
29695533 19541274
29701830 19541274
29701831 19541274
29698642 19541279
29695178 19541283
29695182 19541283
29695476 19541283
29694162 19541286
29700735 19541289
29700736 19541289
29695602 19541291
29698710 19541293
29693478 19541294
29693707 19541294
29693985 19541294
29699076 19541295
29698628 19541299
29696856 19541300
29700713 19541303
29696677 19541318
29697537 19541318
29700976 19541318
29700978 19541318
29700979 19541318
29696618 19541321
29697152 19541321
29700515 19541323
29700516 19541323
29694831 19541329
29694920 19541329
29701049 19541329
29701051 19541329
29701788 19541329
29701790 19541329
29694937 19541332
29693427 19541335
29693359 19541340
29694715 19541343
29700972 19541347
29695548 19541350
29699027 19541352
29701611 19541355
29699447 19541383
29701027 19541383
29701029 19541393
29700806 19541399
29701702 19541399
29701853 19541404
29694811 19541407
29692721 19541418
29692723 19541418
29692937 19541418
29693099 19541418
29699163 19541418
29692763 19541432
29693295 19541432
29699156 19541432
29699299 19541432
29699298 19541436
29698423 19541444
29692638 19541455
29692978 19541455
29700871 19541455
29700873 19541455
29692650 19541462
29692653 19541462
29693922 19541464
29693885 19541468
29699687 19541471
29701710 19541471
29702093 19541471
29696888 19541473
29697851 19541473
29697852 19541473
29702161 19541475
29693892 19541476
29694810 19541481
29694997 19541481
29701780 19541481
29692586 19541486
29699248 19541488
29701935 19541490
29698711 19541494
29699359 19541494
29701490 19541496
29701491 19541496
29694034 19541498
29693387 19541508
29693399 19541508
29694016 19541508
29698934 19541508
29694052 19541530
29694062 19541530
29694064 19541530
29701009 19541530
29701599 19541530
29701601 19541530
29701602 19541530
29701616 19541530
29701617 19541530
29692647 19541550
29693204 19541550
29693341 19541550
29693343 19541550
29693344 19541550
29693353 19541550
29693848 19541550
29693850 19541550
29693851 19541550
29698615 19541550
29700887 19541550
29695615 19541557
29695617 19541559
29693264 19541561
29694115 19541564
29693301 19541577
29693304 19541577
29693326 19541577
29693514 19541577
29693805 19541577
29693933 19541578
29693643 19541582
29693300 19541585
29693311 19541585
29701698 19541585
29693292 19541586
29692761 19541588
29694151 19541602
29694272 19541602
29701081 19541602
29694922 19541604
29694938 19541604
29698686 19541604
29701724 19541620
29695684 19541625
29694057 19541647
29694063 19541647
29701018 19541647
29701281 19541647
29701282 19541647
29694069 19541654
29701753 19541657
29701754 19541657
29693462 19541659
29693466 19541659
29693468 19541659
29695188 19541664
29695325 19541664
29695327 19541667
29695583 19541667
29701847 19541667
29696695 19541669
29697803 19541673
29700318 19541673
29701427 19541673
29701920 19541673
29693855 19541675
29699187 19541678
29699976 19541678
29701021 19541678
29701022 19541678
29697766 19541680
29701921 19541683
29696463 19541692
29697383 19541692
29697921 19541692
29692733 19541708
29693090 19541708
29694036 19541708
29694037 19541708
29696933 19541708
29698815 19541708
29698949 19541708
29698986 19541708
29698990 19541708
29699004 19541708
29699005 19541708
29699158 19541708
29699162 19541708
29699166 19541708
29699169 19541708
29699172 19541708
29699175 19541708
29699178 19541708
29699181 19541708
29699182 19541708
29699183 19541708
29699184 19541708
29699191 19541708
29699192 19541708
29699300 19541708
29699302 19541708
29702164 19541708
29702168 19541708
29693383 19541716
29693687 19541716
29695886 19541721
29696061 19541721
29700941 19541721
29696676 19541728
29699242 19541731
29699243 19541731
29695884 19541735
29696063 19541735
29694586 19541738
29694173 19541745
29701131 19541750
29701132 19541750
29696935 19541755
29696958 19541755
29697856 19541755
29698950 19541755
29700831 19541760
29696767 19541761
29696792 19541761
29692655 19541773
29697506 19541777
29699089 19541779
29701272 19541788
29699926 19541790
29696885 19541792
29701857 19541794
29697402 19541798
29693731 19541800
29700893 19541803
29696812 19541806
29699558 19541808
29702012 19541810
29699970 19541812
29701432 19541814
29696542 19541818
29696699 19541820
29698781 19541820
29699479 19541820
29699480 19541820
29701924 19541820
29693632 19541824
29698622 19541824
29696825 19541827
29700973 19541827
29699062 19541828
29699063 19541828
29699064 19541828
29695193 19541830
29695375 19541832
29698843 19541839
29696968 19541841
29699007 19541841
29693882 19541842
29701504 19541842
29693708 19541845
29696741 19541847
29699161 19541847
29696679 19541852
29696714 19541852
29697138 19541852
29699436 19541852
29692735 19541857
29692744 19541857
29692745 19541857
29701662 19541857
29699152 19541858
29701655 19541858
29701659 19541866
29694167 19541872
29700304 19541878
29700305 19541878
29695150 19541904
29695155 19541904
29695162 19541904
29695167 19541904
29695337 19541904
29695343 19541904
29695349 19541904
29700046 19541904
29701800 19541904
29701813 19541904
29702124 19541904
29695236 19541925
29696967 19541925
29696977 19541925
29698747 19541925
29701941 19541925
29696641 19541929
29700971 19541941
29696703 19541945
29697797 19541945
29696593 19541950
29699097 19541950
29702157 19541950
29699202 19541954
29699203 19541954
29699226 19541958
29699229 19541958
29696130 19541973
29700934 19541974
29700935 19541974
29692657 19541988
29700881 19541988
29700882 19541988
29693055 19541991
29692968 19542007
29694039 19542007
29694304 19542007
29694308 19542007
29699227 19542007
29699228 19542007
29699340 19542007
29701649 19542007
29701139 19542008
29701140 19542008
29700238 19542013
29696537 19542017
29694125 19542022
29701768 19542024
29699549 19542027
29701391 19542030
29701392 19542030
29701393 19542032
29696975 19542033
29694630 19542037
29701110 19542037
29692600 19542047
29699066 19542047
29699067 19542047
29702081 19542047
29700102 19542051
29695497 19542056
29695498 19542056
29696879 19542059
29699465 19542062
29699466 19542062
29702293 19542062
29695938 19542070
29700940 19542070
29698440 19542072
29698517 19542072
29701766 19542076
29699973 19542079
29699974 19542079
29693303 19542081
29693512 19542081
29693313 19542089
29701700 19542089
29700598 19542097
29699102 19542101
29700311 19542101
29700312 19542101
29692587 19542104
29692627 19542109
29699071 19542109
29699073 19542109
29699074 19542109
29699414 19542109
29699838 19542109
29699839 19542109
29692577 19542113
29701723 19542118
29701926 19542121
29702193 19542121
29693419 19542128
29693579 19542128
29694013 19542128
29693406 19542131
29693418 19542131
29698913 19542131
29696932 19542134
29699369 19542136
29693752 19542140
29698539 19542145
29699341 19542145
29699342 19542145
29702116 19542152
29694644 19542156
29699561 19542158
29699197 19542163
29693456 19542166
29693641 19542166
29693493 19542172
29693771 19542172
29693365 19542176
29693366 19542176
29693662 19542176
29693664 19542176
29693668 19542176
29693872 19542176
29699715 19542176
29699716 19542176
29699092 19542177
29701023 19542178
29696887 19542180
29696901 19542180
29693452 19542182
29699906 19542184
29696573 19542188
29697425 19542188
29693253 19542191
29699982 19542195
29699983 19542195
29699985 19542195
29699986 19542195
29693393 19542198
29699353 19542203
29693337 19542211
29693546 19542211
29693681 19542211
29693828 19542211
29700890 19542211
29701693 19542211
29701706 19542211
29701968 19542214
29696795 19542219
29696819 19542219
29696833 19542219
29696846 19542219
29701966 19542219
29696936 19542226
29700002 19542227
29696908 19542255
29696826 19542259
29699057 19542259
29693229 19542262
29693449 19542271
29693589 19542271
29694007 19542271
29698638 19542271
29701687 19542271
29693438 19542276
29694805 19542278
29694849 19542278
29694853 19542278
29695000 19542278
29695146 19542278
29695259 19542278
29695294 19542278
29701794 19542278
29696480 19542292
29696499 19542292
29697292 19542292
29697294 19542292
29697928 19542292
29697929 19542292
29700867 19542292
29696498 19542297
29697296 19542297
29696470 19542301
29701978 19542301
29696437 19542303
29696448 19542303
29697008 19542303
29697020 19542303
29696842 19542307
29696739 19542322
29696798 19542322
29699285 19542322
29700896 19542322
29700897 19542322
29700908 19542322
29700953 19542322
29700968 19542322
29701861 19542322
29697448 19542328
29698476 19542328
29699208 19542328
29697824 19542331
29697832 19542331
29692848 19542338
29692675 19542345
29692871 19542345
29693222 19542345
29693224 19542345
29693363 19542356
29693385 19542356
29693507 19542356
29693559 19542356
29693561 19542356
29693657 19542356
29693660 19542356
29693694 19542356
29693854 19542356
29693970 19542356
29698197 19542356
29698932 19542356
29700885 19542356
29695818 19542364
29696349 19542364
29700326 19542364
29700327 19542364
29700839 19542364
29700840 19542364
29696457 19542371
29697032 19542371
29700788 19542374
29697826 19542376
29695125 19542379
29699196 19542382
29693176 19542385
29699023 19542387
29699040 19542391
29699065 19542395
29696771 19542397
29696773 19542397
29696847 19542400
29696868 19542400
29697601 19542400
29697602 19542400
29701932 19542400
29697574 19542402
29698769 19542402
29697583 19542403
29695749 19542405
29692734 19542411
29692742 19542418
29693157 19542418
29693158 19542418
29698637 19542419
29701715 19542419
29701716 19542419
29701894 19542422
29697910 19542424
29702180 19542424
29692592 19542430
29692815 19542430
29693034 19542430
29699841 19542430
29699844 19542430
29699847 19542430
29699848 19542430
29693092 19542437
29701030 19542437
29701097 19542440
29695436 19542443
29695438 19542443
29702002 19542446
29692827 19542449
