35618139 20692121
35618139 21195419
36288628 103242346
36288628 21198886
36288635 103242346
36288635 21198886
36288637 103242346
36288637 21198886
36288639 103242346
36288639 21198886
36288641 103242346
36288641 21198886
36288643 103242346
36288643 21198886
36288645 103242346
36288645 21198886
36288647 103242346
36288647 21198886
36288649 103242346
36288649 21198886
36288650 103242346
36288650 21198886
36288999 103242346
36288999 21198886
36290037 103242346
36290037 21198886
36290039 103242346
36290039 21198886
36290040 103242346
36290040 21198886
36290829 103242346
36290829 21198886
36290831 103242346
36290831 21198886
36290832 103242346
36290832 21198886
36290834 103242346
36290834 21198886
36290835 103242346
36290835 21198886
36290836 103242346
36290836 21198886
36293868 103242346
36293868 21198886
36293874 103242346
36293874 21198886
36294090 103242346
36294090 21198886
36294091 103242346
36294091 21198886
36294850 103242346
36294850 21198886
36295021 103242346
36295021 21198886
36295088 103242346
36295088 21198886
36295089 103242346
36295089 21198886
36295429 117922009
36295429 143156531
36295429 172716347
36295429 21199198
36295429 27874682
36295773 117922009
36295773 143156531
36295773 172716347
36295773 21199198
36295773 27874682
36289963 126171570
36289963 21199697
36290682 126171570
36290682 21199697
36290686 126171570
36290686 21199697
36290886 126171570
36290886 21199697
36290890 126171570
36290890 21199697
36290892 126171570
36290892 21199697
36290905 126171570
36290905 21199697
36290908 126171570
36290908 21199697
36290914 126171570
36290914 21199697
36290917 126171570
36290917 21199697
36293454 126171570
36293454 21199697
36293457 126171570
36293457 21199697
36293462 126171570
36293462 21199697
36293463 126171570
36293463 21199697
36293465 126171570
36293465 21199697
36293466 126171570
36293466 21199697
36293467 126171570
36293467 21199697
36293470 126171570
36293470 21199697
36293503 126171570
36293503 21199697
36293510 126171570
36293510 21199697
36293514 126171570
36293514 21199697
36293522 126171570
36293522 21199697
36293533 126171570
36293533 21199697
36294137 126171570
36294137 21199697
36294671 126171570
36294671 21199697
36294974 126171570
36294974 21199697
36295231 126171570
36295231 21199697
36295232 126171570
36295232 21199697
36291344 131315709
36291344 21194916
36291369 131315709
36291369 21194916
36291404 131315709
36291404 21194916
36291430 131315709
36291430 21194916
36291419 131315713
36291419 21199457
36291422 131315713
36291422 21199457
36291428 131315713
36291428 21199457
36291432 131315713
36291432 21199457
36291433 131315713
36291433 21199457
36291276 131315717
36291276 21199861
36291282 131315717
36291282 21199861
36291448 131315721
36291448 21195189
36292021 131315721
36292021 21195189
36294446 131315721
36294446 21195189
36294510 131315721
36294510 21195189
36295832 131315721
36295832 21195189
36291254 131315728
36291254 21194999
36291294 131315728
36291294 21194999
36291326 131315728
36291326 21194999
36289593 131318294
36289593 21198802
36289604 131318294
36289604 21198802
36289610 131318294
36289610 21198802
36289614 131318294
36289614 21198802
36289624 131318294
36289624 21198802
36289641 131318294
36289641 21198802
36290021 131318294
36290021 21198802
36290091 131318294
36290091 21198802
36290252 131318294
36290252 21198802
36294753 131318295
36294753 21199546
36289559 131318296
36289559 21199800
36289906 131318296
36289906 21199800
36291681 132191249
36291681 21198808
36291682 132191249
36291682 21198808
36294436 132191249
36294436 21198808
36294519 132191249
36294519 21198808
36291375 140356772
36291375 21199578
36293699 144669307
36293699 21199622
36293701 144669307
36293701 21199622
36293704 144669307
36293704 21199622
36293707 144669307
36293707 21199622
36293764 144669307
36293764 21199622
36293793 144669307
36293793 21199622
36293803 144669307
36293803 21199622
36293804 144669307
36293804 21199622
36293810 144669307
36293810 21199622
36293813 144669307
36293813 21199622
36293814 144669307
36293814 21199622
36293815 144669307
36293815 21199622
36293820 144669307
36293820 21199622
36293844 144669307
36293844 21199622
36293861 144669307
36293861 21199622
36293892 144669307
36293892 21199622
36293907 144669307
36293907 21199622
36294150 144669307
36294150 21199622
36294605 144669307
36294605 21199622
36294606 144669307
36294606 21199622
36295180 144669307
36295180 21199622
36295181 144669307
36295181 21199622
36295482 144669307
36295482 21199622
36295483 144669307
36295483 21199622
36295488 144669307
36295488 21199622
36295491 144669307
36295491 21199622
36295492 144669307
36295492 21199622
36295975 144669307
36295975 21199622
36292148 145304834
36292148 21199910
36292167 145304834
36292167 21199910
36292241 145304834
36292241 21199910
36292264 145304834
36292264 21199910
36292282 145304834
36292282 21199910
36292414 145304834
36292414 21199910
36292420 145304834
36292420 21199910
36292424 145304834
36292424 21199910
36292454 145304834
36292454 21199910
36292578 145304834
36292578 21199910
36292607 145304834
36292607 21199910
36292609 145304834
36292609 21199910
36292611 145304834
36292611 21199910
36292612 145304834
36292612 21199910
36292671 145304834
36292671 21199910
36292694 145304834
36292694 21199910
36292700 145304834
36292700 21199910
36292707 145304834
36292707 21199910
36292715 145304834
36292715 21199910
36294152 145304834
36294152 21199910
36294407 145304834
36294407 21199910
36294451 145304834
36294451 21199910
36294457 145304834
36294457 21199910
36294556 145304834
36294556 21199910
36294811 145304834
36294811 21199910
36295868 145304834
36295868 21199910
36291264 145305168
36291264 21199763
36291288 145305168
36291288 21199763
36291277 145305182
36291277 145305185
36291277 145305188
36291277 21198817
36291293 145305182
36291293 145305185
36291293 145305188
36291293 21198817
36291307 145305182
36291307 145305185
36291307 145305188
36291307 21198817
36291319 145305182
36291319 145305185
36291319 145305188
36291319 21198817
36291331 145305182
36291331 145305185
36291331 145305188
36291331 21198817
36291232 145305192
36291232 145305196
36291232 145305199
36291232 21199078
36291246 145305192
36291246 145305196
36291246 145305199
36291246 21199078
36292440 158649515
36292440 158649944
36292440 21199211
36292450 158649515
36292450 158649944
36292450 21199211
36292451 158649515
36292451 158649944
36292451 21199211
36292459 158649515
36292459 158649944
36292459 21199211
36292464 158649515
36292464 158649944
36292464 21199211
36292467 158649515
36292467 158649944
36292467 21199211
36292592 158649515
36292592 158649944
36292592 21199211
36292638 158649515
36292638 158649944
36292638 21199211
36292641 158649515
36292641 158649944
36292641 21199211
36292644 158649515
36292644 158649944
36292644 21199211
36294153 158649515
36294153 158649944
36294153 21199211
36294933 158649515
36294933 158649944
36294933 21199211
36293045 160705775
36293045 21197150
36293047 160705775
36293047 21197150
36293049 160705775
36293049 21197150
36293053 160705775
36293053 21197150
36293055 160705775
36293055 21197150
36293057 160705775
36293057 21197150
36293059 160705775
36293059 21197150
36293061 160705775
36293061 21197150
36293063 160705775
36293063 21197150
36293064 160705775
36293064 21197150
36293065 160705775
36293065 21197150
36294075 160705775
36294075 21197150
36294076 160705775
36294076 21197150
36295784 160705775
36295784 21197150
36295785 160705775
36295785 21197150
36288303 162347891
36288303 162347893
36288303 172455394
36288303 172455395
36288303 172455396
36288303 172593228
36288303 21199838
36288311 162347891
36288311 162347893
36288311 172455394
36288311 172455395
36288311 172455396
36288311 172593228
36288311 21199838
36288312 162347891
36288312 162347893
36288312 172455394
36288312 172455395
36288312 172455396
36288312 172593228
36288312 21199838
36288328 162347891
36288328 162347893
36288328 172455394
36288328 172455395
36288328 172455396
36288328 172593228
36288328 21199838
36288331 162347891
36288331 162347893
36288331 172455394
36288331 172455395
36288331 172455396
36288331 172593228
36288331 21199838
36288347 162347891
36288347 162347893
36288347 172455394
36288347 172455395
36288347 172455396
36288347 172593228
36288347 21199838
36288349 162347891
36288349 162347893
36288349 172455394
36288349 172455395
36288349 172455396
36288349 172593228
36288349 21199838
36288372 162347891
36288372 162347893
36288372 172455394
36288372 172455395
36288372 172455396
36288372 172593228
36288372 21199838
36288385 162347891
36288385 162347893
36288385 172455394
36288385 172455395
36288385 172455396
36288385 172593228
36288385 21199838
36288401 162347891
36288401 162347893
36288401 172455394
36288401 172455395
36288401 172455396
36288401 172593228
36288401 21199838
36288447 162347891
36288447 162347893
36288447 172455394
36288447 172455395
36288447 172455396
36288447 172593228
36288447 21199838
36288464 162347891
36288464 162347893
36288464 172455394
36288464 172455395
36288464 172455396
36288464 172593228
36288464 21199838
36288472 162347891
36288472 162347893
36288472 172455394
36288472 172455395
36288472 172455396
36288472 172593228
36288472 21199838
36288489 162347891
36288489 162347893
36288489 172455394
36288489 172455395
36288489 172455396
36288489 172593228
36288489 21199838
36288565 162347891
36288565 162347893
36288565 172455394
36288565 172455395
36288565 172455396
36288565 172593228
36288565 21199838
36288592 162347891
36288592 162347893
36288592 172455394
36288592 172455395
36288592 172455396
36288592 172593228
36288592 21199838
36288629 162347891
36288629 162347893
36288629 172455394
36288629 172455395
36288629 172455396
36288629 172593228
36288629 21199838
36288732 162347891
36288732 162347893
36288732 172455394
36288732 172455395
36288732 172455396
36288732 172593228
36288732 21199838
36288829 162347891
36288829 162347893
36288829 172455394
36288829 172455395
36288829 172455396
36288829 172593228
36288829 21199838
36288986 162347891
36288986 162347893
36288986 172455394
36288986 172455395
36288986 172455396
36288986 172593228
36288986 21199838
36288820 162347891
36288820 162347893
36288820 172455394
36288820 172455395
36288820 21199834
36293792 162347891
36293792 162347893
36293792 172455394
36293792 172455395
36293792 21199834
36293864 162347891
36293864 162347893
36293864 172455394
36293864 172455395
36293864 21199834
36293869 162347891
36293869 162347893
36293869 172455394
36293869 172455395
36293869 21199834
36293890 162347891
36293890 162347893
36293890 172455394
36293890 172455395
36293890 21199834
36295022 162347891
36295022 162347893
36295022 172455394
36295022 172455395
36295022 21199834
36295494 162347891
36295494 162347893
36295494 172455394
36295494 172455395
36295494 21199834
36295977 162347891
36295977 162347893
36295977 172455394
36295977 172455395
36295977 21199834
36289811 172564210
36289811 21199842
36289811 27872176
36289811 27872177
36289821 172564210
36289821 21199842
36289821 27872176
36289821 27872177
36289867 172564210
36289867 21199842
36289867 27872176
36289867 27872177
36289991 172564210
36289991 21199842
36289991 27872176
36289991 27872177
36290239 172564210
36290239 21199842
36290239 27872176
36290239 27872177
36294750 172564210
36294750 21199842
36294750 27872176
36294750 27872177
36289286 172593792
36289286 21195557
36289374 172593792
36289374 21195557
36290036 172593792
36290036 21195557
36290087 172593792
36290087 21195557
36290126 172593792
36290126 21195557
36289191 172593796
36289191 21196794
36289578 21194912
36290151 21194912
36290153 21194912
36291518 21194918
36291713 21194919
36294119 21194919
36294437 21194919
36294492 21194919
36294563 21194920
36294564 21194920
36289506 21194923
36289510 21194923
36295637 21194923
36295638 21194923
36289499 21194926
36289528 21194926
36289308 21194927
36289353 21194927
36295858 21194929
36291547 21194931
36295357 21194931
36295358 21194931
36291579 21194936
36291596 21194936
36291597 21194936
36295364 21194936
36295365 21194936
36295471 21194939
36295472 21194939
36292780 21194941
36289127 21194947
36289140 21194947
36289190 21194947
36289203 21194947
36290058 21194947
36292154 21194951
36292236 21194951
36295855 21194951
36292456 21194954
36292636 21194954
36294530 21194954
36294937 21194956
36291349 21194964
36291356 21194964
36291365 21194964
36291373 21194964
36291380 21194964
36291394 21194964
36291437 21194964
36291452 21194964
36291456 21194964
36294164 21194964
36294170 21194964
36291260 21194969
36292520 21194970
36289495 21194972
36289518 21194972
36289545 21194972
36294907 21194972
36289288 21194974
36290281 21194974
36289309 21194975
36289917 21194977
36289036 21194980
36289514 21194983
36289517 21194983
36289523 21194983
36289527 21194983
36289529 21194983
36289530 21194983
36289931 21194983
36289932 21194983
36294161 21194983
36289833 21194987
36289836 21194987
36289841 21194987
36289853 21194987
36290134 21194987
36290135 21194987
36295648 21194987
36295252 21194989
36290005 21194991
36295244 21194991
36295245 21194991
36289816 21194995
36295353 21195001
36293520 21195003
36293553 21195003
36289272 21195008
36290140 21195008
36293451 21195009
36293524 21195009
36294573 21195011
36292740 21195012
36292741 21195016
36292757 21195016
36292878 21195016
36292958 21195016
36295359 21195019
36288321 21195021
36294401 21195021
36294419 21195021
36294574 21195021
36294575 21195021
36290144 21195024
36288640 21195027
36294576 21195027
36293529 21195033
36293571 21195033
36295884 21195033
36290146 21195036
36289570 21195040
36289588 21195040
36289618 21195040
36289676 21195040
36290148 21195040
36290150 21195040
36288140 21195042
36292748 21195046
36292960 21195046
36292749 21195047
36292955 21195047
36292974 21195047
36288142 21195051
36288130 21195058
36288145 21195058
36288152 21195058
36288158 21195058
36288211 21195058
36291642 21195059
36291968 21195059
36290775 21195080
36290781 21195080
36292115 21195080
36292278 21195080
36292324 21195080
36292325 21195080
36288148 21195086
36288164 21195086
36290783 21195088
36289561 21195089
36290786 21195092
36290790 21195092
36292068 21195092
36292072 21195092
36292082 21195092
36295421 21195094
36290788 21195095
36290789 21195096
36292069 21195096
36288780 21195098
36288782 21195098
36289565 21195100
36294640 21195103
36294641 21195103
36288781 21195110
36293905 21195110
36295427 21195113
36288438 21195117
36294643 21195117
36294644 21195117
36288776 21195121
36288784 21195121
36288793 21195121
36288794 21195121
36288804 21195121
36288806 21195121
36288810 21195121
36288979 21195121
36295805 21195121
36292758 21195123
36292767 21195123
36292812 21195123
36288786 21195128
36288787 21195128
36288788 21195128
36288789 21195128
36292809 21195134
36292815 21195134
36288455 21195141
36288549 21195141
36288563 21195141
36288944 21195141
36294649 21195141
36294650 21195141
36292819 21195144
36292898 21195144
36288171 21195157
36288174 21195157
36288175 21195157
36288214 21195157
36288225 21195157
36288240 21195157
36288245 21195157
36288197 21195161
36288202 21195161
36288204 21195161
36288218 21195161
36291131 21195164
36291134 21195164
36291135 21195164
36291177 21195164
36294010 21195164
36293374 21195170
36293375 21195170
36294973 21195170
36289634 21195175
36288851 21195179
36288854 21195179
36288858 21195179
36288879 21195179
36295806 21195179
36288859 21195182
36288870 21195182
36288886 21195182
36288895 21195182
36288899 21195182
36288904 21195182
36288930 21195182
36288931 21195182
36288937 21195182
36288938 21195182
36292022 21195190
36289684 21195194
36289765 21195194
36294719 21195194
36294720 21195194
36291225 21195202
36291243 21195202
36291388 21195202
36291390 21195202
36291244 21195206
36291263 21195206
36295272 21195207
36291245 21195208
36295275 21195209
36289697 21195214
36289700 21195214
36289759 21195214
36293444 21195216
36293539 21195216
36289228 21195221
36289234 21195221
36289235 21195221
36289254 21195221
36289270 21195221
36290062 21195221
36290064 21195221
36295278 21195222
36293446 21195223
36293537 21195223
36290928 21195225
36290930 21195225
36290932 21195225
36290934 21195225
36290935 21195225
36290938 21195225
36290939 21195225
36290962 21195225
36290897 21195227
36290929 21195227
36290944 21195227
36288906 21195231
36288920 21195231
36294497 21195233
36289207 21195242
36289367 21195242
36290067 21195242
36288897 21195245
36288908 21195245
36288921 21195245
36288922 21195247
36288934 21195247
36294499 21195248
36288911 21195253
36288914 21195253
36288924 21195253
36288936 21195253
36288945 21195253
36288947 21195253
36288950 21195253
36292422 21195259
36292436 21195259
36292668 21195259
36288894 21195260
36288905 21195260
36288918 21195260
36288926 21195260
36288927 21195262
36288940 21195262
36288946 21195262
36288949 21195262
36288916 21195263
36288928 21195263
36288929 21195267
36289480 21195271
36289489 21195271
36289504 21195271
36289511 21195271
36289463 21195274
36289481 21195274
36295340 21195278
36289476 21195288
36289482 21195288
36289483 21195288
36289484 21195288
36289487 21195288
36289496 21195288
36289497 21195288
36289956 21195288
36289794 21195290
36289861 21195290
36289959 21195290
36291217 21195290
36291247 21195290
36291248 21195290
36291313 21195290
36292045 21195290
36292047 21195290
36293960 21195290
36289486 21195292
36290651 21195292
36290130 21195294
36295346 21195297
36289848 21195306
36289874 21195306
36290131 21195306
36295816 21195306
36290132 21195308
36295348 21195310
36292733 21195315
36292882 21195315
36292981 21195315
36289812 21195320
36290137 21195320
36289786 21195321
36290138 21195321
36289259 21195322
36289263 21195322
36290139 21195322
36288282 21195332
36288613 21195332
36288615 21195332
36295717 21195332
36295980 21195332
36288121 21195343
36288123 21195343
36288126 21195343
36288131 21195343
36288209 21195343
36295704 21195343
36295705 21195343
36291572 21195348
36291955 21195348
36288132 21195350
36291077 21195352
36291092 21195352
36295719 21195356
36295984 21195356
36291093 21195361
36291094 21195361
36291096 21195361
36288135 21195366
36291095 21195369
36291101 21195369
36291102 21195369
36290771 21195370
36288136 21195372
36290774 21195375
36290785 21195375
36290796 21195375
36288139 21195378
36291099 21195381
36291105 21195381
36291114 21195381
36291123 21195381
36290776 21195384
36290779 21195384
36295410 21195385
36289552 21195387
36289571 21195387
36294631 21195392
36294632 21195392
36295417 21195395
36295418 21195395
36288773 21195399
36288790 21195399
36288774 21195401
36293828 21195401
36288882 21195406
36294634 21195406
36294637 21195406
36294638 21195406
36288777 21195407
36293902 21195407
36293904 21195407
36288778 21195410
36293954 21195410
36290154 21195411
36290207 21195411
36293980 21195411
36288779 21195413
36288200 21195414
36288201 21195416
36289122 21195416
36289143 21195416
36289940 21195416
36295190 21195418
36295191 21195418
36288181 21195420
36288203 21195420
36289118 21195420
36290840 21195422
36290417 21195423
36290842 21195423
36293362 21195425
36292171 21195433
36295198 21195433
36293366 21195436
36288841 21195437
36294702 21195438
36294703 21195438
36288842 21195443
36288843 21195443
36288845 21195443
36288857 21195443
36288866 21195443
36288871 21195443
36288873 21195443
36288846 21195447
36288848 21195449
36288849 21195450
36288867 21195450
36294709 21195454
36294843 21195454
36291546 21195456
36292016 21195456
36292017 21195459
36295260 21195460
36291265 21195461
36292019 21195461
36295263 21195464
36294481 21195465
36295266 21195466
36294482 21195470
36295269 21195472
36293439 21195477
36293442 21195477
36293445 21195477
36293453 21195477
36293541 21195477
36288912 21195482
36288496 21195494
36288498 21195494
36288500 21195494
36288501 21195494
36288503 21195494
36288504 21195494
36288506 21195494
36288510 21195494
36288512 21195494
36288513 21195494
36288744 21195494
36288892 21195494
36288903 21195494
36288913 21195494
36288915 21195494
36288932 21195494
36288941 21195494
36288943 21195494
36288951 21195494
36288956 21195494
36288958 21195494
36288967 21195494
36294653 21195494
36295800 21195494
36288917 21195496
36290690 21195504
36290703 21195504
36290705 21195504
36290719 21195504
36290739 21195504
36290761 21195504
36288919 21195505
36290692 21195507
36290694 21195513
36289471 21195515
36290695 21195517
36290699 21195517
36294112 21195517
36290698 21195521
36290723 21195521
36290738 21195521
36290744 21195521
36290865 21195521
36295333 21195523
36289477 21195524
36288350 21195527
36288356 21195527
36288363 21195527
36288693 21195527
36290121 21195530
36295338 21195532
36295339 21195532
36288393 21195541
36288695 21195541
36290124 21195543
36292719 21195548
36292723 21195548
36293678 21195548
36288378 21195552
36288394 21195552
36288697 21195552
36290127 21195558
36291550 21195561
36291940 21195561
36288120 21195564
36292729 21195566
36291060 21195568
36291065 21195568
36291070 21195568
36291081 21195568
36291066 21195578
36291079 21195578
36291082 21195578
36291089 21195578
36291168 21195578
36291080 21195583
36291083 21195583
36291087 21195583
36291088 21195583
36291098 21195583
36291166 21195583
36291192 21195583
36291202 21195583
36288125 21195585
36290979 21195590
36291051 21195590
36291084 21195590
36291090 21195590
36291091 21195590
36291159 21195590
36288127 21195592
36288129 21195592
36288133 21195592
36291040 21195601
36291068 21195601
36291086 21195601
36290755 21195606
36290759 21195606
36290760 21195606
36290762 21195606
36290764 21195606
36290766 21195606
36290767 21195606
36290769 21195606
36290770 21195606
36289891 21195615
36289895 21195615
36289896 21195615
36289899 21195615
36290707 21195615
36290724 21195615
36290733 21195615
36290763 21195615
36291483 21195615
36291521 21195615
36291539 21195615
36291598 21195615
36293096 21195616
36293279 21195616
36293282 21195616
36293414 21195616
36290757 21195618
36290765 21195618
36295401 21195620
36295402 21195623
36295404 21195623
36295405 21195625
36295408 21195625
36295407 21195626
36291043 21195630
36291049 21195630
36291150 21195630
36291039 21195639
36291050 21195639
36291059 21195639
36291152 21195639
36291022 21195645
36291024 21195645
36291027 21195645
36291030 21195645
36291154 21195645
36295182 21195649
36291100 21195652
36291157 21195652
36290419 21195656
36290420 21195656
36290421 21195656
36290833 21195656
36295185 21195658
36289600 21195663
36289613 21195663
36289665 21195663
36293357 21195668
36290328 21195684
36290345 21195684
36290350 21195684
36290808 21195684
36290839 21195684
36293358 21195688
36288831 21195696
36288834 21195696
36288826 21195704
36288832 21195704
36288835 21195704
36288836 21195704
36288973 21195704
36292839 21195704
36292922 21195704
36289601 21195708
36289617 21195708
36289629 21195708
36289954 21195708
36288833 21195710
36291792 21195715
36291127 21195737
36291794 21195737
36291805 21195737
36291817 21195737
36291818 21195737
36291819 21195737
36291822 21195737
36291825 21195737
36291828 21195737
36291829 21195737
36292379 21195737
36291795 21195742
36288839 21195746
36288847 21195746
36288852 21195746
36294897 21195746
36291798 21195749
36291221 21195753
36292066 21195753
36292067 21195753
36290989 21195762
36290995 21195762
36290996 21195762
36293998 21195762
36295249 21195766
36295250 21195766
36295251 21195768
36293420 21195778
36290902 21195785
36290937 21195785
36295254 21195789
36291228 21195791
36291230 21195791
36291927 21195791
36289648 21195798
36290041 21195798
36295257 21195800
36293798 21195802
36294473 21195802
36294542 21195802
36288900 21195804
36288901 21195810
36288902 21195810
36288909 21195810
36288910 21195810
36289150 21195812
36289178 21195812
36289186 21195812
36289188 21195812
36290048 21195812
36290051 21195812
36289177 21195815
36290049 21195815
36295892 21195817
36290680 21195821
36295898 21195823
36290685 21195825
36295320 21195827
36288330 21195831
36288680 21195831
36294540 21195834
36294541 21195834
36288681 21195843
36289466 21195845
36294543 21195848
36294544 21195852
36290114 21195855
36295819 21195855
36288374 21195861
36288391 21195861
36288407 21195861
36288566 21195861
36288687 21195861
36291578 21195867
36291845 21195867
36291912 21195867
36291930 21195867
36294548 21195869
36292718 21195873
36293665 21195873
36291071 21195875
36290745 21195877
36290750 21195877
36291938 21195880
36294121 21195880
36295763 21195880
36295764 21195880
36290751 21195883
36291076 21195884
36290758 21195886
36289537 21195887
36295170 21195889
36291028 21195892
36291144 21195892
36295173 21195894
36293331 21195897
36293333 21195897
36293335 21195897
36293340 21195897
36293341 21195897
36289065 21195908
36291020 21195908
36291021 21195908
36291029 21195908
36291143 21195908
36291147 21195908
36295176 21195911
36289591 21195913
36289602 21195913
36290531 21195919
36290828 21195919
36289598 21195924
36289605 21195924
36290155 21195924
36290157 21195924
36295097 21195924
36295105 21195924
36295106 21195924
36288819 21195927
36288821 21195927
36288998 21195927
36289597 21195929
36289606 21195929
36288822 21195934
36291781 21195935
36288801 21195939
36288814 21195939
36288823 21195939
36291782 21195942
36291787 21195945
36293410 21195949
36293411 21195949
36289385 21195952
36293079 21195953
36293412 21195953
36289386 21195954
36293413 21195955
36291219 21195957
36292630 21195958
36292680 21195958
36293110 21195959
36293415 21195959
36290026 21195961
36290032 21195961
36293093 21195963
36293416 21195963
36293417 21195963
36292632 21195965
36294468 21195967
36294521 21195967
36290667 21195969
36290671 21195969
36289887 21195981
36290076 21195981
36291037 21195981
36291041 21195981
36291042 21195981
36291567 21195981
36291570 21195981
36291571 21195981
36291581 21195981
36291944 21195981
36294770 21195981
36295888 21195981
36290672 21195983
36290674 21195983
36290673 21195985
36289451 21195988
36290676 21195989
36290678 21195989
36290679 21195989
36294532 21195990
36288673 21195994
36288727 21195994
36290318 21195994
36289443 21196000
36289458 21196000
36289512 21196000
36289540 21196000
36289583 21196000
36289635 21196000
36289660 21196000
36289782 21196000
36289862 21196002
36290101 21196002
36289870 21196006
36290103 21196006
36294536 21196008
36292432 21196009
36292446 21196009
36292480 21196009
36292494 21196009
36292704 21196009
36292706 21196009
36294539 21196010
36294579 21196010
36294581 21196010
36291062 21196012
36291054 21196016
36291063 21196016
36291064 21196016
36291072 21196016
36291074 21196016
36291078 21196016
36290728 21196022
36290734 21196022
36290740 21196022
36290742 21196022
36290747 21196022
36290752 21196022
36290753 21196022
36290741 21196023
36291067 21196024
36290743 21196026
36290746 21196026
36290754 21196026
36290977 21196027
36290997 21196027
36291069 21196027
36290708 21196031
36290748 21196031
36288740 21196035
36288942 21196035
36292489 21196036
36291132 21196037
36295161 21196038
36290523 21196041
36290525 21196041
36290811 21196041
36293094 21196051
36293332 21196051
36292550 21196052
36290464 21196054
36290472 21196054
36290487 21196054
36290498 21196054
36290509 21196054
36290817 21196054
36292552 21196055
36292553 21196055
36293337 21196057
36291770 21196061
36292555 21196063
36291772 21196070
36291777 21196070
36291802 21196070
36291852 21196070
36292557 21196072
36292682 21196072
36291773 21196074
36288815 21196075
36288817 21196075
36288827 21196075
36288853 21196075
36294098 21196075
36288816 21196078
36294097 21196078
36288818 21196084
36289002 21196084
36291740 21196088
36291744 21196088
36291747 21196088
36291750 21196088
36291752 21196088
36291755 21196088
36291778 21196088
36290591 21196090
36290599 21196090
36291104 21196092
36291112 21196092
36291119 21196092
36291200 21196092
36295229 21196093
36295230 21196093
36290588 21196098
36290594 21196098
36290598 21196098
36290601 21196098
36290604 21196098
36290612 21196098
36290621 21196098
36290623 21196098
36290627 21196098
36290638 21196098
36290641 21196098
36288379 21196100
36288590 21196100
36288701 21196100
36295234 21196101
36295235 21196101
36289269 21196104
36289375 21196104
36289379 21196104
36289399 21196104
36289417 21196104
36289450 21196104
36289988 21196104
36293072 21196108
36293073 21196108
36293402 21196108
36294126 21196108
36295236 21196109
36293403 21196113
36289363 21196116
36289377 21196116
36291018 21196120
36291023 21196120
36291137 21196120
36291209 21196120
36294452 21196121
36294595 21196121
36293405 21196123
36288364 21196125
36288594 21196125
36293407 21196131
36288345 21196137
36288353 21196137
36288358 21196137
36288370 21196137
36288596 21196137
36293409 21196141
36291603 21196144
36291616 21196144
36291840 21196144
36295847 21196144
36292629 21196148
36295877 21196150
36290663 21196154
36290665 21196154
36290648 21196155
36290652 21196155
36290664 21196155
36289400 21196159
36289412 21196159
36289440 21196159
36295300 21196160
36295301 21196160
36289430 21196163
36289441 21196163
36289535 21196163
36289934 21196163
36289427 21196167
36289442 21196167
36289444 21196167
36289521 21196167
36290071 21196167
36290668 21196168
36290669 21196168
36295302 21196170
36295305 21196172
36295287 21196173
36295306 21196173
36288340 21196178
36288659 21196178
36288662 21196178
36294484 21196178
36294523 21196180
36294525 21196180
36295309 21196181
36288354 21196184
36288359 21196184
36288360 21196184
36288667 21196184
36295798 21196184
36294527 21196185
36288400 21196187
36288415 21196187
36288454 21196187
36288583 21196187
36288669 21196187
36291053 21196189
36290731 21196191
36293086 21196195
36293088 21196195
36293091 21196195
36293097 21196195
36293250 21196195
36293251 21196195
36291055 21196198
36291056 21196198
36291061 21196198
36291075 21196198
36290732 21196200
36290735 21196200
36291057 21196202
36291044 21196212
36291052 21196212
36291058 21196212
36295830 21196212
36290737 21196214
36288730 21196217
36291668 21196223
36291670 21196223
36291690 21196223
36291691 21196227
36291664 21196230
36291695 21196230
36291730 21196230
36291696 21196234
36288369 21196238
36288404 21196238
36288406 21196238
36288411 21196238
36288429 21196238
36288433 21196238
36288441 21196238
36288497 21196238
36288738 21196238
36288742 21196238
36291699 21196240
36291705 21196240
36291712 21196240
36293823 21196243
36293896 21196243
36291120 21196245
36291113 21196250
36291116 21196250
36291121 21196250
36291122 21196250
36291124 21196250
36291195 21196250
36288785 21196255
36293899 21196255
36294888 21196255
36289280 21196259
36289292 21196259
36290622 21196259
36295153 21196264
36289298 21196267
36289300 21196267
36289299 21196270
36289313 21196270
36288797 21196273
36288800 21196273
36288802 21196280
36288824 21196280
36288981 21196280
36288798 21196283
36288803 21196283
36288805 21196287
36288807 21196290
36288808 21196290
36288811 21196290
36288977 21196290
36290580 21196299
36290584 21196299
36290593 21196299
36290620 21196299
36288809 21196301
36288302 21196310
36288310 21196310
36295797 21196310
36290557 21196313
36290567 21196313
36290581 21196313
36290582 21196319
36290586 21196319
36290589 21196319
36290596 21196319
36290611 21196319
36290636 21196319
36290646 21196319
36290656 21196319
36290658 21196319
36290660 21196319
36290661 21196319
36288492 21196324
36288507 21196324
36288537 21196324
36288578 21196324
36295799 21196324
36290504 21196330
36290541 21196330
36290583 21196330
36289360 21196333
36289951 21196333
36289361 21196337
36290226 21196337
36290587 21196340
36290602 21196340
36290634 21196340
36290637 21196340
36288426 21196344
36288580 21196344
36288703 21196344
36288366 21196356
36288585 21196356
36288726 21196356
36288160 21196359
36288308 21196359
36288333 21196359
36288409 21196359
36288588 21196359
36294873 21196359
36295860 21196361
36290613 21196363
36290617 21196363
36290630 21196363
36290631 21196363
36290632 21196363
36290640 21196363
36290650 21196363
36290653 21196363
36290662 21196363
36290654 21196364
36290655 21196366
36290659 21196366
36290657 21196369
36289433 21196371
36292372 21196376
36292373 21196376
36292392 21196376
36290102 21196399
36290104 21196399
36290106 21196399
36290108 21196399
36290245 21196399
36291954 21196399
36291956 21196399
36291958 21196399
36291960 21196399
36291962 21196399
36291964 21196399
36291969 21196399
36291981 21196399
36291982 21196399
36291989 21196399
36292012 21196399
36292395 21196399
36292403 21196399
36294056 21196399
36294117 21196399
36294291 21196399
36294696 21196399
36294697 21196399
36294774 21196399
36294799 21196399
36295344 21196399
36295345 21196399
36295886 21196399
36294511 21196401
36294513 21196403
36288306 21196405
36288657 21196405
36291614 21196407
36291617 21196407
36291905 21196407
36290718 21196409
36290720 21196409
36290721 21196409
36290717 21196410
36290722 21196410
36291047 21196416
36291048 21196416
36291604 21196416
36291610 21196416
36291613 21196416
36291625 21196416
36289916 21196419
36290725 21196419
36290726 21196433
36290777 21196433
36290782 21196433
36290784 21196433
36292078 21196433
36292080 21196433
36290727 21196434
36290729 21196436
36292463 21196437
36288534 21196439
36288551 21196439
36288721 21196439
36291684 21196440
36291686 21196440
36293791 21196443
36293802 21196443
36293880 21196443
36293812 21196448
36293884 21196448
36293886 21196448
36291107 21196457
36291111 21196457
36291115 21196464
36291118 21196464
36292530 21196466
36291741 21196471
36291751 21196471
36291757 21196471
36291769 21196471
36294120 21196471
36291748 21196478
36291749 21196478
36291753 21196478
36291756 21196478
36295779 21196482
36295781 21196482
36295782 21196482
36295783 21196486
36290543 21196496
36290558 21196496
36290570 21196496
36290577 21196496
36293087 21196501
36293090 21196501
36293953 21196503
36293955 21196503
36290571 21196505
36290573 21196505
36290579 21196505
36290605 21196505
36290625 21196505
36293092 21196507
36293095 21196507
36290574 21196508
36293957 21196511
36294874 21196511
36290550 21196515
36290551 21196515
36290561 21196515
36290572 21196515
36290575 21196515
36290592 21196515
36290595 21196515
36290607 21196515
36289351 21196518
36289352 21196518
36290578 21196520
36295212 21196522
36295213 21196522
36295216 21196522
36295217 21196522
36293098 21196524
36295215 21196525
36295218 21196527
36288538 21196532
36288575 21196532
36290303 21196532
36288521 21196539
36288536 21196539
36288576 21196539
36290311 21196539
36290317 21196539
36290319 21196539
36290336 21196539
36290361 21196539
36290363 21196539
36290383 21196539
36290384 21196539
36290433 21196539
36290448 21196539
36291821 21196544
36291826 21196544
36291823 21196550
36295851 21196554
36291824 21196556
36292088 21196570
36292092 21196570
36292099 21196570
36292109 21196570
36295852 21196570
36292146 21196576
36292157 21196576
36292260 21196576
36295856 21196576
36290618 21196579
36290642 21196579
36290649 21196579
36290639 21196582
36290643 21196582
36290647 21196582
36290644 21196589
36290645 21196589
36294504 21196590
36291032 21196594
36291033 21196596
36291036 21196596
36291034 21196599
36291035 21196599
36291045 21196599
36290711 21196601
36290713 21196601
36290715 21196601
36290712 21196602
36291038 21196604
36290700 21196609
36290714 21196609
36288449 21196611
36288451 21196611
36288711 21196611
36288713 21196612
36288479 21196615
36288525 21196615
36288715 21196615
36291667 21196617
36291669 21196617
36291674 21196617
36291675 21196620
36288487 21196624
36288717 21196624
36290477 21196627
36290490 21196627
36290495 21196627
36288533 21196632
36288564 21196632
36288719 21196632
36288723 21196632
36290491 21196633
36290486 21196636
36290493 21196636
36290494 21196639
36290494 27874875
36293790 21196644
36293878 21196644
36295508 21196644
36295509 21196644
36290422 21196649
36290440 21196649
36290484 21196649
36290496 21196649
36290513 21196649
36290556 21196649
36295827 21196649
36290478 21196653
36290481 21196653
36290482 21196653
36290497 21196653
36290519 21196653
36288490 21196654
36288508 21196654
36288491 21196655
36291106 21196657
36291108 21196657
36291109 21196657
36289276 21196658
36288495 21196659
36288499 21196660
36291702 21196663
36291719 21196663
36291743 21196663
36295775 21196668
36295776 21196668
36290560 21196678
36290797 21196678
36295777 21196681
36295778 21196683
36290563 21196687
36293083 21196694
36293084 21196700
36288273 21196705
36288280 21196705
36288285 21196705
36293947 21196705
36293949 21196705
36289342 21196708
36294099 21196708
36288560 21196711
36288559 21196714
36288561 21196714
36288540 21196716
36288544 21196716
36288557 21196716
36288562 21196716
36295208 21196717
36291804 21196722
36291810 21196722
36294762 21196722
36295843 21196724
36291816 21196729
36290633 21196732
36290635 21196733
36288630 21196735
36289317 21196737
36289415 21196737
36290082 21196737
36292374 21196742
36292376 21196742
36292377 21196742
36292400 21196742
36292405 21196742
36288488 21196748
36288631 21196748
36289416 21196758
36292375 21196761
36288633 21196763
36288371 21196769
36288384 21196769
36288386 21196769
36288634 21196769
36289419 21196771
36292378 21196774
36293794 21196777
36293795 21196778
36293923 21196778
36293924 21196778
36293797 21196785
36293800 21196785
36293816 21196785
36293839 21196785
36293931 21196785
36293933 21196785
36295914 21196799
36289195 21196805
36290701 21196808
36289196 21196810
36289220 21196810
36295918 21196820
36291026 21196821
36290702 21196825
36289197 21196829
36290704 21196830
36289199 21196834
36289214 21196834
36289944 21196834
36290693 21196840
36290706 21196840
36290709 21196840
36290710 21196840
36291662 21196842
36292429 21196844
36292448 21196844
36288437 21196848
36288705 21196848
36288707 21196848
36292449 21196849
36291665 21196851
36290480 21196854
36290488 21196854
36288446 21196859
36288709 21196859
36290460 21196862
36290476 21196862
36290483 21196862
36290485 21196862
36290506 21196862
36290795 21196862
36289260 21196865
36289251 21196870
36289261 21196870
36290489 21196874
36288480 21196878
36288481 21196882
36288483 21196882
36295125 21196884
36295126 21196884
36289267 21196889
36295127 21196890
36288463 21196893
36288484 21196893
36288485 21196894
36291735 21196896
36295765 21196897
36293932 21196900
36291738 21196903
36291729 21196907
36291739 21196907
36293067 21196909
36293069 21196909
36293070 21196909
36293934 21196911
36290552 21196912
36293629 21196916
36294983 21196916
36295768 21196917
36290553 21196920
36293936 21196922
36290554 21196923
36293074 21196932
36293938 21196934
36293076 21196938
36289248 21196943
36289333 21196943
36288550 21196947
36288552 21196952
36288553 21196972
36288554 21196972
36288677 21196972
36289123 21196972
36289154 21196972
36289192 21196972
36289938 21196972
36290045 21196972
36290304 21196972
36290837 21196972
36293956 21196972
36288161 21196982
36288162 21196982
36288220 21196982
36294414 21196982
36294593 21196982
36288516 21196984
36288556 21196984
36288627 21196984
36288558 21196987
36290307 21196987
36290308 21196987
36291800 21196992
36291808 21196992
36291813 21196992
36295342 21196992
36291803 21196994
36292156 21196994
36291806 21196998
36294761 21196998
36295835 21197000
36295836 21197003
36290606 21197006
36290610 21197006
36290626 21197006
36290628 21197006
36290629 21197006
36293145 21197007
36289401 21197010
36289409 21197010
36289461 21197010
36292365 21197014
36292366 21197014
36292371 21197014
36292402 21197014
36289408 21197015
36293780 21197020
36293784 21197020
36293829 21197020
36293919 21197020
36293781 21197022
36293779 21197028
36293783 21197028
36293786 21197028
36293834 21197028
36288294 21197034
36288297 21197034
36288304 21197034
36288648 21197034
36288656 21197034
36293787 21197034
36293805 21197034
36293935 21197034
36294420 21197034
36294479 21197034
36290980 21197044
36290985 21197044
36290987 21197044
36290991 21197044
36290992 21197044
36291010 21197044
36289166 21197049
36289181 21197049
36290978 21197050
36291012 21197050
36289018 21197055
36289183 21197055
36289184 21197059
36289185 21197060
36291016 21197063
36291019 21197064
36292430 21197065
36292431 21197065
36292434 21197067
36291657 21197069
36293854 21197074
36293901 21197074
36293903 21197074
36289233 21197075
36289250 21197075
36288471 21197081
36289258 21197085
36289966 21197085
36288475 21197087
36288502 21197087
36288467 21197090
36288476 21197090
36288505 21197090
36294882 21197090
36288477 21197091
36288511 21197091
36289890 21197101
36289893 21197101
36290787 21197101
36291220 21197101
36291223 21197101
36291224 21197101
36295750 21197104
36291718 21197105
36291722 21197105
36291723 21197106
36291724 21197106
36291726 21197106
36295753 21197107
36293841 21197115
36293920 21197115
36293921 21197115
36294472 21197115
36294578 21197115
36295756 21197118
36291728 21197121
36295757 21197123
36293926 21197130
36293036 21197133
36293037 21197133
36293062 21197133
36293801 21197135
36293927 21197135
36290544 21197138
36290568 21197138
36290569 21197138
36295828 21197138
36293928 21197156
36289320 21197157
36289905 21197157
36290529 21197163
36290530 21197163
36290532 21197163
36290533 21197163
36290534 21197163
36290539 21197163
36290546 21197163
36290566 21197163
36293588 21197165
36294978 21197165
36290505 21197167
36290528 21197167
36290547 21197167
36292259 21197173
36292261 21197173
36292263 21197173
36292265 21197173
36292266 21197173
36292269 21197173
36292271 21197173
36292273 21197173
36292275 21197173
36292277 21197173
36292279 21197173
36292281 21197173
36292299 21197173
36292345 21197173
36292397 21197173
36292399 21197173
36292401 21197173
36295859 21197173
36290548 21197175
36289324 21197176
36292283 21197177
36292285 21197180
36292286 21197180
36288543 21197181
36288545 21197183
36290306 21197183
36290309 21197183
36290343 21197183
36290344 21197183
36292289 21197185
36288527 21197186
36288532 21197186
36288546 21197186
36290305 21197186
36290423 21197191
36290439 21197191
36295572 21197191
36295573 21197191
36295824 21197191
36290614 21197192
36290600 21197197
36290616 21197197
36290619 21197198
36291573 21197200
36290391 21197207
36290393 21197207
36290394 21197207
36290399 21197207
36290447 21197207
36290352 21197216
36290378 21197216
36290392 21197216
36290415 21197216
36290425 21197216
36290444 21197216
36290455 21197216
36290458 21197216
36290463 21197216
36290469 21197216
36290471 21197216
36292990 21197220
36292962 21197224
36292989 21197224
36292991 21197224
36292992 21197224
36293778 21197233
36292994 21197234
36291003 21197235
36292995 21197237
36292997 21197239
36288373 21197246
36288390 21197246
36288416 21197246
36288430 21197246
36289151 21197253
36289160 21197253
36289175 21197253
36289948 21197253
36291007 21197256
36292999 21197257
36289176 21197261
36288396 21197263
36288410 21197263
36288412 21197263
36288413 21197263
36288397 21197267
36288432 21197267
36288398 21197268
36288405 21197268
36288399 21197272
36288427 21197272
36291644 21197274
36294890 21197282
36290461 21197283
36290400 21197285
36290413 21197285
36290446 21197285
36290453 21197285
36290465 21197285
36290466 21197287
36294899 21197290
36289243 21197292
36288439 21197296
36288459 21197296
36288460 21197296
36288452 21197303
36288458 21197303
36288461 21197303
36288478 21197303
36288468 21197311
36295739 21197314
36295740 21197314
36291715 21197316
36293910 21197319
36289885 21197328
36289888 21197328
36291312 21197328
36291391 21197328
36291933 21197328
36292051 21197328
36293912 21197333
36289071 21197340
36289084 21197340
36289886 21197340
36295746 21197345
36293785 21197349
36293915 21197349
36293917 21197349
36289889 21197350
36292763 21197355
36292905 21197355
36293052 21197355
36294942 21197355
36293916 21197356
36293918 21197357
36292826 21197360
36292829 21197360
36292831 21197360
36293058 21197360
36288530 21197363
36292116 21197371
36292125 21197371
36292276 21197371
36288535 21197374
36291494 21197376
36291495 21197378
36293693 21197380
36293694 21197383
36293695 21197383
36293760 21197383
36289165 21197385
36295810 21197385
36293683 21197386
36293696 21197386
36293698 21197386
36293700 21197386
36293697 21197389
36293710 21197389
36293714 21197389
36293717 21197389
36293762 21197389
36289091 21197394
36289095 21197398
36290608 21197400
36290609 21197402
36288276 21197408
36288286 21197408
36288292 21197408
36288600 21197408
36291563 21197410
36293685 21197414
36293689 21197414
36293761 21197414
36291566 21197415
36288320 21197418
36288608 21197418
36290380 21197423
36290381 21197425
36292980 21197426
36290314 21197429
36290334 21197429
36290376 21197429
36290382 21197429
36292982 21197430
36292983 21197432
36292985 21197432
36292984 21197433
36290310 21197436
36290386 21197436
36292986 21197441
36290388 21197443
36288844 21197451
36288850 21197451
36288856 21197451
36288860 21197451
36288875 21197451
36288985 21197451
36295023 21197451
36288380 21197456
36288389 21197456
36292988 21197459
36288381 21197465
36289167 21197468
36289168 21197471
36288376 21197478
36288387 21197478
36288388 21197478
36288392 21197478
36288414 21197478
36288436 21197478
36288462 21197478
36291630 21197479
36291623 21197480
36291637 21197480
36290442 21197481
36290451 21197481
36290454 21197484
36290456 21197484
36290479 21197484
36294887 21197486
36294889 21197489
36295802 21197489
36290459 21197492
36290794 21197492
36288450 21197493
36288453 21197495
36288456 21197496
36288435 21197500
36288457 21197500
36289871 21197507
36289872 21197509
36291706 21197510
36293040 21197514
36293041 21197514
36290511 21197517
36290522 21197517
36293906 21197518
36292850 21197536
36292855 21197536
36292918 21197536
36292925 21197536
36292934 21197536
36292943 21197536
36292946 21197536
36293042 21197536
36293440 21197536
36293464 21197536
36293043 21197538
36293908 21197539
36290512 21197541
36290526 21197541
36293010 21197544
36293046 21197544
36292147 21197545
36292262 21197545
36288509 21197547
36288520 21197547
36289306 21197548
36288522 21197549
36293680 21197551
36293681 21197551
36288528 21197553
36288529 21197553
36288539 21197553
36288541 21197553
36288542 21197553
36293684 21197556
36290324 21197558
36290349 21197558
36295801 21197558
36293682 21197564
36293686 21197564
36293688 21197564
36293690 21197564
36293691 21197564
36293692 21197564
36293737 21197564
36293687 21197567
36288959 21197571
36294662 21197571
36294663 21197571
36295807 21197571
36289069 21197575
36289086 21197575
36289056 21197590
36289059 21197590
36289079 21197590
36295808 21197590
36289067 21197596
36289068 21197596
36289087 21197596
36291017 21197596
36293112 21197598
36292319 21197599
36292334 21197599
36292336 21197599
36291553 21197600
36291528 21197604
36291554 21197604
36291555 21197604
36290357 21197611
36290365 21197611
36290370 21197611
36290371 21197611
36290387 21197611
36290398 21197611
36290405 21197611
36290426 21197611
36290457 21197611
36290492 21197611
36290499 21197611
36290520 21197611
36290372 21197612
36293755 21197615
36293757 21197618
36290375 21197620
36293759 21197628
36290355 21197631
36290377 21197631
36289153 21197633
36290379 21197635
36289155 21197637
36288377 21197643
36292406 21197646
36291622 21197648
36291628 21197648
36291638 21197648
36291663 21197648
36291666 21197648
36291671 21197648
36291672 21197648
36291673 21197648
36291678 21197648
36291679 21197648
36289792 21197651
36289793 21197654
36294108 21197654
36293821 21197655
36290441 21197656
36291629 21197657
36289798 21197659
36293825 21197663
36289799 21197664
36289803 21197664
36290436 21197665
36290443 21197665
36290452 21197665
36290467 21197665
36290468 21197665
36290401 21197666
36290412 21197666
36290445 21197666
36289222 21197669
36289223 21197669
36289224 21197672
36288440 21197674
36289225 21197677
36289229 21197678
36289835 21197681
36289845 21197681
36289860 21197681
36289864 21197683
36289869 21197683
36289865 21197684
36289866 21197687
36290510 21197690
36290518 21197690
36290521 21197690
36290535 21197690
36290555 21197690
36290562 21197690
36294941 21197693
36290517 21197694
36288517 21197698
36288518 21197699
36289933 21197700
36293679 21197702
36289073 21197703
36288290 21197704
36293102 21197709
36288293 21197711
36293104 21197713
36289078 21197720
36289180 21197720
36295641 21197720
36295811 21197720
36292320 21197723
36288296 21197728
36288266 21197733
36288271 21197733
36288284 21197733
36288299 21197733
36288309 21197733
36295571 21197736
36293706 21197747
36293708 21197747
36293719 21197747
36293720 21197747
36293721 21197747
36293724 21197747
36293726 21197747
36293727 21197747
36293740 21197747
36293751 21197747
36293754 21197747
36293756 21197747
36293758 21197747
36291545 21197751
36295574 21197752
36290360 21197754
36295579 21197756
36290332 21197759
36290354 21197759
36290364 21197759
36289141 21197762
36289142 21197768
36290366 21197769
36294798 21197770
36288355 21197772
36288365 21197772
36288351 21197774
36288367 21197774
36288368 21197775
36289780 21197779
36289787 21197779
36289791 21197779
36289806 21197779
36289761 21197781
36289781 21197781
36291612 21197787
36293811 21197790
36290429 21197793
36290430 21197793
36289733 21197794
36289788 21197794
36290410 21197795
36290414 21197795
36290432 21197795
36290438 21197795
36294864 21197798
36293818 21197802
36290435 21197804
36290437 21197806
36289206 21197808
36289215 21197808
36293590 21197809
36291398 21197810
36293593 21197812
36289851 21197814
36289857 21197814
36289858 21197814
36293596 21197817
36293603 21197817
36293607 21197817
36293627 21197817
36293662 21197817
36295712 21197819
36293597 21197821
36293617 21197821
36289854 21197823
36289847 21197827
36289855 21197827
36289856 21197827
36290500 21197829
36290501 21197829
36290503 21197834
36294934 21197838
36293023 21197839
36293025 21197840
36290508 21197841
36293028 21197843
36295490 21197845
36295493 21197847
36295496 21197849
36295499 21197850
36289051 21197852
36289060 21197852
36289061 21197852
36289062 21197854
36289063 21197856
36289066 21197856
36289064 21197860
36288277 21197865
36288281 21197865
36288283 21197865
36288287 21197865
36288291 21197865
36288295 21197865
36288298 21197865
36288603 21197865
36288611 21197865
36288288 21197868
36291533 21197870
36295561 21197871
36288265 21197874
36293730 21197874
36295564 21197876
36293728 21197877
36293731 21197877
36293732 21197877
36291538 21197879
36290320 21197885
36290323 21197885
36290325 21197885
36290351 21197885
36292090 21197888
36292097 21197888
36290356 21197889
36292091 21197891
36292750 21197897
36292876 21197897
36292956 21197897
36292977 21197897
36294891 21197897
36294938 21197897
36291522 21197901
36292093 21197901
36292101 21197901
36291525 21197907
36291526 21197907
36291527 21197907
36291529 21197907
36292094 21197907
36292096 21197907
36288352 21197915
36288357 21197915
36290982 21197916
36290990 21197916
36290986 21197920
36290993 21197920
36290983 21197922
36290994 21197922
36295631 21197924
36295634 21197924
36289773 21197926
36289775 21197929
36289777 21197929
36289801 21197929
36291607 21197930
36289757 21197933
36289776 21197933
36291608 21197934
36289778 21197936
36290402 21197937
36290424 21197937
36289200 21197939
36292160 21197940
36293809 21197943
36290427 21197947
36292161 21197955
36290428 21197959
36289204 21197961
36288420 21197965
36288428 21197965
36289205 21197971
36288421 21197972
36288422 21197973
36289208 21197977
36289209 21197977
36289210 21197977
36288424 21197980
36288939 21197980
36288419 21197981
36288425 21197981
36293584 21197983
36289834 21197986
36289840 21197986
36289843 21197986
36289844 21197986
36291389 21197989
36289838 21197990
36289842 21197990
36295703 21197991
36295706 21197992
36295707 21197992
36289830 21197994
36289849 21197994
36290095 21197994
36293012 21197995
36290943 21197997
36294924 21197997
36295709 21197998
36290046 21198018
36290047 21198018
36290050 21198018
36290052 21198018
36290054 21198018
36290056 21198018
36290057 21198018
36290060 21198018
36290061 21198018
36290063 21198018
36290066 21198018
36290068 21198018
36290081 21198018
36290838 21198018
36291194 21198018
36291196 21198018
36291198 21198018
36291935 21198018
36291941 21198018
36291943 21198018
36291945 21198018
36291947 21198018
36293958 21198018
36294062 21198018
36294114 21198018
36294759 21198018
36294772 21198018
36294773 21198018
36295481 21198022
36291454 21198023
36291455 21198023
36295486 21198026
36295487 21198026
36289041 21198030
36289050 21198030
36289913 21198031
36290161 21198031
36289053 21198032
36290277 21198035
36294904 21198035
36288119 21198057
36288128 21198057
36288134 21198057
36288206 21198057
36288270 21198057
36288272 21198057
36288274 21198057
36288567 21198057
36295796 21198057
36288278 21198059
36288279 21198061
36292306 21198062
36291523 21198069
36295552 21198072
36291524 21198073
36289696 21198075
36290321 21198079
36290340 21198079
36290822 21198079
36294659 21198079
36294660 21198079
36295558 21198080
36289120 21198082
36293729 21198084
36292076 21198086
36292081 21198086
36292085 21198086
36290348 21198087
36292083 21198088
36292084 21198088
36289126 21198090
36292086 21198091
36289129 21198093
36292089 21198095
36288346 21198099
36290981 21198103
36290984 21198105
36295622 21198107
36290988 21198108
36295628 21198109
36290416 21198110
36288864 21198112
36288989 21198112
36292124 21198117
36292151 21198117
36290406 21198120
36290418 21198120
36292155 21198122
36293576 21198123
36293579 21198125
36295450 21198125
36289837 21198126
36289839 21198126
36294911 21198128
36293001 21198129
36288191 21198132
36288242 21198132
36288194 21198133
36288195 21198134
36293006 21198135
36295470 21198136
36291215 21198137
36291983 21198137
36291985 21198137
36294690 21198137
36294691 21198137
36295475 21198138
36293644 21198140
36289901 21198141
36294693 21198142
36292860 21198144
36295478 21198145
36289903 21198146
36289904 21198146
36293647 21198148
36289040 21198150
36289046 21198150
36289047 21198150
36289052 21198150
36289055 21198150
36289081 21198150
36293649 21198151
36289042 21198153
36289043 21198155
36289045 21198156
36289048 21198158
36288268 21198160
36292823 21198163
36292836 21198163
36292837 21198163
36292842 21198163
36292844 21198163
36292846 21198163
36293038 21198163
36294128 21198163
36294129 21198163
36291512 21198165
36295540 21198166
36291513 21198167
36291514 21198168
36289683 21198169
36289720 21198169
36289764 21198169
36289766 21198169
36289784 21198169
36289785 21198169
36289789 21198169
36289790 21198169
36293711 21198170
36290327 21198171
36290331 21198171
36290792 21198171
36295547 21198172
36294763 21198175
36290333 21198176
36290337 21198176
36294764 21198179
36292856 21198180
36292931 21198180
36290335 21198181
36293718 21198183
36289111 21198184
36292071 21198187
36292848 21198191
36292936 21198191
36292938 21198191
36290326 21198192
36290339 21198192
36292073 21198193
36289115 21198194
36292075 21198195
36289116 21198196
36288332 21198197
36289117 21198199
36292077 21198200
36288319 21198201
36288334 21198201
36292079 21198211
36292102 21198211
36292123 21198211
36292126 21198211
36292274 21198211
36288313 21198218
36288337 21198218
36293468 21198220
36293494 21198220
36295611 21198221
36289753 21198224
36290403 21198229
36290404 21198230
36290407 21198232
36290408 21198233
36290409 21198233
36292142 21198238
36288402 21198241
36288403 21198243
36295393 21198244
36288150 21198245
36288408 21198245
36295397 21198246
36289829 21198249
36288186 21198251
36295460 21198253
36293455 21198254
36293469 21198254
36295464 21198254
36293471 21198255
36293476 21198255
36295466 21198255
36289027 21198257
36289030 21198257
36292853 21198259
36289031 21198261
36289029 21198266
36289033 21198266
36292858 21198268
36289038 21198271
36295447 21198271
36289039 21198273
36290894 21198274
36295533 21198275
36295536 21198275
36293702 21198276
36293703 21198278
36293705 21198278
36289677 21198280
36289678 21198282
36289679 21198282
36293709 21198283
36288898 21198285
36289025 21198286
36289104 21198286
36289107 21198289
36288324 21198291
36293480 21198295
36293481 21198296
36293482 21198301
36293484 21198303
36293530 21198303
36290966 21198304
36290968 21198306
36288948 21198307
36288960 21198307
36288961 21198310
36288962 21198310
36288964 21198310
36288953 21198314
36288963 21198314
36288969 21198314
36288957 21198317
36288965 21198317
36292130 21198318
36295380 21198319
36295381 21198320
36293550 21198321
36293551 21198322
36295385 21198323
36289810 21198325
36295388 21198327
36295389 21198328
36289813 21198333
36289814 21198333
36289817 21198333
36289818 21198334
36289825 21198334
36290099 21198334
36289819 21198335
36288172 21198337
36288239 21198337
36288173 21198339
36288176 21198343
36288177 21198344
36288230 21198344
36289594 21198345
36289596 21198345
36295454 21198346
36289595 21198348
36289643 21198348
36295457 21198349
36292841 21198350
36289020 21198352
36289022 21198354
36288241 21198356
36289026 21198357
36288243 21198359
36288244 21198359
36289028 21198360
36290880 21198368
36290879 21198369
36290881 21198369
36288246 21198373
36288247 21198373
36290882 21198384
36290884 21198384
36290887 21198384
36290896 21198384
36290898 21198384
36290901 21198384
36290918 21198384
36290931 21198384
36294665 21198384
36294668 21198384
36294669 21198384
36290883 21198387
36290885 21198388
36295520 21198389
36289661 21198390
36289662 21198390
36289711 21198390
36290889 21198391
36295524 21198393
36295525 21198393
36288880 21198394
36288881 21198394
36288891 21198394
36288893 21198394
36288907 21198394
36288923 21198394
36289666 21198395
36290312 21198396
36290313 21198396
36290315 21198396
36295528 21198397
36288885 21198398
36288889 21198398
36292761 21198399
36292835 21198399
36292838 21198399
36292849 21198399
36292912 21198399
36292920 21198399
36292927 21198399
36294130 21198399
36288887 21198401
36293472 21198404
36288318 21198405
36293475 21198406
36293477 21198411
36293483 21198411
36293545 21198411
36293569 21198411
36294743 21198411
36289735 21198414
36288952 21198416
36289738 21198418
36288955 21198419
36292127 21198422
36294590 21198424
36294592 21198425
36292760 21198426
36292768 21198426
36292817 21198426
36293546 21198427
36292762 21198428
36293548 21198431
36289804 21198432
36290167 21198433
36289128 21198433
36289128 21199403
36289135 21198433
36289135 21199403
36289139 21198433
36289139 21199403
36289147 21198433
36289147 21199403
36289161 21198433
36289161 21199403
36289162 21198433
36289162 21199403
36289164 21198433
36289164 21199403
36289171 21198433
36289171 21199403
36289182 21198433
36289182 21199403
36289194 21198433
36289194 21199403
36289198 21198433
36289198 21199403
36289202 21198433
36289202 21199403
36289219 21198433
36289219 21199403
36289982 21198433
36289982 21199403
36290059 21198433
36290059 21199403
36290165 21198433
36290165 21199403
36295414 21198433
36295414 21199403
36295415 21198433
36295415 21199403
36295422 21198433
36295422 21199403
36295423 21198433
36295423 21199403
36289808 21198438
36292769 21198440
36288159 21198441
36288163 21198441
36288167 21198442
36289217 21198444
36295440 21198444
36295448 21198445
36292834 21198446
36289016 21198448
36289017 21198448
36288234 21198449
36288238 21198458
36290874 21198460
36293393 21198469
36293394 21198469
36295507 21198470
36295510 21198470
36295511 21198470
36293396 21198474
36290878 21198483
36295514 21198486
36295517 21198487
36288876 21198490
36288878 21198490
36288300 21198491
36288301 21198492
36288307 21198492
36295290 21198493
36295293 21198495
36290945 21198497
36290946 21198497
36290947 21198497
36290949 21198497
36289373 21198499
36289418 21198499
36290083 21198499
36290085 21198499
36292684 21198501
36292110 21198502
36292112 21198502
36292111 21198504
36292108 21198507
36292113 21198507
36292114 21198508
36292117 21198510
36295366 21198512
36295368 21198513
36292751 21198515
36294585 21198516
36292753 21198517
36294588 21198518
36288151 21198519
36292759 21198520
36288154 21198521
36290791 21198522
36291405 21198524
36293600 21198525
36293601 21198526
36293602 21198526
36289575 21198528
36288792 21198529
36295437 21198530
36288795 21198532
36288799 21198532
36294655 21198533
36294656 21198533
36292822 21198535
36288796 21198538
36293608 21198539
36292828 21198540
36291182 21198542
36293380 21198544
36293382 21198544
36291185 21198546
36291188 21198546
36291189 21198546
36295502 21198547
36293389 21198549
36288862 21198552
36288863 21198552
36289649 21198556
36288865 21198557
36288868 21198559
36295281 21198561
36293450 21198565
36293456 21198565
36293460 21198565
36291256 21198567
36295284 21198568
36293458 21198569
36289719 21198573
36292103 21198587
36292105 21198587
36289490 21198588
36292106 21198591
36295433 21198593
36293004 21198596
36291438 21198599
36294165 21198599
36292610 21198601
36289378 21198605
36289383 21198605
36289387 21198605
36289393 21198605
36289396 21198605
36289926 21198605
36289927 21198605
36290265 21198605
36290268 21198605
36292778 21198606
36289881 21198608
36290176 21198611
36290205 21198611
36289754 21198613
36289755 21198613
36293141 21198615
36293148 21198615
36293157 21198615
36293168 21198615
36294461 21198617
36292479 21198620
36292253 21198628
36292441 21198628
36292447 21198628
36292602 21198628
36295857 21198628
36292773 21198631
36292784 21198631
36292864 21198631
36292774 21198633
36292139 21198636
36292267 21198636
36293161 21198638
36293174 21198638
36295114 21198639
36292833 21198642
36292861 21198643
36292851 21198649
36292852 21198649
36293109 21198649
36291329 21198654
36291337 21198654
36291339 21198654
36291342 21198654
36294171 21198654
36294173 21198654
36295577 21198654
36295578 21198654
36295426 21198655
36295431 21198655
36295883 21198657
36288190 21198659
36288193 21198659
36288196 21198659
36288199 21198659
36289285 21198663
36289301 21198663
36289311 21198663
36289336 21198663
36289341 21198663
36289359 21198663
36289371 21198663
36289900 21198663
36290143 21198663
36295151 21198663
36295152 21198663
36291639 21198671
36291683 21198671
36291721 21198671
36291783 21198671
36291859 21198671
36291863 21198671
36291865 21198671
36291869 21198671
36292517 21198673
36292132 21198674
36295326 21198676
36295327 21198677
36294515 21198678
36294517 21198681
36289743 21198686
36289758 21198686
36290015 21198686
36290208 21198686
36290209 21198686
36290210 21198686
36290211 21198686
36290212 21198686
36290213 21198686
36290214 21198686
36290216 21198686
36290217 21198686
36289325 21198692
36289347 21198692
36289355 21198692
36289366 21198692
36291491 21198696
36291497 21198696
36291499 21198696
36291501 21198696
36291503 21198696
36291505 21198696
36291506 21198696
36291508 21198696
36291999 21198696
36292000 21198696
36292064 21198696
36294760 21198696
36294835 21198696
36292493 21198698
36292685 21198698
36293019 21198699
36289403 21198702
36289405 21198702
36295318 21198705
36292949 21198711
36293441 21198711
36293488 21198711
36293578 21198711
36293581 21198714
36295424 21198717
36289563 21198724
36289689 21198724
36289705 21198724
36289751 21198724
36289519 21198729
36289526 21198729
36290199 21198729
36290258 21198729
36295434 21198731
36292138 21198736
36289321 21198738
36289312 21198741
36292438 21198744
36292481 21198747
36292604 21198747
36292693 21198747
36292703 21198747
36295866 21198747
36290502 21198751
36290514 21198751
36290846 21198751
36295826 21198752
36293796 21198754
36294476 21198754
36294582 21198754
36293914 21198755
36289607 21198756
36289611 21198756
36295862 21198758
36292417 21198759
36292418 21198759
36292419 21198759
36289356 21198761
36293100 21198765
36293101 21198765
36291488 21198766
36291493 21198766
36291511 21198766
36292033 21198766
36291480 21198768
36289231 21198771
36289247 21198771
36289253 21198771
36289264 21198771
36289273 21198771
36289275 21198771
36293008 21198774
36289690 21198775
36295651 21198777
36295657 21198777
36295658 21198777
36291799 21198778
36295643 21198778
36295846 21198778
36292522 21198781
36292527 21198781
36292821 21198783
36292824 21198783
36292896 21198783
36293015 21198786
36293016 21198787
36289434 21198789
36295632 21198789
36295633 21198789
36295906 21198789
36293114 21198792
36293187 21198792
36293315 21198792
36293355 21198792
36293577 21198792
36292798 21198793
36291535 21198795
36291574 21198795
36294837 21198795
36294424 21198810
36294547 21198810
36292648 21198814
36292651 21198814
36292660 21198814
36292663 21198814
36292666 21198814
36294800 21198814
36289404 21198821
36289439 21198821
36289455 21198821
36289460 21198821
36289478 21198821
36289509 21198821
36289543 21198821
36292642 21198823
36292645 21198823
36292675 21198823
36292491 21198827
36292492 21198827
36292514 21198827
36294404 21198827
36294456 21198827
36295769 21198828
36295770 21198828
36295771 21198830
36294194 21198832
36291377 21198833
36295575 21198833
36295576 21198833
36290030 21198836
36290031 21198836
36291915 21198842
36291917 21198842
36291918 21198842
36291920 21198842
36291922 21198842
36291923 21198842
36291925 21198842
36291926 21198842
36291928 21198842
36291929 21198842
36292044 21198842
36292060 21198842
36290024 21198844
36290025 21198844
36291911 21198846
36290007 21198854
36290009 21198854
36290011 21198854
36290014 21198854
36290115 21198854
36290116 21198854
36290241 21198854
36291949 21198854
36294288 21198854
36294427 21198854
36294687 21198854
36294688 21198854
36291178 21198860
36291179 21198860
36291181 21198860
36291183 21198860
36291184 21198860
36291190 21198860
36291907 21198860
36291909 21198860
36293870 21198864
36293871 21198864
36293859 21198888
36293589 21198890
36293598 21198897
36293640 21198897
36293646 21198897
36293648 21198897
36295458 21198897
36295459 21198897
36293611 21198902
36295452 21198902
36295453 21198902
36295455 21198902
36295456 21198902
36289172 21198905
36295812 21198905
36290474 21198907
36295825 21198913
36292736 21198916
36292743 21198916
36292737 21198917
36293005 21198919
36293009 21198919
36288317 21198921
36288323 21198921
36291496 21198924
36292029 21198926
36289281 21198930
36290142 21198930
36295144 21198930
36295145 21198930
36289972 21198932
36295253 21198932
36294425 21198934
36294503 21198934
36295224 21198937
36295225 21198937
36289525 21198938
36292820 21198940
36289574 21198942
36289581 21198942
36289587 21198942
36294565 21198943
36289626 21198945
36289628 21198945
36289633 21198945
36289639 21198945
36289646 21198945
36289652 21198945
36290020 21198945
36290250 21198945
36292471 21198948
36292476 21198948
36292482 21198948
36289392 21198950
36291261 21198951
36291311 21198951
36289567 21198957
36289569 21198957
36289584 21198957
36290178 21198957
36290254 21198957
36290194 21198960
36289388 21198962
36289692 21198968
36289702 21198968
36295615 21198968
36295617 21198968
36295618 21198968
36293140 21198973
36293140 62359375
36293140 62359377
36293365 21198973
36293365 62359375
36293365 62359377
36295130 21198973
36295130 62359375
36295130 62359377
36292765 21198975
36292779 21198975
36292790 21198975
36292799 21198975
36295473 21198975
36295474 21198975
36292771 21198979
36292792 21198979
36292793 21198979
36292796 21198979
36292800 21198979
36292804 21198979
36293018 21198979
36293020 21198979
36295741 21198979
36295742 21198979
36293185 21198980
36291234 21198984
36291237 21198984
36291241 21198984
36289284 21198985
36291345 21198989
36291371 21198989
36291561 21198992
36291564 21198992
36291569 21198992
36295865 21198994
36289615 21198997
36289703 21198997
36289716 21198997
36289779 21198997
36289577 21199000
36289609 21199000
36289632 21199000
36289659 21199000
36289682 21199000
36289699 21199000
36289744 21199000
36289762 21199000
36289282 21199001
36295146 21199001
36295147 21199001
36293188 21199002
36292859 21199004
36292953 21199004
36295619 21199007
36291635 21199009
36291636 21199009
36289304 21199010
36289546 21199012
36289572 21199012
36289608 21199012
36293184 21199016
36293186 21199016
36293189 21199016
36295226 21199017
36295227 21199017
36293177 21199019
36292280 21199030
36292317 21199030
36292318 21199030
36292333 21199035
36292070 21199037
36293166 21199041
36293166 62359374
36293176 21199041
36293176 62359374
36292444 21199046
36292445 21199048
36289520 21199050
36289554 21199050
36289914 21199051
36294926 21199053
36288470 21199055
36289551 21199057
36289573 21199057
36289612 21199057
36289631 21199057
36290201 21199059
36295863 21199061
36291459 21199063
36291479 21199063
36291500 21199063
36292509 21199064
36292510 21199064
36292513 21199064
36292634 21199064
36290129 21199065
36289882 21199068
36289883 21199068
36290107 21199068
36295255 21199068
36295256 21199068
36295817 21199068
36289283 21199069
36289717 21199070
36290160 21199070
36290171 21199070
36293192 21199073
36295133 21199073
36291236 21199076
36292497 21199080
36292541 21199080
36295869 21199080
36292453 21199084
36289402 21199089
36292766 21199091
36289918 21199092
36293806 21199096
36293909 21199096
36293911 21199096
36289329 21199098
36289332 21199098
36289446 21199099
36294561 21199102
36293500 21199105
36295465 21199105
36288137 21199107
36288138 21199120
36288143 21199120
36288189 21199120
36289125 21199120
36289152 21199120
36289173 21199120
36289174 21199120
36289213 21199120
36289256 21199120
36290055 21199120
36294413 21199120
36294594 21199120
36295165 21199120
36295183 21199120
36295184 21199120
36295386 21199120
36295387 21199120
36295419 21199120
36295420 21199120
36295701 21199120
36295702 21199120
36295748 21199120
36295749 21199120
36295751 21199120
36295752 21199120
36295792 21199120
36295793 21199120
36295794 21199120
36292496 21199125
36292498 21199125
36292500 21199125
36292502 21199125
36292677 21199125
36292678 21199125
36291645 21199136
36291680 21199136
36291697 21199136
36291714 21199136
36291779 21199136
36291797 21199136
36291809 21199136
36291856 21199136
36294435 21199136
36294440 21199136
36294533 21199136
36294560 21199136
36295833 21199142
36293478 21199144
36289664 21199146
36289669 21199146
36289875 21199156
36294677 21199156
36294678 21199156
36289338 21199157
36289344 21199157
36289323 21199159
36289491 21199161
36289516 21199161
36289411 21199164
36289421 21199164
36292025 21199166
36293452 21199167
36290181 21199168
36290182 21199168
36291534 21199171
36293143 21199173
36293385 21199173
36293386 21199173
36289339 21199178
36289921 21199178
36289922 21199178
36289923 21199178
36289390 21199180
36289391 21199180
36290224 21199180
36292503 21199183
36292518 21199183
36292525 21199183
36292633 21199183
36289422 21199184
36289423 21199184
36289429 21199184
36289431 21199184
36288168 21199192
36295168 21199196
36295171 21199196
36295174 21199196
36295175 21199196
36292433 21199199
36292435 21199199
36292437 21199199
36292647 21199199
36292650 21199199
36292653 21199199
36292659 21199199
36292662 21199199
36292665 21199199
36291317 21199201
36291340 21199201
36289473 21199202
36289533 21199202
36291251 21199217
36291267 21199217
36291291 21199217
36291366 21199219
36291400 21199219
36295200 21199223
36295203 21199223
36295202 21199224
36289723 21199228
36289725 21199228
36289726 21199228
36291269 21199230
36291297 21199230
36289560 21199233
36291510 21199235
36291520 21199235
36291531 21199235
36295849 21199235
36292731 21199239
36292754 21199239
36293013 21199239
36295479 21199239
36295480 21199239
36295735 21199239
36295736 21199239
36295872 21199239
36292776 21199240
36289501 21199241
36290147 21199241
36293982 21199241
36295683 21199241
36295911 21199241
36289470 21199243
36289464 21199246
36289465 21199246
36289468 21199246
36289453 21199248
36295629 21199248
36295630 21199248
36293592 21199255
36293599 21199255
36294140 21199255
36294141 21199255
36295743 21199258
36289257 21199261
36292728 21199264
36292730 21199264
36289330 21199266
36295154 21199266
36295155 21199266
36289350 21199271
36294915 21199271
36289255 21199274
36289278 21199274
36290282 21199274
36290291 21199274
36291471 21199277
36291481 21199277
36291484 21199277
36291487 21199277
36289382 21199280
36292794 21199282
36292806 21199282
36292752 21199288
36292865 21199288
36293011 21199288
36293048 21199288
36293075 21199288
36293077 21199288
36293078 21199288
36293198 21199288
36293404 21199288
36293406 21199288
36293408 21199288
36294562 21199288
36294566 21199288
36295468 21199288
36295469 21199288
36292845 21199294
36292845 62359400
36292847 21199294
36292847 62359400
36292854 21199294
36292854 62359400
36292857 21199294
36292857 62359400
36292863 21199294
36292863 62359400
36292894 21199294
36292894 62359400
36292950 21199294
36292950 62359400
36292968 21199294
36292968 62359400
36293029 21199294
36293029 62359400
36293068 21199294
36293068 62359400
36293461 21199294
36293461 62359400
36293474 21199294
36293474 62359400
36293505 21199294
36293505 62359400
36293508 21199294
36293508 62359400
36293535 21199294
36293535 62359400
36293565 21199294
36293565 62359400
36294131 21199294
36294131 62359400
36295550 21199294
36295550 62359400
36295551 21199294
36295551 62359400
36295556 21199294
36295556 62359400
36295557 21199294
36295557 62359400
36295559 21199294
36295559 62359400
36295560 21199294
36295560 62359400
36293082 21199299
36294136 21199299
36293030 21199301
36294568 21199302
36294569 21199302
36292452 21199304
36292458 21199304
36292635 21199304
36289124 21199307
36289132 21199307
36289144 21199307
36289146 21199307
36289979 21199307
36289189 21199309
36289946 21199309
36288185 21199315
36288187 21199315
36288188 21199315
36288198 21199315
36288217 21199315
36288237 21199315
36289119 21199315
36289500 21199317
36289907 21199317
36289908 21199317
36289909 21199317
36291605 21199318
36293361 21199320
36295451 21199320
36289524 21199323
36289425 21199325
36293137 21199329
36293159 21199329
36293173 21199329
36293180 21199329
36293193 21199329
36289449 21199342
36289534 21199342
36289579 21199342
36289582 21199342
36289599 21199342
36289616 21199342
36289636 21199342
36290074 21199342
36290120 21199342
36295435 21199342
36295436 21199342
36289783 21199344
36289796 21199344
36294109 21199344
36289802 21199347
36289820 21199347
36289241 21199354
36294422 21199354
36294587 21199354
36294589 21199354
36294591 21199354
36295754 21199354
36295755 21199354
36288222 21199361
36288256 21199361
36295391 21199361
36295392 21199361
36295394 21199361
36295395 21199361
36289672 21199363
36289674 21199363
36290018 21199363
36289216 21199364
36289221 21199364
36289236 21199364
36289266 21199364
36289850 21199378
36289850 47052558
36289850 47052559
36289868 21199378
36289868 47052558
36289868 47052559
36289894 21199378
36289894 47052558
36289894 47052559
36292095 21199378
36292095 47052558
36292095 47052559
36292100 21199378
36292100 47052558
36292100 47052559
36292104 21199378
36292104 47052558
36292104 47052559
36292136 21199378
36292136 47052558
36292136 47052559
36292188 21199378
36292188 47052558
36292188 47052559
36292220 21199378
36292220 47052558
36292220 47052559
36292229 21199378
36292229 47052558
36292229 47052559
36292297 21199378
36292297 47052558
36292297 47052559
36295261 21199378
36295261 47052558
36295261 47052559
36295264 21199378
36295264 47052558
36295264 47052559
36295267 21199378
36295267 47052558
36295267 47052559
36295268 21199378
36295268 47052558
36295268 47052559
36295270 21199378
36295270 47052558
36295270 47052559
36295271 21199378
36295271 47052558
36295271 47052559
36295286 21199378
36295286 47052558
36295286 47052559
36295289 21199378
36295289 47052558
36295289 47052559
36295292 21199378
36295292 47052558
36295292 47052559
36295296 21199378
36295296 47052558
36295296 47052559
36295298 21199378
36295298 47052558
36295298 47052559
36295299 21199378
36295299 47052558
36295299 47052559
36295303 21199378
36295303 47052558
36295303 47052559
36295304 21199378
36295304 47052558
36295304 47052559
36295307 21199378
36295307 47052558
36295307 47052559
36295308 21199378
36295308 47052558
36295308 47052559
36292443 21199380
36292507 21199380
36292523 21199380
36292549 21199380
36292551 21199380
36294931 21199380
36295867 21199380
36291556 21199384
36289230 21199388
36289232 21199388
36289239 21199388
36294460 21199391
36295515 21199391
36295516 21199391
36289397 21199392
36291416 21199393
36291441 21199393
36292024 21199393
36288114 21199394
36288116 21199394
36295383 21199394
36295384 21199394
36291434 21199405
36291463 21199405
36291482 21199405
36291502 21199405
36291589 21199408
36291240 21199410
36291255 21199410
36292813 21199412
36293027 21199412
36293054 21199412
36295476 21199412
36295477 21199412
36292816 21199423
36292818 21199423
36292827 21199423
36292830 21199423
36292892 21199423
36293089 21199423
36293099 21199423
36293103 21199423
36293106 21199423
36293108 21199423
36293289 21199423
36293390 21199423
36293392 21199423
36293395 21199423
36295563 21199423
36295882 21199423
36294553 21199425
36291688 21199428
36291692 21199428
36291693 21199428
36291972 21199428
36294449 21199428
36295896 21199428
36295897 21199428
36295315 21199429
36291791 21199433
36291874 21199433
36295343 21199433
36293115 21199437
36293116 21199437
36293434 21199437
36295129 21199437
36295131 21199437
36295132 21199437
36292772 21199438
36289910 21199441
36290175 21199441
36291343 21199446
36291351 21199446
36291357 21199446
36291364 21199446
36291382 21199446
36291399 21199446
36291992 21199446
36294174 21199446
36289650 21199449
36292461 21199451
36289568 21199452
36289603 21199452
36289627 21199452
36289675 21199452
36289694 21199452
36289710 21199452
36289724 21199452
36290202 21199452
36295361 21199455
36291559 21199459
36289328 21199461
36291577 21199466
36291580 21199466
36289331 21199469
36291775 21199476
36291780 21199476
36291784 21199476
36291785 21199476
36291788 21199476
36291790 21199476
36291987 21199476
36292150 21199476
36292153 21199476
36292158 21199476
36292165 21199476
36292256 21199476
36294442 21199476
36294516 21199476
36291544 21199481
36291609 21199481
36294198 21199481
36294431 21199481
36295313 21199481
36295316 21199481
36295758 21199481
36295759 21199481
36295841 21199486
36293132 21199490
36293132 62359378
36295467 21199493
36293119 21199495
36293124 21199495
36295115 21199495
36295116 21199495
36292789 21199497
36294570 21199497
36289557 21199500
36289731 21199500
36289911 21199500
36293388 21199502
36293017 21199503
36289242 21199506
36294557 21199508
36292901 21199511
36293024 21199511
36293339 21199511
36293399 21199511
36293400 21199511
36295873 21199511
36291274 21199512
36291328 21199512
36295854 21199516
36289542 21199517
36289532 21199518
36289536 21199518
36293014 21199520
36288469 21199522
36288448 21199524
36294455 21199526
36292465 21199527
36292593 21199529
36294932 21199529
36292616 21199531
36289019 21199533
36289024 21199533
36289075 21199533
36289076 21199533
36289077 21199533
36289032 21199541
36289034 21199541
36289035 21199541
36289037 21199541
36289044 21199541
36289094 21199541
36289827 21199541
36290080 21199541
36291218 21199541
36291226 21199541
36292546 21199545
36292547 21199545
36292620 21199545
36292627 21199545
36291676 21199551
36291689 21199551
36291786 21199551
36291807 21199551
36291820 21199551
36292370 21199551
36295844 21199551
36292785 21199553
36292795 21199553
36292807 21199553
36294459 21199553
36295744 21199553
36295745 21199553
36289345 21199555
36291745 21199561
36291789 21199561
36291814 21199561
36291827 21199561
36292367 21199561
36292398 21199561
36294122 21199561
36295840 21199561
36295861 21199561
36291271 21199564
36292026 21199564
36289305 21199565
36288474 21199569
36288445 21199573
36293121 21199575
36289245 21199580
36291284 21199584
36291296 21199584
36291302 21199584
36295378 21199584
36289928 21199587
36290196 21199587
36290271 21199587
36291250 21199589
36291259 21199589
36292516 21199594
36292519 21199594
36292594 21199594
36292597 21199594
36292501 21199596
36292843 21199606
36292967 21199606
36293034 21199606
36293066 21199606
36293105 21199606
36293111 21199606
36293113 21199606
36293432 21199606
36294135 21199606
36295881 21199606
36290696 21199626
36295795 21199627
36294434 21199630
36294501 21199630
36294506 21199630
36289823 21199633
36289832 21199633
36289846 21199633
36290008 21199633
36295240 21199633
36295241 21199633
36289824 21199635
36290010 21199635
36289246 21199636
36289704 21199638
36289134 21199640
36289156 21199642
36289163 21199642
36289244 21199643
36291832 21199644
36291450 21199646
36290186 21199647
36295356 21199649
36290183 21199651
36290198 21199651
36289238 21199652
36289249 21199652
36295443 21199656
36292163 21199659
36292170 21199659
36292239 21199659
36292421 21199659
36292149 21199661
36292474 21199663
36292490 21199663
36290953 21199669
36289795 21199671
36291492 21199672
36291659 21199673
36292622 21199676
36292626 21199676
36294810 21199676
36290675 21199678
36293190 21199680
36293364 21199680
36293431 21199680
36293580 21199680
36293609 21199680
36293610 21199680
36293621 21199680
36293587 21199699
36293594 21199699
36293582 21199702
36289410 21199704
36289414 21199704
36294167 21199706
36293122 21199707
36293130 21199707
36293135 21199707
36289291 21199709
36289293 21199709
36289294 21199709
36289302 21199709
36295160 21199709
36289623 21199710
36289749 21199713
36289771 21199713
36290203 21199713
36289384 21199714
36289357 21199715
36292782 21199718
36293022 21199718
36289550 21199720
36289562 21199720
36290169 21199720
36292534 21199721
36292538 21199721
36292543 21199721
36294927 21199723
36291453 21199724
36291469 21199724
36291489 21199724
36292039 21199724
36291516 21199726
36291519 21199726
36292034 21199728
36293146 21199730
36293126 21199732
36295310 21199735
36295311 21199735
36295350 21199735
36292504 21199738
36292524 21199738
36292608 21199738
36295134 21199738
36295135 21199738
36289297 21199741
36293583 21199744
36293586 21199744
36293645 21199744
36289638 21199745
36289644 21199745
36291548 21199748
36294508 21199748
36294509 21199748
36292739 21199752
36292746 21199752
36292720 21199755
36292735 21199755
36293449 21199756
36293498 21199756
36293549 21199756
36291318 21199758
36291325 21199758
36291300 21199760
36291300 21199763
36291306 21199760
36291306 21199763
36291924 21199760
36291924 21199763
36291299 21199762
36291406 21199766
36291409 21199766
36291412 21199766
36291322 21199767
36293026 21199768
36292423 21199770
36292425 21199770
36292426 21199770
36292427 21199770
36291591 21199773
36291599 21199773
36291601 21199773
36289707 21199777
36289709 21199777
36289721 21199777
36290215 21199777
36291736 21199783
36291746 21199783
36291767 21199783
36291861 21199783
36291875 21199783
36291978 21199783
36292002 21199783
36292143 21199783
36292145 21199783
36294438 21199783
36294558 21199783
36294775 21199783
36291793 21199785
36291796 21199785
36291988 21199786
36289467 21199789
36289488 21199789
36294151 21199789
36295149 21199789
36295150 21199789
36291280 21199790
36291309 21199790
36291335 21199790
36291397 21199790
36291425 21199790
36295258 21199792
36295259 21199792
36292755 21199794
36295871 21199794
36289326 21199797
36289348 21199797
36292679 21199801
36293021 21199802
36289394 21199804
36289522 21199805
36288644 21199809
36294415 21199809
36294485 21199809
36294489 21199809
36294572 21199809
36295312 21199813
36295639 21199815
36291393 21199816
36291424 21199816
36291446 21199816
36292036 21199816
36289262 21199826
36289265 21199826
36289316 21199826
36289965 21199826
36290411 21199826
36290450 21199826
36290462 21199826
36290536 21199826
36290537 21199826
36290538 21199826
36290799 21199826
36290827 21199826
36290848 21199826
36290858 21199826
36294908 21199826
36295495 21199834
36295503 21199834
36295504 21199834
36288531 21199846
36288555 21199846
36290346 21199846
36290397 21199846
36295569 21199846
36295570 21199846
36289876 21199858
36289878 21199858
36289974 21199858
36291097 21199858
36291103 21199858
36291125 21199858
36291130 21199858
36291163 21199858
36291172 21199858
36291227 21199858
36291287 21199858
36291292 21199858
36291348 21199858
36291392 21199858
36291540 21199858
36291551 21199858
36291582 21199858
36291584 21199858
36291595 21199858
36291611 21199858
36291624 21199858
36291837 21199858
36291842 21199858
36291847 21199858
36292043 21199858
36292053 21199858
36294684 21199858
36294685 21199858
36291383 21199859
36289472 21199862
36295148 21199865
36289736 21199866
36289740 21199866
36289745 21199868
36289750 21199868
36290177 21199868
36292505 21199869
36292506 21199869
36292698 21199869
36291449 21199872
36291532 21199872
36291560 21199872
36291879 21199872
36294432 21199872
36294495 21199872
36295354 21199872
36295355 21199872
36295766 21199872
36295767 21199872
36291606 21199889
36291619 21199889
36291647 21199889
36291656 21199889
36291658 21199889
36291660 21199889
36291661 21199889
36291966 21199889
36292129 21199889
36292133 21199889
36292134 21199889
36292135 21199889
36292284 21199889
36292308 21199889
36294450 21199889
36294512 21199889
36294534 21199889
36294793 21199889
36295332 21199889
36295334 21199889
36295335 21199889
36295837 21199889
36295838 21199889
36295839 21199889
36295853 21199889
36289566 21199911
36289592 21199911
36289625 21199911
36289673 21199911
36289693 21199911
36289708 21199911
36289722 21199911
36289737 21199911
36289756 21199911
36289767 21199911
36293164 21199913
36291359 21199914
36291359 21199918
36291367 21199914
36291367 21199918
36291402 21199914
36291402 21199918
36291921 21199914
36291921 21199918
36294928 21199914
36294928 21199918
36291429 21199918
36291435 21199918
36295593 21199918
36295603 21199918
36295612 21199918
36291485 21199919
36295580 21199919
36295609 21199919
36294571 21199921
36292548 21199923
36295120 21199924
36293120 21199926
36293123 21199926
36293127 21199926
36293138 21199926
36293151 21199926
36293153 21199926
36295112 21199926
36293117 21199927
36294529 21199929
