82719389 138231617
82719389 138231618
82719389 175680587
82719389 175680588
82719389 20512408
82719389 37454279
82719389 37454280
82719389 41761566
82719389 41761568
82719389 41761748
82719389 51133340
82719389 51133403
82719389 51133514
82719390 138231617
82719390 138231618
82719390 175680587
82719390 175680588
82719390 20512408
82719390 37454279
82719390 37454280
82719390 41761566
82719390 41761568
82719390 41761748
82719390 51133340
82719390 51133403
82719390 51133514
82730808 138231617
82730808 138231618
82730808 175680587
82730808 175680588
82730808 20512408
82730808 37454279
82730808 37454280
82730808 41761566
82730808 41761568
82730808 41761748
82730808 51133340
82730808 51133403
82730808 51133514
82730809 138231617
82730809 138231618
82730809 175680587
82730809 175680588
82730809 20512408
82730809 37454279
82730809 37454280
82730809 41761566
82730809 41761568
82730809 41761748
82730809 51133340
82730809 51133403
82730809 51133514
82730810 138231617
82730810 138231618
82730810 175680587
82730810 175680588
82730810 20512408
82730810 37454279
82730810 37454280
82730810 41761566
82730810 41761568
82730810 41761748
82730810 51133340
82730810 51133403
82730810 51133514
82730811 138231617
82730811 138231618
82730811 175680587
82730811 175680588
82730811 20512408
82730811 37454279
82730811 37454280
82730811 41761566
82730811 41761568
82730811 41761748
82730811 51133340
82730811 51133403
82730811 51133514
82716825 20490825
82716825 6030221
82716825 6030447
82719534 20490825
82719534 6030221
82719534 6030447
82716824 20490825
82716824 6030438
82716824 6030447
82716829 20490825
82716829 6030438
82716829 6030447
82719530 20490825
82719530 6030438
82719530 6030447
82719531 20490825
82719531 6030438
82719531 6030447
82719532 20490825
82719532 6030438
82719532 6030447
82719533 20490825
82719533 6030438
82719533 6030447
82719535 20490825
82719535 6030447
82707250 20495184
82707250 6030683
82716807 20495184
82716807 6030683
82719180 20495184
82719180 6030683
82719188 20495184
82719188 6030683
82719190 20495184
82719190 6030683
82719192 20495184
82719192 6030683
82719194 20495184
82719194 6030683
82719195 20495184
82719195 6030683
82730804 20495184
82730804 6030683
82730805 20495184
82730805 6030683
82730806 20495184
82730806 6030683
82730807 20495184
82730807 6030683
82716833 6030232
82719454 6030232
82730750 6030232
82730751 6030232
82716804 6030237
82707275 6030248
82716808 6030248
82716809 6030248
82716811 6030248
82716815 6030248
82719526 6030248
82719527 6030248
82719528 6030248
82719529 6030248
82714731 6031761
82733259 130776810
82733259 130776811
82733259 51126133
82733259 51126134
82733259 6031476
82733648 179301488
82733648 179301504
82733648 6030868
82707033 37454285
82707033 6031730
82707826 37454285
82707826 6031730
82733032 37454285
82733032 6031730
82733033 37454285
82733033 6031730
82706880 51126137
82706880 51126140
82706880 6031267
82707104 51126137
82707104 51126140
82707104 6031267
82707112 51126137
82707112 51126140
82707112 6031267
82707125 51126137
82707125 51126140
82707125 6031267
82707139 51126137
82707139 51126140
82707139 6031267
82707152 51126137
82707152 51126140
82707152 6031267
82707162 51126137
82707162 51126140
82707162 6031267
82707173 51126137
82707173 51126140
82707173 6031267
82707204 51126137
82707204 51126140
82707204 6031267
82707216 51126137
82707216 51126140
82707216 6031267
82707221 51126137
82707221 51126140
82707221 6031267
82707233 51126137
82707233 51126140
82707233 6031267
82707237 51126137
82707237 51126140
82707237 6031267
82707248 51126137
82707248 51126140
82707248 6031267
82707259 51126137
82707259 51126140
82707259 6031267
82707273 51126137
82707273 51126140
82707273 6031267
82732362 51126137
82732362 51126140
82732362 6031267
82732363 51126137
82732363 51126140
82732363 6031267
82732636 51126137
82732636 51126140
82732636 6031267
82732637 51126137
82732637 51126140
82732637 6031267
82732638 51126137
82732638 51126140
82732638 6031267
82732639 51126137
82732639 51126140
82732639 6031267
82732680 51126137
82732680 51126140
82732680 6031267
82732681 51126137
82732681 51126140
82732681 6031267
82733006 51126137
82733006 51126140
82733006 6031267
82733007 51126137
82733007 51126140
82733007 6031267
82733012 51126137
82733012 51126140
82733012 6031267
82733013 51126137
82733013 51126140
82733013 6031267
82706919 51126142
82706919 6031164
82706938 51126142
82706938 6031164
82706916 51126144
82706916 6031575
82706923 51126144
82706923 6031575
82706939 51126144
82706939 6031575
82732397 51126144
82732397 6031575
82706952 51126145
82706952 51126160
82706952 51126161
82706952 6031770
82706972 51126145
82706972 51126160
82706972 51126161
82706972 6031770
82732988 51126145
82732988 51126160
82732988 51126161
82732988 6031770
82732989 51126145
82732989 51126160
82732989 51126161
82732989 6031770
82706757 51126147
82706757 6031521
82732386 51126147
82732386 6031521
82732387 51126147
82732387 6031521
82733070 51126147
82733070 6031521
82733072 51126147
82733072 6031521
82733074 51126147
82733074 6031521
82733076 51126147
82733076 6031521
82733078 51126147
82733078 6031521
82733080 51126147
82733080 6031521
82733081 51126147
82733081 6031521
82733112 51126147
82733112 6031521
82733113 51126147
82733113 6031521
82707055 51126148
82707055 6031083
82707132 51126148
82707132 6031083
82707154 51126148
82707154 6031083
82707630 51126148
82707630 6031083
82732994 51126148
82732994 6031083
82732995 51126148
82732995 6031083
82733010 51126148
82733010 6031083
82733011 51126148
82733011 6031083
82733025 51126155
82733025 6031216
82706915 51126156
82706915 51126158
82706915 6031282
82707626 51126156
82707626 51126158
82707626 6031282
82733020 51126156
82733020 51126158
82733020 6031282
82733021 51126156
82733021 51126158
82733021 6031282
82714377 6030169
82707202 6030172
82707214 6030172
82707223 6030172
82707127 6030176
82707142 6030176
82707179 6030176
82707203 6030176
82707228 6030176
82707244 6030176
82714299 6030180
82706754 6030188
82706759 6030188
82706763 6030188
82732289 6030191
82733123 6030200
82733124 6030200
82733125 6030200
82733131 6030209
82707113 6030210
82732992 6030215
82733617 6030215
82706831 6030219
82706997 6030252
82707022 6030257
82707034 6030257
82707042 6030257
82732564 6030257
82706797 6030266
82732532 6030266
82732842 6030266
82732843 6030266
82706906 6030270
82707864 6030280
82707219 6030285
82707267 6030285
82707812 6030285
82714248 6030285
82707136 6030288
82707151 6030288
82707169 6030288
82707186 6030288
82707074 6030294
82707077 6030294
82707088 6030294
82707089 6030294
82732323 6030294
82732324 6030294
82732330 6030294
82733004 6030294
82733005 6030294
82733042 6030294
82733043 6030294
82707157 6030297
82707181 6030297
82707189 6030297
82707208 6030297
82707236 6030297
82707829 6030304
82714272 6030304
82714290 6030304
82714297 6030304
82714306 6030304
82714314 6030304
82733332 6030315
82733333 6030315
82733338 6030315
82733339 6030315
82733340 6030315
82733491 6030315
82733492 6030315
82733493 6030315
82733334 6030318
82733335 6030318
82733304 6030327
82733466 6030327
82733556 6030327
82733467 6030329
82733290 6030332
82733336 6030332
82733337 6030332
82733489 6030332
82733490 6030332
82733309 6030337
82733438 6030337
82733468 6030337
82733312 6030341
82733470 6030341
82714281 6030344
82733341 6030347
82733342 6030347
82733343 6030347
82733344 6030351
82733345 6030354
82733346 6030356
82733302 6030360
82733347 6030360
82733348 6030364
82733349 6030369
82733350 6030371
82733351 6030375
82733352 6030378
82733353 6030384
82733614 6030384
82733355 6030389
82733487 6030395
82733356 6030397
82733488 6030403
82733358 6030405
82706924 6030410
82733359 6030414
82706925 6030417
82733228 6030419
82733229 6030421
82733360 6030425
82714725 6030427
82733361 6030429
82733230 6030432
82733362 6030436
82733231 6030441
82733232 6030444
82733233 6030446
82733234 6030450
82733235 6030450
82733236 6030451
82733237 6030453
82733238 6030460
82733240 6030460
82733281 6030460
82733239 6030462
82732748 6030466
82732749 6030466
82733241 6030470
82733242 6030474
82733457 6030474
82707304 6030482
82707309 6030482
82733243 6030490
82733244 6030490
82733458 6030490
82733376 6030494
82733377 6030496
82707306 6030499
82733161 6030499
82733245 6030502
82733246 6030512
82733459 6030512
82733378 6030515
82733380 6030517
82733385 6030519
82733386 6030521
82733387 6030524
82733388 6030530
82733389 6030532
82732632 6030534
82732633 6030534
82733391 6030541
82733392 6030545
82733132 6030552
82733264 6030565
82733265 6030567
82733266 6030569
82733135 6030573
82733136 6030573
82733267 6030577
82733268 6030581
82733137 6030585
82733269 6030587
82706835 6030593
82733138 6030595
82733139 6030595
82733270 6030598
82733271 6030601
82733140 6030603
82733141 6030603
82733272 6030606
82733274 6030618
82733278 6030618
82733275 6030621
82733276 6030621
82733279 6030625
82732786 6030637
82732787 6030637
82733280 6030644
82733282 6030646
82733151 6030650
82733283 6030657
82733284 6030657
82733285 6030657
82733153 6030660
82733154 6030661
82733155 6030664
82733287 6030665
82733156 6030668
82733288 6030670
82733289 6030674
82733158 6030676
82733159 6030677
82733291 6030686
82733160 6030690
82733292 6030693
82733293 6030704
82733330 6030704
82733162 6030716
82733443 6030716
82732910 6030720
82733294 6030720
82732912 6030721
82733295 6030721
82732913 6030723
82733296 6030723
82733297 6030726
82733298 6030730
82733464 6030730
82707647 6030734
82707671 6030734
82732676 6030734
82732677 6030734
82733173 6030742
82733175 6030742
82733433 6030742
82706875 6030747
82706887 6030747
82707699 6030747
82732696 6030756
82732698 6030756
82733178 6030756
82707107 6030759
82733179 6030763
82733447 6030763
82733601 6030766
82733180 6030772
82733189 6030772
82733190 6030772
82733223 6030772
82733181 6030774
82733449 6030774
82733182 6030778
82733183 6030779
82733184 6030782
82733185 6030785
82733450 6030785
82733186 6030788
82733452 6030788
82733187 6030789
82733188 6030791
82732699 6030797
82733618 6030808
82733624 6030808
82732571 6030810
82714302 6030812
82707818 6030814
82714305 6030820
82733305 6030820
82733632 6030830
82733633 6030834
82733634 6030837
82714313 6030838
82714315 6030841
82733639 6030846
82733641 6030850
82733642 6030852
82733645 6030856
82707284 6030863
82707287 6030863
82707288 6030863
82707299 6030863
82707852 6030863
82733653 6030872
82733422 6030885
82733523 6030885
82733564 6030885
82733424 6030894
82733425 6030894
82733524 6030894
82733423 6030899
82733525 6030899
82733526 6030901
82707297 6030904
82707850 6030904
82732900 6030908
82733328 6030908
82733329 6030908
82732347 6030912
82732348 6030912
82707171 6030915
82733157 6030922
82733439 6030922
82733540 6030922
82733543 6030922
82733541 6030928
82733440 6030932
82733542 6030932
82733544 6030938
82733545 6030938
82733421 6030943
82733553 6030945
82733555 6030945
82733554 6030946
82733575 6030946
82733557 6030949
82733558 6030949
82733635 6030949
82732932 6030951
82732934 6030951
82733559 6030960
82707066 6030962
82733560 6030963
82733300 6030965
82733301 6030969
82733303 6030971
82733306 6030974
82733307 6030979
82733308 6030980
82733441 6030983
82733442 6030983
82733574 6030985
82733448 6030987
82732954 6030990
82732955 6030990
82732956 6030993
82732957 6030993
82733451 6030996
82708035 6031000
82708036 6031000
82733463 6031003
82707056 6031006
82707040 6031008
82707277 6031011
82707109 6031014
82707128 6031017
82707149 6031017
82707185 6031017
82707205 6031017
82714373 6031021
82732444 6031022
82706817 6031025
82732996 6031031
82732997 6031031
82706933 6031033
82706945 6031033
82706955 6031033
82732878 6031035
82732880 6031035
82732881 6031035
82706870 6031040
82706881 6031040
82732864 6031040
82732865 6031040
82707144 6031053
82707163 6031053
82707199 6031053
82707224 6031053
82707251 6031053
82707506 6031053
82732684 6031053
82732685 6031053
82706710 6031061
82706725 6031061
82714293 6031061
82714736 6031061
82732525 6031061
82706827 6031066
82706856 6031066
82732774 6031066
82732775 6031066
82706785 6031069
82732307 6031073
82707254 6031075
82732642 6031077
82732643 6031077
82733036 6031088
82733037 6031088
82706801 6031098
82706812 6031102
82733114 6031114
82733115 6031114
82732283 6031116
82733082 6031119
82733084 6031123
82733085 6031125
82707197 6031127
82707206 6031127
82707123 6031128
82707165 6031130
82707182 6031130
82707172 6031136
82707240 6031136
82706716 6031138
82706740 6031143
82706743 6031143
82732286 6031143
82706898 6031145
82732339 6031147
82732340 6031147
82732342 6031147
82732345 6031147
82732950 6031147
82732952 6031147
82732953 6031147
82733620 6031147
82732434 6031149
82706722 6031151
82707211 6031154
82707242 6031154
82707255 6031154
82707262 6031154
82707813 6031154
82732563 6031156
82706723 6031160
82706723 81796235
82706727 6031160
82706727 81796235
82706735 6031160
82706735 81796235
82707110 6031162
82707140 6031162
82707093 6031169
82707098 6031169
82733008 6031169
82733009 6031169
82707970 6031171
82732310 6031171
82732311 6031171
82706964 6031178
82706983 6031178
82706993 6031178
82707002 6031178
82714384 6031178
82732788 6031184
82706903 6031191
82706921 6031191
82706942 6031191
82706709 6031192
82707120 6031194
82707170 6031194
82707192 6031194
82707819 6031194
82707121 6031198
82707129 6031198
82707138 6031198
82707158 6031198
82707178 6031198
82707191 6031198
82707200 6031198
82707210 6031198
82707215 6031198
82707823 6031198
82732379 6031201
82733044 6031201
82733045 6031201
82707133 6031203
82707145 6031203
82732274 6031206
82732435 6031208
82706909 6031211
82707974 6031211
82707101 6031220
82732678 6031220
82732679 6031220
82707201 6031223
82707247 6031223
82707279 6031223
82707131 6031228
82707166 6031228
82732298 6031228
82707134 6031231
82707160 6031231
82707194 6031231
82707213 6031231
82707241 6031231
82707263 6031231
82707839 6031233
82732332 6031236
82732334 6031236
82732223 6031240
82733050 6031240
82733051 6031240
82733064 6031240
82733066 6031240
82733068 6031240
82733677 6031240
82732770 6031243
82732771 6031243
82706726 6031246
82732568 6031246
82732278 6031247
82732546 6031269
82706843 6031276
82733286 6031276
82706912 6031277
82732982 6031277
82732983 6031277
82707239 6031285
82707260 6031285
82707276 6031285
82732634 6031285
82732635 6031285
82706806 6031288
82706862 6031296
82707603 6031296
82732882 6031296
82732884 6031296
82732886 6031296
82732888 6031296
82732890 6031296
82732892 6031296
82732894 6031296
82732895 6031296
82706670 6031313
82706686 6031313
82706693 6031313
82714721 6031313
82732491 6031316
82707281 6031317
82732442 6031320
82732497 6031320
82707298 6031323
82707300 6031323
82706786 6031328
82706802 6031328
82706811 6031328
82706775 6031335
82706822 6031335
82732846 6031335
82732847 6031335
82732930 6031335
82732931 6031335
82706762 6031337
82732792 6031341
82732793 6031341
82706970 6031343
82732986 6031343
82732987 6031343
82732271 6031345
82732395 6031351
82707153 6031354
82707180 6031354
82707195 6031354
82707198 6031354
82706883 6031356
82707235 6031359
82707303 6031370
82707508 6031370
82714141 6031370
82732742 6031370
82732743 6031370
82707086 6031375
82707090 6031375
82707103 6031375
82707124 6031375
82707061 6031377
82707078 6031377
82732477 6031383
82732480 6031383
82707209 6031387
82707266 6031387
82707286 6031387
82707631 6031401
82707633 6031401
82707635 6031401
82707977 6031401
82707981 6031401
82707985 6031401
82713717 6031401
82713719 6031401
82713723 6031401
82713725 6031401
82713727 6031401
82713729 6031401
82714312 6031401
82714427 6031401
82732318 6031401
82732503 6031401
82732504 6031401
82732517 6031401
82732536 6031401
82707629 6031403
82733046 6031403
82733047 6031403
82706936 6031406
82707190 6031410
82707207 6031410
82707230 6031410
82707272 6031410
82706994 6031414
82707005 6031414
82707021 6031414
82707243 6031421
82707271 6031421
82707282 6031421
82707512 6031421
82732366 6031421
82732644 6031421
82732645 6031421
82706774 6031440
82706805 6031440
82706816 6031440
82714429 6031440
82732844 6031440
82732845 6031440
82706715 6031444
82707894 6031444
82707292 6031446
82732465 6031450
82732779 6031484
82707973 6031487
82732329 6031490
82707137 6031492
82707164 6031492
82707220 6031492
82707283 6031495
82732459 6031501
82732461 6031501
82732462 6031501
82732466 6031501
82732467 6031501
82707212 6031503
82707816 6031526
82732559 6031526
82732522 6031529
82732523 6031529
82707048 6031533
82714247 6031533
82732377 6031533
82732378 6031533
82733018 6031533
82733019 6031533
82732275 6031535
82706663 6031541
82706667 6031541
82732325 6031543
82707115 6031546
82707150 6031546
82707184 6031546
82732470 6031549
82714577 6031551
82706891 6031556
82708034 6031556
82732498 6031556
82706986 6031562
82706998 6031562
82707006 6031562
82707014 6031562
82732315 6031562
82733038 6031562
82733039 6031562
82732309 6031564
82733040 6031564
82733041 6031564
82706892 6031567
82706897 6031567
82706914 6031567
82706703 6031569
82706724 6031569
82732772 6031571
82732773 6031571
82732776 6031571
82732777 6031571
82732862 6031584
82732863 6031584
82732940 6031584
82732942 6031584
82732943 6031584
82732944 6031584
82732946 6031584
82732947 6031584
82706910 6031590
82706922 6031590
82706944 6031590
82706958 6031590
82714386 6031607
82707824 6031610
82707825 6031610
82706951 6031612
82732870 6031612
82732871 6031612
82706874 6031615
82732962 6031618
82732964 6031618
82732965 6031618
82707092 6031621
82732938 6031624
82732939 6031624
82732382 6031626
82706708 6031630
82706711 6031630
82706950 6031637
82706969 6031637
82707003 6031637
82707013 6031637
82707035 6031637
82732872 6031637
82732873 6031637
82732990 6031637
82732991 6031637
82707868 6031639
82732361 6031642
82733621 6031646
82706960 6031656
82706981 6031656
82706992 6031656
82707039 6031656
82732349 6031656
82732978 6031656
82732979 6031656
82732980 6031656
82732981 6031656
82732984 6031656
82732985 6031656
82707602 6031667
82707604 6031667
82707606 6031667
82707612 6031667
82707614 6031667
82707618 6031667
82707979 6031667
82708033 6031667
82713707 6031667
82713709 6031667
82713711 6031667
82713713 6031667
82713715 6031667
82713747 6031667
82714732 6031667
82732533 6031667
82732547 6031667
82733016 6031667
82733017 6031667
82732672 6031675
82732674 6031675
82732675 6031675
82714277 6031681
82733034 6031681
82733035 6031681
82707308 6031683
82707143 6031684
82707159 6031684
82707015 6031698
82707023 6031698
82707047 6031698
82707065 6031698
82707072 6031698
82707827 6031698
82707837 6031698
82707122 6031701
82707135 6031701
82707174 6031701
82707822 6031701
82707053 6031706
82707069 6031706
82732746 6031737
82732747 6031737
82706854 6031746
82707605 6031746
82733623 6031746
82707146 6031752
82732472 6031752
82732368 6031758
82707105 6031762
82714430 6031783
82732383 6031783
82732394 6031783
82732396 6031783
82732521 6031783
82707176 6031786
82707187 6031786
82706984 6031787
82732966 6031792
82732968 6031792
82732970 6031792
82732972 6031792
82732974 6031792
82732975 6031792
82732266 6031795
82732427 6031795
82706867 6031800
82706886 6031803
82706937 6031803
82706953 6031803
82706965 6031803
82706987 6031803
82706996 6031803
82732293 6031803
82707004 6031805
82707091 6031806
82707102 6031806
