165345948 21413610
165345948 21487139
165345949 21413610
165345949 21487139
165345955 21413610
165345955 21487139
165347611 21420807
165347611 21491714
165347863 21420807
165347863 21491714
165357542 21420807
165357542 21491714
165357543 21420807
165357543 21491714
165347600 21420807
165347600 21491718
165347607 21420807
165347607 21491718
165355066 21420807
165355066 21491718
165347614 21420831
165347614 21491714
165347677 21420831
165347677 21491714
165347683 21420831
165347683 21491714
165504577 21488233
165504577 21607250
165504310 21489035
165504310 21643777
165504311 21489035
165504311 21643777
165504388 21489035
165504388 21643777
165504389 21489035
165504389 21643777
165507286 21489035
165507286 21643777
165507287 21489035
165507287 21643777
165509768 21489038
165509768 21643781
165504715 21490038
165504715 21630472
165504509 21637909
165504582 21637909
165504629 21637909
165509798 21637909
165509799 21637909
165509800 21637909
165509801 21637909
165499150 143178270
165499150 21490100
165499155 143178270
165499155 21490100
165506406 143178270
165506406 21490100
165503593 165130372
165503593 21486257
165503593 21490121
165503668 165130372
165503668 21486257
165503668 21490121
165503677 165130372
165503677 21486257
165503677 21490121
165503742 165130372
165503742 21486257
165503742 21490121
165503823 165130372
165503823 21486257
165503823 21490121
165503868 165130372
165503868 21486257
165503868 21490121
165503879 165130372
165503879 21486257
165503879 21490121
165507727 165130372
165507727 21486257
165507727 21490121
165507728 165130372
165507728 21486257
165507728 21490121
165509644 165130372
165509644 21486257
165509644 21490121
165509645 165130372
165509645 21486257
165509645 21490121
165503822 165130375
165503822 165130377
165503822 165130379
165503822 21487048
165498949 21485510
165505987 21485510
165501808 21485514
165507922 21485514
165507923 21485514
165498166 21485516
165498230 21485516
165503638 21485517
165508930 21485519
165501829 21485520
165499875 21485524
165505610 21485527
165505614 21485527
165505619 21485527
165505613 21485529
165505616 21485529
165499821 21485530
165503131 21485531
165503133 21485531
165503136 21485531
165503315 21485531
165500987 21485534
165501027 21485534
165501175 21485534
165506505 21485534
165506524 21485534
165500852 21485537
165498039 21485543
165498146 21485543
165500207 21485543
165500228 21485543
165500509 21485543
165507707 21485543
165507708 21485543
165508610 21485543
165499127 21485544
165499140 21485544
165499158 21485544
165499755 21485544
165499752 21485545
165499754 21485545
165502529 21485548
165508427 21485550
165508430 21485550
165499003 21485552
165498240 21485553
165505674 21485554
165503159 21485563
165506766 21485563
165502918 21485564
165502919 21485564
165504501 21485565
165504534 21485565
165504502 21485568
165504504 21485571
165501806 21485573
165500105 21485578
165500161 21485578
165507445 21485578
165509702 21485578
165502977 21485580
165508291 21485580
165508292 21485580
165498376 21485583
165508684 21485583
165508685 21485583
165505675 21485584
165498356 21485586
165498555 21485586
165498615 21485586
165498795 21485586
165507583 21485586
165507584 21485586
165507587 21485586
165507590 21485586
165509400 21485586
165498830 21485588
165508396 21485589
165508399 21485591
165503184 21485596
165507902 21485598
165501358 21485618
165506545 21485618
165507905 21485620
165500295 21485627
165500576 21485627
165507908 21485629
165508458 21485631
165508460 21485631
165508463 21485632
165504438 21485633
165507682 21485634
165508467 21485647
165508468 21485647
165505850 21485649
165508469 21485651
165507687 21485653
165502472 21485654
165505855 21485655
165505856 21485655
165505857 21485655
165500640 21485660
165500807 21485660
165500476 21485662
165500583 21485662
165501370 21485662
165501425 21485662
165506448 21485662
165502474 21485663
165500641 21485690
165501372 21485690
165501373 21485690
165509486 21485690
165505858 21485701
165500645 21485706
165499340 21485715
165499342 21485715
165499353 21485715
165504503 21485722
165508531 21485724
165504506 21485734
165506903 21485734
165508534 21485737
165507751 21485742
165508537 21485744
165508538 21485749
165507754 21485752
165505731 21485755
165506656 21485755
165508539 21485755
165505922 21485760
165505923 21485760
165498420 21485771
165498423 21485771
165498569 21485771
165507757 21485780
165505926 21485782
165503329 21485786
165504289 21485791
165508600 21485794
165508603 21485797
165500778 21485809
165506489 21485809
165507482 21485809
165498632 21485812
165507824 21485815
165507825 21485819
165507828 21485823
165508381 21485828
165508384 21485830
165508386 21485832
165508387 21485832
165508389 21485840
165508392 21485840
165508395 21485840
165508398 21485840
165508401 21485840
165508402 21485840
165501340 21485842
165501344 21485842
165501342 21485844
165501343 21485844
165502393 21485846
165502395 21485848
165502397 21485853
165501349 21485859
165499261 21485863
165506376 21485863
165504421 21485869
165504423 21485871
165508452 21485878
165508453 21485878
165504274 21485898
165504424 21485898
165504425 21485902
165508454 21485905
165499267 21485906
165507671 21485910
165508457 21485913
165508459 21485914
165507674 21485915
165506629 21485923
165507677 21485926
165505844 21485928
165502462 21485932
165502463 21485935
165500631 21485956
165500634 21485956
165500770 21485956
165505847 21485961
165500632 21485979
165500774 21485979
165500775 21485979
165500636 21485995
165500637 21485995
165500681 21485995
165500638 21486001
165508520 21486003
165508523 21486006
165508526 21486010
165503154 21486012
165503310 21486012
165508527 21486015
165508528 21486015
165507742 21486026
165503312 21486030
165503314 21486037
165503316 21486041
165503317 21486051
165503318 21486056
165504268 21486066
165504270 21486066
165509089 21486068
165500790 21486076
165500791 21486076
165506472 21486076
165505690 21486079
165507815 21486083
165507816 21486083
165502603 21486087
165502639 21486087
165500489 21486089
165508370 21486094
165508375 21486100
165507591 21486104
165508378 21486108
165507594 21486110
165500594 21486116
165507595 21486116
165507596 21486116
165501332 21486118
165507597 21486121
165500327 21486150
165500328 21486150
165500467 21486150
165500469 21486150
165500471 21486150
165506549 21486150
165503167 21486153
165503299 21486153
165503168 21486161
165505768 21486165
165502386 21486172
165502389 21486176
165504411 21486183
165508440 21486188
165508441 21486188
165501973 21486198
165508442 21486200
165498471 21486203
165508445 21486206
165507662 21486209
165508448 21486212
165507665 21486215
165505828 21486217
165505832 21486217
165505833 21486217
165505834 21486219
165507668 21486220
165504190 21486222
165504191 21486222
165504194 21486222
165505839 21486224
165500623 21486229
165500624 21486236
165501409 21486244
165506449 21486244
165504189 21486246
165504193 21486246
165504195 21486249
165503873 21486251
165503870 21486256
165503872 21486256
165503874 21486256
165503875 21486256
165505431 21486256
165503865 21486257
165503876 21486257
165508513 21486259
165508517 21486262
165507736 21486263
165507739 21486264
165502524 21486265
165499965 21486266
165508288 21486267
165508290 21486267
165508293 21486268
165500241 21486272
165500242 21486272
165506461 21486272
165503942 21486279
165503945 21486279
165503948 21486279
165508295 21486281
165508296 21486281
165506462 21486283
165503943 21486289
165503988 21486289
165503944 21486290
165508297 21486291
165504269 21486294
165505681 21486295
165503949 21486301
165507800 21486302
165507803 21486304
165507809 21486308
165508361 21486309
165508364 21486311
165498393 21486314
165498417 21486314
165507580 21486318
165507581 21486318
165507766 21486318
165507767 21486318
165498394 21486320
165509378 21486320
165503150 21486321
165508367 21486322
165507582 21486324
165501320 21486325
165501321 21486325
165507585 21486327
165503155 21486329
165507588 21486331
165500540 21486333
165500541 21486334
165500542 21486334
165500544 21486335
165500545 21486335
165500546 21486335
165502378 21486338
165508431 21486339
165508432 21486341
165508433 21486341
165504404 21486343
165508434 21486346
165508435 21486348
165507650 21486351
165507653 21486353
165508439 21486354
165506607 21486356
165507656 21486358
165499881 21486360
165505825 21486361
165507659 21486364
165502446 21486366
165502447 21486366
165504096 21486367
165504101 21486367
165504180 21486367
165499885 21486368
165504181 21486370
165504182 21486371
165504120 21486378
165504183 21486378
165500617 21486379
165504185 21486381
165503867 21486384
165500850 21486393
165501171 21486393
165508505 21486395
165507719 21486398
165507720 21486398
165502328 21486401
165508507 21486401
165500278 21486413
165500392 21486413
165500394 21486413
165500396 21486413
165500398 21486413
165500407 21486413
165500554 21486413
165500558 21486413
165500722 21486413
165505352 21486413
165507725 21486417
165507726 21486417
165502513 21486419
165499952 21486422
165507729 21486424
165499953 21486425
165500031 21486425
165509063 21486427
165509066 21486429
165508284 21486432
165503016 21486436
165503071 21486436
165503072 21486437
165508289 21486438
165501246 21486447
165500325 21486452
165500458 21486452
165500461 21486452
165508352 21486453
165507571 21486455
165498384 21486457
165498982 21486457
165498385 21486460
165505740 21486461
165508358 21486462
165507576 21486463
165506528 21486465
165502360 21486468
165502362 21486471
165501314 21486472
165507579 21486474
165505746 21486477
165503148 21486479
165502364 21486480
165505749 21486481
165502366 21486482
165500536 21486483
165500284 21486488
165500539 21486488
165508420 21486490
165508421 21486493
165508425 21486497
165501094 21486500
165499239 21486502
165499249 21486502
165499805 21486502
165499818 21486502
165509693 21486502
165507641 21486504
165498456 21486508
165498590 21486508
165509380 21486508
165507644 21486510
165501098 21486511
165507647 21486512
165502431 21486514
165499871 21486515
165499874 21486516
165500603 21486517
165502437 21486519
165502438 21486519
165500604 21486522
165500605 21486523
165500739 21486523
165499879 21486524
165504115 21486526
165504177 21486526
165503854 21486528
165504179 21486532
165505590 21486536
165503857 21486542
165500864 21486556
165500866 21486556
165501162 21486556
165500865 21486559
165501164 21486559
165507712 21486561
165507718 21486564
165509049 21486568
165509050 21486568
165499942 21486570
165509051 21486572
165502507 21486573
165508273 21486577
165500353 21486580
165506444 21486580
165505661 21486582
165507495 21486585
165507496 21486585
165507497 21486587
165505664 21486588
165497987 21486589
165498104 21486589
165500302 21486595
165500450 21486595
165503069 21486598
165505667 21486599
165498765 21486603
165498768 21486603
165498770 21486603
165498772 21486603
165498774 21486603
165498778 21486603
165498780 21486603
165498781 21486603
165498787 21486603
165498800 21486603
165498952 21486603
165499629 21486603
165499631 21486603
165499633 21486603
165499703 21486603
165499945 21486603
165505573 21486603
165505574 21486603
165506358 21486603
165509687 21486603
165509699 21486603
165509737 21486603
165501869 21486606
165501870 21486606
165501874 21486609
165503444 21486610
165508342 21486610
165508346 21486612
165507561 21486614
165508349 21486615
165501300 21486616
165501201 21486618
165501301 21486618
165507565 21486620
165503135 21486621
165505734 21486623
165502352 21486624
165507568 21486627
165503138 21486632
165506789 21486632
165505737 21486636
165501308 21486638
165500525 21486641
165499221 21486642
165506294 21486645
165508411 21486648
165502994 21486650
165508414 21486651
165502996 21486652
165508417 21486654
165502998 21486655
165507632 21486658
165505800 21486662
165507635 21486665
165499860 21486667
165499861 21486667
165507638 21486669
165505806 21486671
165505808 21486671
165502427 21486674
165508190 21486675
165508193 21486677
165508196 21486678
165505580 21486679
165508199 21486682
165507700 21486684
165500257 21486693
165500264 21486693
165500370 21486693
165500372 21486693
165500856 21486697
165500977 21486697
165501156 21486697
165505587 21486698
165507703 21486699
165500374 21486700
165507706 21486701
165509902 21486702
165509040 21486703
165507709 21486704
165509042 21486705
165501789 21486706
165501791 21486706
165509045 21486707
165509046 21486711
165509047 21486711
165498030 21486716
165498290 21486716
165498291 21486716
165501797 21486718
165506431 21486720
165498292 21486722
165501799 21486723
165504207 21486724
165504239 21486724
165505652 21486725
165507486 21486726
165497817 21486741
165497866 21486741
165500107 21486741
165506438 21486741
165509682 21486744
165505656 21486746
165505657 21486746
165505658 21486747
165504304 21486748
165499147 21486750
165508334 21486754
165508335 21486754
165507551 21486757
165508336 21486758
165503121 21486773
165507554 21486774
165505723 21486775
165499780 21486777
165507557 21486778
165502341 21486780
165502343 21486781
165505727 21486782
165508971 21486786
165502345 21486788
165500215 21486796
165500512 21486796
165500513 21486798
165502347 21486799
165508974 21486802
165502349 21486804
165500516 21486806
165504083 21486809
165504085 21486813
165504090 21486813
165504212 21486813
165500519 21486814
165504088 21486816
165501070 21486818
165502982 21486819
165508403 21486820
165508404 21486820
165501012 21486823
165501072 21486823
165507325 21486823
165509586 21486823
165502985 21486825
165508405 21486827
165500290 21486829
165508408 21486830
165498437 21486831
165502409 21486832
165502410 21486832
165502411 21486833
165499852 21486837
165500029 21486837
165507629 21486838
165502413 21486842
165500299 21486844
165499854 21486846
165499856 21486847
165502417 21486848
165508181 21486852
165508182 21486856
165508183 21486856
165503831 21486858
165508184 21486860
165508187 21486861
165501139 21486863
165501140 21486863
165497894 21486865
165505575 21486866
165505576 21486866
165500259 21486871
165500260 21486871
165500361 21486871
165501646 21486876
165506992 21486876
165502968 21486886
165504798 21486886
165501780 21486887
165503265 21486888
165509034 21486888
165501782 21486891
165508250 21486893
165501785 21486894
165501786 21486894
165501787 21486894
165497953 21486896
165498284 21486896
165507471 21486898
165498285 21486899
165498286 21486901
165498288 21486901
165507473 21486905
165507474 21486905
165508259 21486908
165498289 21486909
165507477 21486910
165501214 21486912
165503048 21486913
165505646 21486914
165508890 21486916
165505649 21486917
165508893 21486918
165509678 21486919
165508896 21486921
165508899 21486925
165508322 21486926
165508325 21486932
165498355 21486934
165498811 21486934
165507542 21486936
165508328 21486939
165503112 21486945
165503274 21486945
165505711 21486947
165507545 21486949
165502330 21486950
165503116 21486953
165509743 21486955
165497890 21486964
165498210 21486964
165498212 21486964
165498214 21486964
165498216 21486964
165498218 21486964
165498220 21486964
165498221 21486964
165498318 21486964
165498750 21486964
165498754 21486964
165498756 21486964
165498758 21486964
165498760 21486964
165498761 21486964
165498958 21486964
165499617 21486964
165499619 21486964
165499623 21486964
165499625 21486964
165499626 21486964
165499771 21486964
165500049 21486964
165506628 21486964
165509691 21486964
165507548 21486966
165509744 21486970
165499772 21486972
165499773 21486972
165508960 21486974
165502334 21486976
165500503 21486977
165502337 21486980
165508964 21486982
165508965 21486982
165502339 21486984
165499778 21486985
165508968 21486986
165502969 21486989
165502970 21486989
165502971 21486989
165505490 21486991
165502972 21486993
165502973 21486993
165502974 21486994
165502975 21486995
165501927 21486997
165497908 21486999
165505494 21486999
165507610 21487001
165507611 21487006
165507612 21487006
165501066 21487008
165502978 21487010
165498425 21487012
165498730 21487012
165505497 21487014
165501068 21487017
165501069 21487017
165500285 21487026
165500288 21487026
165500293 21487026
165500287 21487028
165499842 21487029
165500289 21487033
165505354 21487033
165499846 21487035
165503596 21487044
165503703 21487044
165503820 21487044
165508173 21487046
165508174 21487046
165507390 21487052
165507392 21487052
165507393 21487052
165507398 21487052
165507413 21487052
165507414 21487052
165507391 21487054
165508175 21487055
165503824 21487057
165508178 21487062
165507394 21487064
165503828 21487067
165503829 21487067
165507385 21487068
165507395 21487068
165507396 21487068
165505519 21487073
165509594 21487073
165501136 21487075
165509595 21487076
165501018 21487078
165501019 21487078
165501138 21487078
165509597 21487079
165499910 21487080
165509020 21487081
165509021 21487082
165509023 21487082
165499051 21487085
165499710 21487085
165504103 21487090
165504210 21487090
165499915 21487092
165499916 21487092
165504771 21487092
165504211 21487093
165509024 21487095
165509532 21487095
165508241 21487096
165504214 21487098
165509027 21487106
165508244 21487108
165506411 21487109
165507460 21487111
165508247 21487112
165505631 21487117
165501200 21487119
165503037 21487122
165505637 21487124
165503039 21487128
165506746 21487128
165508881 21487130
165508884 21487133
165508887 21487135
165501837 21487137
165501839 21487137
165501841 21487137
165502880 21487149
165502891 21487149
165502893 21487149
165502895 21487149
165502898 21487149
165502899 21487149
165502901 21487149
165502902 21487149
165506736 21487149
165506737 21487149
165509735 21487149
165501834 21487152
165501843 21487152
165508312 21487153
165503018 21487154
165508313 21487154
165507530 21487155
165508316 21487156
165498344 21487158
165504035 21487158
165506339 21487158
165498345 21487159
165498927 21487159
165507533 21487160
165505701 21487161
165508319 21487163
165507536 21487166
165502320 21487169
165502322 21487172
165507539 21487173
165508949 21487175
165508950 21487175
165508951 21487176
165508952 21487177
165508953 21487177
165508954 21487181
165508092 21487183
165499769 21487185
165505969 21487185
165508094 21487187
165508957 21487188
165508097 21487189
165502959 21487191
165502960 21487191
165508098 21487192
165508099 21487192
165502964 21487208
165506741 21487208
165502965 21487213
165501917 21487216
165507600 21487217
165502967 21487222
165500179 21487227
165500271 21487227
165507605 21487228
165501059 21487232
165499831 21487234
165500277 21487238
165508160 21487240
165508163 21487242
165508166 21487244
165506335 21487247
165505550 21487249
165508169 21487252
165500895 21487256
165501120 21487256
165503819 21487259
165507386 21487261
165507387 21487261
165505553 21487262
165509583 21487265
165499042 21487267
165509015 21487270
165499039 21487272
165499043 21487272
165509016 21487275
165509017 21487275
165504203 21487277
165508232 21487279
165498260 21487281
165509018 21487282
165509019 21487282
165499046 21487287
165501767 21487290
165504206 21487294
165508235 21487295
165498263 21487296
165499048 21487297
165505298 21487297
165501006 21487304
165506403 21487304
165507266 21487304
165507267 21487304
165498264 21487307
165498265 21487307
165503020 21487311
165507451 21487314
165504209 21487315
165508238 21487316
165507454 21487319
165505622 21487321
165503026 21487323
165503027 21487326
165503029 21487329
165499684 21487332
165509658 21487336
165499686 21487339
165499688 21487340
165508300 21487341
165508303 21487342
165508306 21487344
165500191 21487346
165507523 21487349
165507526 21487349
165508309 21487352
165509722 21487356
165502314 21487358
165502317 21487361
165506654 21487361
165508080 21487362
165508083 21487366
165508086 21487368
165497791 21487372
165497792 21487372
165497897 21487372
165502950 21487373
165497793 21487384
165497794 21487384
165497796 21487384
165497797 21487384
165497798 21487384
165501040 21487386
165502952 21487388
165508089 21487389
165497795 21487393
165502954 21487398
165506739 21487398
165501044 21487399
165497799 21487405
165497802 21487405
165497811 21487405
165497861 21487405
165500261 21487407
165501047 21487413
165501048 21487413
165500262 21487416
165506894 21487418
165506896 21487421
165504122 21487423
165504125 21487425
165503796 21487430
165503801 21487430
165503803 21487430
165503805 21487430
165503807 21487430
165503808 21487430
165506830 21487430
165508153 21487433
165508154 21487433
165508155 21487438
165508157 21487440
165508158 21487440
165507373 21487441
165507379 21487441
165508159 21487443
165501110 21487444
165505542 21487446
165505543 21487446
165507369 21487453
165507376 21487453
165507377 21487453
165509571 21487459
165505544 21487461
165501114 21487463
165508789 21487464
165508790 21487464
165508791 21487465
165501117 21487466
165508798 21487468
165508220 21487469
165499034 21487470
165509007 21487473
165509008 21487473
165508223 21487476
165509009 21487479
165507440 21487481
165498253 21487486
165508226 21487488
165503010 21487493
165497930 21487494
165498256 21487496
165503012 21487497
165497807 21487499
165497932 21487499
165508229 21487501
165503014 21487503
165507446 21487504
165502764 21487507
165503015 21487507
165497808 21487512
165497810 21487512
165497812 21487512
165497859 21487512
165497935 21487512
165497936 21487514
165497938 21487519
165509646 21487521
165509649 21487523
165498896 21487526
165498898 21487527
165501825 21487529
165501826 21487529
165501827 21487530
165507514 21487532
165507515 21487533
165507516 21487533
165507517 21487537
165507480 21487539
165508932 21487539
165508934 21487539
165508936 21487539
165508937 21487539
165508935 21487542
165508938 21487545
165504047 21487547
165508077 21487548
165502940 21487549
165497779 21487551
165497782 21487551
165497783 21487553
165497785 21487553
165502944 21487555
165497786 21487556
165497788 21487562
165501038 21487564
165504110 21487569
165504112 21487569
165508140 21487571
165504113 21487573
165500890 21487575
165504114 21487576
165508143 21487578
165506310 21487580
165500892 21487585
165500879 21487586
165500893 21487586
165508146 21487587
165507361 21487588
165508149 21487590
165507364 21487592
165505533 21487594
165499591 21487598
165507368 21487599
165508783 21487600
165508784 21487600
165508785 21487602
165500326 21487612
165508211 21487614
165499024 21487615
165503578 21487617
165508214 21487620
165503000 21487622
165508217 21487623
165507432 21487624
165497923 21487626
165503004 21487627
165503006 21487629
165503008 21487633
165508850 21487634
165509512 21487634
165508851 21487635
165498873 21487642
165498874 21487642
165498879 21487642
165498881 21487642
165509639 21487645
165498883 21487650
165498884 21487650
165498950 21487650
165503641 21487655
165503993 21487655
165498886 21487657
165498889 21487660
165498310 21487661
165500175 21487662
165501469 21487665
165501590 21487665
165509708 21487667
165508058 21487669
165508062 21487669
165503711 21487671
165506825 21487671
165504037 21487672
165504038 21487672
165508065 21487673
165501452 21487683
165501456 21487683
165501466 21487683
165501599 21487683
165501610 21487683
165501612 21487683
165506570 21487683
165502930 21487687
165502934 21487689
165502936 21487691
165505406 21487691
165509483 21487694
165502075 21487695
165500243 21487699
165506870 21487710
165509488 21487712
165499804 21487715
165501662 21487724
165499806 21487726
165508131 21487728
165501666 21487734
165508134 21487735
165507352 21487736
165498306 21487740
165505520 21487740
165508138 21487741
165508139 21487741
165506305 21487742
165507355 21487743
165500888 21487745
165507358 21487746
165497847 21487761
165505527 21487764
165500312 21487774
165500314 21487774
165508772 21487778
165500313 21487783
165500315 21487783
165500316 21487783
165508761 21487788
165509558 21487788
165500317 21487793
165503516 21487795
165503563 21487795
165507995 21487798
165507998 21487800
165508202 21487803
165499016 21487804
165499498 21487804
165498231 21487805
165507420 21487806
165508205 21487808
165498233 21487809
165498235 21487810
165507423 21487812
165508208 21487813
165498237 21487816
165500959 21487825
165506499 21487825
165497918 21487828
165498870 21487833
165508845 21487838
165498875 21487840
165501801 21487844
165501803 21487846
165501805 21487848
165501807 21487850
165501809 21487851
165500165 21487853
165500166 21487855
165506793 21487861
165504598 21487867
165504599 21487867
165500168 21487868
165501580 21487872
165504021 21487876
165508051 21487878
165504025 21487882
165498945 21487889
165504026 21487891
165498946 21487895
165508056 21487897
165508059 21487897
165508057 21487900
165502920 21487902
165509470 21487904
165497765 21487906
165497767 21487910
165502926 21487912
165509476 21487921
165508767 21487931
165509477 21487931
165503485 21487933
165508120 21487935
165508121 21487936
165503487 21487939
165500873 21487941
165508126 21487943
165508128 21487943
165507341 21487947
165508127 21487948
165505510 21487950
165507344 21487954
165503499 21487960
165504728 21487960
165504730 21487960
165504732 21487960
165504731 21487965
165507349 21487967
165508760 21487968
165500301 21487973
165505517 21487975
165500304 21487982
165508764 21487988
165503551 21487991
165503553 21487991
165503555 21487991
165503557 21487991
165503567 21487991
165505424 21487991
165506829 21487991
165509549 21487991
165509723 21487991
165500306 21487995
165500307 21487998
165498794 21487999
165498796 21488000
165508769 21488001
165498798 21488006
165502770 21488012
165507410 21488015
165498224 21488016
165498225 21488016
165507401 21488018
165507402 21488018
165507411 21488018
165498228 21488020
165498229 21488020
165507406 21488025
165507407 21488025
165507415 21488025
165507416 21488025
165509612 21488031
165507417 21488032
165504800 21488041
165509615 21488042
165508831 21488046
165508832 21488046
165509481 21488046
165508570 21488048
165509616 21488048
165508834 21488050
165508836 21488054
165508837 21488054
165508838 21488055
165498866 21488056
165500119 21488060
165500121 21488060
165500157 21488060
165499712 21488062
165508900 21488063
165508038 21488065
165508041 21488065
165508044 21488065
165498934 21488067
165508042 21488069
165508043 21488071
165508045 21488071
165498936 21488072
165501578 21488073
165498938 21488077
165502911 21488081
165508048 21488082
165502913 21488084
165504636 21488089
165504641 21488089
165504642 21488089
165504647 21488089
165504649 21488089
165504651 21488089
165506926 21488089
165506927 21488089
165509464 21488090
165504652 21488092
165504654 21488092
165504655 21488092
165506928 21488092
165505437 21488093
165508680 21488095
165508683 21488096
165504648 21488101
165504656 21488101
165504658 21488105
165508686 21488107
165502690 21488111
165502692 21488112
165508113 21488117
165508114 21488117
165502694 21488120
165501647 21488128
165507330 21488131
165507331 21488131
165507332 21488135
165508117 21488138
165502626 21488147
165502698 21488147
165498044 21488153
165498145 21488153
165502699 21488156
165507335 21488158
165509530 21488163
165507338 21488166
165509533 21488171
165508753 21488177
165507970 21488179
165506060 21488180
165508809 21488180
165508756 21488181
165506924 21488186
165504625 21488193
165506925 21488193
165508759 21488194
165507975 21488199
165498789 21488201
165507978 21488202
165505283 21488205
165505976 21488205
165502765 21488208
165507405 21488209
165509600 21488210
165507408 21488212
165507409 21488212
165508821 21488213
165501490 21488223
165501492 21488228
165508824 21488229
165508827 21488230
165508829 21488231
165501498 21488232
165499704 21488234
165499705 21488234
165499708 21488238
165499709 21488238
165498060 21488239
165508034 21488240
165508035 21488240
165508036 21488243
165500784 21488245
165508039 21488247
165502907 21488248
165502909 21488249
165504643 21488250
165509457 21488251
165509458 21488253
165504645 21488256
165508674 21488258
165507890 21488260
165508677 21488262
165507893 21488263
165502680 21488264
165507896 21488266
165508100 21488268
165502682 21488269
165501634 21488274
165501635 21488274
165507899 21488275
165508103 21488277
165501637 21488279
165507320 21488281
165508106 21488282
165502687 21488284
165500854 21488285
165508109 21488287
165497816 21488290
165497818 21488292
165508744 21488293
165508745 21488295
165502119 21488296
165507960 21488298
165507961 21488298
165507962 21488299
165507965 21488303
165502750 21488308
165504492 21488309
165508808 21488314
165508812 21488314
165501476 21488319
165501481 21488319
165501483 21488328
165501380 21488337
165501382 21488337
165501383 21488337
165501485 21488337
165498844 21488341
165508818 21488342
165499657 21488357
165499661 21488357
165499663 21488357
165499665 21488357
165499666 21488357
165501022 21488357
165501024 21488357
165501026 21488357
165501029 21488357
165501033 21488357
165501055 21488357
165501080 21488357
165501772 21488357
165501775 21488357
165501777 21488357
165501894 21488357
165502301 21488357
165502303 21488357
165502305 21488357
165506126 21488357
165506127 21488357
165506522 21488357
165506525 21488357
165506653 21488357
165509690 21488357
165509374 21488360
165500132 21488363
165508594 21488364
165506761 21488367
165498910 21488370
165503385 21488376
165508020 21488377
165508023 21488378
165500771 21488385
165501559 21488388
165508028 21488393
165500777 21488402
165500779 21488404
165509445 21488410
165504637 21488412
165504638 21488412
165507882 21488413
165507885 21488417
165502670 21488419
165502672 21488420
165501628 21488423
165507313 21488426
165500846 21488429
165497803 21488441
165497804 21488441
165497815 21488441
165497863 21488441
165497867 21488441
165500099 21488441
165500146 21488441
165497805 21488445
165507316 21488447
165507319 21488452
165497809 21488454
165504704 21488456
165499547 21488459
165499549 21488459
165506901 21488461
165507951 21488464
165507952 21488464
165503515 21488467
165503522 21488467
165506812 21488467
165507953 21488470
165507954 21488471
165507958 21488473
165502745 21488476
165508801 21488478
165501472 21488492
165501473 21488492
165501480 21488492
165501526 21488492
165506553 21488492
165508804 21488494
165498833 21488495
165498834 21488495
165501475 21488496
165508807 21488497
165498838 21488500
165508581 21488502
165500123 21488505
165500124 21488510
165500125 21488515
165508584 21488516
165503371 21488517
165508588 21488518
165503373 21488523
165498900 21488526
165503374 21488528
165498902 21488530
165508011 21488532
165508014 21488536
165508017 21488540
165498046 21488547
165498047 21488550
165500769 21488551
165503440 21488553
165507872 21488554
165507875 21488555
165507878 21488557
165507879 21488559
165498000 21488571
165498011 21488571
165498014 21488571
165498117 21488571
165507305 21488573
165507308 21488576
165508722 21488579
165507941 21488582
165507944 21488584
165507947 21488587
165502732 21488591
165504474 21488592
165505890 21488594
165503295 21488596
165503296 21488596
165506678 21488600
165498821 21488602
165503297 21488605
165498823 21488606
165498825 21488607
165505897 21488609
165505898 21488609
165505899 21488611
165498829 21488613
165506742 21488617
165507791 21488622
165505961 21488624
165507795 21488627
165507796 21488627
165503324 21488631
165505957 21488631
165505962 21488631
165508001 21488634
165508004 21488638
165508008 21488640
165499354 21488641
165509422 21488641
165504500 21488647
165504602 21488647
165504605 21488647
165504609 21488647
165504610 21488647
165504612 21488647
165504611 21488649
165504613 21488651
165509429 21488652
165504618 21488655
165504619 21488655
165507862 21488656
165507865 21488658
165501589 21488664
165501603 21488664
165501604 21488664
165503401 21488668
165503438 21488668
165503439 21488670
165504392 21488672
165506599 21488679
165507930 21488681
165507931 21488681
165507932 21488683
165503502 21488686
165501389 21488688
165507936 21488689
165507937 21488689
165507938 21488691
165508490 21488693
165508493 21488694
165503283 21488695
165501451 21488702
165503286 21488706
165505886 21488707
165501457 21488708
165498817 21488709
165508560 21488710
165500104 21488719
165500108 21488719
165500183 21488719
165500188 21488719
165506442 21488719
165508563 21488720
165508566 21488721
165507782 21488722
165500109 21488724
165507785 21488725
165507786 21488728
165505955 21488730
165498020 21488736
165498022 21488736
165505956 21488737
165498025 21488746
165509411 21488755
165499440 21488761
165504603 21488765
165508633 21488766
165504606 21488769
165502645 21488771
165504387 21488772
165507921 21488774
165507924 21488775
165507063 21488776
165504451 21488780
165508479 21488781
165508480 21488781
165508481 21488782
165508482 21488783
165508485 21488784
165503271 21488786
165503338 21488786
165503272 21488788
165505869 21488791
165505870 21488791
165505871 21488792
165505872 21488796
165505873 21488796
165503275 21488798
165506658 21488799
165505874 21488800
165501444 21488801
165505877 21488803
165501449 21488809
165508550 21488811
165508553 21488814
165508556 21488815
165508557 21488817
165504529 21488819
165507774 21488822
165502560 21488823
165507777 21488824
165502563 21488825
165500598 21488830
165500729 21488830
165500731 21488830
165498012 21488831
165498015 21488831
165498013 21488837
165498018 21488837
165502566 21488841
165509406 21488843
165501290 21488850
165508622 21488851
165509409 21488856
165507840 21488860
165507841 21488860
165508625 21488865
165501297 21488867
165508628 21488869
165507844 21488870
165503406 21488876
165503416 21488876
165507847 21488878
165507911 21488880
165507914 21488882
165500585 21488891
165507917 21488893
165500587 21488902
165499283 21488905
165507690 21488909
165508475 21488911
165503119 21488914
165503260 21488914
165503268 21488914
165505860 21488915
165507694 21488919
165502480 21488922
165507698 21488924
165507699 21488924
165505866 21488926
165505867 21488926
165505868 21488931
165500654 21488932
165508544 21488935
165507760 21488938
165504518 21488941
165503331 21488942
165508547 21488944
165501501 21488946
165507768 21488949
165502552 21488951
165498001 21488952
165502554 21488955
165498002 21488957
165504292 21488959
165498007 21488961
165508616 21488962
165507832 21488963
165503402 21488966
165508619 21488969
165507835 21488971
165502621 21488974
165503407 21488977
165502622 21488986
165502623 21488988
165508390 21488989
165508393 21488990
165498449 21488991
165504023 21488993
165501020 21488995
165498275 21488997
165502610 21488999
165507976 21489003
165507977 21489003
165502355 21489004
165502356 21489004
165499519 21489005
165505991 21489005
165507569 21489005
165507570 21489005
165499194 21489006
165499288 21489007
165504396 21489009
165500237 21489011
165503001 21489015
165503003 21489015
165506691 21489015
165505936 21489016
165497790 21489019
165497856 21489019
165497943 21489019
165498008 21489019
165498019 21489019
165497974 21489020
165499060 21489021
165500069 21489021
165509414 21489021
165499295 21489022
165499296 21489022
165506051 21489023
165499266 21489024
165499330 21489024
165500037 21489024
165498608 21489026
165498951 21489026
165497980 21489028
165498164 21489028
165505940 21489029
165508301 21489029
165508302 21489029
165504280 21489035
165504290 21489035
165504391 21489035
165506878 21489035
165499837 21489040
165505563 21489043
165504403 21489044
165506858 21489048
165503630 21489054
165505429 21489054
165506827 21489054
165501814 21489056
165500826 21489058
165500945 21489058
165500949 21489058
165506492 21489058
165506503 21489058
165507336 21489058
165507337 21489058
165498461 21489060
165498891 21489060
165507014 21489060
165507015 21489060
165507430 21489060
165497948 21489063
165503616 21489063
165503674 21489063
165503795 21489063
165507723 21489063
165507724 21489063
165503594 21489071
165503597 21489071
165503599 21489071
165503605 21489071
165503681 21489071
165503729 21489071
165503734 21489071
165503747 21489071
165503749 21489071
165503884 21489071
165506821 21489071
165507716 21489071
165509551 21489071
165497952 21489075
165497959 21489075
165497960 21489075
165498097 21489075
165498157 21489075
165498182 21489075
165498283 21489075
165497961 21489083
165497962 21489083
165497965 21489083
165497985 21489083
165497991 21489083
165497993 21489083
165497994 21489083
165498003 21489083
165498016 21489083
165498017 21489083
165498102 21489083
165498120 21489083
165498133 21489083
165498217 21489083
165498257 21489083
165498261 21489083
165506314 21489083
165507684 21489083
165507685 21489083
165507692 21489083
165507693 21489083
165508670 21489091
165500211 21489095
165500217 21489095
165500234 21489095
165500205 21489096
165508081 21489102
165508084 21489102
165508087 21489102
165508090 21489102
165508091 21489102
165507624 21489105
165507625 21489105
165507626 21489107
165503128 21489115
165506791 21489115
165509013 21489115
165509014 21489115
165509068 21489115
165502380 21489116
165509500 21489123
165509605 21489127
165502434 21489128
165503507 21489129
165503508 21489129
165503565 21489129
165503501 21489133
165503513 21489133
165503550 21489133
165503503 21489139
165503549 21489139
165509703 21489140
165503017 21489144
165505953 21489144
165509012 21489146
165503292 21489148
165499957 21489151
165503947 21489152
165503977 21489152
165503991 21489152
165504022 21489152
165504056 21489152
165507633 21489152
165507634 21489152
165507642 21489152
165507643 21489152
165503609 21489154
165503759 21489154
165498498 21489187
165498504 21489187
165498512 21489187
165498665 21489187
165498899 21489187
165500601 21489187
165500602 21489187
165500612 21489187
165500615 21489187
165506471 21489187
165506487 21489187
165509453 21489187
165499402 21489188
165499406 21489188
165507306 21489188
165500823 21489198
165500844 21489198
165500855 21489198
165500857 21489198
165500863 21489198
165500869 21489198
165500955 21489198
165500974 21489198
165500983 21489198
165501141 21489198
165505594 21489198
165505595 21489198
165500898 21489200
165506534 21489204
165505665 21489205
165504043 21489212
165504070 21489212
165504082 21489212
165499477 21489216
165502659 21489218
165501041 21489222
165499366 21489224
165507513 21489224
165509674 21489224
165500035 21489227
165501563 21489230
165498410 21489233
165498416 21489233
165498418 21489233
165498419 21489233
165498846 21489233
165498856 21489233
165499355 21489233
165499092 21489235
165499963 21489235
165506401 21489235
165506424 21489235
165506865 21489235
165499760 21489236
165499913 21489238
165506033 21489243
165498854 21489244
165502344 21489247
165502346 21489247
165506555 21489248
165507056 21489251
165507058 21489254
165498855 21489258
165506366 21489258
165498853 21489260
165498506 21489262
165498527 21489262
165498667 21489262
165502628 21489268
165503370 21489268
165502624 21489269
165502625 21489272
165499265 21489277
165499134 21489282
165499135 21489282
165499142 21489282
165499722 21489282
165499723 21489282
165499725 21489282
165506516 21489282
165506871 21489282
165506872 21489282
165499485 21489286
165499542 21489286
165499622 21489286
165499770 21489286
165500046 21489286
165505811 21489289
165498161 21489297
165498236 21489297
165506323 21489297
165499315 21489300
165499335 21489300
165499345 21489300
165506460 21489301
165506352 21489305
165507297 21489305
165499351 21489307
165499836 21489307
165498354 21489312
165504040 21489312
165504042 21489312
165506861 21489312
165500208 21489313
165509509 21489314
165504033 21489317
165504402 21489318
165498489 21489319
165507820 21489321
165507821 21489321
165498432 21489323
165498442 21489323
165498920 21489323
165508742 21489324
165508743 21489324
165508724 21489327
165502059 21489329
165502035 21489330
165501800 21489335
165501802 21489335
165497949 21489341
165506367 21489347
165499192 21489349
165499960 21489349
165499961 21489349
165506988 21489351
165508569 21489353
165508572 21489353
165508573 21489356
165509442 21489358
165497971 21489360
165498239 21489360
165509653 21489360
165506987 21489363
165502429 21489364
165502430 21489364
165502983 21489367
165508305 21489367
165508308 21489367
165508310 21489367
165508311 21489367
165497966 21489368
165497972 21489368
165498054 21489368
165507858 21489369
165500909 21489371
165500910 21489371
165501045 21489371
165505371 21489371
165508891 21489373
165508892 21489373
165506623 21489374
165505946 21489375
165509514 21489376
165507897 21489378
165507898 21489378
165502102 21489381
165502106 21489381
165502615 21489382
165502618 21489382
165502688 21489382
165506680 21489382
165506993 21489382
165506994 21489382
165509524 21489382
165506426 21489383
165498244 21489384
165498245 21489384
165498246 21489385
165498247 21489387
165499277 21489389
165504620 21489391
165509731 21489391
165504491 21489396
165504525 21489396
165504624 21489396
165504677 21489396
165503050 21489398
165505964 21489399
165505965 21489399
165502019 21489401
165499376 21489404
165505977 21489404
165501206 21489405
165501323 21489405
165506679 21489408
165508009 21489408
165508010 21489408
165499922 21489409
165499924 21489409
165509480 21489410
165505541 21489411
165501633 21489413
165501779 21489413
165505692 21489415
165505693 21489415
165505696 21489416
165508843 21489417
165508844 21489417
165508503 21489418
165508504 21489418
165509505 21489418
165508855 21489419
165499869 21489420
165504197 21489423
165506037 21489423
165504263 21489425
165504397 21489425
165505668 21489425
165505735 21489425
165508500 21489425
165508501 21489425
165509560 21489425
165504255 21489427
165504395 21489427
165508446 21489427
165508447 21489427
165501920 21489430
165501924 21489430
165501926 21489430
165501928 21489430
165501931 21489430
165501932 21489430
165501935 21489430
165501936 21489430
165502151 21489430
165509599 21489433
165499386 21489440
165505635 21489440
165506397 21489440
165507555 21489440
165507556 21489440
165507566 21489440
165507567 21489440
165509601 21489440
165498566 21489445
165498604 21489445
165498620 21489445
165498828 21489445
165499029 21489445
165499032 21489445
165499628 21489445
165499702 21489445
165499941 21489445
165499944 21489445
165505306 21489445
165505970 21489445
165507630 21489445
165507631 21489445
165498127 21489451
165498130 21489451
165498259 21489451
165498330 21489451
165499085 21489454
165499101 21489454
165499718 21489454
165499719 21489454
165499720 21489454
165499958 21489454
165506604 21489454
165508629 21489454
165508630 21489454
165500252 21489465
165500387 21489465
165506320 21489465
165506326 21489465
165509883 21489465
165498021 21489469
165498023 21489469
165502266 21489472
165502528 21489472
165506666 21489472
165507710 21489473
165507711 21489473
165503280 21489477
165498460 21489479
165498702 21489479
165498707 21489479
165507292 21489479
165498628 21489482
165504029 21489491
165504031 21489491
165507765 21489491
165503617 21489493
165503671 21489493
165503762 21489493
165503764 21489493
165507737 21489500
165507741 21489500
165507750 21489500
165507755 21489500
165507758 21489500
165509061 21489500
165509062 21489500
165509573 21489500
165509064 21489504
165509065 21489504
165499211 21489505
165499213 21489505
165499224 21489505
165503958 21489508
165500204 21489511
165500381 21489511
165501217 21489513
165501219 21489518
165507792 21489518
165507793 21489518
165501210 21489523
165501264 21489523
165508186 21489526
165508189 21489526
165508192 21489526
165508195 21489526
165508198 21489526
165508201 21489526
165508204 21489526
165508207 21489526
165508210 21489526
165508275 21489526
165503011 21489528
165503013 21489528
165508972 21489528
165508973 21489528
165505801 21489530
165505807 21489531
165508167 21489533
165508168 21489533
165499098 21489534
165499100 21489534
165499106 21489534
165499108 21489534
165499109 21489534
165499753 21489534
165506395 21489534
165506475 21489534
165506380 21489538
165499756 21489539
165502275 21489544
165502278 21489544
165505851 21489544
165505852 21489544
165509713 21489544
165509714 21489544
165498176 21489555
165498177 21489555
165498179 21489555
165498181 21489555
165498183 21489555
165498184 21489555
165498186 21489555
165498188 21489555
165498190 21489555
165498191 21489555
165498223 21489555
165498227 21489555
165498287 21489555
165498311 21489555
165498672 21489555
165498955 21489555
165503547 21489555
165503548 21489555
165503560 21489555
165503786 21489555
165503933 21489555
165503951 21489557
165502512 21489559
165509719 21489559
165500478 21489563
165501405 21489563
165507573 21489568
165502040 21489570
165502041 21489570
165506929 21489581
165501831 21489583
165497874 21489595
165497876 21489595
165497878 21489595
165497910 21489595
165498158 21489595
165498160 21489595
165498162 21489595
165498163 21489595
165498165 21489595
165498167 21489595
165498169 21489595
165498193 21489595
165498316 21489595
165502822 21489595
165507064 21489595
165507065 21489595
165509371 21489595
165498173 21489602
165498738 21489609
165498740 21489609
165498741 21489609
165504013 21489609
165504036 21489609
165504735 21489609
165507227 21489609
165509399 21489609
165509552 21489609
165499240 21489610
165509580 21489613
165502938 21489615
165498215 21489622
165506313 21489622
165499148 21489624
165499204 21489624
165499483 21489624
165499514 21489624
165499620 21489624
165499779 21489624
165506374 21489624
165502015 21489629
165502435 21489629
165505706 21489629
165505709 21489629
165505718 21489629
165508882 21489629
165508883 21489629
165499165 21489631
165499173 21489631
165499202 21489633
165499206 21489633
165501298 21489641
165501327 21489641
165507783 21489641
165507784 21489641
165508765 21489641
165499286 21489643
165499299 21489643
165499317 21489643
165499337 21489643
165502375 21489654
165502379 21489654
165502381 21489654
165502383 21489654
165502061 21489658
165502063 21489658
165502368 21489659
165507013 21489661
165507468 21489662
165501252 21489670
165502096 21489677
165502107 21489677
165502097 21489684
165505598 21489686
165505599 21489686
165497760 21489687
165497919 21489687
165507778 21489689
165505785 21489690
165508164 21489690
165508165 21489690
165507913 21489694
165507916 21489694
165509503 21489694
165498258 21489696
165501971 21489698
165505929 21489701
165498500 21489702
165498502 21489702
165499247 21489706
165500061 21489706
165503959 21489710
165502003 21489713
165502525 21489713
165499162 21489738
165499174 21489738
165499383 21489738
165499389 21489738
165499660 21489738
165499917 21489738
165499988 21489738
165505552 21489738
165505659 21489738
165505660 21489738
165506408 21489738
165507519 21489738
165507520 21489738
165507525 21489738
165507543 21489738
165507544 21489738
165509437 21489738
165509596 21489738
165504293 21489750
165504296 21489750
165504336 21489750
165499044 21489754
165499044 52156282
165499047 21489754
165499047 52156282
165509671 21489754
165509671 52156282
165506120 21489756
165502007 21489759
165502014 21489759
165502024 21489759
165502032 21489759
165502033 21489759
165500901 21489760
165501017 21489760
165501137 21489760
165509471 21489760
165497769 21489762
165501817 21489769
165506595 21489769
165507981 21489769
165507984 21489769
165507987 21489769
165507990 21489769
165509490 21489769
165508261 21489771
165508255 21489777
165508256 21489777
165499276 21489780
165499279 21489780
165505560 21489780
165507730 21489788
165509443 21489797
165504587 21489800
165503623 21489802
165503624 21489802
165503626 21489802
165499435 21489805
165499656 21489805
165501953 21489809
165502342 21489810
165501192 21489814
165501274 21489814
165504121 21489814
165504123 21489814
165505629 21489814
165505630 21489814
165508383 21489814
165505937 21489817
165505938 21489817
165505944 21489818
165499392 21489820
165502086 21489823
165499823 21489825
165508216 21489835
165508219 21489835
165508222 21489835
165508225 21489835
165508228 21489835
165508231 21489835
165508233 21489835
165508234 21489835
165506614 21489842
165498351 21489847
165498358 21489847
165498671 21489847
165503952 21489847
165504004 21489847
165506360 21489847
165507645 21489847
165507646 21489847
165499246 21489849
165500058 21489849
165499198 21489851
165499201 21489851
165499741 21489851
165506412 21489851
165504657 21489852
165504669 21489852
165508264 21489852
165504473 21489857
165504479 21489857
165504512 21489857
165504639 21489857
165499257 21489858
165499820 21489858
165499934 21489861
165505345 21489861
165499936 21489863
165503372 21489864
165503375 21489868
165504706 21489870
165499077 21489874
165499091 21489874
165499107 21489874
165499122 21489874
165506867 21489874
165507049 21489874
165507050 21489874
165498388 21489876
165498390 21489876
165498395 21489876
165498840 21489876
165509665 21489879
165509511 21489881
165505773 21489883
165505774 21489883
165499864 21489885
165499865 21489885
165499870 21489885
165499964 21489885
165501871 21489896
165507993 21489896
165507994 21489896
165506494 21489897
165499293 21489900
165502460 21489901
165502459 21489906
165509609 21489906
165499090 21489908
165499093 21489908
165499094 21489908
165499751 21489908
165506384 21489908
165506394 21489908
165499086 21489909
165506378 21489909
165506400 21489909
165506402 21489909
165502414 21489915
165499789 21489918
165509694 21489918
165507636 21489920
165507637 21489920
165505644 21489922
165505645 21489922
165505687 21489926
165508746 21489928
165499185 21489930
165499190 21489930
165499740 21489930
165499745 21489930
165505539 21489930
165505540 21489930
165502048 21489933
165502415 21489933
165501099 21489935
165501102 21489935
165507826 21489935
165507827 21489935
165502466 21489938
165502443 21489943
165509517 21489948
165501795 21489950
165502005 21489953
165500840 21489955
165506498 21489955
165507333 21489955
165507334 21489955
165504244 21489959
165504469 21489959
165508464 21489959
165508465 21489959
165509451 21489959
165505738 21489961
165505744 21489961
165505745 21489961
165505747 21489961
165508817 21489961
165509606 21489961
165504243 21489963
165504256 21489966
165508484 21489966
165508822 21489966
165508823 21489966
165508339 21489969
165505569 21489971
165506690 21489976
165499433 21489978
165499648 21489978
165498894 21489980
165501328 21489983
165501330 21489983
165501329 21489985
165501977 21489988
165502509 21489990
165508053 21489990
165508060 21489990
165508046 21489993
165508047 21489993
165502079 21489995
165502277 21489995
165502316 21489995
165501193 21489996
165501334 21489999
165503045 21490004
165503047 21490004
165508141 21490004
165508142 21490004
165508240 21490008
165508243 21490008
165508246 21490008
165508276 21490008
165505876 21490010
165509522 21490010
165501625 21490012
165507345 21490012
165499303 21490015
165499319 21490015
165499339 21490015
165506606 21490022
165501630 21490024
165501631 21490030
165505939 21490031
165506826 21490035
165503886 21490039
165503888 21490039
165504205 21490041
165506052 21490041
165508376 21490041
165508379 21490041
165508380 21490041
165504135 21490047
165504119 21490056
165504126 21490056
165504200 21490056
165504201 21490056
165504208 21490056
165504202 21490059
165498505 21490061
165498587 21490061
165498901 21490061
165502376 21490065
165498397 21490077
165498996 21490077
165499278 21490077
165499282 21490077
165499311 21490077
165499320 21490077
165508703 21490077
165509379 21490077
165499251 21490083
165500106 21490095
165500214 21490095
165500229 21490095
165500231 21490095
165500238 21490095
165500239 21490095
165500240 21490095
165500245 21490095
165500253 21490095
165500256 21490095
165500265 21490095
165500268 21490095
165500270 21490095
165500355 21490095
165500365 21490095
165500368 21490095
165500379 21490095
165500385 21490095
165500502 21490095
165500504 21490095
165500510 21490095
165500515 21490095
165500543 21490095
165507704 21490095
165507705 21490095
165499218 21490105
165499222 21490105
165499225 21490105
165499226 21490105
165499230 21490105
165499948 21490105
165509681 21490105
165504687 21490106
165504705 21490106
165504720 21490106
165497955 21490110
165507804 21490112
165507805 21490112
165503181 21490123
165499284 21490126
165499292 21490126
165499302 21490126
165499305 21490126
165499314 21490126
165499316 21490126
165506349 21490126
165507043 21490126
165503055 21490130
165508958 21490130
165508959 21490130
165508848 21490132
165497964 21490139
165498053 21490139
165498243 21490139
165503607 21490139
165503610 21490139
165503613 21490139
165503615 21490139
165503618 21490139
165503685 21490139
165503766 21490139
165503787 21490139
165503806 21490139
165503826 21490139
165503830 21490139
165507670 21490139
165507672 21490139
165507673 21490139
165509540 21490139
165503602 21490140
165503603 21490140
165503687 21490140
165501317 21490145
165501960 21490172
165501967 21490172
165502163 21490172
165502168 21490172
165502567 21490172
165506611 21490172
165502121 21490175
165508268 21490175
165508269 21490175
165504267 21490179
165499216 21490184
165506375 21490184
165507563 21490186
165507564 21490186
165509438 21490186
165499394 21490188
165499532 21490188
165499868 21490188
165505993 21490191
165498405 21490193
165497973 21490196
165506332 21490196
165501943 21490202
165508815 21490204
165499049 21490206
165499052 21490206
165499066 21490206
165499632 21490206
165499706 21490206
165499711 21490206
165505579 21490206
165509087 21490206
165509088 21490206
165509698 21490206
165499146 21490207
165499634 21490207
165499933 21490207
165499935 21490207
165505835 21490208
165505836 21490208
165500586 21490214
165500589 21490214
165506443 21490214
165498511 21490217
165498933 21490217
165498513 21490218
165498664 21490218
165500599 21490229
165500588 21490237
165505557 21490238
165501324 21490239
165508428 21490240
165498464 21490244
165498924 21490244
165498031 21490250
165498138 21490250
165498484 21490250
165498577 21490250
165498580 21490250
165498906 21490250
165507421 21490250
165507422 21490250
165508617 21490250
165508618 21490250
165509408 21490250
165509746 21490250
165498037 21490258
165507366 21490258
165507370 21490258
165509654 21490258
165507761 21490261
165509446 21490261
165501622 21490265
165501760 21490265
165501765 21490265
165504773 21490265
165500900 21490267
165500904 21490267
165501116 21490267
165499089 21490270
165499133 21490270
165499582 21490270
165506393 21490270
165506469 21490270
165507047 21490270
165507048 21490270
165498359 21490271
165506333 21490271
165508672 21490271
165509402 21490271
165500897 21490275
165501109 21490275
165502777 21490278
165502966 21490278
165500882 21490293
165501121 21490293
165501124 21490293
165501197 21490293
165501198 21490293
165501199 21490293
165501202 21490293
165501203 21490293
165501204 21490293
165501207 21490293
165501208 21490293
165501209 21490293
165501261 21490293
165501269 21490293
165501287 21490293
165501338 21490293
165505676 21490293
165505679 21490293
165506508 21490293
165506527 21490293
165507353 21490293
165507354 21490293
165504092 21490305
165504098 21490305
165504099 21490305
165501194 21490321
165504102 21490321
165505623 21490321
165506034 21490321
165508368 21490321
165508369 21490321
165509728 21490321
165501216 21490327
165501218 21490327
165501289 21490327
165501913 21490327
165502572 21490327
165506608 21490327
165506636 21490327
165507801 21490327
165507802 21490327
165508770 21490327
165508774 21490327
165508780 21490327
165508786 21490327
165508792 21490327
165509475 21490327
165509705 21490327
165509706 21490327
165508754 21490329
165509555 21490329
165501353 21490330
165507780 21490330
165507781 21490330
165505673 21490331
165501487 21490340
165501489 21490340
165501499 21490340
165501545 21490340
165501555 21490345
165501471 21490352
165501484 21490352
165501486 21490352
165501540 21490352
165501461 21490366
165501462 21490366
165501463 21490366
165501519 21490372
165501500 21490379
165501502 21490379
165498617 21490391
165498788 21490391
165503504 21490391
165503510 21490391
165503512 21490391
165503517 21490391
165503614 21490391
165503621 21490391
165503631 21490391
165503632 21490391
165503714 21490391
165503718 21490391
165503835 21490391
165503851 21490391
165503853 21490391
165503932 21490391
165506855 21490391
165507663 21490391
165507664 21490391
165507666 21490391
165507676 21490391
165507680 21490391
165507681 21490391
165507688 21490391
165507689 21490391
165501923 21490404
165501957 21490404
165501968 21490404
165502154 21490404
165502336 21490404
165502338 21490404
165502340 21490404
165507817 21490404
165507818 21490404
165508529 21490404
165508530 21490404
165501916 21490406
165501919 21490406
165499841 21490408
165509436 21490408
165503612 21490410
165506823 21490410
165501496 21490411
165508129 21490414
165508130 21490414
165497990 21490421
165498189 21490421
165505512 21490421
165505513 21490421
165505514 21490422
165499346 21490425
165499347 21490425
165499348 21490425
165499834 21490425
165502928 21490428
165501052 21490430
165501053 21490430
165507314 21490430
165507315 21490430
165508314 21490431
165508315 21490431
165502759 21490434
165500210 21490438
165500213 21490438
165500523 21490438
165503077 21490440
165505967 21490440
165502768 21490442
165503025 21490442
165500532 21490445
165501984 21490455
165504277 21490455
165504281 21490455
165507008 21490455
165508558 21490455
165508559 21490455
165499270 21490457
165499306 21490459
165499322 21490459
165499893 21490459
165499956 21490459
165499172 21490462
165499176 21490462
165499197 21490462
165502117 21490463
165508576 21490466
165508577 21490466
165501108 21490470
165501189 21490480
165501254 21490480
165505816 21490483
165508551 21490485
165508554 21490485
165509588 21490485
165504393 21490494
165508762 21490494
165508763 21490494
165509652 21490500
165500843 21490502
165500845 21490502
165500847 21490502
165503124 21490506
165503251 21490506
165503130 21490525
165503134 21490525
165503137 21490525
165503139 21490525
165503141 21490525
165503142 21490525
165503151 21490525
165503153 21490525
165503319 21490525
165503328 21490525
165506762 21490525
165508326 21490525
165508327 21490525
165503126 21490527
165502771 21490533
165502773 21490533
165502778 21490533
165503036 21490533
165503043 21490533
165503392 21490533
165503393 21490533
165503394 21490533
165503395 21490533
165503396 21490533
165503397 21490533
165503411 21490533
165504487 21490536
165506900 21490536
165508281 21490537
165499065 21490540
165500077 21490540
165500096 21490540
165499036 21490542
165502023 21490543
165503143 21490546
165506794 21490546
165506795 21490549
165499529 21490555
165499978 21490555
165499980 21490555
165500021 21490555
165509700 21490555
165500494 21490557
165500495 21490557
165500498 21490557
165500506 21490557
165498698 21490560
165498701 21490560
165498703 21490560
165498704 21490560
165498987 21490560
165498705 21490562
165498706 21490562
165498708 21490562
165507020 21490564
165498729 21490568
165498732 21490568
165498733 21490568
165498939 21490568
165498999 21490568
165509670 21490568
165499533 21490572
165499914 21490572
165500158 21490574
165500159 21490574
165500195 21490574
165499583 21490576
165499585 21490576
165499742 21490576
165499608 21490580
165499610 21490580
165499612 21490580
165499613 21490580
165499715 21490580
165499721 21490580
165499727 21490580
165499744 21490580
165502281 21490586
165502284 21490586
165502285 21490586
165502456 21490586
165504567 21490586
165504671 21490586
165505276 21490586
165508567 21490586
165508568 21490586
165509536 21490586
165499588 21490587
165498876 21490589
165498878 21490591
165500162 21490597
165498941 21490598
165509394 21490601
165499055 21490603
165502729 21490618
165502730 21490618
165502914 21490618
165503109 21490618
165506632 21490618
165509032 21490618
165509037 21490618
165509038 21490618
165509518 21490618
165502087 21490623
165502089 21490623
165502111 21490623
165502191 21490623
165507900 21490623
165507901 21490623
165507868 21490627
165498241 21490629
165502473 21490634
165506631 21490634
165506662 21490634
165503955 21490637
165504046 21490637
165507648 21490637
165509679 21490638
165499357 21490639
165509415 21490642
165509441 21490642
165507041 21490644
165500251 21490647
165500547 21490647
165500377 21490654
165500548 21490654
165502064 21490658
165502401 21490658
165505810 21490658
165508880 21490658
165508928 21490658
165508929 21490658
165503068 21490665
165502045 21490669
165502030 21490670
165503399 21490676
165505930 21490676
165505931 21490676
165509466 21490677
165501312 21490679
165498479 21490681
165504688 21490684
165509749 21490684
165506931 21490687
165499069 21490689
165506404 21490689
165502332 21490690
165498923 21490692
165509709 21490694
165502942 21490695
165503592 21490697
165498488 21490699
165498491 21490699
165498493 21490699
165498494 21490699
165498495 21490699
165501645 21490705
165501749 21490705
165501773 21490705
165501643 21490715
165501742 21490715
165505885 21490715
165506991 21490715
165499057 21490716
165505754 21490717
165508450 21490717
165508455 21490717
165508456 21490717
165499333 21490722
165499360 21490722
165499843 21490722
165504763 21490722
165507532 21490722
165507537 21490722
165507540 21490722
165507541 21490722
165509435 21490725
165503598 21490728
165499074 21490732
165499088 21490732
165499118 21490732
165499152 21490732
165499584 21490732
165499609 21490732
165506381 21490732
165506529 21490732
165499227 21490735
165499787 21490735
165506415 21490735
165499788 21490736
165507534 21490739
165507535 21490739
165498444 21490742
165507059 21490744
165507061 21490746
165507062 21490746
165497954 21490748
165497958 21490748
165498099 21490748
165502000 21490753
165502448 21490753
165505699 21490753
165509603 21490753
165502042 21490757
165505837 21490757
165506058 21490762
165504398 21490763
165499271 21490764
165499274 21490764
165499822 21490764
165509673 21490764
165502350 21490767
165508805 21490767
165508806 21490767
165497970 21490770
165498159 21490770
165498180 21490770
165509376 21490770
165497921 21490773
165505708 21490776
165509444 21490777
165508031 21490779
165509519 21490779
165499169 21490781
165499177 21490781
165499199 21490781
165502576 21490785
165508406 21490785
165508407 21490785
165508409 21490785
165508412 21490785
165508415 21490785
165508418 21490785
165508419 21490785
165497968 21490787
165504297 21490790
165504303 21490790
165504313 21490790
165508262 21490790
165504305 21490792
165504307 21490792
165498004 21490793
165508638 21490795
165498847 21490797
165499367 21490803
165499378 21490803
165499857 21490803
165499976 21490803
165499983 21490803
165505546 21490803
165505548 21490803
165505549 21490803
165506436 21490803
165507552 21490803
165507559 21490803
165507560 21490803
165502072 21490805
165502424 21490805
165502044 21490806
165502273 21490806
165503320 21490807
165507639 21490809
165507654 21490809
165507657 21490809
165503293 21490811
165502454 21490814
165500247 21490830
165500248 21490830
165500267 21490830
165500272 21490830
165500401 21490830
165500560 21490830
165504032 21490834
165507651 21490834
165509724 21490834
165504495 21490842
165504496 21490842
165504497 21490842
165504616 21490842
165509570 21490842
165502374 21490845
165501310 21490848
165498462 21490852
165498648 21490852
165507419 21490852
165498932 21490854
165501331 21490855
165502038 21490860
165507853 21490860
165507854 21490860
165507855 21490860
165507860 21490864
165507861 21490864
165506307 21490866
165508511 21490868
165508512 21490868
165499097 21490869
165498918 21490870
165499164 21490873
165499166 21490873
165499168 21490873
165499170 21490873
165499171 21490873
165507819 21490875
165502461 21490883
165503113 21490883
165503115 21490883
165503187 21490883
165503117 21490886
165503270 21490886
165508841 21490890
165508026 21490895
165509491 21490895
165498893 21490898
165498931 21490898
165502951 21490899
165506749 21490899
165508285 21490902
165508286 21490902
165507577 21490904
165507578 21490904
165500611 21490919
165500699 21490919
165500705 21490919
165500744 21490919
165500746 21490919
165500814 21490919
165500835 21490919
165500960 21490919
165501039 21490919
165509452 21490919
165507763 21490922
165500998 21490926
165503519 21490939
165503554 21490939
165503701 21490939
165503895 21490939
165503908 21490939
165505488 21490939
165505489 21490939
165506843 21490939
165505666 21490942
165509439 21490942
165500838 21490945
165506497 21490945
165507339 21490945
165507340 21490945
165507342 21490945
165507343 21490945
165501930 21490948
165499880 21490951
165501042 21490951
165506020 21490951
165501845 21490960
165502717 21490960
165502733 21490960
165502903 21490960
165506689 21490960
165507964 21490960
165508101 21490960
165508104 21490960
165508107 21490960
165508115 21490960
165508116 21490960
165508118 21490960
165508119 21490960
165508123 21490960
165508124 21490960
165509647 21490960
165509648 21490960
165502731 21490963
165499401 21490965
165507303 21490965
165507304 21490965
165502751 21490968
165508298 21490968
165508299 21490968
165508671 21490968
165501036 21490971
165501037 21490971
165502738 21490982
165502740 21490982
165502741 21490982
165502744 21490982
165502746 21490982
165502747 21490982
165502931 21490982
165502933 21490982
165502953 21490982
165502956 21490982
165506753 21490982
165508282 21490982
165508283 21490982
165508955 21490982
165508956 21490982
165501465 21490989
165501467 21490989
165501468 21490989
165501576 21490989
165501491 21491007
165507880 21491007
165507883 21491007
165507884 21491007
165508018 21491007
165501505 21491019
165501533 21491019
165501550 21491019
165501595 21491019
165502601 21491019
165508015 21491019
165508016 21491019
165502384 21491021
165502385 21491021
165503162 21491022
165503311 21491022
165503163 21491032
165503166 21491032
165503172 21491032
165503182 21491032
165503330 21491032
165508337 21491032
165508338 21491032
165509003 21491032
165501384 21491046
165501387 21491046
165509484 21491046
165499766 21491049
165499767 21491050
165508634 21491052
165507469 21491054
165507470 21491054
165499308 21491055
165499310 21491055
165499328 21491057
165502065 21491060
165507011 21491060
165499349 21491061
165497928 21491063
165505559 21491065
165504566 21491066
165509900 21491066
165509901 21491066
165504475 21491073
165504477 21491073
165504478 21491073
165508535 21491078
165508536 21491078
165501812 21491081
165507441 21491083
165500409 21491089
165509449 21491089
165505726 21491092
165506657 21491092
165508278 21491097
165503410 21491100
165508591 21491104
165509535 21491106
165499838 21491108
165499839 21491108
165499071 21491110
165499082 21491110
165499099 21491110
165509468 21491110
165509676 21491112
165499888 21491114
165499911 21491115
165499761 21491117
165499762 21491117
165505300 21491117
165506798 21491127
165499191 21491128
165499193 21491128
165505328 21491128
165499061 21491131
165499095 21491131
165499112 21491131
165499053 21491133
165500076 21491133
165506811 21491136
165502109 21491140
165499747 21491143
165509584 21491143
165498514 21491144
165498516 21491144
165504301 21491147
165498852 21491149
165500212 21491152
165500219 21491152
165500227 21491152
165500235 21491152
165497852 21491155
165506297 21491155
165503308 21491160
165508362 21491162
165508363 21491162
165505566 21491164
165502095 21491170
165502390 21491170
165502392 21491170
165508561 21491170
165508564 21491170
165508565 21491170
165508943 21491170
165508944 21491170
165509508 21491170
165509617 21491170
165502905 21491177
165502908 21491177
165502910 21491177
165508133 21491177
165508135 21491177
165508136 21491177
165501021 21491179
165509472 21491179
165508074 21491181
165501983 21491189
165502263 21491189
165506621 21491189
165498472 21491192
165498487 21491192
165508826 21491195
165509561 21491195
165499163 21491197
165499187 21491197
165501958 21491200
165502333 21491200
165508516 21491200
165509499 21491200
165505798 21491202
165505827 21491202
165505840 21491202
165508897 21491202
165508898 21491202
165503152 21491203
165505963 21491206
165506797 21491206
165505959 21491209
165498674 21491217
165498676 21491217
165498687 21491217
165498689 21491217
165498691 21491217
165498694 21491217
165499538 21491217
165499540 21491217
165499541 21491217
165499543 21491217
165499544 21491217
165509387 21491217
165509391 21491217
165509393 21491217
165498526 21491221
165498930 21491221
165505315 21491225
165506373 21491225
165501944 21491228
165498415 21491231
165498845 21491231
165498848 21491231
165499298 21491234
165499300 21491234
165506348 21491234
165507042 21491234
165501309 21491238
165506996 21491243
165508150 21491243
165508151 21491243
165503946 21491244
165502517 21491249
165509493 21491251
165499018 21491252
165499020 21491252
165499500 21491254
165502478 21491255
165505678 21491257
165497759 21491267
165497761 21491267
165497764 21491267
165497768 21491267
165497778 21491267
165497781 21491267
165497787 21491267
165497789 21491267
165497830 21491267
165497849 21491267
165497873 21491267
165497883 21491267
165497920 21491267
165497922 21491267
165497929 21491267
165497941 21491267
165503546 21491267
165506291 21491267
165506301 21491267
165507734 21491267
165507735 21491267
165508678 21491267
165508679 21491267
165508681 21491267
165508682 21491267
165507695 21491271
165499294 21491274
165499307 21491274
165499323 21491274
165508437 21491276
165508438 21491276
165509485 21491280
165502948 21491282
165502949 21491282
165509725 21491285
165503044 21491289
165508599 21491293
165508602 21491293
165498501 21491294
165503028 21491297
165502101 21491306
165505787 21491306
165505793 21491306
165507863 21491306
165507864 21491306
165507889 21491306
165507892 21491306
165507894 21491306
165507895 21491306
165508894 21491306
165504273 21491320
165504422 21491320
165506893 21491320
165502726 21491323
165505784 21491323
165499370 21491325
165499373 21491325
165507546 21491325
165507549 21491325
165509675 21491325
165501774 21491326
165501790 21491326
165506998 21491327
165499405 21491332
165507309 21491332
165509487 21491343
165499382 21491346
165499658 21491346
165499986 21491346
165505942 21491348
165507302 21491351
165505627 21491356
165507806 21491358
165505918 21491359
165502766 21491362
165502772 21491362
165503005 21491362
165503007 21491362
165503023 21491362
165508317 21491362
165508318 21491362
165503169 21491366
165503175 21491366
165503313 21491366
165508341 21491368
165503244 21491378
165503443 21491378
165503452 21491378
165506809 21491378
165508357 21491378
165506344 21491381
165503161 21491386
165503179 21491386
165503183 21491386
165505894 21491386
165505895 21491386
165506792 21491386
165502382 21491389
165503267 21491391
165504394 21491393
165502010 21491395
165501376 21491408
165501394 21491408
165501435 21491408
165501437 21491408
165501439 21491408
165501375 21491411
165497956 21491414
165498091 21491414
165498222 21491414
165503627 21491414
165503514 21491418
165503521 21491418
165503523 21491418
165503524 21491418
165499056 21491420
165503691 21491422
165499297 21491423
165499312 21491423
165499331 21491423
165499343 21491423
165499326 21491425
165499329 21491425
165501970 21491429
165505671 21491429
165501940 21491441
165501952 21491441
165501954 21491441
165501962 21491441
165506635 21491441
165501938 21491444
165506995 21491445
165500642 21491447
165507493 21491447
165500891 21491480
165501031 21491480
165501623 21491480
165501624 21491480
165505620 21491480
165505621 21491480
165509467 21491480
165501454 21491481
165508270 21491483
165506693 21491488
165499006 21491492
165499495 21491492
165503825 21491496
165503405 21491503
165503413 21491503
165506859 21491505
165506470 21491506
165498455 21491530
165498503 21491530
165498654 21491530
165498661 21491530
165498869 21491530
165498885 21491530
165498942 21491530
165500834 21491530
165505978 21491530
165505983 21491530
165505988 21491530
165506018 21491530
165506019 21491530
165506385 21491530
165499260 21491536
165499280 21491536
165499291 21491536
165499595 21491536
165499243 21491540
165501187 21491577
165501258 21491577
165506539 21491577
165509474 21491577
165501188 21491585
165501352 21491585
165506535 21491585
165502775 21491588
165505383 21491590
165507346 21491590
165501641 21491594
165499114 21491596
165499119 21491596
165499121 21491596
165499126 21491596
165499130 21491596
165506476 21491596
165506486 21491596
165506509 21491596
165506868 21491596
165509494 21491596
165498438 21491600
165499835 21491601
165508477 21491603
165509559 21491603
165509567 21491603
165506059 21491605
165508813 21491605
165508814 21491605
165501061 21491607
165503622 21491608
165503625 21491608
165503785 21491608
165503792 21491608
165509052 21491608
165509542 21491608
165506363 21491611
165499493 21491617
165499687 21491617
165509426 21491617
165509554 21491617
165499321 21491619
165501477 21491633
165501632 21491633
165501638 21491633
165501746 21491633
165501771 21491633
165501781 21491633
165506551 21491633
165501673 21491635
165500635 21491640
165500643 21491640
165500644 21491640
165500809 21491640
165506473 21491640
165498280 21491641
165498490 21491642
165499159 21491643
165506430 21491645
165506869 21491645
165507051 21491646
165500630 21491659
165500633 21491659
165501455 21491659
165506477 21491659
165509459 21491659
165500621 21491669
165500622 21491669
165500628 21491669
165500686 21491669
165500688 21491669
165500297 21491682
165500305 21491682
165500524 21491682
165500613 21491682
165506447 21491682
165507447 21491682
165507449 21491682
165507450 21491682
165509463 21491682
165500279 21491691
165500280 21491691
165500281 21491691
165500282 21491691
165500286 21491691
165500292 21491691
165500425 21491691
165500427 21491691
165501981 21491696
165500269 21491699
165500535 21491699
165503569 21491702
165503581 21491702
165498401 21491705
165509397 21491705
165498406 21491708
165498408 21491708
165509666 21491708
165507701 21491714
165507702 21491714
165508580 21491727
165508590 21491727
165508969 21491731
165508970 21491731
165502468 21491736
165502088 21491740
165502557 21491740
165502719 21491742
165507886 21491743
165499858 21491744
165498441 21491746
165498445 21491746
165498448 21491746
165507060 21491746
165509578 21491746
165502678 21491748
165502679 21491748
165502681 21491748
165500885 21491755
165509473 21491755
165501992 21491757
165508519 21491763
165508521 21491763
165508522 21491763
165505769 21491767
165507005 21491767
165501951 21491770
165498483 21491773
165507017 21491773
165507018 21491773
165500180 21491776
165500131 21491779
165506507 21491782
165500896 21491789
165500902 21491789
165501621 21491794
165504288 21491799
165506559 21491825
165509478 21491825
165501433 21491834
165500291 21491850
165500296 21491850
165500298 21491850
165500322 21491850
165500464 21491850
165500537 21491850
165500538 21491850
165501374 21491855
165501009 21491859
165501064 21491859
165506500 21491859
165501008 21491862
165501010 21491862
165501051 21491862
165499128 21491863
165499141 21491863
165499161 21491863
165506399 21491863
165499758 21491864
165502387 21491866
165506540 21491871
165509501 21491873
165505789 21491876
165499072 21491879
165499073 21491879
165499075 21491879
165499076 21491879
165499078 21491879
165499759 21491879
165506405 21491879
165505758 21491881
165509496 21491883
165509607 21491883
165508345 21491886
165508348 21491886
165508350 21491886
165508351 21491886
165499234 21491888
165509677 21491888
165499220 21491890
165499229 21491890
165502453 21491895
165506633 21491895
165506634 21491895
165497989 21491899
165498065 21491899
165498075 21491899
165498197 21491899
165498232 21491899
165509592 21491899
165509593 21491899
165497957 21491902
165497976 21491902
165498174 21491902
165498234 21491904
165503486 21491907
165509539 21491907
165501488 21491910
165501379 21491912
165501381 21491912
165502444 21491914
165502743 21491916
165500646 21491919
165509454 21491919
165498909 21491921
165498150 21491924
165506318 21491924
165501015 21491929
165501118 21491929
165503281 21491931
165503284 21491931
165501792 21491937
165501794 21491937
165502031 21491937
165502518 21491937
165502520 21491937
165502562 21491937
165507906 21491937
165507909 21491937
165507910 21491937
165508021 21491937
165508022 21491937
165508050 21491937
165508063 21491937
165508067 21491937
165508070 21491937
165508072 21491937
165508073 21491937
165501798 21491944
165507873 21491944
165507874 21491944
165501661 21491965
165501667 21491965
165501732 21491965
165501734 21491965
165501813 21491965
165501847 21491965
165501858 21491965
165501877 21491965
165502600 21491965
165502602 21491965
165502604 21491965
165502607 21491965
165506592 21491965
165507927 21491965
165507928 21491965
165507996 21491965
165507997 21491965
165507999 21491965
165508002 21491965
165508003 21491965
165502011 21491968
165502021 21491968
165502049 21491968
165502050 21491968
165502656 21491972
165502691 21491972
165502693 21491972
165498485 21491975
165497967 21491976
165499356 21491977
165507040 21491977
165499580 21491978
165502946 21491979
165498434 21491981
165498446 21491981
165498454 21491981
165507813 21491983
165507814 21491983
165500480 21491985
165500484 21491985
165509680 21491988
165503156 21492000
165503164 21492000
165503165 21492000
165503173 21492000
165501652 21492005
165501653 21492005
165507919 21492005
165507920 21492005
165497763 21492008
165497875 21492008
165498382 21492013
165498383 21492013
165498534 21492013
165498976 21492013
165498980 21492013
165506356 21492013
165507764 21492013
165498421 21492016
165498571 21492016
165498984 21492016
165507293 21492016
165507607 21492018
165499178 21492020
165499179 21492020
165499180 21492020
165499181 21492020
165499182 21492020
165499183 21492020
165499184 21492020
165499738 21492020
165507010 21492021
165500249 21492042
165500254 21492042
165500258 21492042
165500263 21492042
165500283 21492042
165500363 21492042
165500405 21492042
165500431 21492042
165500881 21492043
165500244 21492045
165507284 21492045
165500246 21492046
165501103 21492048
165501105 21492050
165501106 21492052
165503125 21492055
165508329 21492055
165509515 21492062
165499008 21492063
165499013 21492063
165499894 21492063
165499946 21492065
165500218 21492066
165500220 21492066
165500522 21492066
165499947 21492068
165505565 21492068
165507811 21492071
165508799 21492071
165500223 21492072
165500225 21492072
165500226 21492072
165505915 21492074
165508354 21492074
165505732 21492076
165508271 21492078
165508272 21492078
165508274 21492080
165498422 21492083
165499001 21492083
165498424 21492086
165501976 21492087
165502372 21492087
165503606 21492090
165503727 21492090
165503732 21492090
165503738 21492090
165503745 21492090
165506822 21492090
165502189 21492093
165502559 21492093
165502093 21492096
165502470 21492096
165500209 21492097
165500216 21492097
165500222 21492097
165500232 21492097
165500980 21492101
165507321 21492101
165501818 21492108
165501822 21492108
165506603 21492108
165508171 21492108
165508177 21492108
165508179 21492108
165508180 21492108
165508996 21492109
165508982 21492110
165501063 21492111
165508365 21492119
165498492 21492120
