204865319 21657077
204865319 22098286
204873297 21658139
204873297 22099536
204873299 21658139
204873299 22099536
204873301 21658139
204873301 22099536
204873303 21658139
204873303 22099536
204873305 21658139
204873305 22099536
204864201 21658170
204864201 22099180
204864345 21658170
204864345 22099180
204873082 21658170
204873082 22099180
204900030 21658170
204900030 22099180
204904463 21658170
204904463 22099180
204904465 21658170
204904465 22099180
204904578 21658170
204904578 22099180
204871618 21658177
204871618 22098138
204873495 21658177
204873495 22098138
204873496 21658177
204873496 22098138
204893177 21658177
204893177 22098138
204902369 21658177
204902369 22098138
204904582 21658177
204904582 22098138
204904585 21658177
204904585 22098138
204864348 21658177
204864348 22098959
204864349 21658177
204864349 22098959
204873071 21658177
204873071 22098959
204873073 21658177
204873073 22099180
204864860 21658389
204864860 22100157
204865320 21659234
204865320 22100095
204873093 21659234
204873093 22100095
204873095 21659234
204873095 22100095
204873169 21659234
204873169 22100095
204873170 21659234
204873170 22100095
204873397 21659234
204873397 22100095
204873399 21659234
204873399 22100095
204873401 21659234
204873401 22100095
204873402 21659234
204873402 22100095
204900050 21659234
204900050 22100095
204904588 21659234
204904588 22100095
204873310 21659341
204873310 22100233
204873308 21659621
204873308 22099536
204873085 21659656
204873085 22100095
204873087 21659656
204873087 22100095
204904592 21659889
204904592 22100095
204893163 21659889
204893163 22100698
204864197 22093202
204873075 22099180
204873077 22099180
204873307 22099536
204864855 22100393
204873291 22100393
204873293 22100393
204873295 22100393
204900109 22100393
204900116 22100393
204904594 22100393
204904596 22100393
204864070 22102902
204866005 22102902
204866007 22102902
204867720 22102902
204870903 22102902
204871600 22102902
204871609 22102902
204874881 22102902
204874882 22102902
204874883 22102902
204893206 22102902
204896506 22102902
204898367 22102902
204898372 22102902
204899149 22102902
204899150 22102902
204899152 22102902
204899153 22102902
204902011 22102902
204902365 22102902
204902366 22102902
204902367 22102902
204904566 22102902
204904567 22102902
204904569 22102902
204894730 21653310
204894730 22100280
204894829 21653310
204894829 22100280
204904661 21653310
204904661 22100280
204904662 21653310
204904662 22100280
204904663 21653310
204904663 22100280
204904664 21653310
204904664 22100280
204894724 21653675
204895501 21653675
204898577 21653675
204898577 22098242
204902033 21653675
204902033 22098242
204902035 21653675
204902035 22098242
204902036 21653675
204902036 22098242
204904657 21653675
204904657 22098242
204900909 21653778
204900911 21653778
204900911 22098744
204900913 21653778
204900913 22098744
204900915 21653778
204900915 22098744
204900916 21653778
204900916 22098744
204900907 21653778
204900907 22098970
204894734 21655268
204894734 22102803
204894736 21655268
204894736 22102803
204904665 21655268
204904665 22102803
204904666 21655268
204904666 22102803
204900901 22098955
204900902 22098955
204904660 22098955
204900895 22099231
204900896 22099231
204894822 22101990
204900805 22101990
204900806 22101990
204904658 22101990
204894925 22099738
204894925 22190105
204899572 22099738
204899572 22190105
204899573 22099738
204899573 22190105
204894739 22102013
204895288 22102013
204899559 22102013
204901067 22102013
204901068 22102013
204904478 22102013
204904479 22102013
204904480 22102013
204904481 22102013
204895105 22102013
204895105 22196401
204895282 22102013
204895282 22196401
204895284 22102013
204895284 22196401
204895286 22102013
204895286 22196401
204895290 22102013
204895290 22196401
204899564 22102013
204899564 22196401
204899565 22102013
204899565 22196401
204899566 22102013
204899566 22196401
204902029 22102013
204902029 22196401
204904488 22102013
204904488 22196401
204904489 22102013
204904489 22196401
204904490 22102013
204904490 22196401
204904492 22102013
204904492 22196401
204904493 22102013
204904493 22196401
204904494 22102013
204904494 22196401
204904495 22102013
204904495 22196401
204851853 22099652
204851853 22191081
204862438 22099652
204862438 22191081
204858779 22101681
204858779 22193917
204858781 22101681
204858781 22193917
204858782 22101681
204858782 22193917
204856901 22102264
204856901 22194504
204859091 22102265
204859091 22194507
204851314 22102268
204851314 22194509
204859498 22102268
204859498 22194509
204862811 22102271
204862811 22194511
204862814 22102272
204862814 22194513
204852368 22102818
204852368 22194848
204859092 22102818
204859092 22194848
204859223 22102818
204859223 22194848
204859224 22102818
204859224 22194848
204853612 22102823
204853612 22194868
204859509 22102823
204859509 22194868
204859510 22102823
204859510 22194868
204860005 22102825
204860005 22194853
204860008 22102825
204860008 22194853
204862817 22102825
204862817 22194853
204862818 22102825
204862818 22194853
204862819 22102825
204862819 22194853
204852366 22102832
204859215 22102832
204859221 22102832
204859222 22102832
204862805 22102832
204862806 22102832
204862807 22102832
204862809 22102832
204851768 22102832
204851768 22194868
204859218 22102832
204859218 22194868
204862803 22102839
204851772 22102839
204851772 22194868
204851862 22102839
204851862 22194868
204852337 22102839
204852337 22194868
204853590 22102839
204853590 22194868
204859093 22102839
204859093 22194868
204859094 22102839
204859094 22194868
204862794 22102839
204862794 22194868
204862795 22102839
204862795 22194868
204862797 22102839
204862797 22194868
204862799 22102839
204862799 22194868
204862801 22102839
204862801 22194868
204862802 22102839
204862802 22194868
204851071 22102845
204851071 22194875
204856902 22102845
204856902 22194875
204856903 22102845
204856903 22194875
204862821 22102845
204862821 22194875
204862822 22102845
204862822 22194875
204862823 22102845
204862823 22194875
204862825 22102845
204862825 22194875
204862826 22102847
204862826 22194878
204862810 22102849
204862810 22194879
204862813 22102849
204862813 22194879
204862815 22102849
204862815 22194879
204894010 22098842
204894010 22205555
204904550 22098842
204904550 22205555
204904551 22098842
204904551 22205555
204904553 22098842
204904553 22205555
204894012 22098842
204894012 22205753
204895824 22098842
204895824 22205753
204895826 22098842
204895826 22205753
204895832 22098842
204895832 22205753
204895833 22098842
204895833 22205753
204895835 22098842
204895835 22205753
204895865 22098842
204895865 22205753
204901193 22098842
204901193 22205753
204901194 22098842
204901194 22205753
204904552 22098842
204904552 22205753
204904554 22098842
204904554 22205753
204904555 22098842
204904555 22205753
204904556 22098842
204904556 22205753
204904557 22098842
204904557 22205753
204904558 22098842
204904558 22205753
204904559 22098842
204904559 22206382
204893061 22099002
204893072 22099002
204895828 22099002
204895830 22099002
204895830 22205503
204895862 22099002
204895862 22205503
204896458 22099002
204896458 22205503
204896981 22099002
204896981 22205503
204896982 22099002
204896982 22205503
204901189 22099002
204901189 22205503
204901190 22099002
204901190 22205503
204904544 22099002
204904544 22205503
204904545 22099002
204904545 22205503
204904546 22099002
204904546 22205503
204904547 22099002
204904547 22205503
204904548 22099002
204904548 22205503
204904549 22099002
204904549 22205503
204893788 163857427
204893788 22099668
204898714 163857427
204898714 22099668
204902093 163857427
204902093 22099668
204902094 163857427
204902094 22099668
204892704 22097965
204893844 22097965
204892877 22097970
204899933 22097970
204899934 22097970
204903928 22097973
204892511 22097977
204900407 22097977
204900408 22097977
204892504 22097979
204897977 22097986
204897980 22097986
204897983 22097986
204897986 22097986
204897989 22097986
204897990 22097986
204897992 22097986
204897995 22097986
204897998 22097986
204897999 22097986
204892462 22097988
204892490 22097990
204896890 22097990
204896895 22097990
204896896 22097990
204892492 22097991
204892510 22097992
204892554 22097992
204897974 22097992
204897975 22097992
204899815 22097992
204899817 22097992
204899818 22097992
204893243 22097998
204898015 22097998
204901857 22097998
204904195 22097998
204892534 22098002
204892540 22098002
204892547 22098002
204892556 22098002
204892569 22098002
204896828 22098002
204899851 22098002
204899852 22098002
204892463 22098004
204892467 22098004
204904119 22098008
204892588 22098011
204892506 22098014
204897240 22098016
204898176 22098016
204898177 22098016
204896175 22098018
204897623 22098018
204901301 22098018
204901302 22098018
204892620 22098020
204892623 22098020
204893547 22098020
204899001 22098020
204899002 22098020
204892579 22098021
204892580 22098021
204896254 22098021
204902089 22098023
204902090 22098023
204903937 22098024
204892509 22098025
204892512 22098025
204897954 22098026
204892499 22098027
204892545 22098027
204894075 22098027
204896248 22098027
204896249 22098027
204892431 22098028
204892561 22098028
204892567 22098028
204892575 22098028
204894373 22098030
204894374 22098030
204894375 22098030
204893706 22098033
204898658 22098035
204900081 22098037
204900083 22098037
204900084 22098037
204898228 22098038
204898229 22098038
204902682 22098040
204902683 22098041
204902684 22098043
204903919 22098043
204893015 22098044
204893446 22098044
204899398 22098051
204902681 22098051
204902685 22098051
204902686 22098051
204902687 22098051
204903503 22098051
204893016 22098056
204893018 22098056
204893438 22098056
204899333 22098056
204893245 22098059
204893458 22098059
204900088 22098059
204903969 22098059
204893263 22098068
204893265 22098068
204893266 22098068
204895030 22098068
204900089 22098068
204900090 22098068
204897810 22098071
204902688 22098073
204897850 22098078
204897851 22098078
204897861 22098078
204898859 22098078
204898860 22098078
204901841 22098078
204901842 22098078
204904222 22098078
204902689 22098083
204903506 22098083
204904413 22098083
204894430 22098085
204894431 22098085
204904026 22098085
204898861 22098086
204897938 22098090
204898750 22098090
204902109 22098090
204902110 22098090
204892601 22098095
204897817 22098097
204894435 22098103
204895445 22098103
204901081 22098103
204901082 22098103
204898866 22098104
204894436 22098108
204896170 22098109
204893652 22098112
204893654 22098112
204893655 22098112
204894816 22098112
204894818 22098112
204894820 22098112
204894844 22098112
204894854 22098112
204898737 22098112
204903902 22098112
204893137 22098116
204893208 22098116
204897017 22098116
204898774 22098116
204902115 22098116
204902116 22098116
204904234 22098116
204892912 22098118
204893653 22098118
204898869 22098120
204895390 22098122
204902732 22098125
204902738 22098125
204903525 22098125
204903530 22098125
204903534 22098125
204903535 22098125
204903694 22098125
204902746 22098126
204903531 22098126
204903532 22098127
204903695 22098127
204902749 22098128
204902754 22098128
204903533 22098128
204903538 22098128
204899301 22098134
204900147 22098134
204900148 22098134
204900149 22098134
204900151 22098134
204900153 22098134
204900155 22098134
204900157 22098134
204900158 22098134
204900435 22098134
204900436 22098134
204903965 22098134
204904461 22098134
204902750 22098144
204903892 22098144
204895397 22098147
204897592 22098150
204897760 22098151
204897761 22098151
204897789 22098151
204899765 22098151
204902751 22098151
204903536 22098152
204903537 22098152
204902740 22098153
204902744 22098153
204902752 22098153
204900174 22098154
204902753 22098154
204897595 22098155
204903539 22098156
204903540 22098156
204897598 22098157
204902757 22098158
204902758 22098159
204902759 22098160
204899715 22098161
204894500 22098169
204900637 22098169
204900638 22098169
204898927 22098172
204898931 22098172
204902121 22098172
204902122 22098172
204894475 22098175
204894501 22098175
204895520 22098175
204904030 22098175
204897020 22098176
204899162 22098176
204901626 22098176
204902972 22098176
204902973 22098176
204898932 22098177
204898934 22098178
204904236 22098178
204894504 22098181
204898935 22098182
204904017 22098184
204898067 22098188
204898074 22098188
204898075 22098188
204902573 22098188
204902575 22098188
204902576 22098188
204893216 22098193
204893605 22098193
204898938 22098193
204898939 22098193
204898940 22098193
204897027 22098195
204894509 22098201
204900641 22098201
204900642 22098201
204900649 22098201
204900650 22098201
204896244 22098203
204896245 22098204
204896247 22098204
204894591 22098207
204898079 22098207
204899013 22098207
204899014 22098207
204895462 22098209
204902861 22098211
204903601 22098211
204902866 22098214
204903602 22098214
204903725 22098214
204903730 22098214
204895464 22098216
204903603 22098217
204902867 22098219
204903604 22098219
204902981 22098221
204903010 22098221
204903605 22098221
204895467 22098223
204898997 22098228
204902821 22098228
204902824 22098228
204897663 22098229
204902822 22098231
204903643 22098231
204903644 22098231
204892642 22098233
204902858 22098233
204903594 22098233
204903607 22098233
204895469 22098235
204895470 22098235
204904656 22098238
204902823 22098239
204902881 22098246
204903609 22098246
204902829 22098247
204904419 22098247
204892454 22098250
204894776 22098256
204894778 22098256
204894780 22098256
204894782 22098256
204895316 22098256
204895327 22098256
204897181 22098256
204897182 22098256
204899493 22098256
204900859 22098256
204900860 22098256
204898142 22098258
204898146 22098260
204898147 22098260
204903385 22098262
204903924 22098262
204898148 22098264
204895414 22098271
204895531 22098271
204895533 22098271
204900632 22098271
204900653 22098271
204900654 22098271
204901117 22098271
204901119 22098271
204901120 22098271
204902868 22098271
204894835 22098277
204897406 22098277
204897407 22098277
204899780 22098277
204900869 22098277
204901409 22098277
204895532 22098278
204895534 22098281
204897734 22098283
204897738 22098285
204897739 22098285
204892617 22098289
204893549 22098289
204893573 22098289
204899730 22098289
204895090 22098290
204900929 22098290
204900930 22098290
204898210 22098292
204898211 22098294
204898214 22098294
204898276 22098294
204901967 22098294
204901968 22098294
204901969 22098294
204901970 22098294
204898213 22098297
204902670 22098300
204902671 22098300
204902672 22098303
204903501 22098303
204898219 22098306
204901960 22098306
204902947 22098306
204902673 22098307
204900075 22098311
204900077 22098311
204900079 22098311
204900080 22098311
204902675 22098312
204902676 22098314
204902677 22098315
204897800 22098317
204902678 22098319
204894316 22098321
204894317 22098321
204895607 22098321
204898850 22098322
204902679 22098323
204897803 22098325
204894420 22098328
204895340 22098328
204895350 22098336
204901493 22098336
204901495 22098336
204901496 22098336
204898854 22098339
204899449 22098339
204899144 22098341
204902099 22098341
204902101 22098341
204902102 22098341
204894423 22098346
204895331 22098346
204895333 22098346
204897177 22098346
204900564 22098346
204898856 22098349
204893642 22098351
204893644 22098351
204893646 22098351
204899472 22098351
204904474 22098351
204895373 22098354
204895374 22098354
204895380 22098354
204902724 22098356
204902976 22098356
204903009 22098356
204903520 22098356
204903523 22098358
204902737 22098359
204903524 22098359
204895385 22098361
204897582 22098362
204902741 22098364
204903526 22098364
204895387 22098365
204893078 22098367
204895673 22098367
204900143 22098367
204900144 22098367
204902742 22098368
204897571 22098369
204897572 22098369
204897577 22098369
204897580 22098369
204897584 22098369
204901772 22098369
204904174 22098369
204902743 22098370
204903528 22098371
204903692 22098371
204897585 22098372
204903529 22098373
204897588 22098376
204897589 22098377
204902748 22098379
204893175 22098382
204900243 22098382
204900430 22098382
204904000 22098382
204896866 22098384
204896867 22098384
204901561 22098384
204901562 22098384
204901563 22098386
204901564 22098386
204898923 22098389
204897013 22098392
204897014 22098392
204898926 22098393
204896230 22098394
204898929 22098395
204898066 22098396
204901934 22098396
204902733 22098396
204894978 22098412
204900787 22098412
204900788 22098412
204895450 22098413
204896236 22098414
204895452 22098415
204894662 22098422
204894666 22098422
204900771 22098422
204904641 22098422
204904642 22098422
204895454 22098423
204902810 22098425
204895456 22098426
204902812 22098427
204902813 22098428
204902814 22098429
204896860 22098435
204896870 22098435
204898024 22098435
204898025 22098435
204902453 22098435
204904336 22098435
204902816 22098437
204903573 22098437
204902817 22098441
204902818 22098442
204896874 22098443
204897101 22098445
204897102 22098445
204897104 22098445
204898995 22098445
204898996 22098445
204902819 22098445
204903566 22098445
204896876 22098446
204898130 22098448
204893230 22098460
204893231 22098460
204893499 22098460
204893501 22098460
204895703 22098460
204898134 22098462
204898135 22098466
204898136 22098466
204896303 22098470
204896334 22098476
204896339 22098476
204896343 22098476
204902589 22098476
204902590 22098476
204895521 22098478
204898139 22098479
204894502 22098491
204895522 22098491
204895524 22098491
204896759 22098491
204896760 22098491
204904035 22098491
204896307 22098494
204895523 22098496
204896309 22098497
204896782 22098497
204895525 22098499
204899068 22098502
204902345 22098502
204902346 22098502
204902597 22098502
204902598 22098502
204897721 22098503
204898768 22098506
204898770 22098506
204899132 22098506
204893133 22098519
204898771 22098519
204898772 22098519
204904220 22098519
204898773 22098522
204896940 22098525
204894339 22098537
204894344 22098537
204894346 22098537
204894348 22098537
204894703 22098537
204894705 22098537
204897727 22098540
204898776 22098541
204893185 22098545
204897728 22098545
204898778 22098546
204898202 22098547
204898206 22098549
204902660 22098550
204902661 22098550
204901377 22098553
204902662 22098553
204904121 22098553
204902663 22098557
204902664 22098559
204902665 22098560
204903820 22098560
204902666 22098566
204902667 22098566
204902668 22098566
204902669 22098566
204903498 22098566
204903499 22098566
204898839 22098568
204898840 22098568
204898843 22098570
204894413 22098571
204894414 22098571
204894415 22098573
204898846 22098574
204898847 22098577
204896154 22098578
204895371 22098579
204903510 22098581
204896158 22098582
204897552 22098582
204897553 22098582
204902707 22098584
204903512 22098584
204897569 22098585
204897570 22098585
204892724 22098589
204892725 22098589
204892730 22098589
204892732 22098589
204892741 22098589
204892743 22098589
204892746 22098589
204899225 22098589
204900443 22098589
204900444 22098589
204902710 22098589
204902711 22098589
204902712 22098589
204903514 22098589
204903515 22098589
204903639 22098589
204903642 22098589
204902730 22098590
204902736 22098590
204894750 22098595
204894751 22098595
204894753 22098595
204895377 22098595
204902731 22098598
204902717 22098606
204903516 22098606
204903517 22098606
204895378 22098608
204892827 22098611
204898731 22098611
204900135 22098611
204900137 22098611
204900138 22098611
204903518 22098614
204897575 22098615
204897576 22098615
204902734 22098617
204903519 22098618
204896791 22098620
204901213 22098620
204901214 22098620
204902735 22098621
204902739 22098621
204903527 22098621
204903693 22098621
204896794 22098625
204897579 22098627
204898051 22098630
204898053 22098630
204898054 22098630
204898052 22098632
204892929 22098635
204897007 22098635
204897513 22098635
204897514 22098635
204899381 22098635
204899382 22098635
204901621 22098635
204898056 22098638
204898057 22098638
204898919 22098641
204899453 22098641
204893704 22098644
204896224 22098647
204898058 22098648
204895711 22098650
204896225 22098650
204903941 22098650
204895441 22098652
204895443 22098655
204896001 22098656
204904630 22098656
204896038 22098658
204900201 22098658
204900203 22098658
204900204 22098658
204892842 22098661
204892844 22098661
204899475 22098661
204902801 22098664
204902999 22098664
204904390 22098664
204895448 22098665
204902803 22098667
204902804 22098667
204898694 22098671
204898695 22098671
204898696 22098671
204900362 22098675
204902806 22098675
204902807 22098675
204902808 22098675
204898698 22098678
204893280 22098684
204893482 22098684
204893486 22098684
204893509 22098684
204900097 22098684
204900103 22098684
204900105 22098684
204900106 22098684
204900415 22098684
204900416 22098684
204903970 22098684
204893285 22098687
204893484 22098687
204893220 22098688
204898120 22098688
204904083 22098688
204898349 22098689
204901625 22098689
204894744 22098693
204900835 22098693
204900837 22098693
204900839 22098693
204900841 22098693
204900843 22098693
204900845 22098693
204900846 22098693
204898122 22098696
204898123 22098696
204893489 22098698
204896661 22098698
204898124 22098699
204902579 22098700
204902580 22098700
204903922 22098700
204898127 22098702
204895506 22098704
204895507 22098704
204895508 22098704
204895510 22098704
204901167 22098704
204901168 22098704
204895511 22098705
204895514 22098705
204895513 22098706
204902585 22098709
204902586 22098709
204895516 22098710
204895519 22098710
204898760 22098712
204898762 22098712
204897712 22098713
204898761 22098714
204897715 22098715
204898765 22098716
204898766 22098716
204894334 22098719
204896933 22098721
204897718 22098723
204894335 22098726
204894336 22098726
204894337 22098726
204896070 22098729
204898769 22098731
204896937 22098733
204893555 22098734
204895489 22098744
204900903 22098744
204900905 22098744
204900906 22098744
204895291 22098747
204896076 22098748
204896077 22098752
204901275 22098752
204901276 22098752
204895293 22098755
204895294 22098757
204895760 22098757
204896079 22098758
204897489 22098761
204897490 22098761
204895295 22098762
204902650 22098763
204902651 22098766
204902652 22098767
204897494 22098769
204897495 22098769
204902458 22098770
204902653 22098770
204902654 22098772
204897496 22098774
204902655 22098777
204900873 22098778
204902656 22098778
204894851 22098780
204900871 22098780
204902657 22098780
204897499 22098781
204902658 22098783
204898830 22098785
204898832 22098786
204898833 22098786
204894401 22098793
204904076 22098793
204898834 22098796
204894403 22098805
204900543 22098805
204900544 22098805
204893604 22098808
204893606 22098808
204893608 22098808
204893614 22098808
204893616 22098808
204893618 22098808
204893620 22098808
204893622 22098808
204893623 22098808
204894054 22098808
204895693 22098808
204897099 22098808
204900273 22098808
204900275 22098808
204900276 22098808
204900279 22098808
204900280 22098808
204901635 22098808
204901636 22098808
204898838 22098809
204896142 22098810
204893624 22098811
204896709 22098811
204893625 22098814
204903500 22098815
204896147 22098817
204896148 22098817
204899105 22098817
204903504 22098818
204897561 22098819
204902720 22098820
204902721 22098820
204903505 22098821
204895366 22098825
204895367 22098825
204901111 22098825
204903507 22098828
204895368 22098829
204897564 22098830
204902723 22098832
204897608 22098837
204897610 22098837
204897614 22098837
204902692 22098837
204903509 22098837
204904177 22098837
204902728 22098843
204898901 22098845
204898902 22098846
204894601 22098847
204898042 22098847
204898044 22098855
204898045 22098855
204898046 22098856
204895431 22098857
204896216 22098858
204902569 22098858
204902571 22098858
204902572 22098858
204899089 22098859
204899460 22098859
204899462 22098860
204901293 22098860
204901294 22098860
204895435 22098861
204899464 22098866
204895437 22098867
204895439 22098869
204897637 22098872
204897670 22098872
204898686 22098873
204896859 22098874
204898111 22098876
204899761 22098876
204903396 22098876
204893222 22098879
204893226 22098879
204893478 22098879
204900067 22098879
204900069 22098879
204900071 22098879
204900073 22098879
204900074 22098879
204903968 22098879
204892429 22098880
204898112 22098882
204898115 22098884
204895500 22098886
204898118 22098888
204895502 22098889
204895503 22098889
204895504 22098890
204898751 22098892
204898752 22098892
204897703 22098894
204895509 22098898
204895738 22098898
204898361 22098900
204898364 22098900
204901991 22098900
204901992 22098900
204901993 22098900
204901995 22098900
204901997 22098900
204901999 22098900
204902001 22098900
204902003 22098900
204897706 22098901
204894324 22098913
204893042 22098915
204903994 22098915
204898756 22098919
204898756 59554694
204898757 22098919
204898757 59554694
204893246 22098925
204900193 22098925
204900195 22098925
204900197 22098925
204900198 22098925
204903995 22098925
204894454 22098939
204894455 22098939
204901399 22098939
204901400 22098939
204898758 22098941
204897709 22098942
204893314 22098946
204903997 22098946
204900244 22098949
204903998 22098949
204892627 22098950
204892631 22098950
204892638 22098950
204893545 22098950
204899220 22098950
204895281 22098952
204896066 22098953
204895283 22098957
204893172 22098959
204894162 22098959
204900031 22098959
204900033 22098959
204900035 22098959
204900037 22098959
204900039 22098959
204900040 22098959
204895285 22098961
204895758 22098961
204893174 22098964
204893176 22098964
204894164 22098964
204900041 22098964
204900043 22098964
204900044 22098964
204895287 22098967
204902642 22098971
204895289 22098973
204897266 22098973
204900045 22098974
204900046 22098974
204902436 22098974
204897484 22098976
204897487 22098977
204902646 22098979
204902649 22098979
204902647 22098981
204898827 22098982
204899380 22098984
204896139 22098986
204897527 22098987
204899383 22098987
204896569 22098988
204899384 22098988
204897551 22098989
204897554 22098991
204902713 22098993
204902714 22098995
204902715 22099005
204893140 22099008
204894173 22099008
204902716 22099009
204897558 22099010
204895274 22099012
204895275 22099012
204901527 22099012
204901529 22099012
204901530 22099012
204899995 22099014
204899997 22099014
204899998 22099014
204902718 22099014
204902755 22099014
204895990 22099015
204901531 22099016
204901533 22099016
204901534 22099016
204902719 22099019
204892932 22099021
204894178 22099021
204895993 22099025
204895996 22099028
204898032 22099029
204895999 22099031
204898035 22099033
204898038 22099040
204892946 22099043
204892981 22099043
204899973 22099043
204899974 22099043
204902950 22099043
204899450 22099048
204899451 22099051
204899454 22099052
204895427 22099054
204898667 22099058
204898670 22099058
204898673 22099058
204898674 22099058
204899455 22099059
204902943 22099059
204897622 22099060
204892988 22099062
204892989 22099062
204895429 22099063
204896841 22099065
204899459 22099066
204898100 22099067
204898450 22099067
204904221 22099067
204894658 22099075
204894659 22099075
204894692 22099075
204900793 22099075
204900794 22099075
204900817 22099075
204900819 22099075
204900821 22099075
204900823 22099075
204900824 22099075
204900847 22099075
204900848 22099075
204904072 22099075
204898101 22099076
204898104 22099077
204904391 22099078
204898105 22099080
204898896 22099080
204903778 22099085
204904392 22099085
204904422 22099085
204904394 22099086
204899402 22099088
204902561 22099088
204902563 22099088
204902564 22099088
204904395 22099092
204904396 22099095
204904398 22099098
204903742 22099099
204904399 22099099
204894312 22099100
204898748 22099101
204892760 22099104
204892761 22099104
204893533 22099104
204900251 22099104
204900253 22099104
204900254 22099104
204896918 22099105
204894671 22099108
204894673 22099108
204895270 22099108
204895268 22099111
204895271 22099111
204901061 22099111
204901062 22099111
204897473 22099113
204902061 22099113
204902062 22099113
204895279 22099114
204894518 22099118
204894519 22099118
204894957 22099118
204897479 22099119
204893601 22099130
204896122 22099134
204904109 22099134
204895342 22099138
204900556 22099138
204899370 22099140
204896128 22099143
204902700 22099144
204897541 22099146
204901211 22099148
204902701 22099148
204902703 22099151
204897544 22099155
204898593 22099159
204893282 22099166
204893289 22099166
204897212 22099166
204900107 22099166
204900108 22099166
204901719 22099166
204901720 22099166
204899379 22099168
204901753 22099168
204901754 22099168
204902706 22099170
204901249 22099175
204902709 22099175
204898019 22099183
204898020 22099183
204895983 22099186
204895985 22099186
204901237 22099186
204901238 22099186
204902519 22099186
204902521 22099186
204902522 22099186
204904343 22099186
204895987 22099188
204898023 22099189
204898026 22099191
204895411 22099192
204898029 22099194
204898464 22099199
204898465 22099199
204898510 22099199
204898511 22099199
204899440 22099199
204902901 22099199
204892952 22099202
204892974 22099202
204892975 22099202
204896704 22099202
204895413 22099203
204899442 22099205
204895415 22099206
204895417 22099211
204894707 22099231
204894708 22099231
204894709 22099231
204896729 22099231
204900807 22099231
204900809 22099231
204900810 22099231
204894559 22099236
204895191 22099236
204895193 22099241
204899967 22099246
204903959 22099246
204904383 22099246
204894873 22099250
204894875 22099250
204894877 22099250
204904384 22099252
204894874 22099254
204894876 22099254
204894855 22099256
204897388 22099256
204897393 22099256
204897394 22099256
204904385 22099257
204904386 22099258
204894309 22099262
204894464 22099262
204904387 22099262
204904388 22099265
204898730 22099266
204898734 22099269
204896042 22099273
204893154 22099276
204893524 22099276
204896045 22099278
204896048 22099281
204904373 22099281
204898097 22099286
204904452 22099286
204893075 22099286
204893075 22102366
204893867 22099286
204893867 22102366
204900140 22099286
204900140 22102366
204899296 22099288
204895269 22099289
204897466 22099290
204904459 22099292
204896112 22099293
204903879 22099293
204898809 22099298
204896114 22099301
204902361 22099301
204902362 22099301
204902946 22099301
204902990 22099301
204903878 22099301
204903880 22099301
204892890 22099302
204892891 22099302
204895328 22099303
204895330 22099303
204895332 22099306
204892893 22099307
204892894 22099307
204899361 22099309
204895334 22099310
204892895 22099311
204895336 22099312
204899365 22099313
204895338 22099314
204896492 22099318
204898701 22099318
204899367 22099318
204897534 22099321
204897538 22099322
204896756 22099324
204900583 22099324
204900585 22099324
204900587 22099324
204900588 22099324
204895972 22099327
204894771 22099357
204894772 22099357
204895026 22099357
204899315 22099357
204900719 22099357
204900720 22099357
204900729 22099357
204900730 22099357
204900857 22099357
204900858 22099357
204904059 22099357
204895975 22099360
204894574 22099374
204894597 22099374
204900733 22099374
204902133 22099374
204902134 22099374
204904060 22099374
204904242 22099374
204898014 22099378
204898017 22099383
204902852 22099383
204903583 22099383
204903717 22099383
204904397 22099383
204898018 22099386
204898984 22099386
204895401 22099391
204895402 22099391
204899065 22099399
204899066 22099399
204900739 22099399
204900977 22099399
204900978 22099399
204904062 22099399
204895403 22099400
204899431 22099401
204899432 22099404
204895405 22099407
204892878 22099409
204892879 22099409
204897600 22099409
204897601 22099409
204892966 22099410
204904376 22099410
204895406 22099411
204901116 22099411
204895407 22099413
204897602 22099415
204901289 22099417
204901291 22099417
204901292 22099417
204898468 22099418
204898471 22099418
204898491 22099418
204899436 22099418
204902906 22099418
204904356 22099418
204903839 22099420
204903890 22099420
204895409 22099422
204902918 22099423
204903838 22099423
204903891 22099423
204897606 22099425
204901295 22099427
204901296 22099427
204896407 22099428
204898655 22099428
204896822 22099430
204896823 22099430
204901299 22099431
204901300 22099431
204893511 22099435
204897230 22099435
204897236 22099435
204897237 22099435
204901721 22099435
204902127 22099435
204903898 22099435
204904371 22099437
204894859 22099439
204894860 22099439
204897380 22099448
204904372 22099451
204894861 22099453
204895742 22099453
204902694 22099456
204904374 22099456
204894911 22099457
204895187 22099457
204897383 22099462
204904375 22099467
204895188 22099472
204901041 22099472
204901042 22099472
204897386 22099477
204897389 22099479
204896620 22099481
204901359 22099481
204901360 22099481
204903960 22099482
204903967 22099484
204896032 22099487
204896033 22099487
204893311 22099494
204893515 22099494
204901849 22099494
204901850 22099494
204895250 22099497
204896035 22099500
204896036 22099500
204896037 22099502
204903743 22099504
204903782 22099504
204903798 22099504
204904440 22099504
204904441 22099506
204900011 22099508
204900012 22099508
204894931 22099512
204899283 22099513
204899284 22099517
204897452 22099518
204899285 22099520
204895259 22099521
204897455 22099522
204893283 22099525
204893290 22099525
204896673 22099528
204897459 22099531
204901761 22099531
204901762 22099531
204893294 22099536
204895893 22099540
204895894 22099545
204899029 22099545
204899030 22099545
204895896 22099546
204900061 22099549
204900062 22099549
204900277 22099549
204900278 22099549
204902387 22099549
204902389 22099549
204902390 22099549
204892871 22099552
204892880 22099552
204895663 22099552
204896104 22099556
204896105 22099556
204892881 22099557
204892882 22099557
204892885 22099557
204892889 22099557
204895321 22099558
204895322 22099558
204896106 22099561
204892883 22099564
204898400 22099567
204899351 22099567
204895324 22099571
204892886 22099573
204892887 22099573
204894781 22099582
204895325 22099582
204895329 22099582
204900559 22099582
204900561 22099582
204900562 22099582
204898377 22099585
204899353 22099585
204897517 22099587
204897520 22099587
204897521 22099587
204899354 22099589
204897522 22099592
204897523 22099593
204897524 22099595
204897528 22099597
204898000 22099599
204900721 22099610
204900722 22099610
204898001 22099611
204895968 22099616
204897341 22099616
204897348 22099616
204899328 22099616
204901743 22099616
204901744 22099616
204898006 22099620
204893076 22099622
204899999 22099622
204900000 22099622
204894480 22099628
204894787 22099628
204892951 22099634
204892953 22099634
204892955 22099634
204892957 22099634
204892965 22099634
204893471 22099634
204894049 22099634
204894051 22099634
204899981 22099634
204899982 22099634
204902952 22099634
204902953 22099634
204903003 22099634
204901281 22099636
204898640 22099637
204901285 22099639
204901286 22099639
204898324 22099641
204898326 22099641
204898327 22099641
204899429 22099641
204903823 22099643
204903825 22099643
204903826 22099643
204903827 22099643
204903883 22099643
204896816 22099644
204896817 22099644
204896818 22099645
204894850 22099646
204894842 22099647
204894843 22099647
204894853 22099647
204894857 22099647
204897373 22099648
204897374 22099648
204897375 22099648
204897378 22099650
204903458 22099652
204896353 22099657
204896608 22099657
204901351 22099657
204901352 22099657
204901353 22099657
204901355 22099657
204901356 22099657
204904116 22099657
204898710 22099659
204898711 22099661
204898712 22099661
204898719 22099661
204892705 22099664
204892707 22099664
204903951 22099664
204903952 22099667
204892872 22099679
204892884 22099679
204892896 22099679
204893392 22099679
204894242 22099679
204899484 22099679
204903954 22099679
204904099 22099679
204900573 22099693
204900574 22099693
204892917 22099696
204903957 22099696
204894438 22099703
204894442 22099703
204895039 22099703
204900575 22099703
204900576 22099703
204901149 22099703
204901150 22099703
204896022 22099705
204892922 22099708
204903958 22099708
204896025 22099710
204895242 22099711
204904402 22099715
204904430 22099715
204903555 22099720
204903803 22099720
204904417 22099720
204904433 22099720
204903806 22099723
204904434 22099723
204904435 22099723
204899276 22099724
204897443 22099725
204895249 22099727
204900005 22099728
204900006 22099728
204899443 22099738
204899950 22099738
204900291 22099738
204900293 22099738
204900295 22099738
204900297 22099738
204900299 22099738
204900311 22099738
204900515 22099738
204900517 22099738
204900519 22099738
204900521 22099738
204900523 22099738
204900529 22099738
204900530 22099738
204902103 22099738
204902105 22099738
204902107 22099738
204902108 22099738
204903956 22099738
204903983 22099738
204904019 22099738
204903715 22099742
204904436 22099742
204898493 22099743
204893240 22099745
204897445 22099745
204897447 22099745
204897448 22099745
204904438 22099749
204894927 22099752
204898496 22099753
204897449 22099754
204898498 22099756
204898513 22099756
204898514 22099756
204898499 22099759
204892616 22099762
204896667 22099762
204895883 22099764
204895887 22099770
204899028 22099770
204892870 22099773
204895310 22099775
204899341 22099777
204902457 22099777
204895314 22099780
204896539 22099780
204896540 22099780
204895317 22099782
204904086 22099782
204897512 22099783
204899347 22099784
204897515 22099785
204897519 22099786
204895950 22099787
204898569 22099788
204894695 22099798
204895954 22099798
204902513 22099798
204902514 22099798
204904102 22099798
204894541 22099801
204900709 22099801
204900711 22099801
204900712 22099801
204899983 22099802
204899984 22099802
204896009 22099803
204897290 22099803
204897291 22099803
204897293 22099803
204897294 22099803
204897292 22099804
204900717 22099805
204900718 22099805
204894774 22099807
204894775 22099807
204894777 22099807
204895312 22099807
204904023 22099807
204892942 22099809
204897295 22099811
204897298 22099812
204899020 22099815
204899413 22099815
204899414 22099819
204899419 22099819
204893996 22099823
204901271 22099826
204901273 22099826
204901274 22099826
204896026 22099840
204901155 22099840
204901158 22099840
204901250 22099840
204902708 22099840
204903867 22099840
204903868 22099840
204903870 22099840
204903872 22099840
204903873 22099840
204903874 22099840
204901277 22099844
204901278 22099844
204903876 22099847
204903877 22099847
204892830 22099859
204893325 22099859
204893424 22099859
204899008 22099859
204899129 22099859
204904351 22099862
204897361 22099864
204898152 22099869
204898153 22099869
204898155 22099869
204898161 22099869
204898942 22099869
204899247 22099869
204901947 22099869
204901948 22099869
204904237 22099869
204904355 22099869
204894845 22099872
204894847 22099872
204894849 22099872
204900874 22099872
204904357 22099877
204901347 22099880
204901348 22099880
204897299 22099887
204900563 22099887
204900565 22099887
204900566 22099887
204904171 22099887
204892675 22099892
204903947 22099892
204896011 22099897
204896012 22099897
204896016 22099897
204896021 22099897
204896023 22099897
204896024 22099897
204899710 22099897
204901413 22099897
204901414 22099897
204897178 22099900
204900567 22099900
204904025 22099900
204896014 22099903
204902774 22099905
204902998 22099905
204903007 22099905
204903011 22099905
204904421 22099905
204896019 22099907
204897430 22099909
204897431 22099917
204897432 22099917
204903701 22099922
204903788 22099922
204903789 22099922
204904424 22099922
204904425 22099929
204897425 22099933
204897428 22099933
204897433 22099933
204897435 22099933
204897436 22099933
204904426 22099938
204897434 22099940
204904429 22099945
204897437 22099947
204898475 22099948
204898488 22099948
204901411 22099949
204901412 22099949
204893273 22099951
204895871 22099953
204898489 22099954
204895874 22099956
204893277 22099961
204902039 22099961
204902040 22099961
204902044 22099961
204904225 22099961
204900631 22099970
204902878 22099970
204903608 22099970
204903739 22099970
204903780 22099970
204904034 22099970
204892855 22099973
204892857 22099973
204892858 22099973
204892860 22099973
204892866 22099973
204892869 22099973
204892835 22099977
204892861 22099977
204892862 22099977
204892856 22099979
204892859 22099979
204892863 22099979
204895302 22099983
204894697 22099987
204892864 22099988
204892867 22099990
204895306 22099992
204897492 22099995
204897501 22099995
204898870 22099995
204898871 22099995
204899221 22099995
204897502 22099997
204895308 22100002
204898547 22100004
204898551 22100004
204897505 22100006
204901195 22100010
204901197 22100010
204901198 22100010
204899128 22100014
204899339 22100014
204893340 22100017
204903781 22100021
204903796 22100021
204903797 22100025
204903807 22100025
204895941 22100028
204895944 22100031
204895946 22100038
204904233 22100038
204895947 22100041
204892933 22100043
204899961 22100043
204899962 22100043
204904100 22100043
204892753 22100050
204892923 22100050
204892925 22100050
204892934 22100050
204899237 22100050
204899718 22100050
204899951 22100050
204899952 22100050
204899959 22100050
204899960 22100050
204899965 22100050
204900255 22100050
204900256 22100050
204902772 22100050
204902773 22100050
204904379 22100050
204897286 22100053
204894768 22100056
204894769 22100058
204897289 22100059
204892937 22100061
204899964 22100061
204893413 22100064
204902509 22100067
204902510 22100067
204904348 22100068
204897358 22100070
204899141 22100070
204896477 22100072
204901331 22100072
204901332 22100072
204893192 22100074
204893193 22100074
204896275 22100076
204903930 22100076
204903931 22100076
204893195 22100081
204896355 22100081
204897991 22100082
204900553 22100083
204900554 22100083
204897994 22100085
204896005 22100086
204902900 22100086
204897997 22100088
204900051 22100095
204900054 22100095
204903888 22100095
204903889 22100095
204904112 22100095
204896008 22100097
204892784 22100100
204893187 22100104
204899253 22100104
204897420 22100106
204901975 22100107
204898306 22100110
204901959 22100110
204901976 22100110
204902982 22100110
204902983 22100110
204902988 22100110
204898472 22100111
204902768 22100117
204903758 22100117
204904416 22100117
204903571 22100120
204903766 22100120
204904418 22100120
204894907 22100123
204897427 22100124
204893260 22100132
204893261 22100132
204893264 22100132
204894567 22100132
204895028 22100132
204901231 22100141
204901233 22100141
204901235 22100141
204901236 22100141
204901401 22100141
204901403 22100141
204901405 22100141
204901406 22100141
204892653 22100145
204892655 22100145
204892657 22100145
204899891 22100145
204899892 22100145
204901407 22100150
204901408 22100150
204893268 22100154
204900091 22100154
204900092 22100154
204897794 22100156
204904190 22100156
204894684 22100160
204895012 22100160
204894685 22100173
204894687 22100173
204894809 22100173
204900852 22100173
204904018 22100173
204904074 22100173
204892852 22100178
204902364 22100179
204892853 22100180
204894688 22100182
204894656 22100184
204894689 22100184
204897264 22100186
204899326 22100186
204898543 22100187
204898545 22100187
204898546 22100187
204903783 22100188
204903784 22100188
204893326 22100189
204893328 22100189
204893330 22100189
204893632 22100189
204893331 22100193
204901093 22100199
204901094 22100199
204901095 22100199
204901096 22100199
204901188 22100199
204903746 22100204
204903787 22100204
204892712 22100206
204893332 22100206
204893333 22100209
204895633 22100209
204895935 22100211
204894538 22100219
204896719 22100219
204897156 22100219
204897166 22100219
204897167 22100219
204899963 22100220
204893337 22100222
204897270 22100225
204895075 22100231
204900545 22100231
204904022 22100231
204897273 22100232
204897274 22100234
204902435 22100235
204896491 22100236
204892926 22100237
204903850 22100239
204903851 22100239
204898612 22100240
204898615 22100240
204896497 22100242
204898616 22100244
204898617 22100247
204893409 22100248
204897340 22100251
204897343 22100252
204898392 22100253
204898393 22100253
204898394 22100256
204897347 22100257
204894827 22100265
204898396 22100267
204898398 22100267
204903920 22100282
204893184 22100283
204902841 22100285
204902842 22100285
204902844 22100285
204902845 22100285
204903923 22100285
204893188 22100287
204897225 22100290
204903486 22100290
204903487 22100290
204903925 22100290
204897982 22100291
204897985 22100293
204897988 22100294
204892772 22100297
204904400 22100301
204901961 22100304
204901962 22100304
204904401 22100307
204896287 22100310
204899242 22100310
204897408 22100312
204897409 22100312
204897410 22100312
204904403 22100313
204901964 22100317
204902930 22100322
204904404 22100322
204904405 22100326
204897413 22100327
204904406 22100330
204897414 22100333
204897415 22100333
204899248 22100335
204892823 22100339
204894029 22100339
204894034 22100339
204895653 22100339
204893250 22100344
204893251 22100344
204893252 22100344
204898466 22100345
204897418 22100346
204897419 22100346
204893253 22100348
204898469 22100349
204897031 22100351
204897032 22100351
204899879 22100351
204899880 22100351
204892654 22100353
204899881 22100353
204899882 22100353
204893255 22100355
204893256 22100355
204893257 22100355
204900607 22100361
204900609 22100361
204900611 22100361
204900613 22100361
204900614 22100361
204893258 22100365
204893259 22100365
204897190 22100370
204892840 22100371
204899889 22100372
204894675 22100381
204894677 22100381
204897194 22100384
204902353 22100388
204902354 22100388
204897749 22100390
204897751 22100390
204897752 22100390
204904188 22100390
204892845 22100391
204899120 22100394
204902355 22100394
204902356 22100394
204902357 22100394
204902359 22100394
204895517 22100397
204901169 22100397
204901170 22100397
204892847 22100402
204893597 22100402
204894366 22100402
204894367 22100402
204895725 22100402
204902826 22100404
204902827 22100404
204903569 22100404
204903574 22100404
204903714 22100404
204903770 22100404
204898532 22100406
204896700 22100409
204902805 22100409
204904143 22100409
204903772 22100413
204903773 22100413
204898535 22100415
204903774 22100417
204893318 22100423
204893320 22100423
204893322 22100423
204899142 22100423
204899145 22100423
204899146 22100423
204903722 22100424
204903775 22100424
204902987 22100426
204902991 22100426
204903776 22100430
204898538 22100431
204897916 22100432
204902992 22100432
204902993 22100432
204895922 22100435
204895923 22100435
204902975 22100436
204902994 22100436
204898102 22100436
204898102 22102282
204901941 22100436
204901941 22102282
204902968 22100444
204902980 22100444
204902995 22100444
204903493 22100444
204903544 22100444
204895924 22100449
204895927 22100449
204895929 22100449
204902799 22100451
204902800 22100451
204902996 22100451
204902997 22100451
204899090 22100452
204895926 22100454
204899956 22100456
204894741 22100463
204895756 22100463
204892910 22100467
204892911 22100467
204893416 22100467
204899095 22100469
204897262 22100472
204902419 22100474
204902421 22100474
204902422 22100474
204899096 22100479
204897265 22100481
204892909 22100487
204892913 22100487
204893338 22100487
204895100 22100487
204894748 22100488
204894749 22100488
204892914 22100493
204897267 22100496
204898606 22100499
204903848 22100501
204903849 22100503
204897330 22100505
204895136 22100506
204897331 22100512
204904323 22100519
204898380 22100522
204898381 22100522
204894790 22100533
204894794 22100533
204894796 22100533
204894800 22100533
204894802 22100533
204894804 22100533
204894806 22100533
204894810 22100533
204894814 22100533
204894968 22100533
204895273 22100533
204896530 22100533
204896531 22100533
204896795 22100533
204897371 22100533
204897372 22100533
204900861 22100533
204900862 22100533
204900863 22100533
204900865 22100533
204900866 22100533
204900867 22100533
204900868 22100533
204902493 22100533
204902494 22100533
204898382 22100535
204897334 22100537
204898350 22100540
204898383 22100540
204898384 22100540
204894388 22100545
204894817 22100545
204898385 22100547
204897337 22100549
204898388 22100550
204901311 22100552
204901312 22100552
204903915 22100553
204896250 22100554
204897972 22100554
204896452 22100556
204896455 22100556
204903916 22100556
204897973 22100557
204897235 22100559
204903917 22100559
204903918 22100560
204897976 22100561
204892762 22100563
204901949 22100565
204901950 22100565
204897979 22100567
204892763 22100570
204899917 22100570
204899919 22100570
204899921 22100570
204899922 22100570
204903521 22100570
204904377 22100570
204898158 22100573
204901951 22100573
204901952 22100573
204901953 22100576
204901954 22100576
204897401 22100578
204901955 22100580
204900593 22100591
204900595 22100591
204900596 22100591
204903492 22100591
204903686 22100591
204903689 22100591
204903690 22100591
204904027 22100591
204898452 22100592
204903541 22100595
204903691 22100595
204898455 22100597
204903696 22100601
204903698 22100601
204903755 22100601
204903699 22100604
204903700 22100604
204903704 22100604
204894465 22100606
204900602 22100606
204892831 22100608
204897184 22100611
204897185 22100611
204900503 22100617
204900504 22100617
204904176 22100617
204896101 22100625
204901283 22100625
204901284 22100625
204901789 22100625
204901791 22100625
204901793 22100625
204902363 22100625
204902648 22100625
204904178 22100625
204897188 22100627
204897758 22100629
204898517 22100629
204898519 22100629
204898520 22100629
204892837 22100630
204892838 22100630
204898521 22100631
204903702 22100636
204903761 22100636
204894720 22100640
204901166 22100640
204904098 22100640
204903767 22100642
204895911 22100643
204898529 22100645
204893313 22100646
204903769 22100647
204893315 22100648
204897210 22100648
204893316 22100650
204895916 22100651
204893319 22100652
204897250 22100655
204894732 22100657
204897253 22100658
204897256 22100660
204897257 22100661
204894738 22100662
204892906 22100664
204892907 22100664
204901223 22100668
204901225 22100668
204901227 22100668
204901229 22100668
204901230 22100668
204903830 22100669
204903831 22100670
204903610 22100677
204903673 22100677
204903740 22100677
204903833 22100677
204893097 22100680
204903837 22100681
204897894 22100683
204897896 22100683
204897897 22100683
204897895 22100684
204897898 22100686
204892658 22100689
204892667 22100689
204892687 22100689
204892723 22100689
204899890 22100689
204902794 22100689
204902796 22100689
204902797 22100689
204904381 22100689
204897322 22100691
204897325 22100693
204897326 22100695
204894807 22100696
204904068 22100696
204898379 22100700
204894581 22100702
204894582 22100714
204904095 22100724
204901077 22100728
204901079 22100728
204901080 22100728
204903680 22100730
204903681 22100730
204903682 22100732
204903683 22100732
204894016 22100734
204896614 22100736
204904117 22100736
204893232 22100738
204893233 22100738
204898449 22100739
204893239 22100741
204894644 22100745
204894646 22100745
204894648 22100745
204894650 22100745
204904164 22100748
204904166 22100751
204892826 22100752
204898512 22100754
204903751 22100757
204898515 22100758
204902970 22100760
204903756 22100761
204898518 22100762
204893304 22100763
204902974 22100770
204902977 22100770
204902985 22100770
204903548 22100770
204903759 22100771
204899931 22100776
204899932 22100777
204902079 22100780
204904230 22100780
204896821 22100782
204902979 22100782
204903013 22100782
204904133 22100782
204895907 22100785
204899073 22100787
204898291 22100789
204898992 22100789
204899076 22100793
204898292 22100794
204894727 22100796
204894728 22100796
204904238 22100799
204892612 22100803
204893081 22100803
204893376 22100803
204894197 22100803
204899219 22100803
204903821 22100805
204903822 22100808
204903829 22100808
204893086 22100814
204897879 22100820
204897880 22100820
204903824 22100821
204897883 22100824
204903828 22100826
204897881 22100829
204897882 22100829
204897885 22100829
204897888 22100829
204897890 22100829
204897891 22100829
204897886 22100832
204895110 22100835
204895744 22100835
204895111 22100839
204897889 22100841
204897310 22100844
204897313 22100846
204898362 22100848
204897316 22100850
204898365 22100852
204897319 22100853
204898368 22100855
204897093 22100856
204897958 22100860
204892742 22100862
204901931 22100863
204901933 22100863
204892744 22100865
204893795 22100866
204893796 22100868
204901071 22100871
204901073 22100871
204901074 22100871
204892748 22100873
204899217 22100875
204903674 22100877
204902890 22100879
204896604 22100880
204902891 22100881
204902894 22100883
204903679 22100885
204902895 22100886
204903616 22100886
204902899 22100887
204903621 22100887
204894641 22100896
204894823 22100896
204900965 22100896
204900967 22100896
204900968 22100896
204902499 22100896
204902501 22100896
204903881 22100896
204903882 22100896
204896386 22100899
204903741 22100900
204896387 22100902
204903615 22100904
204903744 22100904
204900361 22100907
204901977 22100907
204901978 22100907
204902965 22100907
204898597 22100910
204902957 22100910
204902960 22100910
204902961 22100910
204902962 22100910
204902963 22100910
204903745 22100911
204903749 22100912
204892985 22100913
204893611 22100913
204902790 22100913
204902966 22100913
204903004 22100913
204899923 22100916
204899924 22100916
204902969 22100917
204903008 22100917
204899925 22100919
204899926 22100919
204899061 22100922
204894710 22100931
204901783 22100933
204894712 22100938
204894714 22100938
204898279 22100943
204898280 22100943
204897233 22100944
204897234 22100944
204898281 22100945
204904226 22100947
204894716 22100953
204898284 22100955
204894718 22100959
204896454 22100961
204901209 22100964
204901210 22100964
204901212 22100965
204903800 22100967
204903801 22100967
204903812 22100967
204903813 22100968
204903814 22100968
204896419 22100970
204897870 22100970
204897871 22100970
204897872 22100970
204897875 22100970
204897876 22100970
204893077 22100971
204903809 22100973
204903815 22100973
204893079 22100974
204903816 22100976
204903817 22100977
204897874 22100980
204897877 22100983
204894494 22100985
204897878 22100988
204892665 22100990
204899133 22100992
204897301 22100993
204892668 22100994
204899136 22100997
204903590 22101002
204897304 22101004
204903591 22101006
204898353 22101008
204896371 22101011
204899138 22101011
204903593 22101019
204903596 22101019
204903724 22101019
204897307 22101021
204898356 22101024
204903595 22101026
204893141 22101028
204893145 22101028
204893146 22101028
204902832 22101031
204903597 22101031
204898359 22101033
204903598 22101036
204903727 22101036
204903731 22101036
204903779 22101036
204893144 22101037
204903599 22101038
204893148 22101042
204896378 22101042
204899452 22101042
204893817 22101043
204898989 22101043
204898990 22101043
204897942 22101045
204894560 22101053
204895190 22101053
204901199 22101053
204901200 22101053
204901201 22101053
204901202 22101053
204897945 22101054
204892731 22101055
204898885 22101056
204898998 22101056
204898999 22101056
204894568 22101058
204892735 22101059
204898420 22101060
204898421 22101060
204892738 22101061
204898422 22101062
204898423 22101062
204902880 22101063
204893633 22101065
204893635 22101065
204895660 22101065
204899471 22101065
204900283 22101065
204900284 22101065
204892949 22101068
204903465 22101068
204903666 22101068
204902882 22101069
204898429 22101070
204902883 22101072
204902884 22101074
204902885 22101075
204902888 22101078
204902889 22101078
204904140 22101080
204894629 22101089
204894630 22101089
204894632 22101089
204904144 22101092
204896370 22101093
204893852 22101094
204901661 22101104
204901667 22101104
204901668 22101104
204904149 22101104
204896375 22101108
204903606 22101114
204903729 22101114
204903732 22101114
204903733 22101114
204903735 22101114
204897790 22101117
204897791 22101117
204897795 22101117
204897798 22101117
204897799 22101117
204903728 22101119
204903734 22101119
204903736 22101121
204903737 22101125
204903738 22101125
204902948 22101128
204902949 22101128
204902954 22101128
204902955 22101128
204902958 22101128
204902959 22101128
204903495 22101128
204903630 22101128
204903631 22101128
204903633 22101128
204897797 22101129
204902956 22101132
204903012 22101132
204894702 22101136
204894704 22101136
204894569 22101142
204900987 22101142
204900989 22101142
204900991 22101142
204900993 22101142
204900994 22101142
204901255 22101142
204901257 22101142
204901259 22101142
204904061 22101142
204904105 22101142
204904106 22101142
204904215 22101146
204898272 22101148
204899057 22101149
204897226 22101152
204898275 22101153
204896443 22101157
204896446 22101157
204896449 22101157
204897229 22101158
204901203 22101160
204901204 22101164
204903804 22101165
204903805 22101168
204903808 22101170
204897865 22101173
204896432 22101177
204897866 22101177
204897869 22101177
204897868 22101178
204903580 22101181
204902859 22101184
204903582 22101184
204903584 22101186
204903586 22101186
204903585 22101187
204903719 22101187
204898347 22101189
204902855 22101191
204903588 22101191
204903721 22101191
204897933 22101193
204898983 22101194
204898987 22101197
204897939 22101199
204897076 22101202
204897077 22101202
204898988 22101204
204897078 22101205
204898411 22101206
204892728 22101207
204901053 22101209
204901055 22101209
204901056 22101209
204898414 22101210
204902870 22101212
204893200 22101219
204893201 22101219
204893815 22101219
204902871 22101222
204902872 22101225
204893202 22101230
204902873 22101236
204902874 22101238
204902875 22101238
204902876 22101238
204903600 22101238
204902877 22101240
204902879 22101241
204894620 22101242
204894621 22101242
204894617 22101243
204894618 22101243
204894622 22101243
204897142 22101245
204902798 22101245
204894624 22101252
204900971 22101252
204900972 22101252
204894626 22101254
204894608 22101275
204894610 22101275
204894611 22101275
204894627 22101275
204894633 22101275
204895000 22101275
204897145 22101275
204897146 22101275
204896363 22101278
204896366 22101281
204901125 22101286
204901126 22101286
204902940 22101288
204903726 22101290
204902942 22101292
204897784 22101293
204902944 22101295
204902945 22101295
204903637 22101295
204899901 22101296
204899902 22101296
204897439 22101299
204897440 22101299
204897441 22101299
204901759 22101299
204901760 22101299
204899040 22101300
204901763 22101301
204901764 22101301
204899043 22101302
204899047 22101303
204899049 22101303
204897214 22101305
204898263 22101306
204899048 22101308
204898266 22101310
204896433 22101312
204896436 22101312
204898345 22101312
204898346 22101312
204898269 22101313
204896438 22101315
204897855 22101318
204897856 22101318
204897858 22101320
204892422 22101320
204892422 22102279
204892425 22101320
204892425 22102279
204892604 22101320
204892604 22102279
204892643 22101320
204892643 22102279
204892645 22101320
204892645 22102279
204892758 22101320
204892758 22102279
204892940 22101320
204892940 22102279
204893378 22101320
204893378 22102279
204893833 22101320
204893833 22102279
204896441 22101320
204896441 22102279
204898865 22101320
204898865 22102279
204899887 22101320
204899887 22102279
204899888 22101320
204899888 22102279
204899915 22101320
204899915 22102279
204899916 22101320
204899916 22102279
204900213 22101320
204900213 22102279
204900214 22101320
204900214 22102279
204900247 22101320
204900247 22102279
204900248 22101320
204900248 22102279
204903943 22101320
204903943 22102279
204903944 22101320
204903944 22102279
204903945 22101320
204903945 22102279
204903946 22101320
204903946 22102279
204903978 22101320
204903978 22102279
204903570 22101321
204903713 22101321
204901837 22101323
204901838 22101323
204898328 22101324
204898333 22101324
204903572 22101325
204898334 22101327
204898319 22101329
204898335 22101329
204896503 22101330
204903575 22101333
204903576 22101334
204895410 22101349
204900663 22101349
204900669 22101349
204901115 22101349
204902793 22101349
204903564 22101349
204904042 22101349
204904043 22101349
204904046 22101349
204904057 22101349
204904131 22101349
204893124 22101350
204903579 22101351
204895723 22101352
204899759 22101353
204897912 22101358
204897913 22101358
204903006 22101358
204892711 22101360
204904058 22101361
204894549 22101363
204902929 22101368
204903635 22101368
204903640 22101368
204892719 22101370
204901043 22101372
204901044 22101372
204898402 22101373
204901047 22101376
204901048 22101376
204898406 22101379
204898407 22101379
204902853 22101380
204902860 22101380
204898408 22101381
204902862 22101383
204902863 22101383
204902864 22101384
204902865 22101386
204902869 22101388
204898180 22101394
204898183 22101394
204901956 22101394
204894614 22101403
204894615 22101403
204898181 22101407
204896349 22101409
204896350 22101409
204898184 22101410
204898185 22101411
204896354 22101413
204901109 22101421
204901110 22101421
204901113 22101421
204901114 22101421
204903712 22101422
204902931 22101424
204902932 22101430
204902933 22101430
204902934 22101430
204902935 22101430
204902937 22101430
204903718 22101431
204894398 22101434
204900881 22101434
204900882 22101434
204899033 22101435
204894399 22101436
204899034 22101439
204897205 22101441
204897206 22101442
204897207 22101443
204903496 22101445
204903497 22101445
204903632 22101445
204903636 22101445
204903752 22101445
204896426 22101447
204896425 22101452
204896427 22101452
204896428 22101452
204896429 22101454
204897841 22101457
204897842 22101457
204894461 22101460
204898887 22101461
204898897 22101461
204898898 22101461
204899100 22101465
204894468 22101469
204901823 22101472
204901825 22101472
204901826 22101472
204899104 22101473
204898320 22101474
204901827 22101475
204901828 22101475
204902784 22101476
204903561 22101476
204903707 22101476
204903565 22101478
204901389 22101480
204901390 22101480
204902779 22101480
204902786 22101480
204902787 22101482
204897910 22101483
204894536 22101487
204897919 22101489
204896279 22101491
204902850 22101493
204895496 22101496
204895498 22101498
204902854 22101502
204904114 22101510
204892489 22101515
204898172 22101516
204898175 22101518
204896344 22101521
204901107 22101526
204901108 22101526
204902921 22101528
204902922 22101531
204902924 22101533
204902925 22101534
204902928 22101536
204899021 22101538
204899022 22101543
204899023 22101543
204901745 22101547
204901746 22101547
204899025 22101550
204899026 22101550
204898241 22101552
204898242 22101552
204903480 22101553
204899027 22101555
204901747 22101556
204901748 22101556
204903481 22101558
204896411 22101560
204898245 22101561
204896414 22101562
204902129 22101564
204902130 22101564
204894452 22101565
204894453 22101565
204898884 22101566
204897839 22101567
204894456 22101570
204901811 22101576
204901812 22101576
204892624 22101579
204894459 22101586
204896195 22101590
204903552 22101594
204900167 22101602
204900169 22101602
204900171 22101602
204900173 22101602
204902971 22101602
204903005 22101602
204903554 22101608
204902769 22101617
204902770 22101617
204904389 22101617
204902771 22101620
204902775 22101627
204902776 22101627
204902777 22101632
204897901 22101639
204898950 22101645
204902128 22101645
204904393 22101645
204898951 22101648
204897043 22101650
204898092 22101652
204898095 22101654
204898098 22101657
204895482 22101660
204902902 22101662
204903622 22101662
204895484 22101665
204895485 22101666
204903624 22101668
204895486 22101670
204892471 22101671
204892474 22101671
204902846 22101673
204902847 22101675
204893812 22101676
204898166 22101678
204897750 22101684
204897754 22101684
204902909 22101695
204902910 22101695
204902911 22101700
204902913 22101702
204902914 22101705
204900316 22101708
204902915 22101711
204897756 22101712
204897757 22101712
204893301 22101713
204897456 22101713
204897457 22101713
204900095 22101713
204902917 22101713
204899012 22101714
204899015 22101715
204893020 22101717
204898236 22101719
204898237 22101719
204900093 22101724
204900094 22101724
204898238 22101726
204893023 22101727
204903478 22101729
204900096 22101732
204902696 22101734
204897820 22101739
204902699 22101741
204898872 22101742
204894443 22101745
204894445 22101753
204892613 22101756
204900163 22101756
204900165 22101756
204898877 22101761
204896183 22101764
204896184 22101764
204894449 22101768
204896187 22101772
204903543 22101775
204903545 22101785
204903549 22101785
204903550 22101785
204903551 22101785
204903703 22101785
204902761 22101789
204898307 22101791
204903546 22101792
204902762 22101795
204902764 22101796
204902765 22101799
204902766 22101800
204902767 22101804
204898941 22101805
204894513 22101807
204898944 22101809
204897033 22101810
204898946 22101814
204898947 22101815
204898948 22101815
204894517 22101816
204893733 22101819
204897037 22101820
204898089 22101824
204895472 22101826
204903612 22101829
204895474 22101831
204903613 22101833
204902830 22101835
204902831 22101838
204897672 22101840
204897673 22101840
204895478 22101841
204902833 22101843
204902834 22101845
204894293 22101846
204902836 22101849
204902837 22101849
204902839 22101851
204900870 22101854
204898154 22101856
204893802 22101858
204893809 22101858
204897740 22101861
204897741 22101865
204898791 22101868
204902903 22101873
204902904 22101878
204902905 22101880
204894364 22101881
204902907 22101884
204899000 22101887
204902908 22101889
204899003 22101892
204899006 22101894
204903463 22101896
204903464 22101896
204902680 22101898
204892529 22101902
204893701 22101902
204897462 22101902
204897463 22101902
204897952 22101908
204902391 22101908
204902392 22101908
204892523 22101911
204892524 22101911
204892550 22101911
204892559 22101911
204896830 22101911
204896831 22101911
204899853 22101911
204899854 22101911
204897422 22101914
204897423 22101914
204900013 22101926
204900015 22101926
204900016 22101932
204902423 22101932
204902425 22101932
204902426 22101932
204896320 22101935
204895225 22101940
204901049 22101940
204901050 22101940
204892514 22101942
204892515 22101942
204892519 22101942
204894114 22101942
204892507 22101945
204902567 22101945
204902568 22101945
204896920 22101947
204894109 22101949
204893723 22101952
204893724 22101952
204893725 22101952
204899721 22101952
204900339 22101952
204900340 22101952
204893493 22101956
204893849 22101956
204894257 22101958
204899309 22101967
204904227 22101967
204896644 22101973
204899753 22101973
204900263 22101973
204900264 22101973
204902541 22101973
204902542 22101973
204896886 22101977
204896893 22101977
204900217 22101977
204900220 22101977
204904137 22101977
204894291 22101983
204894295 22101983
204894711 22101983
204894713 22101983
204895493 22101983
204900799 22101983
204904010 22101983
204894717 22101990
204894719 22101990
204895495 22101990
204895497 22101990
204895766 22101990
204900801 22101990
204901159 22101990
204901161 22101990
204901162 22101990
204904071 22101990
204893700 22102015
204894086 22102015
204896358 22102016
204896361 22102016
204896364 22102016
204896373 22102016
204896377 22102016
204898107 22102016
204898108 22102016
204899134 22102016
204899135 22102016
204892516 22102018
204892517 22102018
204903906 22102018
204892487 22102019
204892582 22102020
204903939 22102020
204895942 22102022
204895943 22102022
204896276 22102024
204896875 22102024
204896278 22102027
204902537 22102027
204902538 22102027
204894418 22102042
204895731 22102042
204899723 22102042
204900579 22102042
204900581 22102042
204900582 22102042
204903909 22102042
204897308 22102046
204897323 22102046
204897324 22102046
204898825 22102050
204898826 22102050
204901325 22102050
204901326 22102050
204897586 22102055
204901773 22102055
204901774 22102055
204901785 22102055
204901786 22102055
204901787 22102055
204901788 22102055
204902551 22102055
204902552 22102055
204904352 22102055
204897532 22102058
204897533 22102058
204897536 22102058
204897539 22102058
204897540 22102058
204894307 22102064
204894313 22102064
204894350 22102064
204894871 22102064
204895384 22102064
204896150 22102064
204896153 22102064
204896161 22102064
204896163 22102064
204896171 22102064
204896172 22102064
204897287 22102064
204897549 22102064
204897550 22102064
204897722 22102064
204897962 22102064
204897967 22102064
204899078 22102064
204899081 22102064
204901853 22102064
204901854 22102064
204904184 22102064
204904185 22102064
204904324 22102064
204904341 22102064
204894922 22102067
204895461 22102067
204895463 22102067
204895465 22102067
204897254 22102069
204897255 22102069
204903988 22102069
204892820 22102072
204893630 22102072
204895206 22102072
204895656 22102072
204898636 22102072
204898637 22102072
204898722 22102072
204898725 22102072
204898732 22102072
204898733 22102072
204899801 22102072
204899802 22102072
204901177 22102072
204901179 22102072
204901180 22102072
204903903 22102072
204903910 22102072
204903961 22102072
204900705 22102077
204900706 22102077
204894288 22102082
204897284 22102082
204897285 22102082
204899093 22102082
204902349 22102082
204902351 22102082
204902352 22102082
204894286 22102107
204894333 22102107
204894476 22102107
204895362 22102107
204895948 22102107
204895949 22102107
204900617 22102107
204901097 22102107
204901099 22102107
204901106 22102107
204901141 22102107
204901143 22102107
204901145 22102107
204901147 22102107
204901148 22102107
204901239 22102107
204901240 22102107
204901241 22102107
204901243 22102107
204901244 22102107
204902485 22102107
204904014 22102107
204904089 22102107
204904091 22102107
204904342 22102107
204892527 22102110
204896827 22102110
204896832 22102110
204897832 22102114
204892834 22102116
204892836 22102116
204892841 22102116
204893327 22102116
204903974 22102116
204899847 22102118
204899848 22102118
204901375 22102118
204901376 22102118
204901935 22102121
204901936 22102121
204901939 22102121
204901940 22102121
204896629 22102123
204898093 22102123
204898094 22102123
204901937 22102123
204893066 22102124
204894332 22102131
204895335 22102131
204897311 22102131
204897312 22102131
204897314 22102131
204901741 22102131
204904172 22102131
204894892 22102133
204894898 22102135
204904127 22102135
204894406 22102145
204894410 22102145
204894412 22102145
204894779 22102145
204895303 22102145
204895305 22102145
204895307 22102145
204895309 22102145
204895311 22102145
204895315 22102145
204895319 22102145
204895323 22102145
204895337 22102145
204895994 22102145
204895995 22102145
204897297 22102145
204901733 22102145
204904024 22102145
204904170 22102145
204897321 22102147
204901742 22102147
204898224 22102151
204898234 22102151
204898243 22102151
204898265 22102151
204898268 22102151
204898271 22102151
204898273 22102151
204901965 22102151
204901966 22102151
204902581 22102151
204902582 22102151
204902583 22102151
204902584 22102151
204893101 22102166
204893102 22102166
204898836 22102166
204898848 22102166
204898849 22102166
204901979 22102166
204901980 22102166
204892671 22102169
204892673 22102169
204892680 22102169
204892682 22102169
204899222 22102169
204894521 22102172
204895873 22102172
204894514 22102176
204894516 22102176
204893497 22102187
204894126 22102187
204896813 22102187
204901369 22102187
204901374 22102187
204904120 22102187
204904132 22102187
204893286 22102193
204893296 22102193
204895194 22102193
204895700 22102193
204897941 22102193
204897944 22102193
204898137 22102193
204898138 22102193
204898141 22102193
204898143 22102193
204898144 22102193
204900239 22102193
204900240 22102193
204903971 22102193
204904193 22102193
204900333 22102195
204894636 22102197
204899074 22102199
204899075 22102199
204901641 22102199
204901643 22102199
204901645 22102199
204904147 22102199
204898922 22102204
204898925 22102204
204899245 22102204
204897917 22102206
204897918 22102206
204893005 22102208
204895610 22102208
204896911 22102209
204899357 22102214
204899358 22102214
204901330 22102214
204903896 22102214
204892417 22102220
204892421 22102220
204892427 22102220
204892447 22102220
204892450 22102220
204892752 22102220
204892941 22102220
204892944 22102220
204893038 22102220
204893317 22102220
204893520 22102220
204893818 22102220
204894031 22102220
204895654 22102220
204896398 22102220
204898201 22102220
204898205 22102220
204899252 22102220
204899929 22102220
204899930 22102220
204900363 22102220
204900364 22102220
204902418 22102220
204903963 22102220
204904332 22102220
204898868 22102221
204892597 22102225
204895215 22102225
204895217 22102225
204896313 22102225
204898387 22102225
204898389 22102225
204898390 22102225
204898403 22102225
204898409 22102225
204898412 22102225
204898413 22102225
204892531 22102226
204892576 22102227
204892549 22102229
204892551 22102229
204892553 22102229
204892587 22102229
204898427 22102232
204898428 22102232
204892691 22102233
204892692 22102233
204892694 22102233
204892699 22102236
204892702 22102236
204899906 22102236
204899905 22102238
204892849 22102242
204893014 22102242
204893432 22102242
204893444 22102242
204899937 22102242
204899938 22102242
204898780 22102245
204898286 22102248
204901971 22102248
204901972 22102248
204892476 22102250
204892477 22102250
204892479 22102250
204903938 22102250
204898613 22102253
204899408 22102253
204902055 22102253
204902056 22102253
204895089 22102257
204893751 22102260
204893753 22102260
204896838 22102260
204899261 22102260
204897246 22102262
204901306 22102262
204904168 22102262
204892586 22102273
204904235 22102279
204901323 22102283
204901324 22102283
204901942 22102284
204896409 22102287
204896413 22102287
204897932 22102289
204899223 22102289
204899368 22102289
204904192 22102289
204892465 22102293
204903933 22102293
204896713 22102295
204900401 22102295
204900402 22102295
204904124 22102295
204896500 22102296
204898682 22102303
204893791 22102306
204898841 22102316
204898844 22102316
204898878 22102316
204898879 22102316
204892544 22102318
204892484 22102319
204892485 22102319
204892486 22102319
204892897 22102326
204892898 22102326
204892903 22102326
204896657 22102326
204899946 22102326
204900185 22102326
204900187 22102326
204900188 22102326
204900285 22102326
204900287 22102326
204900288 22102326
204902599 22102326
204902601 22102326
204902602 22102326
204903955 22102326
204893339 22102332
204895106 22102332
204893008 22102333
204893756 22102334
204893728 22102335
204893729 22102335
204893671 22102338
204904111 22102338
204904453 22102338
204893793 22102339
204893794 22102339
204893789 22102340
204892846 22102341
204893454 22102341
204893800 22102342
204900347 22102342
204900348 22102342
204903935 22102343
204903936 22102343
204892573 22102344
204892574 22102344
204894084 22102344
204892713 22102345
204892714 22102345
204892715 22102345
204892726 22102345
204892729 22102345
204893662 22102345
204893663 22102345
204893664 22102345
204896668 22102345
204899716 22102346
204893710 22102347
204893713 22102347
204893715 22102347
204893717 22102347
204893719 22102347
204895140 22102347
204896220 22102347
204894110 22102348
204896221 22102348
204893739 22102349
204893742 22102349
204893747 22102349
204896198 22102349
204898002 22102349
204901545 22102349
204901546 22102349
204901855 22102349
204901856 22102349
204901305 22102351
204902697 22102351
204904350 22102351
204893767 22102353
204893768 22102353
204893769 22102353
204893779 22102353
204898704 22102353
204899264 22102353
204897085 22102355
204897088 22102355
204897091 22102355
204897092 22102355
204892635 22102356
204897046 22102356
204897052 22102356
204897053 22102356
204893731 22102357
204893732 22102357
204894108 22102357
204896222 22102357
204896908 22102358
204896909 22102358
204896910 22102358
204901571 22102358
204901572 22102358
204896291 22102359
204896296 22102359
204904460 22102359
204893811 22102361
204902984 22102361
204896297 22102362
204893028 22102368
204892472 22102372
204892475 22102372
204892480 22102372
204892483 22102372
204903934 22102372
204892538 22102377
204892541 22102377
204894065 22102377
204896902 22102377
204896923 22102377
204896929 22102377
204896930 22102377
204898634 22102377
204898635 22102377
204898663 22102377
204898665 22102377
204898666 22102377
204899725 22102377
204904138 22102377
204898651 22102380
204899239 22102380
204902063 22102380
204902065 22102380
204902067 22102380
204902068 22102380
204902073 22102380
204902074 22102380
204904229 22102380
204898807 22102383
204898808 22102383
204898828 22102383
204898829 22102383
204902097 22102384
204902098 22102384
204903901 22102384
204903904 22102384
204904139 22102385
204893746 22102387
204896204 22102387
204901547 22102387
204901548 22102387
204893686 22102389
204896514 22102389
204896680 22102389
204902695 22102389
204897087 22102390
204893765 22102391
204893772 22102391
204893778 22102391
204900337 22102392
204900338 22102392
204893757 22102393
204897048 22102394
204894384 22102409
204894740 22102409
204894760 22102409
204894811 22102409
204894841 22102409
204894973 22102409
204895280 22102409
204896108 22102409
204897376 22102409
204897377 22102409
204897385 22102409
204897403 22102409
204897404 22102409
204901755 22102409
204901757 22102409
204901758 22102409
204902527 22102409
204904073 22102409
204904173 22102409
204904346 22102409
204904347 22102409
204892436 22102413
204893130 22102422
204897196 22102422
204904151 22102422
204904152 22102422
204904162 22102422
204893103 22102424
204894127 22102426
204902451 22102426
204902452 22102426
204893718 22102428
204899346 22102428
204898442 22102431
204901345 22102431
204902013 22102431
204904455 22102431
204894202 22102433
204893853 22102434
204903905 22102434
204897090 22102436
204893763 22102437
204900343 22102437
204900344 22102437
204897050 22102441
204897051 22102441
204896193 22102444
204896194 22102444
204900341 22102444
204900342 22102444
204896925 22102447
204902611 22102449
204902690 22102449
204902612 22102450
204900351 22102452
204900353 22102452
204900355 22102452
204900356 22102452
204898867 22102453
204899249 22102453
204892700 22102455
204903950 22102455
204893716 22102458
204893727 22102458
204894105 22102458
204896934 22102460
204896935 22102462
204896936 22102462
204902702 22102464
204902443 22102465
204902445 22102465
204902446 22102466
204898444 22102467
204893780 22102468
204897054 22102471
204897057 22102471
204897068 22102471
204897069 22102471
204893678 22102472
204893681 22102472
204893684 22102472
204896282 22102472
204897247 22102472
204897251 22102472
204899720 22102472
204904169 22102472
204893685 22102473
204893744 22102475
204896931 22102476
204899385 22102477
204896783 22102479
204892873 22102492
204893336 22102492
204894815 22102492
204896098 22102492
204896135 22102492
204899280 22102492
204899939 22102492
204900482 22102492
204900509 22102492
204900511 22102492
204900513 22102492
204900514 22102492
204901265 22102492
204901266 22102492
204901279 22102492
204901280 22102492
204901797 22102492
204903894 22102492
204903929 22102492
204904011 22102492
204904107 22102492
204904179 22102492
204904180 22102492
204892452 22102505
204892778 22102505
204892785 22102505
204892787 22102505
204892790 22102505
204892795 22102505
204894219 22102505
204899825 22102505
204899827 22102505
204899828 22102505
204901367 22102505
204901368 22102505
204903884 22102505
204903885 22102505
204904331 22102505
204898821 22102508
204899447 22102508
204898823 22102510
204893156 22102512
204893158 22102514
204895695 22102516
204897228 22102516
204896521 22102520
204901335 22102520
204901336 22102522
204895230 22102525
204898619 22102525
204898618 22102527
204898706 22102529
204894101 22102530
204893691 22102532
204893847 22102532
204900373 22102532
204900374 22102532
204897058 22102533
204897061 22102533
204897063 22102533
204897064 22102533
204892839 22102536
204893428 22102536
204903953 22102536
204892865 22102537
204892868 22102537
204892558 22102538
204892560 22102538
204892562 22102538
204896824 22102538
204896825 22102538
204896173 22102541
204896179 22102541
204896180 22102541
204892651 22102546
204892710 22102546
204896651 22102546
204897710 22102546
204897716 22102546
204897719 22102546
204897720 22102546
204899227 22102546
204899717 22102546
204899797 22102546
204899895 22102546
204899896 22102546
204899903 22102546
204899904 22102546
204901333 22102546
204901334 22102546
204901363 22102546
204901364 22102546
204901803 22102546
204901804 22102546
204903927 22102546
204903948 22102546
204904002 22102546
204904181 22102546
204904183 22102546
204894400 22102550
204894450 22102550
204894451 22102550
204899039 22102550
204899042 22102550
204899044 22102550
204899045 22102550
204904021 22102550
204892493 22102559
204892498 22102559
204892501 22102559
204892997 22102559
204893007 22102559
204893011 22102559
204893495 22102559
204893722 22102559
204894128 22102559
204895612 22102559
204896202 22102559
204896597 22102559
204896598 22102559
204896839 22102559
204896840 22102559
204896872 22102559
204896873 22102559
204896880 22102559
204898013 22102559
204899343 22102559
204899411 22102559
204899719 22102559
204899793 22102559
204903979 22102559
204904136 22102559
204902828 22102563
204902815 22102579
204902815 76776936
204892695 22102583
204902725 22102583
204903949 22102583
204892697 22102585
204892706 22102585
204896616 22102588
204896617 22102588
204904349 22102591
204896242 22102593
204896243 22102595
204893703 22102597
204896928 22102598
204893714 22102599
204894098 22102599
204893693 22102601
204896938 22102601
204899259 22102601
204903990 22102601
204904141 22102601
204897067 22102602
204897070 22102602
204893848 22102604
204893736 22102606
204893737 22102606
204893774 22102607
204893775 22102607
204893748 22102608
204893734 22102609
204902078 22102610
204902727 22102610
204893721 22102611
204893730 22102611
204893984 22102611
204896190 22102611
204896848 22102611
204896849 22102611
204900335 22102611
204900336 22102611
204901303 22102611
204901304 22102611
204899803 22102613
204899805 22102613
204899807 22102613
204899809 22102613
204899811 22102613
204899813 22102613
204899814 22102613
204898631 22102614
204896826 22102615
204892591 22102616
204894314 22102618
204894864 22102618
204896168 22102618
204896169 22102618
204897611 22102618
204892708 22102620
204892709 22102620
204897248 22102622
204893019 22102662
204893236 22102662
204893762 22102662
204894306 22102662
204895436 22102662
204895438 22102662
204897335 22102662
204897336 22102662
204898027 22102662
204898028 22102662
204898031 22102662
204899262 22102662
204900753 22102662
204900754 22102662
204900758 22102662
204901891 22102662
204902339 22102662
204902340 22102662
204904064 22102662
204904065 22102662
204904066 22102662
204904196 22102662
204904318 22102662
204904320 22102662
204904321 22102662
204894311 22102671
204894325 22102671
204894457 22102671
204894542 22102671
204895416 22102671
204895424 22102671
204895426 22102671
204895526 22102671
204897328 22102671
204897329 22102671
204899056 22102671
204904092 22102671
204904456 22102671
204894327 22102673
204894954 22102687
204895386 22102687
204895389 22102687
204895396 22102687
204895400 22102687
204900713 22102687
204900715 22102687
204900716 22102687
204900933 22102687
204900935 22102687
204900937 22102687
204900939 22102687
204900940 22102687
204901535 22102687
204901537 22102687
204901538 22102687
204895345 22102689
204893698 22102690
204894082 22102690
204895404 22102697
204897260 22102697
204897261 22102697
204901219 22102697
204901220 22102697
204904039 22102697
204895872 22102700
204894326 22102711
204894393 22102711
204894394 22102711
204894397 22102711
204894535 22102711
204895762 22102711
204895879 22102711
204897161 22102711
204897162 22102711
204904079 22102711
204904093 22102711
204894522 22102712
204896137 22102713
204896138 22102713
204894840 22102715
204899340 22102715
204896943 22102716
204904454 22102716
204898715 22102717
204902450 22102718
204898707 22102719
204893750 22102720
204893105 22102722
204893033 22102724
204894203 22102725
204895347 22102730
204895353 22102730
204901086 22102730
204901087 22102730
204901088 22102730
204904087 22102730
204894791 22102737
204895352 22102737
204904038 22102737
204896717 22102741
204900651 22102741
204900652 22102741
204904033 22102741
204894477 22102754
204894478 22102754
204894789 22102754
204894665 22102772
204894669 22102772
204894683 22102772
204894698 22102772
204894801 22102772
204894824 22102772
204895009 22102772
204895016 22102772
204895241 22102772
204895251 22102772
204895272 22102772
204895301 22102772
204895973 22102772
204895974 22102772
204901057 22102772
204901063 22102772
204901065 22102772
204901066 22102772
204902480 22102772
204902495 22102772
204904084 22102772
204904085 22102772
204904339 22102772
204904340 22102772
204904457 22102772
204894061 22102776
204895208 22102776
204895618 22102776
204897467 22102776
204898638 22102776
204898639 22102776
204898648 22102776
204902077 22102778
204893784 22102780
204893785 22102780
204893787 22102780
204893799 22102780
204893752 22102781
204893851 22102781
204897208 22102783
204892681 22102784
204892693 22102787
204893659 22102787
204903984 22102787
204896892 22102788
204896897 22102790
204896403 22102792
204896404 22102792
204898873 22102792
204898875 22102792
204898876 22102792
204904194 22102793
204897971 22102795
204897559 22102797
204897562 22102797
204897565 22102797
204897566 22102797
204901767 22102797
204901768 22102797
204902641 22102797
204901575 22102805
204896917 22102807
204901577 22102807
204901578 22102807
204895915 22102811
204895918 22102811
204896524 22102811
204896525 22102811
204899084 22102811
204901731 22102811
204901732 22102811
204902549 22102811
204902550 22102811
204895920 22102812
204895921 22102812
204899302 22102815
204904003 22102815
204901556 22102854
204904135 22102854
204898728 22102855
204898729 22102857
204899147 22102858
204892555 22102860
204894080 22102860
204892533 22102862
204892535 22102862
204892537 22102862
204892571 22102864
204898289 22102868
204896385 22102874
204896672 22102874
204898899 22102874
204898900 22102874
204894880 22102877
204900875 22102877
204900876 22102877
204894881 22102879
204894884 22102883
204902964 22102883
204895934 22102886
204895937 22102886
204895940 22102886
204897029 22102889
204897034 22102889
204897035 22102889
204897041 22102889
204901627 22102889
204901628 22102889
204892664 22102891
204892666 22102891
204892685 22102891
204893661 22102891
204899004 22102891
204899005 22102891
204899893 22102891
204899894 22102891
204902912 22102904
204894318 22102908
204896185 22102908
204896186 22102908
204892557 22102910
204893237 22102913
204899312 22102913
204892424 22102919
204892433 22102919
204892439 22102919
204892526 22102919
204892584 22102919
204892590 22102919
204892598 22102919
204893442 22102919
204893452 22102919
204894059 22102919
204896044 22102919
204896046 22102919
204896047 22102919
204897464 22102919
204897465 22102919
204897590 22102919
204897591 22102919
204898690 22102919
204898691 22102919
204899849 22102919
204899850 22102919
204903975 22102919
204903989 22102919
204904012 22102919
204904345 22102919
204894505 22102924
204894528 22102924
204892423 22102926
204895650 22102926
204900461 22102927
204900462 22102927
204900577 22102927
204900578 22102927
204894533 22102928
204896232 22102929
204896233 22102929
204896253 22102929
204896252 22102931
204897472 22102931
