205943187 22130126
205951225 22130126
205951226 22130126
205949663 22127821
205949663 22173097
205948246 22128698
205948246 22173902
205948248 22128698
205948248 22173902
205951306 22128698
205951306 22173902
205951307 22128698
205951307 22173902
205944825 22128911
205951235 22128911
205951294 22128911
205951295 22128911
205943473 22131117
205943473 22174001
205943505 22131117
205943505 22174001
205943506 22131117
205943506 22174001
205951233 22131117
205951233 22176409
205943835 22131416
205945640 22131548
205945640 22176206
205945641 22131548
205945641 22176206
205945775 22131548
205945775 22176206
205944732 22131570
205944732 22176206
205944732 60883107
205945638 22131570
205945638 22176206
205945638 60883107
205948239 22131570
205948239 22176206
205948239 60883107
205948725 22131570
205948725 22176206
205948725 60883107
205949431 22131570
205949431 22176206
205949431 60883107
205949432 22131570
205949432 22176206
205949432 60883107
205949641 22131570
205949641 22176206
205949641 60883107
205949642 22131570
205949642 22176206
205949642 60883107
205951288 22131570
205951288 22176206
205951288 60883107
205951289 22131570
205951289 22176206
205951289 60883107
205951290 22131570
205951290 22176206
205951290 60883107
205951291 22131570
205951291 22176206
205951291 60883107
205951292 22131570
205951292 22176206
205951292 60883107
205951293 22131570
205951293 22176206
205951293 60883107
205943186 22132192
205943186 22176746
205948242 22132192
205948242 22176746
205948243 22132192
205948243 22176746
205951304 22132192
205951304 22176746
205951305 22132192
205951305 22176746
205951236 22173097
205951240 22173097
205951241 22173097
205949339 22131570
205949339 22177710
205949339 60883107
205949341 22131570
205949341 22177710
205949341 60883107
205949342 22131570
205949342 22177710
205949342 60883107
205944216 22131570
205944216 60883107
205944290 22127856
205944290 22179926
205944804 22127856
205944804 22179926
205948232 22127856
205948232 22179926
205948235 22127856
205948235 22179926
205948236 22127856
205948236 22179926
205948871 22127856
205948871 22179926
205948873 22127856
205948873 22179926
205950155 22127856
205950155 22179926
205950156 22127856
205950156 22179926
205951320 22127856
205951320 22179926
205951353 22127856
205951353 22179926
205951354 22127856
205951354 22179926
205951355 22127856
205951355 22179926
205951356 22127856
205951356 22179926
205951357 22127856
205951357 22179926
205951358 22127856
205951358 22179926
205951359 22127856
205951359 22179926
205951360 22127856
205951360 22179926
205951361 22127856
205951361 22179926
205951362 22127856
205951362 22179926
205942896 22181894
205944668 22181894
205948237 22181894
205949037 22181894
205949039 22181894
205949041 22181894
205949043 22181894
205949045 22181894
205949046 22181894
205949060 22181894
205949523 22181894
205949524 22181894
205949527 22181894
205949530 22181894
205950158 22181894
205951363 22181894
205951364 22181894
205951365 22181894
205951366 22181894
205951367 22181894
205951368 22181894
205951369 22181894
205951370 22181894
205633771 22128021
205633771 22211737
205633742 22129037
205633742 22210262
205639593 22131946
205639594 22131946
205633728 22131946
205633728 22213744
205639477 22131946
205639477 22213744
205638431 22131950
205638431 22213748
205639481 22131950
205639481 22213748
205639482 22131950
205639482 22213748
205639483 22131950
205639483 22213748
205633731 22131956
205633731 22213734
205639478 22131956
205639478 22213734
205639479 22131956
205639479 22213734
205640155 22131956
205640155 22213734
205643561 22131956
205643561 22213734
205643562 22131956
205643562 22213734
205943108 106100783
205943108 106100786
205943108 22132112
205943111 106100783
205943111 106100786
205943111 22132112
205943112 106100783
205943112 106100786
205943112 22132112
205943113 106100783
205943113 106100786
205943113 22132112
205943536 106100783
205943536 106100786
205943536 22132112
205944785 106100783
205944785 106100786
205944785 22132112
205946189 106100783
205946189 106100786
205946189 22132112
205946190 106100783
205946190 106100786
205946190 22132112
205946942 106100783
205946942 106100786
205946942 22132112
205946945 106100783
205946945 106100786
205946945 22132112
205946946 106100783
205946946 106100786
205946946 22132112
205947052 106100783
205947052 106100786
205947052 22132112
205947054 106100783
205947054 106100786
205947054 22132112
205947058 106100783
205947058 106100786
205947058 22132112
205947061 106100783
205947061 106100786
205947061 22132112
205947066 106100783
205947066 106100786
205947066 22132112
205947067 106100783
205947067 106100786
205947067 22132112
205948755 106100783
205948755 106100786
205948755 22132112
205948756 106100783
205948756 106100786
205948756 22132112
205950223 106100783
205950223 106100786
205950223 22132112
205950224 106100783
205950224 106100786
205950224 22132112
205950810 106100783
205950810 106100786
205950810 22132112
205951082 106100783
205951082 106100786
205951082 22132112
205951086 106100783
205951086 106100786
205951086 22132112
205951087 106100783
205951087 106100786
205951087 22132112
205944777 22127747
205944410 22127749
205946679 22127752
205945891 22127754
205945891 22129289
205947199 22127756
205945155 22127758
205947151 22127758
205946643 22127759
205947420 22127761
205947421 22127761
205946238 22127763
205942283 22127766
205944644 22127766
205945921 22127766
205942192 22127770
205942193 22127770
205942194 22127770
205942199 22127770
205942215 22127770
205942218 22127770
205942242 22127770
205942246 22127770
205942262 22127770
205942668 22127770
205945920 22127770
205950500 22127770
205946236 22127771
205947318 22127773
205946027 22127775
205946027 22128935
205946030 22127775
205946030 22128935
205946022 22127775
205946022 22131960
205942250 22127776
205945419 22127778
205947078 22127778
205951090 22127778
205942274 22127781
205942488 22127781
205942489 22127781
205948711 22127781
205949995 22127783
205949997 22127783
205950324 22127787
205951238 22127787
205951239 22127787
205949998 22127790
205945925 22127792
205945931 22127792
205945932 22127792
205947909 22127792
205947910 22127792
205945747 22127796
205945753 22127796
205949659 22127796
205949661 22127796
205949662 22127796
205943080 22127799
205945271 22127799
205951015 22127799
205943954 22127802
205944171 22127802
205946785 22127802
205949887 22127802
205949888 22127802
205943101 22127806
205943102 22127806
205947490 22127806
205951016 22127816
205944634 22127824
205949889 22127824
205949890 22127824
205949552 22127827
205951009 22127827
205947494 22127829
205947381 22127830
205945937 22127831
205947270 22127832
205942576 22127835
205942578 22127835
205942580 22127835
205942585 22127835
205943194 22127835
205942611 22127836
205948758 22127836
205949443 22127836
205949444 22127836
205947497 22127837
205942339 22127839
205942364 22127839
205942693 22127839
205942573 22127841
205942574 22127841
205942577 22127841
205942581 22127841
205942903 22127841
205947273 22127842
205942582 22127845
205942583 22127845
205942584 22127845
205947386 22127848
205947389 22127848
205949989 22127848
205949990 22127848
205950962 22127848
205947161 22127861
205947388 22127863
205947276 22127865
205947050 22127869
205947164 22127872
205942464 22127887
205942473 22127887
205942475 22127887
205942477 22127887
205942706 22127887
205942361 22127890
205943258 22127895
205943259 22127895
205943802 22127895
205949225 22127895
205949226 22127895
205950880 22127895
205942588 22127906
205943199 22127906
205947053 22127907
205951326 22127908
205942589 22127911
205942591 22127911
205944664 22127911
205943311 22127913
205943649 22127913
205949113 22127913
205949114 22127913
205942476 22127915
205942363 22127916
205949973 22127919
205949974 22127919
205947169 22127920
205947170 22127920
205942478 22127921
205942530 22127921
205943442 22127922
205947556 22127922
205950027 22127922
205950029 22127922
205951102 22127922
205951103 22127922
205947056 22127924
205942141 22127925
205945245 22127927
205949118 22127927
205950417 22127927
205949749 22127928
205949751 22127928
205949752 22127928
205947059 22127929
205947693 22127931
205945325 22127934
205947694 22127934
205947470 22127935
205944092 22127942
205945322 22127942
205947766 22127942
205947772 22127942
205947789 22127942
205948543 22127942
205951109 22127942
205951111 22127942
205951160 22127942
205951332 22127942
205949643 22127944
205951025 22127944
205942147 22127947
205945801 22127952
205947698 22127955
205947717 22127955
205949581 22127955
205947474 22127960
205947362 22127962
205945917 22127964
205946899 22127968
205947476 22127968
205947478 22127968
205947479 22127968
205947499 22127968
205947501 22127968
205951100 22127968
205951101 22127968
205942516 22127973
205942518 22127973
205942520 22127973
205942522 22127973
205942523 22127973
205942524 22127973
205942526 22127973
205942528 22127973
205942777 22127973
205942785 22127973
205942832 22127973
205944835 22127975
205949535 22127975
205949536 22127975
205950937 22127975
205947477 22127976
205942395 22127978
205945806 22127978
205948278 22127978
205948279 22127978
205943297 22127981
205949309 22127981
205949310 22127981
205942462 22127983
205942787 22127983
205947365 22127984
205947366 22127986
205942170 22127987
205942562 22127987
205947367 22127989
205947368 22127989
205942561 22127998
205942563 22127998
205942567 22127998
205942745 22127998
205949427 22128021
205950987 22128021
205943134 22128033
205943135 22128033
205945491 22128033
205949125 22128033
205949201 22128033
205950821 22128033
205951020 22128033
205947255 22128035
205942678 22128037
205947030 22128038
205947031 22128038
205947256 22128040
205947257 22128040
205948673 22128040
205942565 22128043
205942569 22128043
205942572 22128043
205942586 22128043
205951416 22128045
205942566 22128046
205942568 22128046
205942590 22128046
205947145 22128048
205942341 22128049
205949951 22128053
205949952 22128053
205947259 22128055
205947260 22128055
205948671 22128055
205947893 22128057
205951419 22128059
205949206 22128060
205950931 22128060
205946490 22128064
205949839 22128064
205949840 22128064
205942456 22128065
205942457 22128065
205942701 22128065
205942759 22128065
205950516 22128065
205947781 22128067
205947035 22128068
205947782 22128069
205947783 22128069
205947670 22128070
205950573 22128070
205950732 22128070
205951193 22128070
205947666 22128070
205947666 22133102
205947667 22128070
205947667 22133102
205947671 22128070
205947671 22133102
205947897 22128071
205947898 22128071
205947038 22128072
205946493 22128073
205949844 22128073
205951062 22128073
205947785 22128074
205947786 22128074
205947899 22128075
205947787 22128076
205947111 22128077
205949959 22128077
205947674 22128079
205947451 22128080
205947453 22128080
205947454 22128080
205947452 22128082
205947455 22128083
205947230 22128084
205947231 22128084
205947456 22128086
205947344 22128089
205947446 22128094
205949517 22128094
205949519 22128094
205949520 22128094
205942338 22128096
205942541 22128096
205947233 22128099
205947235 22128099
205942542 22128100
205947459 22128101
205942553 22128103
205942554 22128103
205942656 22128103
205947981 22128104
205947982 22128104
205942544 22128106
205942547 22128106
205942551 22128106
205942852 22128106
205947122 22128109
205947236 22128110
205947983 22128111
205942546 22128114
205942548 22128114
205942552 22128114
205942850 22128114
205945250 22128117
205947124 22128117
205947126 22128117
205947127 22128117
205951091 22128117
205947871 22128120
205947125 22128122
205949931 22128123
205949932 22128123
205942549 22128125
205942550 22128125
205947128 22128127
205947016 22128131
205947018 22128131
205949927 22128131
205949928 22128131
205942931 22128143
205944503 22128143
205947357 22128143
205947988 22128143
205947991 22128143
205948022 22128143
205948024 22128143
205948025 22128143
205948027 22128143
205948028 22128143
205948030 22128143
205948031 22128143
205948033 22128143
205948034 22128143
205951128 22128143
205947017 22128146
205947989 22128147
205942439 22128149
205947877 22128152
205947878 22128154
205947540 22128158
205947653 22128162
205947654 22128162
205942962 22128163
205949939 22128166
205951089 22128166
205949826 22128168
205951059 22128168
205947542 22128170
205947768 22128172
205947769 22128172
205943453 22128180
205945450 22128180
205947544 22128180
205947547 22128180
205947548 22128180
205947657 22128182
205947546 22128184
205942856 22128186
205950866 22128186
205947549 22128191
205943312 22128197
205943316 22128197
205947210 22128197
205942564 22128198
205942736 22128198
205942746 22128198
205942521 22128200
205942532 22128200
205947214 22128201
205942410 22128203
205944968 22128203
205945642 22128203
205945799 22128203
205948639 22128203
205951076 22128203
205947215 22128210
205947218 22128210
205947219 22128210
205947962 22128211
205942514 22128215
205942525 22128215
205947849 22128219
205947850 22128219
205942527 22128221
205947851 22128223
205946092 22128225
205947105 22128225
205947106 22128225
205948558 22128225
205947965 22128226
205944011 22128231
205947852 22128231
205942529 22128234
205942531 22128234
205942533 22128234
205942704 22128234
205947740 22128238
205947742 22128238
205947743 22128238
205948681 22128238
205944743 22128243
205947854 22128243
205947859 22128243
205951117 22128243
205947741 22128246
205947968 22128249
205944032 22128251
205944089 22128251
205944716 22128262
205947856 22128262
205950850 22128262
205951116 22128262
205942307 22128264
205947631 22128265
205947744 22128267
205947520 22128269
205949919 22128274
205949921 22128274
205949922 22128274
205943444 22128279
205945421 22128279
205945424 22128279
205945425 22128279
205946336 22128279
205947034 22128279
205947522 22128279
205947533 22128279
205948650 22128279
205949930 22128279
205950273 22128279
205950274 22128279
205950389 22128279
205947748 22128285
205947749 22128285
205947636 22128287
205942943 22128296
205942945 22128296
205943741 22128296
205947523 22128299
205944390 22128303
205944393 22128303
205946829 22128303
205946830 22128303
205942946 22128306
205943744 22128306
205945451 22128313
205945663 22128313
205946337 22128313
205947524 22128313
205947527 22128313
205947528 22128313
205948531 22128313
205947413 22128315
205947526 22128317
205947414 22128319
205947415 22128319
205942862 22128320
205942862 59934542
205942949 22128320
205942949 59934542
205942952 22128320
205942952 59934542
205944237 22128320
205944237 59934542
205948761 22128320
205948761 59934542
205948921 22128320
205948921 59934542
205948923 22128320
205948923 59934542
205948924 22128320
205948924 59934542
205950903 22128320
205950903 59934542
205950904 22128320
205950904 59934542
205947302 22128322
205948770 22128322
205947416 22128324
205947529 22128326
205947305 22128327
205942503 22128329
205947308 22128331
205948192 22128332
205948080 22128334
205947944 22128336
205942507 22128338
205942508 22128343
205944030 22128345
205944067 22128345
205947833 22128347
205948084 22128351
205947718 22128354
205947720 22128354
205942509 22128356
205942779 22128356
205948197 22128359
205948199 22128359
205948200 22128359
205948085 22128361
205947721 22128363
205947948 22128367
205950105 22128367
205950106 22128367
205947836 22128370
205948088 22128371
205948089 22128374
205947613 22128378
205947614 22128378
205947839 22128381
205947726 22128385
205947727 22128385
205947615 22128388
205947728 22128391
205947729 22128391
205947503 22128395
205942926 22128402
205943192 22128402
205948081 22128402
205948082 22128402
205948083 22128402
205948086 22128402
205948087 22128402
205948093 22128402
205948094 22128402
205948561 22128402
205944260 22128405
205947506 22128410
205948389 22128418
205948390 22128418
205948391 22128419
205947509 22128422
205948393 22128424
205948396 22128428
205948171 22128430
205948397 22128434
205948398 22128434
205947922 22128435
205948399 22128436
205948061 22128437
205948287 22128439
205950526 22128439
205948174 22128441
205948064 22128443
205948177 22128444
205947814 22128446
205944001 22128472
205944005 22128472
205944049 22128472
205944741 22128472
205947815 22128477
205947816 22128477
205948355 22128477
205948356 22128477
205948067 22128479
205942900 22128482
205947817 22128484
205948069 22128493
205950125 22128493
205950126 22128493
205950430 22128493
205950432 22128493
205947709 22128495
205947712 22128495
205947378 22128497
205948595 22128497
205948370 22128500
205943645 22128503
205945141 22128503
205948596 22128503
205948371 22128505
205943759 22128509
205944241 22128509
205944355 22128515
205944356 22128515
205944358 22128515
205950277 22128515
205950278 22128515
205948373 22128543
205951138 22128543
205945176 22128546
205948599 22128546
205948260 22128550
205948266 22128550
205948267 22128550
205948688 22128550
205944357 22128553
205944359 22128553
205948375 22128556
205943434 22128566
205945841 22128566
205948376 22128566
205948377 22128566
205943960 22128573
205944134 22128573
205945370 22128573
205951017 22128573
205944019 22128576
205944021 22128576
205944993 22128579
205948152 22128581
205948378 22128584
205948265 22128587
205947902 22128590
205948041 22128593
205948155 22128596
205947905 22128597
205944026 22128608
205944140 22128608
205949365 22128608
205949371 22128608
205949372 22128608
205950972 22128608
205948044 22128609
205947908 22128610
205944029 22128616
205944031 22128616
205944126 22128616
205949742 22128616
205951045 22128616
205944889 22128619
205948793 22128622
205944549 22128623
205944551 22128623
205948048 22128625
205948049 22128625
205948682 22128627
205948795 22128629
205944665 22128631
205944553 22128633
205944555 22128635
205944557 22128637
205948627 22128637
205946025 22128641
205946033 22128641
205946042 22128641
205946046 22128641
205946047 22128641
205948575 22128641
205948689 22128645
205944334 22128647
205944894 22128647
205943260 22128656
205943521 22128656
205944221 22128656
205948564 22128656
205943538 22128665
205943540 22128665
205943542 22128665
205943544 22128665
205943549 22128665
205943551 22128665
205943577 22128665
205944106 22128665
205944111 22128665
205944521 22128665
205945859 22128665
205945923 22128665
205945924 22128665
205946580 22128665
205948658 22128665
205949229 22128665
205949230 22128665
205949481 22128665
205949482 22128665
205949531 22128665
205949533 22128665
205949534 22128665
205951172 22128665
205948130 22128672
205950135 22128672
205950136 22128672
205944000 22128677
205946297 22128683
205946302 22128683
205948408 22128683
205948409 22128683
205948132 22128685
205944002 22128686
205948133 22128691
205948359 22128694
205948368 22128694
205948020 22128697
205944117 22128705
205945854 22128705
205948135 22128706
205948023 22128708
205944119 22128712
205948138 22128714
205948771 22128717
205948026 22128719
205948775 22128721
205948029 22128724
205943257 22128733
205943261 22128733
205944759 22128733
205943411 22128736
205943412 22128736
205943599 22128736
205948663 22128736
205948551 22128738
205948552 22128740
205944535 22128741
205948666 22128743
205946381 22128744
205944311 22128746
205946378 22128749
205946382 22128749
205948651 22128749
205948555 22128754
205948669 22128760
205944539 22128763
205946499 22128765
205948559 22128767
205946050 22128770
205946379 22128770
205948335 22128773
205948691 22128773
205942932 22128781
205945027 22128781
205947372 22128781
205947373 22128781
205947976 22128781
205947978 22128781
205947979 22128781
205947985 22128781
205947993 22128781
205947994 22128781
205948000 22128781
205948001 22128781
205947201 22128797
205947202 22128797
205948339 22128797
205948342 22128797
205951165 22128797
205948860 22128800
205948002 22128802
205946691 22128804
205948005 22128806
205946694 22128808
205944736 22128821
205944737 22128821
205951162 22128821
205948008 22128825
205945543 22128834
205945547 22128834
205945548 22128834
205946695 22128834
205946696 22128834
205944511 22128840
205944738 22128843
205946697 22128845
205946461 22128852
205946469 22128852
205946472 22128852
205946473 22128852
205948645 22128854
205944515 22128859
205944403 22128862
205946977 22128864
205948646 22128864
205946974 22128869
205946975 22128869
205948533 22128869
205949173 22128869
205949174 22128869
205948647 22128878
205944519 22128882
205948310 22128884
205948311 22128884
205946252 22128886
205948312 22128889
205948538 22128893
205948201 22128894
205948315 22128896
205948205 22128898
205948206 22128898
205946005 22128900
205946892 22128900
205948318 22128902
205946780 22128903
205946782 22128905
205950237 22128905
205950238 22128905
205950974 22128911
205946668 22128917
205946670 22128917
205946037 22128919
205946039 22128919
205943125 22128931
205943127 22128931
205945457 22128931
205946671 22128931
205946674 22128931
205946675 22128931
205949603 22128931
205949605 22128931
205949607 22128931
205949608 22128931
205946038 22128935
205948306 22128935
205946673 22128942
205946786 22128944
205946999 22128948
205947004 22128948
205948620 22128948
205947007 22128953
205948621 22128953
205948622 22128953
205946562 22128956
205946676 22128959
205948623 22128962
205945464 22128967
205948511 22128967
205946565 22128969
205946948 22128972
205948625 22128972
205946453 22128974
205944074 22128979
205946567 22128979
205951065 22128979
205946568 22128984
205948628 22128988
205946569 22128993
205948402 22128998
205946456 22129001
205946451 22129006
205946452 22129006
205946457 22129006
205951057 22129006
205948517 22129010
205948324 22129014
205948327 22129014
205948519 22129014
205946980 22129016
205946010 22129026
205950818 22129026
205951205 22129026
205946987 22129030
205946764 22129034
205944160 22129037
205944729 22129037
205946651 22129046
205946019 22129049
205948713 22129053
205946767 22129056
205945850 22129060
205948600 22129060
205946654 22129062
205946542 22129065
205946768 22129067
205946655 22129071
205946656 22129071
205951177 22129071
205946431 22129077
205946657 22129079
205946545 22129082
205946426 22129085
205946429 22129085
205946432 22129085
205946433 22129085
205946435 22129085
205946436 22129085
205948718 22129087
205948605 22129089
205946548 22129090
205950093 22129093
205950094 22129093
205948608 22129096
205946437 22129100
205948609 22129104
205946960 22129110
205946962 22129110
205946963 22129110
205946968 22129110
205946969 22129110
205946971 22129110
205946972 22129110
205951035 22129110
205946961 22129112
205943197 22129117
205943084 22129124
205943086 22129124
205943088 22129124
205943320 22129124
205945256 22129124
205945259 22129124
205947117 22129124
205947118 22129124
205947209 22129124
205951014 22129124
205951164 22129124
205946964 22129126
205943085 22129129
205943652 22129129
205946852 22129130
205946741 22129134
205946749 22129134
205946750 22129134
205947795 22129134
205947796 22129134
205947802 22129134
205950065 22129134
205950066 22129134
205946967 22129136
205946855 22129138
205946743 22129140
205946744 22129140
205946630 22129141
205946745 22129142
205946858 22129143
205946633 22129146
205946521 22129147
205946748 22129148
205946410 22129150
205946411 22129150
205946413 22129150
205946414 22129150
205941928 22129153
205941928 57851130
205941932 22129153
205941932 57851130
205948809 22129153
205948809 57851130
205948811 22129153
205948811 57851130
205946524 22129155
205946412 22129157
205947844 22129162
205948386 22129162
205948388 22129162
205950071 22129162
205950072 22129162
205950075 22129162
205950076 22129162
205943278 22129167
205943280 22129167
205943281 22129167
205944239 22129167
205946527 22129169
205946415 22129170
205943282 22129173
205943283 22129178
205943284 22129178
205943397 22129188
205949127 22129188
205949128 22129188
205950978 22129188
205951122 22129188
205951157 22129188
205943398 22129190
205943399 22129190
205946418 22129193
205943060 22129203
205943233 22129203
205947348 22129203
205947349 22129203
205947364 22129203
205947369 22129203
205947370 22129203
205948003 22129203
205948004 22129203
205948006 22129203
205948007 22129203
205948009 22129203
205948010 22129203
205948018 22129203
205948485 22129203
205951096 22129203
205951129 22129203
205951130 22129203
205943061 22129210
205951032 22129210
205946941 22129211
205943289 22129213
205946944 22129215
205946831 22129216
205946833 22129216
205950490 22129218
205950491 22129220
205946947 22129221
205950492 22129223
205946721 22129226
205946835 22129228
205948582 22129228
205950493 22129231
205950382 22129236
205950383 22129236
205950384 22129236
205950470 22129236
205946612 22129238
205946597 22129245
205946598 22129245
205949857 22129245
205949858 22129245
205950269 22129245
205950270 22129245
205946838 22129246
205946839 22129246
205950496 22129248
205943480 22129256
205949257 22129256
205949258 22129256
205950497 22129259
205950498 22129262
205946727 22129264
205950386 22129268
205950675 22129268
205951189 22129268
205946615 22129272
205946502 22129273
205950499 22129275
205950387 22129276
205950388 22129276
205943370 22129281
205943543 22129281
205950995 22129281
205946618 22129285
205946624 22129285
205946506 22129286
205946507 22129286
205950165 22129289
205950167 22129289
205950169 22129289
205950170 22129289
205943374 22129291
205950921 22129291
205950053 22129292
205950054 22129292
205943262 22129294
205944232 22129294
205946508 22129295
205943263 22129298
205943264 22129298
205951223 22129298
205950055 22129300
205950056 22129300
205943266 22129303
205943041 22129305
205944381 22129307
205948785 22129307
205950692 22129307
205946922 22129309
205946923 22129311
205943791 22129312
205946812 22129313
205946813 22129315
205946815 22129315
205950471 22129317
205946700 22129318
205946926 22129321
205946814 22129322
205950699 22129324
205950700 22129324
205950360 22129326
205946816 22129327
205950393 22129330
205950474 22129330
205946703 22129331
205950361 22129334
205946929 22129337
205950475 22129339
205950362 22129340
205951187 22129340
205944981 22129342
205946818 22129342
205946822 22129342
205950395 22129344
205950476 22129344
205950720 22129344
205950757 22129344
205950363 22129347
205946706 22129350
205950364 22129355
205950478 22129357
205950365 22129358
205943352 22129367
205949575 22129367
205950401 22129367
205950479 22129367
205950366 22129368
205943575 22129369
205946709 22129371
205950367 22129374
205950466 22129374
205943463 22129387
205943464 22129387
205943497 22129387
205943499 22129387
205943501 22129387
205950137 22129392
205950142 22129392
205950368 22129393
205943465 22129396
205950143 22129399
205950144 22129399
205950145 22129399
205950146 22129399
205950147 22129401
205950148 22129401
205943131 22129414
205951405 22129414
205949054 22129416
205950895 22129416
205950380 22129423
205950669 22129423
205950670 22129423
205943020 22129430
205950037 22129432
205950038 22129432
205943992 22129436
205946900 22129438
205943021 22129441
205943993 22129443
205943247 22129449
205943248 22129449
205946901 22129453
205946902 22129453
205943994 22129458
205950560 22129461
205950561 22129461
205950562 22129461
205951202 22129461
205943249 22129467
205943250 22129467
205946903 22129468
205943024 22129470
205943660 22129478
205946904 22129478
205946905 22129478
205950788 22129482
205950808 22129482
205950450 22129484
205950451 22129484
205943998 22129489
205943999 22129489
205946906 22129490
205950452 22129492
205944541 22129495
205945929 22129495
205945930 22129495
205949473 22129495
205949474 22129495
205950678 22129495
205950565 22129496
205950566 22129496
205950574 22129496
205950574 22131153
205950575 22129496
205950575 22131153
205950576 22129496
205950576 22131153
205950453 22129498
205950801 22129498
205943541 22129506
205943662 22129506
205944544 22129506
205946930 22129506
205946931 22129506
205943775 22129508
205950454 22129510
205950341 22129512
205950342 22129512
205946909 22129514
205950327 22129522
205950328 22129522
205950329 22129522
205950455 22129522
205950456 22129522
205950457 22129522
205950568 22129525
205950343 22129528
205950344 22129528
205950347 22129528
205950541 22129535
205950546 22129535
205950552 22129535
205950553 22129535
205950554 22129535
205950555 22129535
205950569 22129535
205951194 22129535
205946095 22129535
205946095 22133471
205947087 22129535
205947087 22133471
205949783 22129535
205949783 22133471
205949784 22129535
205949784 22133471
205950345 22129538
205950346 22129541
205950121 22129543
205950122 22129543
205943331 22129549
205950348 22129551
205950123 22129554
205950349 22129556
205950462 22129556
205950713 22129556
205943333 22129560
205950011 22129571
205950012 22129571
205950013 22129571
205949378 22129580
205950984 22129580
205950994 22129580
205945180 22129583
205950127 22129586
205950128 22129586
205943364 22129591
205950014 22129591
205950563 22129593
205950564 22129593
205950735 22129593
205950737 22129593
205950761 22129593
205943335 22129596
205950015 22129596
205950400 22129596
205950948 22129596
205945183 22129598
205950763 22129599
205943972 22129611
205945275 22129611
205942447 22129626
205942450 22129626
205943217 22129626
205943218 22129626
205943226 22129626
205943234 22129631
205943860 22129631
205943967 22129634
205943973 22129634
205943227 22129643
205943974 22129646
205945187 22129648
205950540 22129650
205943976 22129655
205950543 22129660
205950544 22129660
205950545 22129660
205950558 22129660
205950559 22129660
205950567 22129660
205950725 22129660
205951201 22129660
205950769 22129664
205950770 22129664
205942624 22129669
205943522 22129669
205943524 22129669
205943526 22129669
205943528 22129669
205943563 22129669
205945024 22129669
205943530 22129669
205943530 22210870
205943532 22129669
205943532 22210870
205943534 22129669
205943534 22210870
205943643 22129669
205943643 22210870
205943804 22129669
205943804 22210870
205943867 22129669
205943867 22210870
205944223 22129669
205944223 22210870
205944499 22129669
205944499 22210870
205945023 22129669
205945023 22210870
205950433 22129671
205950434 22129672
205950435 22129672
205947139 22129672
205947139 22132996
205950436 22129674
205950437 22129676
205950489 22129676
205950325 22129677
205950326 22129677
205943421 22129679
205943213 22129681
205949983 22129681
205950438 22129681
205950439 22129681
205949121 22129689
205950911 22129689
205950961 22129689
205945495 22129693
205947512 22129693
205947513 22129693
205945384 22129695
205950964 22129702
205945498 22129703
205943202 22129708
205943718 22129708
205943315 22129710
205950966 22129715
205943429 22129727
205947040 22129727
205948528 22129727
205949933 22129727
205949934 22129727
205945274 22129732
205947558 22129738
205947559 22129738
205948202 22129738
205950141 22129738
205950639 22129738
205950741 22129738
205943204 22129741
205945461 22129745
205950657 22129745
205950742 22129745
205950743 22129745
205950746 22129745
205945050 22129748
205945163 22129750
205945164 22129750
205950517 22129754
205950630 22129754
205950631 22129754
205942167 22129754
205942167 22131704
205942167 60391310
205942653 22129754
205942653 22131704
205942653 60391310
205945165 22129757
205945053 22129759
205943955 22129761
205943209 22129763
205950522 22129764
205950523 22129764
205950410 22129765
205950412 22129765
205950411 22129768
205945691 22129769
205945692 22129769
205950525 22129770
205950413 22129771
205950483 22129771
205943124 22129774
205943622 22129774
205945581 22129777
205950414 22129782
205945792 22129786
205948695 22129786
205948696 22129786
205950301 22129786
205950302 22129786
205950415 22129787
205950529 22129789
205950530 22129789
205942947 22129793
205943738 22129793
205944700 22129793
205943401 22129795
205945471 22129798
205945472 22129798
205945473 22129798
205943141 22129801
205943402 22129801
205951190 22129804
205950419 22129805
205945587 22129807
205951191 22129811
205945474 22129812
205950504 22129814
205951192 22129814
205945589 22129819
205949639 22129819
205943405 22129823
205949246 22129825
205950943 22129825
205945477 22129827
205945252 22129828
205950831 22129840
205943017 22129846
205949097 22129846
205949099 22129846
205949100 22129846
205951198 22129849
205950721 22129852
205950722 22129852
205951199 22129855
205945031 22129858
205950486 22129861
205950487 22129861
205950723 22129861
205950837 22129864
205950724 22129866
205945780 22129869
205945781 22129869
205945034 22129870
205950501 22129872
205945037 22129875
205945561 22129878
205945562 22129880
205943979 22129888
205944080 22129888
205944082 22129888
205944084 22129888
205945566 22129888
205945567 22129888
205945877 22129888
205942951 22129894
205942960 22129894
205942961 22129894
205942963 22129894
205942964 22129894
205942965 22129894
205942966 22129894
205942967 22129894
205942968 22129894
205943015 22129894
205949091 22129894
205949092 22129894
205949297 22129894
205949299 22129894
205949300 22129894
205950917 22129894
205945455 22129896
205945342 22129900
205945629 22129911
205946423 22129911
205946464 22129911
205946470 22129911
205951060 22129911
205951061 22129911
205945343 22129918
205948288 22129918
205950173 22129918
205950174 22129918
205945345 22129921
205950773 22129924
205950813 22129924
205944520 22129934
205945579 22129934
205947912 22129934
205947916 22129934
205948632 22129934
205949477 22129934
205950772 22129934
205950814 22129934
205950701 22129935
205950702 22129935
205950815 22129937
205945982 22129939
205945982 57851129
205945983 22129939
205945983 57851129
205949537 22129939
205949537 57851129
205951005 22129939
205951005 57851129
205951179 22129940
205949191 22129944
205950928 22129944
205941967 22129945
205945984 22129947
205945238 22129950
205950536 22129955
205950817 22129955
205950705 22129959
205950706 22129959
205945985 22129962
205945127 22129964
205945014 22129965
205947463 22129968
205950819 22129968
205942933 22129972
205945016 22129972
205945653 22129973
205945659 22129974
205945546 22129975
205951151 22129981
205950901 22129983
205945549 22129986
205949167 22129990
205949168 22129990
205945437 22129993
205951155 22129995
205945438 22129998
205945326 22130000
205945960 22130003
205945961 22130006
205945962 22130006
205950246 22130014
205951158 22130014
205951046 22130019
205945851 22130025
205945106 22130028
205943965 22130032
205944094 22130032
205949582 22130032
205943720 22130035
205947954 22130035
205947955 22130035
205949469 22130035
205949470 22130035
205949471 22130042
205949472 22130042
205945334 22130046
205949585 22130046
205945968 22130047
205945969 22130047
205949586 22130052
205949359 22130053
205949361 22130053
205949363 22130053
205949478 22130055
205950355 22130055
205950356 22130055
205949479 22130057
205949480 22130057
205945528 22130058
205942350 22130060
205942396 22130060
205950379 22130064
205951135 22130064
205946863 22130067
205949897 22130067
205949898 22130067
205951139 22130068
205941926 22130073
205945943 22130074
205942178 22130078
205945944 22130079
205945947 22130079
205947390 22130080
205947391 22130082
205949565 22130085
205949567 22130085
205949568 22130085
205947281 22130086
205945610 22130088
205947395 22130090
205947284 22130092
205945613 22130095
205947171 22130099
205949965 22130099
205949966 22130099
205942480 22130106
205942595 22130109
205947173 22130111
205945616 22130113
205947062 22130116
205947176 22130118
205942374 22130121
205949871 22130123
205949872 22130123
205947179 22130128
205943309 22130133
205947379 22130133
205949985 22130133
205944525 22130135
205951001 22130135
205947069 22130136
205947070 22130136
205942378 22130137
205945998 22130137
205942379 22130138
205943942 22130140
205945842 22130140
205950971 22130140
205951003 22130140
205947591 22130141
205942155 22130143
205942157 22130143
205951119 22130146
205947480 22130147
205951007 22130150
205947594 22130152
205943337 22130158
205943339 22130158
205943342 22130158
205943658 22130158
205943873 22130158
205947482 22130158
205942158 22130165
205947371 22130168
205947597 22130171
205947485 22130173
205942570 22130174
205942571 22130174
205942579 22130174
205947374 22130178
205947261 22130180
205947488 22130184
205947375 22130190
205947376 22130190
205947377 22130195
205951310 22130199
205947264 22130203
205947152 22130206
205942460 22130213
205942461 22130213
205942467 22130213
205942515 22130213
205944659 22130213
205945900 22130213
205948699 22130213
205942575 22130214
205947153 22130217
205947154 22130222
205943495 22130225
205949213 22130225
205949214 22130225
205947267 22130228
205947042 22130229
205947043 22130229
205942351 22130234
205949960 22130235
205950719 22130244
205951203 22130244
205942466 22130249
205942468 22130249
205942469 22130249
205942470 22130249
205942517 22130249
205942789 22130249
205947790 22130253
205947044 22130256
205947158 22130260
205947792 22130264
205947794 22130264
205947793 22130266
205947049 22130267
205947571 22130270
205947797 22130272
205949631 22130281
205949632 22130281
205942994 22130283
205942136 22130285
205949745 22130293
205949747 22130293
205949748 22130293
205942137 22130295
205947688 22130297
205942997 22130298
205947350 22130301
205947576 22130303
205947352 22130308
205947355 22130308
205949984 22130308
205947353 22130309
205947466 22130311
205951401 22130314
205947356 22130317
205947469 22130320
205947359 22130322
205947020 22130324
205947992 22130326
205942555 22130329
205945416 22130336
205947021 22130336
205949595 22130336
205949596 22130336
205949923 22130336
205949925 22130336
205949926 22130336
205949929 22130336
205942556 22130341
205942732 22130341
205947023 22130343
205947995 22130345
205947770 22130346
205947138 22130348
205947771 22130350
205947884 22130352
205949831 22130366
205949832 22130366
205942449 22130368
205947774 22130372
205947887 22130373
205951120 22130373
205945443 22130381
205947077 22130381
205947536 22130381
205947552 22130381
205947553 22130381
205948184 22130381
205948185 22130381
205948190 22130381
205948191 22130381
205948193 22130381
205948194 22130381
205949497 22130381
205949499 22130381
205949500 22130381
205950279 22130381
205950280 22130381
205947778 22130382
205947440 22130384
205947554 22130386
205945487 22130391
205949615 22130391
205949616 22130391
205947669 22130397
205950800 22130397
205947444 22130399
205947557 22130402
205949617 22130404
205949618 22130404
205947220 22130407
205942644 22130409
205947971 22130411
205947972 22130413
205947973 22130413
205947000 22130414
205947228 22130415
205947861 22130416
205947974 22130418
205947003 22130420
205947750 22130422
205947864 22130426
205947977 22130429
205944099 22130434
205947006 22130437
205947119 22130440
205947753 22130445
205947868 22130447
205943450 22130451
205947530 22130451
205947531 22130451
205947756 22130454
205942953 22130457
205942954 22130461
205947532 22130465
205942955 22130469
205942956 22130469
205947759 22130472
205947647 22130474
205942957 22130475
205942958 22130476
205947538 22130478
205944292 22130482
205944294 22130482
205945788 22130482
205947343 22130482
205947425 22130484
205942621 22130490
205942623 22130490
205944231 22130490
205944234 22130490
205942510 22130492
205942512 22130492
205942513 22130492
205944295 22130494
205947315 22130496
205947203 22130500
205947950 22130502
205947953 22130504
205947842 22130509
205947730 22130512
205947731 22130512
205942160 22130517
205942519 22130517
205947956 22130520
205948095 22130522
205947845 22130524
205947732 22130528
205947959 22130531
205947621 22130532
205948099 22130534
205947737 22130536
205947514 22130538
205944382 22130539
205944383 22130539
205944495 22130540
205947402 22130541
205943254 22130544
205947403 22130544
205944386 22130545
205948502 22130545
205948290 22130547
205947406 22130552
205947407 22130552
205947408 22130554
205948294 22130557
205947932 22130558
205947820 22130562
205947821 22130564
205948073 22130566
205948188 22130568
205948189 22130568
205947825 22130569
205948076 22130570
205947939 22130571
205947715 22130573
205948079 22130574
205942914 22130576
205944360 22130577
205947704 22130579
205947719 22130579
205948613 22130579
205944361 22130580
205944362 22130580
205948381 22130582
205943367 22130589
205943380 22130589
205943381 22130589
205943384 22130589
205944704 22130589
205948382 22130589
205948383 22130589
205944367 22130592
205946889 22130592
205948384 22130594
205948272 22130598
205948273 22130598
205948274 22130598
205947911 22130602
205948275 22130605
205948050 22130608
205947800 22130610
205948164 22130613
205948165 22130613
205947914 22130615
205948053 22130617
205948054 22130622
205948055 22130622
205947803 22130624
205947917 22130626
205948168 22130629
205948056 22130631
205947806 22130633
205948057 22130635
205948058 22130635
205948690 22130637
205944562 22130640
205948692 22130649
205947809 22130651
205944233 22130659
205946191 22130661
205944346 22130665
205944769 22130665
205948363 22130666
205948367 22130666
205944235 22130669
205944348 22130672
205946795 22130672
205948142 22130674
205944128 22130675
205944014 22130683
205944015 22130683
205944017 22130683
205944020 22130683
205948145 22130684
205948032 22130687
205944016 22130689
205944303 22130692
205944876 22130692
205944018 22130694
205948035 22130695
205948148 22130697
205948149 22130700
205944879 22130701
205948636 22130701
205948038 22130703
205944542 22130706
205942354 22130710
205944656 22130710
205945793 22130710
205948676 22130714
205946391 22130716
205943523 22130718
205948677 22130718
205944548 22130721
205944323 22130724
205948347 22130727
205944965 22130731
205944966 22130731
205948011 22130732
205944967 22130734
205944742 22130737
205944856 22130739
205944308 22130742
205946882 22130742
205948760 22130742
205948015 22130744
205948016 22130744
205948017 22130746
205946592 22130751
205946595 22130751
205948655 22130751
205948657 22130751
205944522 22130762
205944523 22130762
205948765 22130764
205948653 22130765
205946481 22130767
205946594 22130769
205948767 22130770
205948654 22130772
205948768 22130774
205946484 22130776
205946487 22130777
205948321 22130778
205944419 22130780
205948323 22130781
205948211 22130783
205948214 22130783
205950225 22130783
205950226 22130783
205951163 22130783
205948213 22130785
205948216 22130787
205946793 22130788
205946682 22130789
205944500 22130792
205946686 22130795
205946687 22130795
205946573 22130796
205946462 22130799
205946688 22130802
205945338 22130807
205948522 22130807
205944505 22130812
205946465 22130814
205943410 22130828
205943597 22130828
205946985 22130828
205946986 22130828
205946988 22130828
205947047 22130828
205947048 22130828
205948526 22130828
205948301 22130831
205946020 22130834
205944921 22130836
205946992 22130841
205946993 22130841
205948305 22130843
205946996 22130846
205946771 22130849
205942094 22130853
205946885 22130853
205946886 22130853
205946660 22130854
205946769 22130865
205946770 22130865
205946773 22130865
205951073 22130865
205946028 22130867
205946774 22130869
205946887 22130871
205946663 22130875
205946777 22130876
205948610 22130877
205946551 22130878
205945269 22130882
205948611 22130882
205946440 22130886
205946554 22130888
205948503 22130891
205946557 22130892
205948504 22130895
205948506 22130900
205946110 22130908
205946111 22130908
205946970 22130911
205943093 22130915
205946973 22130919
205946861 22130922
205946976 22130925
205946751 22130927
205946864 22130929
205943099 22130931
205946752 22130934
205946753 22130934
205945466 22130937
205946865 22130937
205946866 22130937
205946640 22130938
205946979 22130940
205946754 22130942
205946867 22130944
205946868 22130946
205950377 22130946
205946530 22130947
205946757 22130949
205946758 22130951
205946533 22130953
205946422 22130957
205946536 22130959
205946539 22130961
205946428 22130963
205946950 22130967
205943072 22130971
205946840 22130973
205943188 22130975
205946955 22130977
205946843 22130981
205943078 22130983
205946732 22130986
205946958 22130988
205950390 22130992
205950391 22130992
205950392 22130992
205946846 22130994
205946734 22131001
205946735 22131001
205946621 22131005
205946622 22131005
205946623 22131006
205946736 22131007
205946994 22131008
205946995 22131008
205947001 22131008
205947002 22131008
205949593 22131008
205950394 22131008
205943492 22131009
205946512 22131011
205943493 22131013
205946739 22131014
205950397 22131015
205946627 22131016
205946515 22131018
205943270 22131019
205943271 22131022
205943272 22131022
205943498 22131024
205946518 22131026
205946406 22131027
205943387 22131029
205946409 22131032
205943279 22131039
205946932 22131040
205946935 22131041
205950402 22131044
205950480 22131044
205943057 22131045
205943326 22131055
205943327 22131055
205943654 22131055
205943692 22131055
205943694 22131055
205946825 22131058
205946938 22131060
205946713 22131064
205946715 22131064
205950371 22131072
205950469 22131072
205950717 22131072
205950484 22131074
205946714 22131077
205950372 22131078
205946828 22131079
205946602 22131081
205946603 22131081
205950373 22131086
205950374 22131086
205943329 22131089
205943696 22131089
205946604 22131091
205950375 22131093
205946718 22131094
205950376 22131096
205943360 22131099
205950151 22131121
205950152 22131121
205950378 22131125
205946608 22131127
205950153 22131129
205950154 22131129
205946912 22131131
205950570 22131132
205950683 22131134
205950751 22131134
205946800 22131136
205950549 22131138
205950556 22131138
205950557 22131138
205950571 22131138
205950572 22131138
205951195 22131138
205950330 22131141
205950684 22131141
205950686 22131141
205951186 22131141
205946915 22131142
205950339 22131144
205950340 22131144
205950460 22131144
205943670 22131148
205950461 22131150
205950687 22131157
205950049 22131157
205950049 22133106
205950050 22131157
205950050 22133106
205950051 22131157
205950051 22133106
205950052 22131157
205950052 22133106
205950660 22131159
205950688 22131159
205950350 22131161
205950463 22131163
205950351 22131165
205950577 22131168
205943561 22131171
205946808 22131174
205950353 22131175
205946809 22131176
205950354 22131178
205950467 22131180
205943451 22131189
205943566 22131191
205943340 22131194
205950357 22131195
205950358 22131198
205943455 22131203
205949175 22131203
205949176 22131203
205950359 22131205
205943230 22131207
205943456 22131209
205943457 22131217
205943458 22131217
205943232 22131222
205950771 22131226
205945196 22131230
205950550 22131233
205950551 22131233
205943986 22131240
205950664 22131242
205943129 22131244
205950440 22131245
205950441 22131245
205943018 22131250
205950442 22131252
205950443 22131254
205950331 22131258
205950444 22131260
205950445 22131263
205950446 22131263
205943430 22131268
205950334 22131270
205950447 22131272
205950335 22131276
205950448 22131278
205950336 22131280
205950449 22131282
205946546 22131296
205946549 22131296
205946552 22131296
205950337 22131296
205951064 22131296
205950338 22131301
205943322 22131310
205945395 22131313
205943324 22131315
205945283 22131317
205950750 22131318
205950865 22131320
205950755 22131322
205943219 22131327
205950756 22131328
205950531 22131330
205943109 22131332
205950420 22131335
205950533 22131337
205950421 22131339
205950534 22131342
205950422 22131344
205950535 22131345
205945590 22131351
205945591 22131351
205950423 22131353
205950424 22131355
205950537 22131357
205945480 22131360
205945594 22131361
205950427 22131363
205951185 22131363
205945483 22131365
205950429 22131370
205950841 22131370
205945598 22131374
205945373 22131376
205945374 22131376
205945486 22131379
205943417 22131381
205950405 22131384
205950842 22131384
205945263 22131386
205945266 22131386
205950843 22131389
205945377 22131390
205945378 22131390
205945265 22131392
205943940 22131394
205950847 22131395
205950734 22131397
205945043 22131400
205950510 22131403
205945885 22131407
205950623 22131407
205950736 22131411
205950511 22131412
205950512 22131413
205945047 22131420
205943948 22131424
205950514 22131426
205950515 22131429
205950404 22131432
205945572 22131433
205950518 22131435
205943502 22131439
205943503 22131455
205943504 22131455
205950407 22131461
205950519 22131466
205950408 22131468
205951181 22131471
205945578 22131476
205951182 22131478
205951070 22131482
205951183 22131486
205951184 22131489
205945468 22131493
205950934 22131506
205951149 22131506
205951072 22131510
205949199 22131514
205945244 22131517
205951074 22131520
205951188 22131523
205945133 22131526
205945246 22131528
205950712 22131529
205943922 22131531
205945884 22131533
205945660 22131538
205945661 22131538
205950718 22131542
205945777 22131570
205945777 60883107
205945778 22131570
205945778 60883107
205945552 22131574
205949396 22131578
205945442 22131580
205945555 22131581
205950910 22131582
205945558 22131584
205945221 22131585
205942090 22131586
205945449 22131591
205945339 22131594
205950918 22131597
205951058 22131599
205950807 22131602
205945004 22131604
205945005 22131604
205945007 22131606
205949373 22131613
205949374 22131613
205945756 22131615
205945757 22131615
205945531 22131616
205945644 22131619
205945532 22131621
205945535 22131621
205948631 22131621
205949877 22131621
205949879 22131621
205949880 22131621
205950811 22131621
205950812 22131621
205947090 22131624
205947091 22131624
205945646 22131625
205945534 22131627
205947092 22131629
205947097 22131630
205945314 22131632
205945203 22131634
205945205 22131634
205945204 22131637
205945950 22131643
205941933 22131645
205945318 22131649
205949573 22131652
205949574 22131652
205945734 22131657
205945735 22131657
205945510 22131660
205943094 22131664
205945737 22131664
205945738 22131664
205947182 22131667
205947295 22131669
205949354 22131671
205942380 22131672
205945513 22131674
205947071 22131676
205947072 22131677
205947185 22131680
205945402 22131681
205947073 22131682
205947074 22131682
205945516 22131685
205947075 22131686
205942272 22131689
205945519 22131691
205945974 22131695
205945978 22131695
205942214 22131699
205942370 22131702
205942371 22131702
205942372 22131702
205942373 22131702
205942409 22131702
205942891 22131702
205944991 22131702
205946842 22131702
205946844 22131702
205946845 22131702
205950211 22131702
205950212 22131702
205950868 22131702
205942376 22131705
205948276 22131705
205948668 22131705
205946245 22131709
205946249 22131709
205946250 22131709
205942982 22131714
205944328 22131719
205945002 22131720
205945003 22131720
205945971 22131724
205945972 22131724
205948907 22131724
205948908 22131724
205945360 22131726
205946760 22131726
205942021 22131730
205942440 22131735
205942641 22131735
205942642 22131735
205942807 22131735
205948567 22131735
205950209 22131735
205950210 22131735
205951404 22131735
205949129 22131738
205949131 22131738
205949132 22131738
205943011 22131739
205949449 22131741
205944320 22131744
205950990 22131744
205942019 22131746
205947561 22131746
205947564 22131746
205947565 22131746
205947566 22131748
205950207 22131757
205950208 22131757
205942298 22131760
205942995 22131761
205942996 22131761
205943009 22131764
205943010 22131764
205943013 22131764
205943817 22131764
205941922 22131785
205942177 22131785
205942289 22131785
205942543 22131785
205942560 22131785
205942672 22131785
205942686 22131785
205942849 22131785
205942855 22131785
205944773 22131785
205945940 22131785
205948694 22131785
205948805 22131785
205948806 22131785
205948819 22131785
205948820 22131785
205948821 22131785
205948901 22131785
205948902 22131785
205949755 22131785
205949756 22131785
205950836 22131785
205950863 22131785
205950864 22131785
205950883 22131785
205944229 22131788
205947431 22131788
205947438 22131788
205947439 22131788
205950005 22131788
205950006 22131788
205942626 22131790
205942008 22131793
205942018 22131793
205942025 22131793
205942495 22131793
205944259 22131793
205944265 22131793
205944268 22131793
205944271 22131793
205944274 22131793
205944849 22131795
205942009 22131797
205945382 22131806
205946737 22131806
205946738 22131806
205947212 22131806
205947213 22131806
205949287 22131806
205949288 22131806
205949589 22131806
205949590 22131806
205949709 22131806
205949710 22131806
205951034 22131806
205946763 22131809
205946765 22131809
205946766 22131809
205948674 22131812
205945939 22131815
205948477 22131817
205943126 22131844
205943441 22131844
205943476 22131844
205943620 22131844
205945475 22131844
205945478 22131844
205945479 22131844
205946653 22131844
205946850 22131844
205946851 22131844
205946854 22131844
205946857 22131844
205946859 22131844
205946860 22131844
205948395 22131844
205950183 22131844
205950184 22131844
205950923 22131844
205950926 22131844
205950946 22131844
205951069 22131844
205945482 22131848
205945484 22131848
205945485 22131848
205949047 22131854
205949048 22131854
205950894 22131854
205951410 22131854
205949775 22131856
205949776 22131856
205946157 22131863
205946184 22131863
205946187 22131863
205946188 22131863
205946145 22131867
205948400 22131867
205948401 22131867
205946149 22131870
205951049 22131870
205946392 22131873
205946897 22131873
205948492 22131873
205947627 22131875
205948494 22131879
205946001 22131881
205943268 22131884
205947156 22131884
205947157 22131884
205947160 22131884
205947166 22131884
205947174 22131884
205947175 22131884
205949699 22131884
205949700 22131884
205949963 22131884
205949964 22131884
205945045 22131890
205945046 22131890
205945049 22131890
205945052 22131890
205945055 22131890
205947447 22131890
205948074 22131890
205948075 22131890
205948584 22131890
205948586 22131890
205948592 22131890
205948594 22131890
205951099 22131890
205943749 22131897
205947178 22131897
205947183 22131897
205947184 22131897
205947818 22131897
205947819 22131897
205949155 22131897
205949157 22131897
205949158 22131897
205949695 22131897
205950906 22131897
205951092 22131897
205949697 22131899
205942269 22131901
205948903 22131901
205948905 22131901
205948906 22131901
205950885 22131901
205947679 22131905
205948679 22131905
205947608 22131906
205944228 22131908
205942328 22131910
205942323 22131913
205942367 22131920
205942368 22131920
205942375 22131920
205942381 22131920
205944363 22131920
205944915 22131920
205946011 22131920
205949673 22131920
205949674 22131920
205951048 22131920
205943003 22131922
205943005 22131922
205949773 22131925
205949774 22131925
205945604 22131930
205947598 22131957
205943081 22131974
205943680 22131974
205943918 22131974
205943932 22131974
205944218 22131974
205945134 22131974
205945135 22131974
205945387 22131974
205946756 22131974
205946775 22131974
205946778 22131974
205946779 22131974
205947723 22131974
205947751 22131974
205947804 22131974
205948618 22131974
205949263 22131974
205949264 22131974
205949507 22131974
205949509 22131974
205949510 22131974
205950909 22131974
205950920 22131974
205951112 22131974
205951161 22131974
205945020 22131977
205949559 22131977
205949560 22131977
205950323 22131977
205949554 22131978
205950840 22131978
205945507 22131979
205949327 22131980
205949328 22131982
205943000 22131984
205943001 22131984
205943006 22131984
205942211 22131987
205942172 22131991
205942738 22131991
205951141 22131991
205945013 22131993
205946072 22131996
205946078 22131996
205946079 22131996
205947492 22132005
205947495 22132005
205947496 22132005
205950019 22132005
205950021 22132005
205950022 22132005
205941986 22132011
205941987 22132012
205944909 22132014
205944988 22132014
205948580 22132014
205948764 22132014
205947424 22132017
205947443 22132017
205950833 22132017
205947581 22132021
205947624 22132021
205942321 22132024
205942330 22132024
205945595 22132031
205945609 22132031
205945611 22132031
205946617 22132031
205946638 22132031
205946639 22132031
205951068 22132031
205944079 22132034
205947419 22132034
205949433 22132034
205949434 22132034
205941985 22132037
205941981 22132040
205944341 22132040
205946787 22132040
205944340 22132041
205945949 22132045
205945957 22132045
205945958 22132045
205942207 22132047
205942209 22132047
205946389 22132048
205946390 22132048
205942383 22132050
205946120 22132052
205947625 22132052
205947625 22132054
205947663 22132052
205947663 22132054
205947664 22132055
205949865 22132060
205949866 22132060
205942306 22132063
205946648 22132063
205942302 22132069
205942302 86134034
205942302 86134041
205942860 22132069
205942860 86134034
205942860 86134041
205942972 22132069
205942972 86134034
205942972 86134041
205942975 22132069
205942975 86134034
205942975 86134041
205942978 22132069
205942978 86134034
205942978 86134041
205942981 22132069
205942981 86134034
205942981 86134041
205942984 22132069
205942984 86134034
205942984 86134041
205943807 22132069
205943807 86134034
205943807 86134041
205945701 22132069
205945701 86134034
205945701 86134041
205945935 22132069
205945935 86134034
205945935 86134041
205945936 22132069
205945936 86134034
205945936 86134041
205948499 22132069
205948499 86134034
205948499 86134041
205949095 22132069
205949095 86134034
205949095 86134041
205949096 22132069
205949096 86134034
205949096 86134041
205951143 22132069
205951143 86134034
205951143 86134041
205942317 22132070
205942243 22132071
205942245 22132071
205942987 22132073
205946152 22132077
205946155 22132077
205943182 22132117
205943840 22132117
205942320 22132119
205947635 22132121
205942230 22132123
205943166 22132149
205943666 22132149
205944075 22132149
205946513 22132149
205946516 22132149
205946522 22132149
205946525 22132149
205946526 22132149
205946528 22132149
205946531 22132149
205946534 22132149
205946537 22132149
205946541 22132149
205946543 22132149
205946560 22132149
205946563 22132149
205946571 22132149
205949845 22132149
205949846 22132149
205949851 22132149
205949852 22132149
205949855 22132149
205949856 22132149
205950973 22132149
205951063 22132149
205950881 22132156
205943550 22132160
205942313 22132162
205942314 22132164
205943163 22132167
205942973 22132169
205942234 22132172
205942236 22132172
205942241 22132172
205946103 22132176
205946104 22132176
205946118 22132176
205947096 22132176
205949777 22132176
205949778 22132176
205949789 22132176
205949791 22132176
205949792 22132176
205943171 22132192
205943471 22132192
205943733 22132192
205949722 22132192
205950930 22132192
205951229 22132192
205951230 22132192
205951413 22132192
205942070 22132194
205944324 22132194
205947568 22132194
205947569 22132194
205947570 22132194
205947345 22132196
205947639 22132200
205947642 22132200
205942268 22132202
205948483 22132202
205946286 22132204
205946290 22132204
205946314 22132204
205946315 22132204
205942349 22132207
205948553 22132207
205948762 22132207
205943930 22132210
205948103 22132210
205948118 22132210
205948125 22132210
205951132 22132210
205951134 22132210
205941943 22132216
205941945 22132216
205941948 22132216
205941951 22132216
205941960 22132216
205941975 22132216
205944854 22132216
205945909 22132216
205947129 22132216
205947132 22132216
205947133 22132216
205948833 22132216
205948834 22132216
205948844 22132216
205950824 22132216
205950849 22132216
205946124 22132219
205946127 22132222
205946130 22132222
205946133 22132222
205947648 22132222
205947649 22132222
205942046 22132225
205946877 22132225
205946878 22132225
205942802 22132227
205944905 22132227
205948573 22132227
205948937 22132227
205950271 22132230
205943039 22132232
205943040 22132232
205943047 22132232
205948505 22132232
205948642 22132232
205942003 22132235
205942501 22132235
205949521 22132235
205949522 22132235
205950851 22132235
205945967 22132238
205949456 22132240
205950991 22132240
205949545 22132243
205949546 22132243
205947134 22132245
205947401 22132248
205943813 22132250
205948140 22132250
205948141 22132251
205943184 22132256
205946847 22132259
205941959 22132262
205942010 22132270
205942011 22132270
205942013 22132270
205942014 22132270
205942065 22132270
205942073 22132270
205942076 22132270
205942079 22132270
205942082 22132270
205941949 22132283
205942099 22132283
205942101 22132283
205942451 22132283
205942453 22132283
205942455 22132283
205942471 22132283
205942479 22132283
205942699 22132283
205942754 22132283
205944302 22132283
205944305 22132283
205944316 22132283
205945829 22132283
205946141 22132283
205946147 22132283
205947313 22132283
205947314 22132283
205947641 22132283
205947655 22132283
205947656 22132283
205950835 22132283
205950845 22132283
205950998 22132283
205951166 22132283
205945938 22132287
205946647 22132287
205944344 22132293
205945828 22132293
205948763 22132293
205950891 22132293
205944298 22132298
205947336 22132298
205947340 22132298
205947341 22132298
205947342 22132299
205947659 22132302
205948169 22132303
205948170 22132303
205944248 22132304
205942397 22132309
205942398 22132309
205944970 22132309
205944971 22132309
205947684 22132309
205948501 22132309
205951028 22132309
205946295 22132312
205946299 22132312
205946317 22132312
205946318 22132312
205943181 22132318
205948515 22132318
205946872 22132321
205946210 22132326
205946212 22132326
205946213 22132326
205948320 22132328
205950179 22132328
205950180 22132328
205943042 22132332
205950907 22132332
205943778 22132337
205943781 22132337
205943792 22132337
205943827 22132337
205945855 22132337
205951154 22132337
205950854 22132341
205945964 22132344
205942352 22132346
205942353 22132346
205947578 22132349
205947131 22132351
205947645 22132352
205947646 22132352
205947311 22132355
205947312 22132355
205947400 22132360
205948126 22132361
205949991 22132364
205951097 22132364
205941957 22132366
205946051 22132368
205943207 22132376
205945015 22132376
205949142 22132376
205950914 22132376
205950956 22132376
205943008 22132379
205942989 22132382
205946159 22132385
205947620 22132385
205942142 22132387
205943751 22132388
205948063 22132388
205948065 22132388
205948066 22132388
205942007 22132390
205942497 22132390
205944333 22132390
205942061 22132391
205944339 22132391
205944343 22132392
205942277 22132393
205947584 22132396
205947602 22132396
205946112 22132398
205947587 22132398
205947588 22132398
205942344 22132400
205948574 22132400
205942609 22132402
205942612 22132402
205944249 22132402
205944254 22132402
205943051 22132404
205948597 22132404
205943782 22132406
205944710 22132406
205946128 22132408
205946309 22132410
205946311 22132410
205946320 22132410
205946321 22132410
205946217 22132412
205946848 22132412
205945675 22132415
205941955 22132418
205941961 22132418
205945649 22132418
205945965 22132420
205951047 22132420
205942280 22132423
205947339 22132426
205948106 22132429
205948122 22132429
205948127 22132429
205948128 22132429
205948859 22132430
205943185 22132435
205949135 22132435
205949136 22132435
205950513 22132438
205941954 22132440
205945011 22132441
205945012 22132441
205947881 22132445
205947882 22132450
205947883 22132450
205942140 22132460
205942146 22132463
205946873 22132464
205942063 22132468
205944761 22132468
205947287 22132470
205942271 22132471
205942279 22132471
205944353 22132471
205948913 22132471
205948914 22132471
205942346 22132473
205946282 22132476
205946291 22132476
205946307 22132476
205949803 22132476
205950527 22132476
205949804 22132478
205947303 22132480
205947304 22132480
205943130 22132487
205946725 22132487
205948532 22132487
205950927 22132487
205946215 22132489
205946216 22132489
205943779 22132491
205950832 22132493
205942028 22132495
205942064 22132495
205942068 22132495
205942071 22132495
205944884 22132495
205944885 22132495
205942069 22132498
205948129 22132501
205946131 22132503
205943821 22132505
205946258 22132507
205946259 22132507
205942051 22132509
205942033 22132512
205942149 22132517
205942150 22132517
205950185 22132520
205950186 22132520
205944299 22132521
205942050 22132524
205944897 22132524
205944898 22132524
205950852 22132524
205947290 22132528
205941978 22132531
205942714 22132534
205949439 22132534
205949440 22132534
205945145 22132540
205947271 22132540
205947274 22132540
205948649 22132540
205951012 22132540
205946193 22132543
205946200 22132543
205951217 22132543
205943783 22132546
205943785 22132546
205949315 22132546
205949316 22132546
205942343 22132548
205942105 22132550
205942106 22132550
205942108 22132550
205942115 22132550
205944349 22132550
205944351 22132550
205944442 22132551
205946300 22132552
205946310 22132552
205943177 22132556
205943796 22132556
205945454 22132556
205943798 22132560
205946723 22132560
205941988 22132563
205941989 22132563
205941990 22132563
205941991 22132563
205941992 22132563
205941994 22132563
205942710 22132563
205942722 22132563
205944247 22132563
205944673 22132563
205948815 22132563
205948817 22132563
205950532 22132563
205951027 22132567
205947150 22132568
205948121 22132571
205948300 22132574
205946134 22132575
205942072 22132581
205942074 22132581
205942077 22132581
205942080 22132581
205942083 22132581
205942205 22132582
205942138 22132584
205947346 22132584
205943770 22132586
205943771 22132586
205942151 22132589
205945508 22132590
205949621 22132590
205949622 22132590
205951021 22132590
205951219 22132590
205942304 22132591
205944645 22132591
205947937 22132596
205947941 22132596
205948577 22132596
205950101 22132596
205950102 22132596
205950877 22132596
205944108 22132608
205944110 22132608
205944113 22132608
205945569 22132608
205945573 22132608
205946404 22132608
205946405 22132608
205946416 22132608
205946417 22132608
205946658 22132608
205946661 22132608
205946665 22132608
205949869 22132608
205949870 22132608
205950912 22132608
205950983 22132608
205949441 22132611
205949442 22132611
205947650 22132614
205942107 22132616
205944635 22132616
205948683 22132619
205946724 22132622
205943797 22132624
205941962 22132627
205944920 22132631
205946208 22132634
205943788 22132636
205945041 22132638
205945042 22132644
205945119 22132644
205945120 22132644
205945122 22132644
205947143 22132644
205947144 22132644
205942075 22132646
205942259 22132648
205942261 22132648
205942264 22132648
205949459 22132648
205949461 22132648
205949463 22132648
205949464 22132648
205943819 22132652
205947668 22132655
205950913 22132659
205942386 22132662
205946895 22132662
205947197 22132662
205947198 22132662
205950538 22132662
205947428 22132667
205949975 22132669
205949976 22132669
205942109 22132670
205946076 22132673
205946086 22132673
205948116 22132676
205948535 22132677
205948849 22132680
205944918 22132682
205944919 22132682
205943824 22132683
205942404 22132686
205946209 22132690
205942078 22132691
205948566 22132694
205944262 22132696
205944264 22132696
205944910 22132697
205944911 22132697
205945097 22132700
205943777 22132702
205943780 22132702
205943826 22132702
205950876 22132705
205945666 22132709
205945768 22132709
205945769 22132709
205951071 22132709
205942081 22132711
205942392 22132713
205944658 22132716
205946796 22132717
205946797 22132717
205946823 22132719
205946824 22132719
205941972 22132721
205943822 22132724
205946251 22132727
205947595 22132731
205947610 22132731
205944712 22132734
205950988 22132734
205947590 22132735
205947593 22132735
205947611 22132735
205947604 22132738
205947605 22132738
205943393 22132742
205947600 22132746
205947682 22132746
205943808 22132748
205942210 22132749
205942212 22132749
205947616 22132751
205946496 22132753
205943002 22132755
205943007 22132755
205943820 22132755
205949779 22132758
205949781 22132758
205949782 22132758
205944267 22132761
205943765 22132765
205943767 22132765
205943790 22132765
205943812 22132765
205944243 22132765
205948405 22132765
205948406 22132765
205944313 22132766
205948109 22132771
205948115 22132771
205948120 22132771
205951133 22132771
205948313 22132772
205948314 22132772
205945149 22132774
205942084 22132776
205946115 22132781
205946116 22132781
205951039 22132784
205949771 22132787
205949772 22132787
205947423 22132790
205946488 22132800
205946489 22132800
205946494 22132800
205946495 22132800
205946498 22132800
205946500 22132800
205946503 22132800
205946504 22132800
205946614 22132800
205947867 22132800
205947870 22132800
205947873 22132800
205947875 22132800
205947876 22132800
205950822 22132800
205951043 22132800
205951067 22132800
205945942 22132802
205948935 22132802
205948936 22132802
205944010 22132809
205944744 22132809
205949633 22132809
205949634 22132809
205951024 22132809
205942384 22132814
205946894 22132814
205945703 22132817
205942024 22132822
205942027 22132822
205942030 22132822
205944841 22132822
205944848 22132822
205944887 22132822
205945907 22132822
205945908 22132822
205947083 22132822
205948549 22132822
205948769 22132822
205949445 22132822
205949446 22132822
205944842 22132825
205942223 22132829
205942227 22132829
205942231 22132829
205942232 22132829
205942244 22132829
205942258 22132829
205942284 22132832
205946017 22132833
205946677 22132835
205946678 22132839
205943157 22132846
205943158 22132846
205946705 22132846
205946708 22132846
205946711 22132846
205946717 22132846
205946719 22132846
205946720 22132846
205942089 22132848
205947326 22132848
205948480 22132848
205944873 22132850
205948316 22132850
205948570 22132850
205950834 22132851
205950989 22132851
205944307 22132854
205950839 22132854
205946883 22132856
205946247 22132860
205946262 22132860
205942252 22132862
205942253 22132862
205945904 22132862
205944888 22132866
205947393 22132869
205949504 22132869
205951002 22132869
205949281 22132877
205949282 22132877
205950640 22132877
205950952 22132877
205946634 22132881
205946635 22132881
205945603 22132890
205945617 22132890
205946620 22132890
205946625 22132890
205946626 22132890
205946628 22132890
205946629 22132890
205946631 22132890
205946632 22132890
205947880 22132893
205942979 22132898
205942325 22132901
205948569 22132904
205943509 22132907
205947924 22132910
205947925 22132914
205948675 22132916
205943012 22132918
205943810 22132918
205949999 22132922
205950001 22132922
205950002 22132922
205946044 22132926
205945994 22132928
205946641 22132931
205948513 22132931
205946272 22132934
205942200 22132937
205942202 22132937
205942203 22132937
205942208 22132937
205942226 22132937
205942237 22132937
205945706 22132940
205945707 22132940
205945710 22132940
205944407 22132944
205942293 22132947
205945001 22132947
205945933 22132947
205945934 22132947
205946237 22132950
205946240 22132950
205951050 22132950
205946394 22132953
205947142 22132955
205948172 22132957
205948173 22132957
205943033 22132961
205947468 22132964
205948544 22132964
205944224 22132968
205947427 22132968
205951098 22132968
205943014 22132971
205947141 22132972
205944941 22132974
205948578 22132974
205943030 22132976
205949147 22132976
205949148 22132976
205947113 22132977
205945975 22132979
205949816 22132981
205948634 22132987
205951056 22132987
205945362 22132990
205945363 22132990
205948484 22132994
205947681 22132997
205942281 22132999
205942632 22133001
205942637 22133001
205947432 22133001
205947445 22133005
205942282 22133007
205943794 22133009
205947895 22133015
205947900 22133015
205947906 22133015
205947907 22133015
205951123 22133015
205951124 22133015
205951125 22133015
205947435 22133018
205951052 22133020
205946098 22133025
205947093 22133025
205949947 22133025
205949949 22133025
205949950 22133025
205942112 22133028
205942118 22133028
205942125 22133028
205942016 22133029
205944893 22133029
205947316 22133029
205947317 22133029
205944963 22133037
205946810 22133037
205951010 22133037
205951075 22133037
205943298 22133041
205947262 22133041
205951093 22133041
205942134 22133044
205947577 22133046
205944270 22133048
205948476 22133049
205942388 22133053
205942882 22133053
205946896 22133053
205946893 22133056
205947706 22133062
205947713 22133062
205947714 22133062
205947757 22133062
205947758 22133062
205946576 22133065
205947146 22133066
205942120 22133068
205947187 22133072
205950871 22133072
205943756 22133078
205943789 22133078
205951220 22133078
205945101 22133081
205945107 22133083
205947149 22133083
205945109 22133087
205947135 22133088
205942119 22133091
205944273 22133092
205944325 22133094
205945110 22133097
205945868 22133097
205946007 22133099
205947665 22133108
205942296 22133110
205942797 22133110
205947441 22133112
205941979 22133120
205941982 22133120
205942048 22133120
205942052 22133120
205942104 22133120
205942110 22133120
205942111 22133120
205946055 22133120
205946056 22133120
205946064 22133120
205946068 22133120
205946069 22133120
205946275 22133120
205946276 22133120
205948825 22133120
205948827 22133120
205948828 22133120
205948861 22133120
205950853 22133120
205951008 22133120
205951107 22133120
205951108 22133120
205942121 22133123
205942122 22133123
205942131 22133123
205944637 22133123
205942433 22133128
205944949 22133128
205944952 22133128
205945688 22133128
205948963 22133128
205948965 22133128
205949657 22133128
205949658 22133128
205950879 22133128
205944275 22133130
205944276 22133130
205944280 22133130
205947293 22133133
205947294 22133133
205947306 22133133
205944330 22133135
205944408 22133137
205944956 22133137
205943774 22133139
205941996 22133143
205941997 22133143
205941998 22133143
205942000 22133143
205942002 22133143
205942004 22133143
205942006 22133143
205942001 22133145
205944899 22133148
205946798 22133150
205946799 22133152
205943762 22133155
205943764 22133156
205946254 22133161
205946255 22133161
205946263 22133161
205946269 22133161
205948709 22133161
205951053 22133161
205946008 22133163
205942393 22133165
205942415 22133165
205945576 22133170
205946680 22133170
205946681 22133170
205946644 22133172
205946645 22133174
205943758 22133177
205943761 22133177
205949311 22133177
205949312 22133180
205942124 22133182
205946788 22133182
205950816 22133185
205942419 22133193
205942420 22133193
205942423 22133193
205942429 22133193
205945651 22133193
205949753 22133193
205949754 22133193
205950875 22133193
205951137 22133193
205942047 22133195
205942049 22133195
205943140 22133205
205943704 22133205
205945559 22133205
205945560 22133205
205949627 22133205
205951022 22133205
205943143 22133225
205943934 22133225
205947841 22133225
205947846 22133225
205949270 22133225
205949412 22133225
205950986 22133225
205951004 22133225
205951114 22133225
205951115 22133225
205951406 22133225
205943142 22133231
205949269 22133231
205948933 22133234
205942316 22133239
205942316 86134033
205942322 22133239
205942322 86134033
205942333 22133239
205942333 86134033
205942335 22133239
205942335 86134033
205942988 22133239
205942988 86134033
205942999 22133239
205942999 86134033
205943004 22133239
205943004 86134033
205944647 22133239
205944647 86134033
205944649 22133239
205944649 86134033
205944651 22133239
205944651 86134033
205945945 22133239
205945945 86134033
205945952 22133239
205945952 86134033
205945954 22133239
205945954 86134033
205945955 22133239
205945955 86134033
205948712 22133239
205948712 86134033
205950996 22133239
205950996 86134033
205942311 22133242
205942297 22133245
205942974 22133245
205945008 22133245
205951011 22133245
205947436 22133248
205947945 22133249
205951126 22133249
205942491 22133252
205949313 22133253
205949314 22133253
205942114 22133256
205942123 22133256
205942127 22133256
205942130 22133256
205947563 22133260
205942005 22133262
205942015 22133262
205942499 22133262
205944326 22133262
205944335 22133262
205944337 22133262
205944890 22133262
205942431 22133265
205948957 22133265
205948958 22133265
205947658 22133267
205944244 22133269
205947283 22133269
205946875 22133272
205946879 22133272
205943748 22133274
205943754 22133274
205943772 22133274
205945865 22133274
205943294 22133278
205945219 22133278
205945220 22133278
205947238 22133278
205947239 22133278
205947266 22133278
205947269 22133278
205948146 22133278
205948147 22133278
205948403 22133278
205948404 22133278
205949971 22133278
205949972 22133278
205947282 22133281
205951408 22133283
205943747 22133284
205947689 22133286
205942040 22133288
205942042 22133288
205942045 22133288
205942053 22133288
205942058 22133288
205942129 22133289
205944282 22133291
205944284 22133291
205942421 22133296
205942422 22133296
205942425 22133296
205950874 22133296
205943755 22133299
205942066 22133302
205942536 22133306
205944327 22133307
205943032 22133308
205942182 22133311
205942185 22133311
205942196 22133311
205942204 22133311
205942257 22133311
205942545 22133311
205942664 22133311
205950882 22133311
205942017 22133314
205944399 22133317
205948777 22133317
205950693 22133317
205942603 22133318
205942879 22133318
205944252 22133318
205944255 22133318
205944257 22133318
205944263 22133318
205944266 22133318
205944272 22133318
205946312 22133318
205946313 22133318
205948550 22133318
205948818 22133318
205942086 22133321
205942087 22133321
205942088 22133321
205944312 22133321
205948759 22133321
205948857 22133321
205948858 22133321
205942428 22133325
205944401 22133325
205951145 22133325
205943828 22133327
205950958 22133335
205951042 22133335
205947190 22133336
205942132 22133338
205949301 22133339
205949303 22133339
205946198 22133341
205946199 22133341
205946204 22133341
205946206 22133341
205946207 22133341
205946221 22133343
205946229 22133343
205946234 22133343
205946241 22133343
205946261 22133343
205946270 22133343
205946271 22133343
205951051 22133343
205943190 22133355
205944042 22133355
205944514 22133355
205945029 22133355
205945036 22133355
205947958 22133355
205947960 22133355
205947964 22133355
205947967 22133355
205947969 22133355
205948097 22133355
205948098 22133355
205948257 22133355
205948258 22133355
205948562 22133355
205948583 22133355
205951127 22133355
205942929 22133358
205948518 22133371
205948707 22133371
205950899 22133371
205950916 22133371
205951131 22133371
205947934 22133373
205941939 22133376
205942186 22133376
205942222 22133376
205942233 22133376
205944484 22133376
205948166 22133376
205948167 22133376
205948909 22133376
205948911 22133376
205948912 22133376
205942334 22133378
205942336 22133382
205942308 22133383
205942315 22133383
205947500 22133391
205947633 22133393
205947618 22133396
205947619 22133396
205942116 22133400
205942133 22133400
205942135 22133400
205942145 22133400
205946074 22133402
205948667 22133402
205949955 22133402
205949956 22133402
205944332 22133403
205944629 22133404
205948648 22133404
205944935 22133405
205944936 22133405
205944937 22133405
205950870 22133408
205950872 22133408
205941980 22133409
205947285 22133411
205950227 22133411
205951152 22133411
205947084 22133413
205948304 22133415
205942331 22133416
205950070 22133421
205951113 22133421
205942195 22133423
205942198 22133423
205942224 22133423
205942235 22133423
205942977 22133426
205942980 22133426
205942983 22133426
205945504 22133429
205942055 22133432
205942060 22133432
205942062 22133432
205948867 22133435
205948868 22133436
205947081 22133438
205942054 22133439
205942056 22133439
205944338 22133442
205947929 22133444
205947935 22133447
205947951 22133447
205947952 22133447
205947942 22133450
205947943 22133450
205944420 22133453
205947928 22133453
205947930 22133454
205942292 22133457
205942299 22133457
205948932 22133457
205949953 22133459
205949954 22133459
205949957 22133459
205949958 22133459
205947324 22133463
205949981 22133463
205949982 22133463
205947327 22133466
205949785 22133469
205949787 22133469
205949788 22133469
205950275 22133469
205950276 22133469
205946803 22133479
205946806 22133479
205950199 22133479
205950200 22133479
205946805 22133482
205946807 22133484
205945607 22133486
205946611 22133489
205951044 22133489
205951066 22133489
205942998 22133490
205943809 22133490
205943811 22133491
205946178 22133492
205946186 22133492
205947580 22133492
205947622 22133492
205951218 22133492
205948660 22133494
205946167 22133497
205946176 22133497
205942798 22133499
205951153 22133503
205942799 22133505
205942337 22133507
