205949339 22131570
205949339 22177710
205949339 60883107
205949341 22131570
205949341 22177710
205949341 60883107
205949342 22131570
205949342 22177710
205949342 60883107
205944216 22131570
205944216 60883107
205964418 22167856
205964418 22178734
205964419 22167856
205964419 22178734
205957852 22167856
205957852 22181294
205963229 22171435
205963242 22171435
205965699 22171435
205966862 22171435
205958815 22171435
205958815 22182547
205961043 22171435
205961043 22182547
205963224 22171435
205963224 22182547
205963226 22171435
205963226 22182547
205963227 22171435
205963227 22182547
205963230 22171435
205963230 22182547
205963232 22171435
205963232 22182547
205963234 22171435
205963234 22182547
205963236 22171435
205963236 22182547
205963238 22171435
205963238 22182547
205963240 22171435
205963240 22182547
205964452 22171435
205964452 22182547
205964453 22171435
205964453 22182547
205966851 22171435
205966851 22182547
205966852 22171435
205966852 22182547
205966854 22171435
205966854 22182547
205966856 22171435
205966856 22182547
205966857 22171435
205966857 22182547
205966858 22171435
205966858 22182547
205966860 22171435
205966860 22182547
205966861 22171435
205966861 22182547
205961013 22171463
205961014 22171463
205963220 22171463
205963862 22171463
205964449 22171463
205958828 22171463
205958828 22182527
205958829 22171463
205958829 22182527
205959888 22171463
205959888 22182527
205961007 22171463
205961007 22182527
205961008 22171463
205961008 22182527
205961081 22171463
205961081 22182527
205963219 22171463
205963219 22182527
205964443 22171463
205964443 22182527
205964445 22171463
205964445 22182527
205964446 22171463
205964446 22182527
205964447 22171463
205964447 22182527
205965031 22171463
205965031 22182527
205965032 22171463
205965032 22182527
205965413 22171463
205965413 22182527
205965416 22171463
205965416 22182527
205966840 22171463
205966840 22182527
205966842 22171463
205966842 22182527
205966843 22171463
205966843 22182527
205966844 22171463
205966844 22182527
205966846 22171463
205966846 22182527
205960437 22172179
205960437 22177525
205960437 22182624
205962826 22172179
205962826 22177525
205962826 22182624
205962827 22172179
205962827 22177525
205962827 22182624
205963732 22172179
205963732 22177525
205963732 22182624
205964432 22172179
205964432 22177525
205964432 22182624
205964433 22172179
205964433 22177525
205964433 22182624
205964434 22172179
205964434 22177525
205964434 22182624
205964435 22172179
205964435 22177525
205964435 22182624
205964436 22172179
205964436 22177525
205964436 22182624
205964438 22172179
205964438 22177525
205964438 22182624
205964440 22172179
205964440 22177525
205964440 22182624
205964441 22172179
205964441 22177525
205964441 22182624
205965029 22172179
205965029 22177525
205965029 22182624
205965030 22172179
205965030 22177525
205965030 22182624
205965283 22172179
205965283 22177525
205965283 22182624
205965284 22172179
205965284 22177525
205965284 22182624
205966833 22172179
205966833 22177525
205966833 22182624
205966835 22172179
205966835 22177525
205966835 22182624
205966836 22172179
205966836 22177525
205966836 22182624
205965200 22172183
205965200 22177525
205965200 22182629
205965201 22172183
205965201 22177525
205965201 22182629
205966830 22172183
205966830 22177525
205966830 22182629
205965202 22172792
205965202 22177525
205966831 22172792
205966831 22177525
205966832 22172792
205966832 22177525
205966827 22172793
205966827 22177519
205966829 22172793
205966829 22177519
205961040 22173236
205961040 22182646
205962158 22173260
205962158 22182645
205962162 22173260
205962162 22182645
205964464 22173260
205964464 22182645
205964467 22173260
205964467 22182645
205965281 22173260
205965281 22182645
205965282 22173260
205965282 22182645
205965558 22173260
205965558 22182645
205966869 22173260
205966869 22182645
205966871 22173260
205966871 22182645
205966872 22173260
205966872 22182645
205960067 22182527
205965417 22182527
205965418 22182527
205966837 22182527
205966838 22182527
205963246 22182547
205963864 22182547
205964462 22182547
205964463 22182547
205956419 22176596
205956419 22182566
205956419 57931655
205956419 57931656
205961186 22176596
205961186 22182566
205961186 57931655
205961186 57931656
205961189 22176596
205961189 22182566
205961189 57931655
205961189 57931656
205961190 22176596
205961190 22182566
205961190 57931655
205961190 57931656
205961201 22176596
205961201 22182566
205961201 57931655
205961201 57931656
205961208 22176596
205961208 22182566
205961208 57931655
205961208 57931656
205961224 22176596
205961224 22182566
205961224 57931655
205961224 57931656
205961225 22176596
205961225 22182566
205961225 57931655
205961225 57931656
205963248 22176596
205963248 22182566
205963248 57931655
205963248 57931656
205963249 22176596
205963249 22182566
205963249 57931655
205963249 57931656
205965429 22176596
205965429 22182566
205965429 57931655
205965429 57931656
205965430 22176596
205965430 22182566
205965430 57931655
205965430 57931656
205965701 22176596
205965701 22182566
205965701 57931655
205965701 57931656
205965702 22176596
205965702 22182566
205965702 57931655
205965702 57931656
205966883 22176596
205966883 22182566
205966883 57931655
205966883 57931656
205966884 22176596
205966884 22182566
205966884 57931655
205966884 57931656
205966885 22176596
205966885 22182566
205966885 57931655
205966885 57931656
205966886 22176596
205966886 22182566
205966886 57931655
205966886 57931656
205956435 22182111
205633843 22180403
205633843 22211737
205031112 22178380
205031133 22178907
205031133 22713769
205031134 22178907
205031134 22713769
205031135 22178907
205031135 22713769
205031137 22178907
205031137 22713769
205031139 22178907
205031139 22713769
205031121 22178907
205031121 22714006
205018929 22179751
205018929 22714009
205026592 22179751
205026592 22714009
205031123 22179751
205031123 22714009
205031124 22179751
205031124 22714009
205031141 22181442
205031141 22713769
205031144 22181453
205031144 22713769
205031127 22181585
205031127 22713495
205031128 22181585
205031128 22713495
205031129 22181585
205031129 22713495
205031109 22181725
205031108 22181725
205031108 22713769
205031125 22713495
205031143 22713769
205034495 22178558
205034497 22178558
205038112 22178558
205040125 22178558
205044681 22178558
205046985 22178558
205046987 22178558
205046988 22178558
205046989 22178558
205046990 22178558
205049188 22178558
205049189 22178558
205049190 22178558
205044691 22182578
205044691 22260638
205049199 22182580
205049199 22260633
205043708 22182611
205043708 22260696
205044685 22182611
205044685 22260696
205044687 22182611
205044687 22260696
205044689 22182611
205044689 22260696
205044690 22182611
205044690 22260696
205044947 22182611
205044947 22260696
205044948 22182611
205044948 22260696
205046003 22182611
205046003 22260696
205046004 22182611
205046004 22260696
205049192 22182611
205049192 22260696
205049193 22182611
205049193 22260696
205043688 22182613
205044692 22182613
205041633 22182613
205041633 22260696
205041634 22182613
205041634 22260696
205046006 22182613
205046006 22260696
205043689 22182616
205043689 22260694
205043690 22182616
205043690 22260694
205044694 22182616
205044694 22260694
205044695 22182616
205044695 22260694
205044696 22182616
205044696 22260694
205038137 22182911
205038137 22260912
205039506 22182911
205039506 22260912
205044698 22182911
205044698 22260912
205044702 22182911
205044702 22260912
205044703 22182911
205044703 22260912
205044704 22182911
205044704 22260912
205044705 22182911
205044705 22260912
205044706 22182911
205044706 22260912
205044707 22182911
205044707 22260912
205044708 22182911
205044708 22260912
205044709 22182911
205044709 22260912
205044710 22182911
205044710 22260912
205045979 22182911
205045979 22260912
205045980 22182911
205045980 22260912
205046965 22182911
205046965 22260912
205046967 22182911
205046967 22260912
205046969 22182911
205046969 22260912
205046970 22182911
205046970 22260912
205049200 22182911
205049200 22260912
205049201 22182911
205049201 22260912
205049202 22182911
205049202 22260912
205049203 22182911
205049203 22260912
205040121 22257950
205040122 22257950
205044677 22257950
205049000 22257950
205049001 22257950
205049180 22257950
205049181 22257950
205049194 22260698
205049196 22260698
205049198 22260698
205958231 22177488
205960419 22177488
205956551 22177493
205964298 22177493
205961418 22177496
205959444 22177498
205959453 22177498
205964390 22177498
205964393 22177498
205957432 22177500
205960733 22177503
205963511 22177503
205963512 22177503
205964276 22177503
205966586 22177503
205957356 22177508
205957357 22177508
205957731 22177508
205962024 22177508
205966628 22177508
205957433 22177511
205957434 22177511
205957913 22177511
205962026 22177517
205962027 22177517
205966489 22177517
205960607 22177527
205960628 22177527
205960631 22177527
205962356 22177527
205962357 22177527
205964266 22177527
205958154 22177532
205962450 22177532
205962458 22177532
205965599 22177532
205965600 22177532
205966644 22177532
205966647 22177532
205958224 22177533
205961614 22177535
205957322 22177537
205966491 22177539
205960341 22177542
205961178 22177542
205961179 22177542
205960414 22177543
205960644 22177547
205960649 22177547
205960654 22177547
205964148 22177547
205957423 22177549
205958309 22177552
205958310 22177552
205957826 22177582
205957826 57924206
205957826 57924282
205957841 22177582
205957841 57924206
205957841 57924282
205959083 22177582
205959083 57924206
205959083 57924282
205959117 22177582
205959117 57924206
205959117 57924282
205960793 22177582
205960793 57924206
205960793 57924282
205961113 22177582
205961113 57924206
205961113 57924282
205961898 22177582
205961898 57924206
205961898 57924282
205961899 22177582
205961899 57924206
205961899 57924282
205961901 22177582
205961901 57924206
205961901 57924282
205961928 22177582
205961928 57924206
205961928 57924282
205961931 22177582
205961931 57924206
205961931 57924282
205961932 22177582
205961932 57924206
205961932 57924282
205961946 22177582
205961946 57924206
205961946 57924282
205961947 22177582
205961947 57924206
205961947 57924282
205961956 22177582
205961956 57924206
205961956 57924282
205963540 22177582
205963540 57924206
205963540 57924282
205963581 22177582
205963581 57924206
205963581 57924282
205963582 22177582
205963582 57924206
205963582 57924282
205964198 22177582
205964198 57924206
205964198 57924282
205964282 22177582
205964282 57924206
205964282 57924282
205965071 22177582
205965071 57924206
205965071 57924282
205965073 22177582
205965073 57924206
205965073 57924282
205965074 22177582
205965074 57924206
205965074 57924282
205966623 22177582
205966623 57924206
205966623 57924282
205966718 22177582
205966718 57924206
205966718 57924282
205960721 22177588
205958847 22177594
205960835 22177597
205958622 22177603
205961357 22177603
205963666 22177603
205963667 22177603
205964273 22177603
205965437 22177603
205965438 22177603
205965445 22177603
205965446 22177603
205966565 22177603
205960947 22177607
205962681 22177611
205966725 22177611
205962048 22177616
205965543 22177616
205965544 22177616
205958511 22177619
205964344 22177619
205962682 22177621
205957008 22177625
205958738 22177625
205962570 22177628
205960613 22177629
205962798 22177631
205962799 22177631
205962460 22177632
205962686 22177634
205962687 22177634
205962573 22177638
205962688 22177639
205962463 22177641
205962350 22177643
205962351 22177643
205962576 22177645
205966080 22177648
205956552 22177654
205960176 22177654
205964613 22177654
205964615 22177654
205964617 22177654
205965227 22177654
205966194 22177654
205964649 22177660
205966081 22177660
205962352 22177661
205966082 22177662
205966083 22177662
205962466 22177663
205962579 22177666
205966084 22177669
205962355 22177671
205956538 22177673
205962433 22177673
205966198 22177673
205966703 22177673
205966085 22177677
205962469 22177679
205966086 22177681
205956816 22177692
205956819 22177692
205958482 22177692
205962065 22177692
205962127 22177692
205962128 22177692
205962131 22177692
205962133 22177692
205962134 22177692
205962174 22177692
205962181 22177692
205962184 22177692
205962187 22177692
205962188 22177692
205966724 22177692
205962990 22177694
205962991 22177694
205962132 22177696
205962989 22177699
205962992 22177699
205965300 22177702
205966089 22177702
205962135 22177712
205962022 22177714
205960809 22177718
205960810 22177718
205962882 22177721
205962136 22177722
205956472 22177723
205962995 22177723
205962996 22177723
205964240 22177723
205960811 22177724
205962137 22177725
205956830 22177733
205957009 22177733
205958550 22177733
205958600 22177733
205959793 22177733
205962749 22177733
205962750 22177733
205964742 22177733
205966471 22177733
205962025 22177735
205962997 22177738
205962885 22177741
205956644 22177746
205958714 22177746
205958602 22177751
205966359 22177754
205966390 22177754
205956795 22177759
205957096 22177759
205962660 22177759
205962755 22177759
205962756 22177759
205964693 22177759
205964694 22177759
205964698 22177759
205966461 22177759
205960703 22177763
205966583 22177763
205962028 22177766
205960815 22177768
205962661 22177769
205962888 22177771
205962775 22177772
205962029 22177776
205962030 22177776
205965033 22177776
205958717 22177781
205959986 22177781
205966214 22177786
205966393 22177786
205962551 22177789
205965619 22177789
205965620 22177789
205966281 22177790
205960818 22177794
205962664 22177796
205962552 22177798
205962553 22177798
205962922 22177802
205966395 22177802
205962778 22177806
205966169 22177812
205966170 22177812
205966579 22177812
205966283 22177816
205966743 22177816
205962554 22177818
205962441 22177821
205966284 22177822
205966172 22177825
205966173 22177825
205966174 22177825
205966398 22177826
205962668 22177830
205962669 22177830
205962557 22177832
205966287 22177833
205962332 22177834
205966175 22177835
205966176 22177835
205966062 22177836
205966276 22177837
205966277 22177837
205966288 22177837
205962559 22177838
205966063 22177839
205966046 22177842
205966289 22177842
205966064 22177844
205966065 22177847
205966066 22177847
205962448 22177848
205962109 22177850
205962110 22177850
205962337 22177851
205962338 22177851
205966067 22177852
205966068 22177859
205966069 22177859
205962339 22177860
205961999 22177864
205962000 22177864
205966625 22177864
205962972 22177867
205966590 22177869
205962001 22177871
205962114 22177874
205962115 22177874
205962861 22177875
205966592 22177877
205962975 22177879
205962004 22177881
205962117 22177884
205962118 22177884
205962751 22177885
205962005 22177889
205962006 22177889
205962864 22177890
205962752 22177891
205962753 22177891
205960855 22177894
205961721 22177894
205961722 22177894
205966595 22177894
205957190 22177899
205957208 22177899
205957960 22177899
205960440 22177899
205960441 22177899
205960468 22177899
205960469 22177899
205961616 22177899
205963933 22177899
205963934 22177899
205966482 22177899
205962865 22177900
205962119 22177901
205962007 22177902
205962640 22177903
205962866 22177905
205962754 22177906
205959941 22177914
205959941 22178448
205959942 22177914
205959942 22178448
205961959 22177914
205961959 22178448
205961962 22177914
205961962 22178448
205961963 22177914
205961963 22178448
205962008 22177914
205962008 22178448
205962546 22177914
205962546 22178448
205962547 22177914
205962547 22178448
205963700 22177914
205963700 22178448
205964250 22177914
205964250 22178448
205966689 22177914
205966689 22178448
205962529 22177917
205962530 22177917
205966259 22177920
205966260 22177920
205966769 22177920
205962643 22177924
205962706 22177924
205962708 22177924
205962709 22177924
205965637 22177924
205965638 22177924
205962757 22177925
205960189 22177927
205962759 22177927
205966656 22177927
205966142 22177929
205966263 22177929
205966264 22177929
205966310 22177929
205962646 22177932
205962647 22177932
205962649 22177932
205966150 22177934
205962534 22177937
205962535 22177937
205966151 22177939
205966152 22177939
205962422 22177941
205966265 22177943
205966266 22177943
205962648 22177945
205962536 22177946
205966040 22177948
205961667 22177951
205961669 22177951
205966153 22177951
205956595 22177952
205962537 22177952
205956702 22177959
205958531 22177959
205958646 22177959
205958723 22177959
205962488 22177959
205962491 22177959
205962494 22177959
205962497 22177959
205962505 22177959
205962507 22177959
205962508 22177959
205963640 22177959
205963641 22177959
205964161 22177959
205964991 22177959
205966041 22177959
205966518 22177959
205956448 22177965
205961746 22177965
205961747 22177965
205961758 22177965
205963021 22177965
205963022 22177965
205964095 22177965
205965911 22177965
205965913 22177965
205965914 22177965
205966618 22177965
205966668 22177965
205966267 22177966
205966154 22177968
205966406 22177968
205962538 22177972
205962539 22177972
205962425 22177974
205966155 22177976
205965611 22177980
205966043 22177980
205956542 22177986
205956544 22177986
205956546 22177986
205962426 22177986
205962427 22177986
205965489 22177989
205966156 22177989
205966044 22177991
205962314 22177993
205957280 22177996
205957280 56461816
205966157 22177996
205966157 56461816
205962202 22177998
205966045 22178000
205966048 22178000
205966158 22178002
205966159 22178004
205966681 22178007
205966049 22178009
205962953 22178011
205966209 22178015
205966210 22178015
205966796 22178015
205966797 22178015
205961458 22178016
205964238 22178016
205966683 22178016
205957338 22178021
205966352 22178021
205966385 22178021
205966570 22178021
205964375 22178025
205966684 22178025
205963655 22178027
205966686 22178027
205957499 22178031
205960577 22178031
205965305 22178031
205965306 22178031
205966573 22178031
205962957 22178032
205962958 22178032
205962844 22178034
205964290 22178035
205962732 22178037
205962959 22178040
205961210 22178044
205961221 22178044
205964291 22178044
205962620 22178048
205962621 22178048
205958431 22178053
205965013 22178053
205965014 22178053
205966463 22178053
205962811 22178056
205962812 22178056
205962847 22178056
205962851 22178056
205959557 22178060
205959743 22178060
205964293 22178060
205965269 22178060
205965270 22178060
205962622 22178061
205964180 22178064
205962735 22178065
205959713 22178066
205964294 22178066
205962849 22178068
205962850 22178068
205964181 22178069
205960457 22178070
205960464 22178070
205960493 22178070
205964182 22178070
205966354 22178074
205966356 22178074
205966242 22178077
205966407 22178077
205966543 22178077
205961360 22178080
205964296 22178080
205962625 22178081
205958940 22178084
205964183 22178084
205962738 22178085
205961393 22178089
205961401 22178089
205964297 22178089
205962626 22178093
205962628 22178093
205962629 22178093
205966129 22178098
205966130 22178098
205966307 22178098
205966357 22178098
205966388 22178098
205966389 22178098
205958943 22178102
205958946 22178102
205964184 22178102
205964185 22178102
205962724 22178108
205962725 22178108
205962739 22178108
205962740 22178108
205963646 22178108
205963648 22178108
205966131 22178110
205966132 22178113
205966133 22178113
205962405 22178115
205959006 22178116
205964189 22178116
205965064 22178116
205958534 22178119
205962518 22178119
205962519 22178119
205966135 22178125
205966136 22178125
205966137 22178125
205966138 22178125
205966139 22178125
205966229 22178125
205966246 22178125
205957287 22178126
205966112 22178129
205966756 22178129
205966770 22178129
205966019 22178130
205966025 22178130
205966747 22178130
205964079 22178131
205962277 22178134
205962280 22178134
205962409 22178134
205962410 22178134
205959883 22178136
205962876 22178136
205966660 22178136
205962930 22178139
205966115 22178143
205966773 22178143
205966027 22178148
205966186 22178148
205966317 22178148
205957065 22178149
205956750 22178154
205956882 22178154
205956884 22178154
205958475 22178154
205962931 22178154
205962934 22178154
205966338 22178158
205966774 22178158
205956941 22178165
205958149 22178165
205964731 22178165
205964732 22178165
205965833 22178165
205966028 22178165
205966219 22178165
205966383 22178165
205966748 22178165
205966216 22178171
205966340 22178171
205966766 22178171
205966775 22178171
205966029 22178173
205962925 22178176
205966663 22178176
205966417 22178182
205966776 22178182
205966664 22178189
205966665 22178189
205962822 22178190
205963046 22178192
205963047 22178192
205964380 22178192
205966666 22178193
205960477 22178194
205960482 22178194
205960528 22178194
205960555 22178194
205960556 22178194
205964381 22178194
205965291 22178194
205965292 22178194
205962710 22178195
205956643 22178198
205958260 22178198
205966441 22178198
205962824 22178200
205963728 22178200
205963729 22178200
205960511 22178201
205960514 22178201
205964382 22178201
205962825 22178203
205956617 22178210
205966443 22178210
205965681 22178213
205966669 22178213
205966301 22178215
205966330 22178215
205966343 22178215
205956495 22178220
205957007 22178220
205959790 22178220
205962713 22178220
205962716 22178220
205962717 22178220
205966551 22178220
205966331 22178221
205960530 22178224
205960539 22178224
205960551 22178224
205964384 22178224
205964385 22178224
205964404 22178224
205965293 22178224
205965294 22178224
205967004 22178224
205959987 22178227
205966557 22178227
205962715 22178229
205962828 22178231
205966322 22178233
205966333 22178233
205966342 22178233
205959294 22178236
205960178 22178236
205966220 22178236
205966561 22178236
205961049 22178239
205962829 22178239
205962830 22178239
205965163 22178239
205965164 22178239
205965655 22178239
205965657 22178239
205965658 22178239
205966221 22178241
205966448 22178245
205966449 22178245
205957598 22178248
205965261 22178248
205965262 22178248
205957373 22178251
205962718 22178252
205957486 22178254
205966097 22178254
205966111 22178256
205966224 22178262
205966001 22178265
205966116 22178268
205966117 22178268
205957266 22178271
205966059 22178277
205966749 22178277
205966750 22178277
205966765 22178277
205962288 22178280
205962291 22178280
205966004 22178280
205966638 22178280
205966005 22178282
205957268 22178284
205966119 22178288
205966419 22178288
205966757 22178288
205962388 22178291
205966006 22178291
205962910 22178296
205962387 22178297
205966007 22178297
205966008 22178297
205957792 22178299
205966755 22178304
205966009 22178306
205966014 22178306
205966744 22178306
205966642 22178307
205957680 22178309
205963274 22178309
205963275 22178309
205962800 22178311
205956529 22178314
205956959 22178314
205962407 22178314
205962413 22178314
205962416 22178314
205962431 22178314
205963479 22178314
205965589 22178314
205966643 22178314
205957572 22178319
205959137 22178319
205960796 22178319
205960803 22178319
205960806 22178319
205960807 22178319
205963176 22178319
205966531 22178319
205966589 22178319
205957794 22178324
205961952 22178324
205964893 22178324
205964894 22178324
205963292 22178331
205963295 22178331
205963300 22178331
205964360 22178331
205965719 22178331
205965941 22178331
205965943 22178331
205965944 22178331
205966532 22178334
205966758 22178335
205957682 22178342
205957684 22178342
205957686 22178342
205957687 22178342
205957694 22178342
205966645 22178344
205966533 22178346
205964514 22178349
205965983 22178349
205966420 22178349
205962803 22178350
205958337 22178351
205958339 22178351
205964139 22178351
205964362 22178351
205966534 22178352
205962916 22178353
205964363 22178354
205959207 22178356
205966528 22178356
205966535 22178356
205956834 22178359
205964589 22178359
205964590 22178359
205957798 22178362
205966311 22178363
205956557 22178367
205966537 22178367
205962896 22178371
205962907 22178371
205962908 22178371
205962919 22178371
205962920 22178371
205964715 22178371
205964716 22178371
205966727 22178371
205966312 22178372
205966313 22178372
205964366 22178373
205957462 22178374
205956975 22178377
205961409 22178377
205961410 22178377
205966425 22178377
205966426 22178377
205966200 22178380
205966315 22178381
205956672 22178387
205956857 22178387
205963034 22178387
205964256 22178387
205960058 22178392
205962960 22178392
205962961 22178392
205966428 22178392
205963070 22178394
205964143 22178394
205957579 22178398
205960009 22178406
205964257 22178406
205964258 22178406
205957469 22178408
205962281 22178409
205964147 22178409
205957728 22178418
205957991 22178418
205957993 22178418
205956688 22178425
205957134 22178425
205958104 22178425
205960021 22178425
205966558 22178425
205964897 22178431
205964899 22178431
205964900 22178431
205966620 22178435
205957884 22178437
205959097 22178439
205960049 22178442
205960050 22178442
205961847 22178442
205966622 22178442
205957886 22178445
205962869 22178445
205962870 22178445
205966506 22178445
205959939 22178448
205966624 22178448
205957662 22178464
205957665 22178464
205964867 22178464
205964868 22178464
205964921 22178464
205964922 22178464
205962397 22178470
205962401 22178470
205962402 22178470
205964340 22178470
205960428 22178475
205964959 22178475
205964961 22178475
205965831 22178475
205966513 22178475
205957776 22178486
205957777 22178486
205957778 22178486
205966400 22178490
205966401 22178492
205962612 22178493
205962614 22178493
205962615 22178493
205964343 22178493
205964231 22178496
205962072 22178498
205966629 22178498
205966517 22178502
205963059 22178506
205966404 22178506
205957554 22178512
205957555 22178512
205964346 22178515
205961423 22178522
205961426 22178522
205961429 22178522
205964236 22178522
205964237 22178522
205966553 22178522
205959290 22178524
205957332 22178525
205957335 22178527
205964873 22178530
205964874 22178530
205964875 22178530
205964877 22178530
205964878 22178530
205959295 22178534
205959070 22178536
205959073 22178536
205965250 22178536
205964989 22178542
205964990 22178542
205959072 22178561
205959298 22178565
205957003 22178567
205957004 22178567
205961066 22178569
205961105 22178569
205964285 22178569
205966600 22178569
205964157 22178572
205966713 22178572
205957525 22178575
205957527 22178575
205957977 22178575
205957751 22178587
205957753 22178587
205966714 22178590
205956943 22178595
205961128 22178595
205966602 22178595
205959078 22178598
205961340 22178601
205966603 22178601
205963743 22178608
205966716 22178608
205957639 22178613
205957641 22178613
205961350 22178616
205966604 22178616
205957866 22178628
205959551 22178628
205959552 22178628
205966717 22178628
205957643 22178633
205957644 22178633
205957645 22178633
205957756 22178639
205964930 22178639
205966509 22178639
205957169 22178645
205957171 22178645
205957172 22178645
205957217 22178645
205957638 22178645
205957646 22178645
205957648 22178645
205957658 22178645
205957683 22178645
205957690 22178645
205958739 22178645
205964263 22178645
205967001 22178645
205959491 22178650
205959492 22178650
205966546 22178650
205957759 22178654
205957761 22178654
205961079 22178657
205961080 22178657
205960726 22178660
205962261 22178660
205964326 22178660
205965361 22178660
205965362 22178660
205957422 22178664
205957647 22178673
205957649 22178673
205957651 22178673
205957653 22178673
205957656 22178673
205956560 22178677
205959281 22178677
205961194 22178677
205965427 22178677
205957536 22178681
205957538 22178681
205957703 22178681
205961197 22178683
205961085 22178685
205965419 22178685
205965420 22178685
205964851 22178690
205964852 22178690
205966270 22178690
205966271 22178690
205959272 22178693
205961087 22178697
205961089 22178697
205958569 22178703
205966800 22178703
205957204 22178706
205964133 22178710
205964967 22178710
205964968 22178710
205959275 22178714
205962302 22178714
205964855 22178718
205964856 22178718
205959276 22178723
205957840 22178730
205961914 22178730
205961917 22178730
205961922 22178730
205965521 22178730
205965522 22178730
205965523 22178730
205965524 22178730
205957846 22178734
205957851 22178734
205957847 22178736
205960473 22178740
205960474 22178740
205964412 22178740
205964300 22178745
205959575 22178751
205959580 22178751
205959581 22178751
205957622 22178757
205962854 22178757
205959582 22178759
205961169 22178761
205961170 22178761
205964304 22178763
205961171 22178764
205961397 22178765
205959471 22178767
205959585 22178770
205956756 22178773
205961783 22178773
205964306 22178773
205963690 22178778
205963691 22178778
205965189 22178778
205965190 22178778
205956339 22178781
205957628 22178781
205957629 22178781
205957516 22178782
205957896 22178782
205961061 22178784
205959474 22178785
205956530 22178788
205956535 22178788
205959254 22178788
205964612 22178788
205966434 22178788
205964717 22178790
205964719 22178790
205964721 22178790
205964722 22178790
205964947 22178791
205964948 22178791
205959143 22178793
205961590 22178798
205961591 22178798
205966505 22178798
205959146 22178800
205957284 22178806
205957821 22178806
205957824 22178806
205957831 22178806
205963527 22178806
205964110 22178806
205959893 22178810
205959034 22178815
205961593 22178817
205961595 22178817
205961594 22178818
205959149 22178819
205961482 22178821
205958267 22178824
205961596 22178824
205961597 22178824
205961371 22178827
205961372 22178827
205959784 22178829
205959785 22178829
205957714 22178837
205964883 22178837
205964885 22178837
205964886 22178837
205961598 22178839
205961485 22178840
205957715 22178844
205961373 22178845
205959786 22178846
205961260 22178848
205957828 22178850
205957709 22178859
205957716 22178859
205964881 22178859
205964882 22178859
205964508 22178862
205957604 22178864
205961488 22178867
205957718 22178874
205957719 22178874
205958369 22178874
205961376 22178876
205961263 22178878
205961151 22178882
205959452 22178885
205961379 22178891
205961154 22178895
205956995 22178907
205961042 22178912
205959455 22178913
205959456 22178915
205957783 22178919
205959002 22178919
205965055 22178919
205965056 22178919
205965057 22178919
205965059 22178919
205965061 22178919
205965062 22178919
205959344 22178921
205961158 22178923
205964225 22178923
205965145 22178923
205965146 22178923
205965175 22178926
205959232 22178929
205959233 22178929
205961159 22178931
205959837 22178932
205965176 22178932
205961046 22178933
205961047 22178933
205959459 22178934
205959120 22178937
205960442 22178940
205960472 22178940
205960479 22178940
205964405 22178940
205965289 22178940
205966254 22178940
205966572 22178940
205967006 22178940
205965177 22178942
205965178 22178942
205959347 22178944
205961048 22178945
205959122 22178946
205963542 22178946
205963543 22178946
205961677 22178948
205961679 22178948
205961681 22178948
205959982 22178949
205965179 22178950
205965180 22178950
205959236 22178952
205961570 22178954
205959237 22178956
205959068 22178958
205965067 22178958
205965997 22178958
205961571 22178960
205961797 22178964
205961798 22178964
205959125 22178967
205961684 22178971
205961688 22178971
205961799 22178973
205959127 22178975
205961686 22178977
205961687 22178977
205957916 22178981
205959761 22178983
205959762 22178983
205959874 22178985
205961575 22178987
205963529 22178987
205961462 22178989
205961463 22178989
205959763 22178991
205956855 22178995
205959989 22178995
205959990 22178995
205966440 22178995
205959650 22178998
205959504 22179004
205959745 22179004
205959746 22179004
205961351 22179004
205961352 22179004
205965153 22179004
205965154 22179004
205959764 22179009
205963198 22179009
205963199 22179009
205965165 22179009
205965166 22179009
205959018 22179010
205956805 22179016
205957806 22179016
205957807 22179016
205961464 22179019
205959877 22179021
205956527 22179029
205956920 22179029
205959811 22179029
205961459 22179029
205961465 22179029
205961466 22179029
205964723 22179029
205964724 22179029
205966433 22179029
205961353 22179030
205959766 22179033
205961579 22179036
205959653 22179037
205961467 22179038
205959769 22179041
205963090 22179042
205961359 22179046
205961246 22179048
205957562 22179054
205957563 22179054
205957567 22179054
205965263 22179054
205965264 22179054
205961247 22179056
205961881 22179057
205964901 22179059
205964902 22179059
205963094 22179061
205963095 22179061
205961024 22179063
205957825 22179067
205960370 22179067
205965267 22179067
205965268 22179067
205964903 22179069
205964904 22179069
205965155 22179071
205961768 22179074
205961771 22179074
205963096 22179076
205961884 22179077
205965156 22179079
205961998 22179081
205959100 22179085
205959214 22179088
205965789 22179096
205965790 22179096
205966691 22179096
205961887 22179099
205961029 22179101
205965409 22179101
205965410 22179101
205959103 22179104
205961662 22179106
205956738 22179114
205959850 22179114
205959851 22179114
205962965 22179114
205958663 22179118
205965677 22179118
205965679 22179118
205965680 22179118
205961551 22179119
205959852 22179123
205961665 22179125
205961440 22179128
205959413 22179130
205961666 22179130
205961441 22179132
205961453 22179132
205965455 22179132
205959741 22179137
205959109 22179144
205961925 22179144
205961934 22179144
205961935 22179144
205958373 22179148
205963054 22179148
205965685 22179148
205965686 22179148
205958621 22179151
205959566 22179151
205959576 22179151
205959627 22179151
205959630 22179151
205961443 22179154
205965459 22179161
205965460 22179161
205961444 22179165
205966566 22179165
205959744 22179168
205961557 22179171
205961445 22179173
205961446 22179173
205963291 22179177
205963141 22179180
205965689 22179180
205965690 22179180
205961222 22179182
205961223 22179182
205965465 22179184
205965466 22179184
205963177 22179186
205963179 22179186
205963180 22179186
205959748 22179189
205965232 22179189
205959636 22179192
205961449 22179195
205965456 22179195
205963294 22179196
205959523 22179198
205961336 22179200
205963181 22179202
205961969 22179205
205961970 22179205
205956590 22179211
205965467 22179211
205963182 22179216
205961226 22179218
205963297 22179221
205961339 22179225
205961973 22179227
205961974 22179227
205963072 22179230
205965990 22179232
205961114 22179235
205960985 22179241
205960989 22179241
205960992 22179241
205961001 22179241
205964119 22179241
205964284 22179241
205959300 22179243
205959302 22179243
205963593 22179243
205963594 22179243
205966541 22179243
205963186 22179245
205961862 22179248
205961003 22179249
205959416 22179251
205963075 22179253
205965993 22179254
205959304 22179255
205961117 22179256
205961580 22179256
205963188 22179260
205963189 22179260
205959417 22179263
205959418 22179263
205961977 22179266
205965994 22179268
205959289 22179271
205965428 22179271
205965995 22179271
205966540 22179271
205956575 22179276
205959076 22179276
205959077 22179276
205965249 22179276
205961006 22179278
205959419 22179279
205959420 22179279
205963078 22179282
205965996 22179284
205959307 22179287
205961641 22179288
205956582 22179294
205957106 22179294
205958439 22179294
205964623 22179294
205964624 22179294
205965011 22179294
205965951 22179294
205965952 22179294
205965998 22179294
205961868 22179298
205961870 22179298
205961009 22179301
205965773 22179307
205965774 22179307
205959830 22179309
205965999 22179312
205961869 22179314
205956789 22179317
205961530 22179317
205959943 22179320
205961756 22179324
205961644 22179326
205956612 22179344
205957104 22179344
205959944 22179344
205959945 22179344
205965837 22179344
205965838 22179344
205959833 22179348
205961533 22179356
205961535 22179356
205966610 22179356
205959946 22179361
205961647 22179366
205961422 22179372
205963375 22179382
205963379 22179382
205963380 22179382
205965439 22179386
205965440 22179386
205963487 22179393
205963494 22179393
205964372 22179393
205961536 22179395
205963495 22179398
205964371 22179398
205961311 22179404
205961425 22179405
205961312 22179415
205961313 22179415
205963383 22179420
205963384 22179420
205959839 22179422
205956593 22179426
205959501 22179428
205961314 22179430
205961428 22179432
205963273 22179437
205963856 22179437
205964845 22179437
205964846 22179437
205963160 22179442
205959728 22179446
205959734 22179446
205957473 22179450
205959729 22179450
205961203 22179455
205959505 22179460
205961318 22179463
205963163 22179469
205963389 22179471
205963277 22179473
205963278 22179473
205963164 22179479
205966671 22179479
205961206 22179483
205961840 22179485
205956488 22179510
205956491 22179510
205956502 22179510
205956506 22179510
205959508 22179516
205963166 22179520
205965113 22179525
205965115 22179525
205965116 22179525
205963167 22179530
205963170 22179530
205963171 22179530
205961843 22179534
205963055 22179539
205965228 22179542
205957785 22179555
205959129 22179555
205965515 22179555
205965517 22179555
205965518 22179555
205965861 22179555
205965862 22179555
205963169 22179557
205961731 22179565
205961957 22179568
205961732 22179571
205961939 22179577
205961944 22179577
205964907 22179577
205964908 22179577
205965863 22179577
205965865 22179577
205965866 22179577
205963058 22179579
205963692 22179580
205961734 22179583
205963551 22179586
205963556 22179586
205965751 22179586
205965752 22179586
205961848 22179589
205959922 22179592
205961909 22179595
205963580 22179595
205957320 22179604
205958981 22179604
205961622 22179604
205961486 22179616
205961489 22179616
205961492 22179616
205961495 22179616
205961498 22179616
205961504 22179616
205961505 22179616
205961510 22179616
205961511 22179616
205961520 22179616
205961522 22179616
205961523 22179616
205964376 22179616
205961736 22179620
205956790 22179628
205959925 22179628
205959926 22179628
205961730 22179642
205963566 22179642
205965753 22179642
205958654 22179650
205962704 22179650
205965007 22179650
205965008 22179650
205960043 22179663
205961849 22179663
205961850 22179663
205961889 22179663
205961890 22179663
205964275 22179663
205966621 22179663
205963695 22179668
205959924 22179673
205957762 22179682
205964173 22179682
205965754 22179682
205966504 22179682
205962693 22179689
205965642 22179689
205961512 22179694
205963583 22179699
205963470 22179703
205965643 22179708
205965644 22179708
205958269 22179717
205963584 22179717
205963585 22179717
205966611 22179717
205961626 22179721
205961628 22179721
205963698 22179723
205959927 22179726
205959928 22179751
205960297 22179751
205960298 22179751
205966802 22179751
205963586 22179757
205961402 22179761
205959816 22179764
205959818 22179764
205957321 22179769
205957323 22179769
205957509 22179769
205961629 22179769
205965421 22179774
205965422 22179774
205963363 22179786
205963366 22179786
205963368 22179786
205963589 22179789
205956798 22179793
205962702 22179793
205961405 22179796
205963365 22179797
205963140 22179801
205961408 22179805
205956351 22179808
205964557 22179808
205961930 22179811
205963369 22179816
205963370 22179816
205956465 22179817
205956467 22179817
205963139 22179819
205963144 22179819
205963145 22179819
205963257 22179821
205963260 22179821
205961933 22179823
205963258 22179826
205956355 22179830
205963033 22179832
205956450 22179841
205956468 22179841
205956470 22179841
205956692 22179841
205956704 22179841
205963031 22179841
205964080 22179841
205964243 22179841
205964259 22179841
205966427 22179841
205963779 22179848
205963780 22179848
205965793 22179848
205965794 22179848
205961822 22179850
205960858 22179853
205961710 22179853
205963781 22179857
205963149 22179858
205963037 22179861
205961825 22179863
205961938 22179865
205963038 22179867
205963040 22179867
205963041 22179867
205961826 22179870
205963671 22179872
205961714 22179876
205963672 22179898
205963675 22179898
205963676 22179898
205964955 22179898
205964975 22179898
205964976 22179898
205963560 22179903
205961716 22179908
205961718 22179908
205961720 22179908
205965493 22179908
205965494 22179908
205956770 22179914
205963674 22179917
205961717 22179920
205963563 22179923
205963564 22179924
205963677 22179925
205965509 22179928
205965511 22179928
205965512 22179928
205956774 22179930
205956899 22179930
205962563 22179933
205965624 22179933
205966651 22179933
205963340 22179937
205963341 22179937
205963467 22179940
205965739 22179940
205965740 22179940
205956723 22179949
205956725 22179949
205956729 22179949
205956731 22179949
205956733 22179949
205956889 22179949
205958517 22179949
205958561 22179949
205963644 22179949
205963652 22179949
205966705 22179949
205963342 22179952
205963568 22179955
205956777 22179957
205956778 22179957
205956788 22179957
205964495 22179957
205966456 22179957
205965401 22179960
205965402 22179960
205956665 22179965
205956779 22179968
205963345 22179972
205956442 22179973
205956668 22179975
205963120 22179977
205963121 22179977
205961908 22179979
205961910 22179979
205961911 22179979
205965407 22179982
205965408 22179982
205963122 22179984
205961912 22179987
205963125 22179988
205963127 22179990
205961915 22179993
205961803 22179999
205961804 22179999
205963088 22180002
205963091 22180002
205963097 22180002
205963103 22180002
205963123 22180002
205963124 22180002
205963128 22180002
205963129 22180002
205963130 22180002
205963762 22180006
205956807 22180014
205961772 22180014
205962200 22180014
205962951 22180014
205962954 22180014
205962955 22180014
205963760 22180014
205963761 22180014
205963763 22180014
205963764 22180014
205966637 22180014
205963017 22180015
205961918 22180016
205963018 22180018
205963019 22180018
205961805 22180021
205963651 22180023
205956344 22180035
205956364 22180035
205957636 22180035
205958077 22180035
205960309 22180035
205965823 22180035
205965824 22180035
205963259 22180043
205963854 22180043
205965711 22180043
205965712 22180043
205963765 22180046
205963766 22180049
205961807 22180052
205957520 22180057
205957522 22180057
205964355 22180057
205965939 22180057
205965940 22180057
205963654 22180058
205963541 22180059
205956753 22180062
205961761 22180062
205961762 22180062
205963544 22180065
205956755 22180066
205963322 22180070
205956531 22180077
205956545 22180077
205957010 22180077
205958708 22180077
205963548 22180079
205963553 22180079
205963554 22180079
205963436 22180084
205956645 22180089
205956532 22180098
205956540 22180098
205962297 22180098
205962298 22180098
205962316 22180098
205962318 22180098
205962319 22180098
205964209 22180098
205966275 22180098
205963325 22180100
205963100 22180102
205963101 22180102
205956536 22180104
205956424 22180106
205963102 22180107
205963328 22180108
205963329 22180109
205963330 22180109
205964558 22180109
205960197 22180110
205961699 22180110
205963850 22180111
205963851 22180111
205963105 22180113
205956428 22180116
205965801 22180119
205965803 22180119
205965804 22180119
205963855 22180120
205963742 22180121
205963745 22180122
205959775 22180126
205965805 22180126
205965806 22180126
205963859 22180131
205963860 22180131
205963520 22180132
205961366 22180135
205963747 22180135
205956844 22180136
205963517 22180137
205963522 22180137
205963748 22180140
205965783 22180140
205965785 22180140
205965786 22180140
205963408 22180143
205963410 22180143
205963411 22180144
205956734 22180147
205963301 22180148
205956503 22180158
205956509 22180158
205956510 22180158
205963415 22180160
205963528 22180162
205960169 22180165
205960170 22180165
205958297 22180167
205964136 22180167
205960060 22180168
205960288 22180171
205960289 22180171
205956405 22180174
205956519 22180178
205956406 22180183
205956411 22180183
205963831 22180185
205963833 22180186
205963720 22180189
205963721 22180189
205959667 22180192
205963835 22180192
205963722 22180195
205956932 22180198
205957586 22180198
205960321 22180198
205956820 22180203
205956821 22180203
205963725 22180205
205963612 22180207
205963500 22180209
205963609 22180211
205963613 22180211
205963727 22180213
205958382 22180217
205964310 22180217
205963616 22180219
205956713 22180221
205963505 22180224
205965745 22180224
205965746 22180224
205958386 22180226
205958387 22180226
205960599 22180228
205960606 22180228
205959771 22180231
205960261 22180231
205960262 22180231
205956605 22180236
205956607 22180240
205956609 22180244
205960681 22180245
205958581 22180246
205963701 22180248
205960794 22180249
205963702 22180250
205962968 22180255
205962970 22180255
205962981 22180255
205962982 22180255
205963703 22180255
205963706 22180255
205966690 22180255
205958585 22180257
205963705 22180259
205956803 22180263
205958361 22180266
205958362 22180266
205960575 22180268
205963708 22180269
205956515 22180277
205956918 22180277
205958705 22180277
205958252 22180279
205956808 22180282
205959561 22180285
205959564 22180285
205960241 22180285
205960242 22180285
205960244 22180287
205960245 22180287
205960991 22180290
205962091 22180295
205962092 22180299
205960023 22180300
205960995 22180303
205960996 22180303
205960137 22180305
205960138 22180305
205960997 22180306
205958898 22180307
205966098 22180307
205962097 22180310
205956566 22180313
205958786 22180313
205962098 22180315
205958560 22180317
205962743 22180317
205962744 22180317
205963649 22180317
205963650 22180317
205960774 22180319
205960775 22180319
205960777 22180319
205958562 22180320
205962630 22180320
205963660 22180320
205963661 22180320
205966450 22180320
205960475 22180321
205960550 22180321
205960560 22180321
205960561 22180321
205958566 22180322
205960558 22180323
205960559 22180323
205958345 22180325
205962290 22180326
205960333 22180328
205958980 22180330
205962180 22180332
205960337 22180334
205962183 22180336
205960971 22180338
205960973 22180338
205958871 22180340
205960338 22180343
205958874 22180345
205962073 22180347
205962299 22180350
205960861 22180353
205960864 22180353
205962186 22180356
205962075 22180362
205962189 22180365
205962077 22180368
205962078 22180368
205960865 22180369
205964283 22180369
205960119 22180371
205960120 22180371
205960979 22180374
205958879 22180375
205958880 22180375
205958540 22180377
205962079 22180378
205958541 22180381
205964992 22180381
205964997 22180381
205960869 22180386
205961258 22180386
205961259 22180386
205966493 22180386
205958430 22180389
205958545 22180392
205962492 22180394
205958318 22180396
205958323 22180396
205960310 22180403
205962495 22180405
205960311 22180408
205960538 22180409
205961552 22180409
205966101 22180409
205967002 22180409
205967003 22180409
205958327 22180414
205962385 22180418
205964339 22180418
205958961 22180420
205958329 22180422
205958962 22180426
205960950 22180430
205960205 22180433
205960206 22180433
205962050 22180435
205962051 22180435
205958965 22180438
205962164 22180439
205962165 22180439
205960953 22180440
205958853 22180442
205962052 22180444
205962166 22180446
205958856 22180448
205962055 22180450
205962058 22180450
205957631 22180461
205957632 22180461
205957635 22180461
205958744 22180461
205962169 22180463
205960958 22180467
205958859 22180469
205960959 22180471
205962694 22180474
205962582 22180477
205958639 22180480
205958300 22180483
205964137 22180483
205962472 22180488
205962585 22180490
205966090 22180492
205962473 22180494
205956796 22180499
205956797 22180499
205956901 22180499
205962699 22180499
205966091 22180502
205966092 22180506
205962588 22180508
205958305 22180511
205966093 22180514
205962477 22180518
205960518 22180519
205960521 22180519
205960519 22180521
205962143 22180523
205966099 22180524
205966295 22180524
205962031 22180526
205960821 22180527
205958947 22180528
205962146 22180531
205962147 22180531
205962034 22180533
205962894 22180534
205962781 22180537
205960824 22180538
205958724 22180548
205962670 22180551
205962897 22180552
205962784 22180555
205960827 22180556
205962673 22180560
205962560 22180562
205962787 22180570
205964008 22180570
205960603 22180574
205960604 22180574
205956891 22180583
205958503 22180583
205962654 22180583
205962655 22180583
205963709 22180583
205963710 22180583
205963713 22180583
205964096 22180583
205966720 22180583
205962676 22180587
205966070 22180593
205962567 22180595
205962342 22180599
205962456 22180601
205962457 22180601
205962345 22180602
205966075 22180606
205966077 22180608
205962122 22180613
205966078 22180616
205962123 22180620
205966079 22180626
205962983 22180628
205962871 22180629
205960800 22180630
205960801 22180630
205962126 22180635
205962013 22180638
205962760 22180639
205960802 22180642
205957494 22180644
205958929 22180644
205962875 22180645
205962129 22180647
205962016 22180649
205962650 22180651
205961147 22180654
205962764 22180654
205960805 22180656
205962878 22180657
205962019 22180661
205962653 22180665
205957542 22180669
205957547 22180669
205958377 22180669
205966496 22180669
205966511 22180669
205960808 22180671
205966272 22180673
205962543 22180676
205962544 22180676
205959377 22180679
205962769 22180679
205962430 22180680
205957291 22180685
205966499 22180685
205966160 22180688
205966387 22180689
205965143 22180692
205966161 22180692
205962545 22180694
205962658 22180697
205966162 22180699
205966163 22180699
205966050 22180700
205966051 22180702
205962321 22180704
205962322 22180704
205966164 22180707
205966052 22180710
205966278 22180712
205966165 22180714
205966166 22180714
205966053 22180716
205962436 22180719
205962323 22180722
205966054 22180726
205965567 22180732
205966167 22180732
205966168 22180734
205958901 22180735
205962962 22180738
205966581 22180740
205958906 22180743
205966582 22180745
205956558 22180749
205958425 22180749
205964618 22180749
205966470 22180749
205962741 22180752
205958909 22180755
205962108 22180758
205962742 22180759
205962855 22180762
205962856 22180762
205962969 22180763
205962857 22180764
205962745 22180766
205962858 22180767
205962633 22180770
205962634 22180770
205962520 22180773
205958537 22180778
205958539 22180778
205962521 22180778
205962748 22180782
205962635 22180785
205964193 22180787
205962636 22180788
205962411 22180790
205966141 22180793
205964083 22180795
205966255 22180798
205962300 22180801
205966030 22180803
205966031 22180803
205966143 22180805
205966144 22180805
205966256 22180807
205962527 22180809
205962528 22180809
205962301 22180812
205966032 22180814
205966145 22180816
205957179 22180822
205957181 22180822
205957183 22180822
205957185 22180822
205957186 22180822
205957187 22180822
205957189 22180822
205957223 22180822
205957344 22180822
205964843 22180822
205964844 22180822
205966033 22180824
205966146 22180826
205966147 22180826
205966034 22180828
205962305 22180830
205966035 22180835
205966148 22180837
205962419 22180841
205966036 22180843
205965215 22180847
205966149 22180847
205966037 22180850
205966038 22180850
205962941 22180853
205962942 22180853
205962308 22180857
205966039 22180858
205962943 22180861
205962831 22180864
205966675 22180867
205962945 22180869
205962948 22180869
205962833 22180873
205966658 22180873
205962946 22180875
205966676 22180877
205962723 22180880
205962610 22180882
205966341 22180884
205957492 22180885
205957493 22180885
205962726 22180886
205962500 22180888
205962502 22180888
205962503 22180888
205962613 22180891
205962501 22180892
205956783 22180894
205958731 22180894
205966457 22180894
205966458 22180896
205964286 22180898
205966234 22180898
205966412 22180898
205966232 22180900
205966416 22180900
205957270 22180902
205956813 22180906
205966459 22180906
205962616 22180909
205964288 22180912
205966121 22180914
205966347 22180916
205961180 22180919
205964289 22180919
205962506 22180922
205966123 22180924
205966349 22180928
205957274 22180930
205961022 22180933
205961023 22180933
205966237 22180933
205966238 22180933
205966239 22180933
205957276 22180936
205957277 22180937
205966760 22180939
205966015 22180943
205966745 22180943
205966128 22180944
205966762 22180945
205956908 22180951
205957054 22180951
205966018 22180952
205966746 22180952
205966764 22180955
205961272 22180959
205964480 22180959
205962810 22180961
205962924 22180964
205965299 22180970
205966767 22180970
205957689 22180974
205957691 22180974
205957692 22180974
205957695 22180974
205966655 22180975
205966768 22180977
205962813 22180978
205962927 22180981
205957696 22180984
205964261 22180986
205962816 22180988
205957583 22180991
205966659 22180996
205959993 22181002
205964262 22181002
205964264 22181008
205962819 22181011
205964265 22181021
205962707 22181023
205958102 22181032
205964153 22181032
205965875 22181032
205965876 22181032
205966212 22181034
205966414 22181034
205956632 22181041
205960961 22181041
205964640 22181041
205966439 22181041
205960566 22181044
205966100 22181044
205964155 22181047
205966104 22181049
205966105 22181049
205964159 22181051
205966218 22181053
205966106 22181055
205966107 22181055
205964681 22181059
205964682 22181059
205966741 22181064
205966742 22181067
205962900 22181069
205962901 22181070
205966632 22181074
205962903 22181075
205957897 22181081
205957899 22181081
205957901 22181081
205957902 22181081
205957903 22181081
205957964 22181081
205962193 22181088
205966634 22181088
205957039 22181092
205956720 22181099
205963669 22181099
205965841 22181099
205966522 22181099
205966704 22181099
205966524 22181100
205962906 22181102
205963001 22181104
205963005 22181104
205964353 22181104
205957676 22181115
205957678 22181115
205966639 22181118
205962909 22181121
205964356 22181127
205958152 22181134
205964130 22181134
205957565 22181138
205963267 22181145
205963852 22181145
205964357 22181145
205966303 22181150
205964358 22181152
205966418 22181154
205957343 22181156
205957456 22181160
205959305 22181160
205959306 22181160
205961564 22181160
205961565 22181160
205963587 22181160
205963588 22181160
205963590 22181160
205963591 22181160
205965265 22181160
205956722 22181174
205964993 22181174
205964995 22181174
205966308 22181177
205957347 22181183
205959080 22181185
205957012 22181187
205957014 22181187
205957872 22181204
205966722 22181207
205961560 22181209
205966612 22181209
205961587 22181213
205961588 22181213
205966613 22181213
205966726 22181216
205959088 22181219
205959089 22181219
205963574 22181219
205963577 22181219
205963578 22181219
205966502 22181221
205964330 22181226
205966615 22181228
205957540 22181234
205957705 22181234
205966355 22181234
205966386 22181234
205966729 22181238
205966617 22181243
205957654 22181248
205957655 22181248
205964559 22181250
205964220 22181254
205964334 22181255
205957657 22181262
205957659 22181262
205964865 22181262
205964866 22181262
205966508 22181264
205961090 22181267
205964111 22181270
205964337 22181273
205964226 22181276
205959661 22181280
205964228 22181280
205957326 22181284
205957327 22181284
205957340 22181284
205959284 22181287
205959060 22181288
205959061 22181288
205957329 22181289
205959062 22181292
205959065 22181296
205957739 22181306
205957741 22181306
205957742 22181306
205957744 22181306
205957745 22181306
205959067 22181309
205957746 22181313
205958334 22181313
205964311 22181320
205964538 22181323
205961293 22181325
205957749 22181327
205957513 22181340
205957514 22181340
205957523 22181340
205957900 22181340
205964913 22181340
205964914 22181340
205966510 22181340
205964314 22181344
205961296 22181347
205961291 22181351
205961297 22181351
205961300 22181351
205961303 22181351
205961304 22181351
205965435 22181351
205965436 22181351
205959371 22181354
205957301 22181357
205961185 22181360
205961299 22181361
205959370 22181366
205959373 22181366
205959374 22181366
205957529 22181370
205957727 22181370
205959487 22181375
205961188 22181381
205959488 22181384
205959375 22181387
205964954 22181391
205959376 22181394
205959150 22181396
205961078 22181399
205959040 22181402
205959791 22181404
205964737 22181414
205964738 22181414
205961491 22181418
205959047 22181420
205961494 22181422
205957611 22181423
205959795 22181424
205961382 22181427
205957839 22181431
205961497 22181434
205959684 22181437
205959685 22181437
205959798 22181441
205961273 22181446
205959686 22181447
205965290 22181450
205961274 22181452
205957619 22181455
205959351 22181457
205961051 22181459
205959352 22181462
205959353 22181462
205961165 22181465
205959240 22181470
205959243 22181470
205960579 22181475
205960580 22181475
205965297 22181475
205966399 22181475
205961168 22181478
205961055 22181480
205959991 22181482
205959358 22181486
205959132 22181487
205959133 22181491
205959134 22181491
205963161 22181491
205963162 22181491
205961692 22181494
205959880 22181497
205959135 22181499
205961683 22181503
205961694 22181503
205961696 22181503
205964219 22181503
205966616 22181503
205959995 22181505
205961583 22181508
205959770 22181512
205961586 22181514
205957928 22181520
205957702 22181525
205957704 22181525
205959773 22181527
205965490 22181530
205961474 22181533
205961703 22181539
205961708 22181539
205965491 22181539
205965492 22181539
205961361 22181542
205961589 22181545
205959550 22181548
205961140 22181550
205961479 22181553
205961141 22181556
205959668 22181557
205965273 22181562
205965275 22181562
205965276 22181562
205961030 22181564
205961257 22181567
205961144 22181571
205961891 22181574
205959220 22181578
205959335 22181588
205961148 22181591
205959448 22181593
205961895 22181596
205961896 22181596
205965053 22181599
205961036 22181601
205961897 22181602
205959338 22181604
205961784 22181607
205961788 22181607
205961786 22181609
205959421 22181613
205961674 22181613
205961561 22181615
205961562 22181615
205959003 22181616
205957904 22181618
205961450 22181620
205961451 22181620
205959976 22181623
205959750 22181625
205959752 22181631
205959758 22181631
205959759 22181631
205963203 22181631
205963206 22181631
205963207 22181631
205966672 22181631
205961678 22181634
205959119 22181636
205961452 22181637
205961566 22181639
205959008 22181645
205961455 22181648
205959755 22181653
205959756 22181653
205959530 22181657
205961569 22181659
205961343 22181661
205959644 22181666
205959757 22181669
205961328 22181671
205961345 22181671
205961346 22181671
205963191 22181674
205963192 22181674
205965363 22181680
205961980 22181683
205961347 22181686
205963193 22181688
205965365 22181692
205963081 22181695
205961123 22181699
205961871 22181703
205961872 22181703
205963196 22181705
205963084 22181708
205961126 22181711
205963197 22181714
205961760 22181717
205965144 22181719
205961015 22181728
205961129 22181730
205961650 22181733
205961763 22181734
205961877 22181737
205961878 22181737
205961018 22181739
205961653 22181741
205956649 22181748
205958790 22181748
205959840 22181748
205959841 22181748
205962531 22181748
205962532 22181748
205966469 22181748
205966569 22181748
205961541 22181751
205961542 22181751
205959208 22181753
205959842 22181755
205961543 22181757
205959730 22181758
205961656 22181761
205961431 22181763
205959958 22181766
205961545 22181767
205959845 22181770
205959733 22181773
205961659 22181774
205961434 22181776
205961548 22181778
205959848 22181781
205961435 22181783
205961438 22181783
205959511 22181788
205961437 22181790
205961211 22181792
205959512 22181800
205959515 22181800
205959516 22181800
205962671 22181800
205962675 22181800
205964221 22181800
205963283 22181802
205961960 22181803
205960255 22181805
205965231 22181805
205963398 22181807
205959514 22181810
205963172 22181812
205961961 22181813
205960693 22181816
205960696 22181816
205965345 22181816
205965346 22181816
205959402 22181820
205963606 22181820
205963610 22181820
205963611 22181820
205965757 22181820
205965758 22181820
205965759 22181820
205965760 22181820
205959628 22181823
205956496 22181826
205959629 22181828
205959404 22181830
205963175 22181833
205961104 22181836
205961107 22181836
205959517 22181837
205961964 22181839
205961851 22181842
205961219 22181845
205961740 22181849
205963067 22181851
205963068 22181851
205961109 22181852
205961968 22181854
205959930 22181857
205961856 22181860
205963069 22181863
205961632 22181866
205961859 22181868
205965763 22181870
205965764 22181870
205959820 22181873
205963592 22181875
205961521 22181876
205959821 22181878
205961635 22181881
205959822 22181883
205959823 22181883
205961411 22181885
205961524 22181886
205959711 22181888
205959717 22181888
205961315 22181888
205961316 22181888
205963595 22181890
205959824 22181892
205961638 22181893
205963596 22181895
205963597 22181895
205963371 22181897
205959600 22181900
205959826 22181903
205963598 22181904
205961414 22181906
205961302 22181908
205956695 22181913
205959603 22181916
205963150 22181919
205963151 22181919
205961305 22181921
205963264 22181923
205959719 22181926
205956699 22181932
205959606 22181936
205963378 22181937
205961308 22181939
205961941 22181941
205963154 22181943
205963268 22181944
205963042 22181946
205958370 22181948
205958371 22181948
205963043 22181948
205963044 22181948
205961831 22181953
205961832 22181953
205961833 22181953
205961835 22181953
205961837 22181953
205961945 22181955
205965216 22181956
205963045 22181959
205963158 22181962
205961834 22181964
205963680 22181967
205963048 22181969
205961723 22181970
205963683 22181973
205961500 22181975
205959801 22181976
205956781 22181980
205959914 22181981
205963111 22181988
205963114 22181988
205963115 22181988
205963117 22181988
205963132 22181988
205963135 22181988
205963136 22181988
205965857 22181988
205956782 22181990
205956785 22181990
205963573 22181995
205963686 22181997
205965858 22182000
205961728 22182001
205961503 22182003
205959917 22182004
205963576 22182006
205963350 22182009
205963351 22182009
205963354 22182009
205963361 22182009
205964152 22182009
205964174 22182009
205963689 22182012
205956786 22182015
205961506 22182016
205956561 22182018
205963352 22182020
205963579 22182023
205965525 22182026
205965526 22182026
205956563 22182029
205956564 22182029
205963468 22182032
205961509 22182033
205956452 22182035
205956565 22182040
205956985 22182040
205956678 22182043
205965528 22182044
205963131 22182046
205961921 22182047
205963359 22182048
205963020 22182050
205961810 22182052
205961924 22182053
205961813 22182055
205963026 22182057
205963772 22182059
205961816 22182060
205963662 22182063
205956760 22182064
205965723 22182065
205965724 22182065
205963665 22182068
205961819 22182070
205956988 22182074
205956762 22182079
205958135 22182079
205965613 22182081
205965614 22182081
205963668 22182083
205956651 22182087
205956764 22182089
205958264 22182089
205963555 22182092
205963557 22182092
205965617 22182095
205965618 22182095
205963333 22182096
205963335 22182098
205956658 22182100
205956659 22182101
205956547 22182104
205961900 22182105
205963113 22182107
205961903 22182115
205963116 22182117
205965921 22182128
205965923 22182128
205965924 22182128
205963003 22182131
205961904 22182133
205961905 22182133
205963750 22182136
205961906 22182138
205963006 22182141
205963753 22182144
205963642 22182146
205963009 22182150
205963756 22182152
205965703 22182156
205965704 22182156
205963757 22182159
205963758 22182159
205963645 22182160
205963532 22182161
205963759 22182163
205963422 22182164
205963535 22182166
205963310 22182170
205963538 22182171
205963313 22182177
205956635 22182194
205963200 22182197
205963202 22182201
205963316 22182206
205963429 22182210
205963205 22182211
205963319 22182215
205956415 22182219
205956927 22182219
205960186 22182221
205960187 22182221
205963208 22182223
205963730 22182225
205963845 22182227
205963846 22182229
205963734 22182232
205963735 22182232
205963848 22182234
205963849 22182234
205963736 22182235
205963510 22182237
205963739 22182239
205956835 22182253
205963513 22182255
205956724 22182258
205963516 22182262
205956726 22182265
205958792 22182265
205956839 22182272
205963405 22182278
205963406 22182278
205956489 22182298
205956504 22182298
205956516 22182298
205956517 22182298
205956525 22182298
205956916 22182298
205958796 22182298
205958798 22182298
205956505 22182301
205963409 22182302
205960051 22182303
205956507 22182306
205956922 22182306
205963711 22182309
205960581 22182311
205963714 22182314
205963601 22182315
205958596 22182316
205963604 22182317
205963717 22182319
205963718 22182319
205960585 22182320
205958599 22182321
205963719 22182322
205960588 22182323
205960541 22182324
205967000 22182324
205960364 22182326
205960367 22182327
205956709 22182329
205960144 22182331
205960145 22182331
205960147 22182333
205960148 22182333
205958570 22182334
205960785 22182335
205960562 22182336
205960564 22182337
205960565 22182337
205958358 22182339
205960980 22182340
205960983 22182340
205962080 22182344
205962081 22182344
205962087 22182344
205966630 22182344
205958994 22182347
205960982 22182348
205962195 22182350
205958883 22182351
205960011 22182352
205962083 22182353
205962084 22182353
205962085 22182355
205958886 22182358
205960988 22182360
205962088 22182362
205958889 22182365
205958551 22182373
205958440 22182376
205958441 22182376
205962284 22182376
205958555 22182378
205960768 22182379
205958442 22182382
205958333 22182384
205958447 22182386
205962283 22182387
205962398 22182388
205962061 22182389
205962064 22182389
205962175 22182391
205960966 22182393
205960967 22182393
205962179 22182395
205962067 22182397
205960857 22182399
205960969 22182400
205958645 22182401
205962591 22182403
205962480 22182404
205958648 22182406
205958649 22182406
205960636 22182408
205962594 22182412
205962595 22182412
205962596 22182413
205958426 22182414
205962484 22182416
205962486 22182416
205958313 22182418
205962485 22182420
205958428 22182424
205958429 22182424
205962489 22182426
205962151 22182427
205958953 22182429
205962154 22182431
205960944 22182433
205962157 22182435
205962790 22182437
205958223 22182438
205961385 22182439
205962219 22182440
205962221 22182440
205958220 22182441
205958233 22182442
205958235 22182442
205958236 22182442
205963524 22182443
205966516 22182443
205959614 22182444
205957621 22182446
205957881 22182446
205958626 22182446
205962859 22182446
205962862 22182446
205962863 22182446
205964118 22182446
205957324 22182448
205957330 22182448
205957333 22182448
205961611 22182449
205965327 22182451
205965328 22182451
205958583 22182453
205956832 22182458
205966431 22182458
205966432 22182458
205960590 22182466
205965311 22182466
205966574 22182466
205966575 22182466
205966576 22182466
205966578 22182466
205966789 22182466
205959363 22182468
205965125 22182468
205962761 22182471
205962762 22182471
205965127 22182471
205965128 22182471
205961791 22182485
205961792 22182485
205965839 22182485
205965840 22182485
205965903 22182485
205966721 22182485
205960746 22182491
205960759 22182491
205966587 22182491
205961600 22182495
205961603 22182495
205961609 22182495
205961612 22182495
205964303 22182495
205957401 22182497
205957244 22182501
205957712 22182501
205958096 22182501
205965066 22182501
205965065 22182502
205957243 22182509
205957317 22182509
205957528 22182509
205958344 22182509
205959049 22182509
205959145 22182509
205963073 22182509
205963074 22182509
205963076 22182509
205963079 22182509
205963080 22182509
205963083 22182509
205963152 22182509
205963153 22182509
205963173 22182509
205963174 22182509
205964113 22182509
205964309 22182509
205964485 22182509
205966488 22182509
205966495 22182509
205966593 22182509
205966670 22182509
205966679 22182509
205966711 22182509
205959687 22182513
205959690 22182513
205959694 22182513
205959695 22182513
205959697 22182513
205959699 22182514
205957556 22182554
205957558 22182554
205958326 22182554
205959005 22182554
205959030 22182554
205959032 22182554
205959033 22182554
205959095 22182554
205959098 22182554
205959099 22182554
205961855 22182554
205961857 22182554
205961858 22182554
205961861 22182554
205961874 22182554
205961875 22182554
205963571 22182554
205963572 22182554
205964191 22182554
205964192 22182554
205965747 22182554
205965749 22182554
205965750 22182554
205965889 22182554
205966680 22182554
205957421 22182556
205957417 22182558
205963056 22182558
205963057 22182558
205957402 22182562
205959245 22182563
205959458 22182563
205960753 22182568
205962227 22182568
205962228 22182568
205956492 22182569
205958554 22182569
205959794 22182569
205959046 22182571
205960766 22182571
205964120 22182571
205964142 22182571
205962222 22182572
205962260 22182575
205964329 22182575
205962259 22182576
205960363 22182577
205963430 22182577
205958321 22182582
205966230 22182582
205959692 22182584
205963790 22182586
205964279 22182586
205964965 22182588
205964966 22182588
205958095 22182590
205963502 22182591
205965744 22182591
205960632 22182593
205960676 22182593
205961605 22182595
205961608 22182595
205958099 22182596
205957281 22182604
205957420 22182604
205957457 22182604
205957464 22182604
205957470 22182604
205957617 22182604
205958018 22182604
205958055 22182604
205959364 22182604
205959365 22182604
205959422 22182604
205959423 22182604
205960828 22182604
205962773 22182604
205962774 22182604
205962776 22182604
205962780 22182604
205962783 22182604
205962785 22182604
205962786 22182604
205963614 22182604
205963615 22182604
205964211 22182604
205964839 22182604
205966515 22182604
205961966 22182619
205964248 22182619
205959634 22182632
205959637 22182632
205959639 22182632
205959642 22182632
205960359 22182632
205962805 22182632
205962807 22182632
205962814 22182632
205962815 22182632
205962818 22182632
205962820 22182632
205962821 22182632
205962843 22182632
205963723 22182632
205963724 22182632
205964227 22182632
205966657 22182632
205959900 22182633
205966451 22182633
205958239 22182635
205961155 22182635
205962226 22182638
205965373 22182638
205965374 22182638
205965575 22182638
205965576 22182638
205965369 22182639
205965371 22182639
205960738 22182640
205960741 22182640
205957351 22182641
205962020 22182641
205966627 22182641
205962011 22182642
205962012 22182642
205960422 22182647
205961156 22182647
205958193 22182648
205960389 22182648
205958194 22182649
205961987 22182655
205961990 22182655
205961991 22182655
205961992 22182656
205965533 22182657
205965534 22182657
205956458 22182667
205956640 22182667
205956664 22182667
205956666 22182667
205958456 22182667
205960951 22182667
205964151 22182667
205964249 22182667
205964630 22182667
205964633 22182667
205964634 22182667
205964641 22182667
205964642 22182667
205965237 22182667
205966437 22182667
205966563 22182667
205966564 22182667
205966599 22182667
205966626 22182667
205961989 22182669
205956599 22182671
205960716 22182675
205960719 22182675
205960720 22182675
205962240 22182675
205963063 22182675
205963064 22182675
205957441 22182678
205960814 22182678
205960819 22182678
205960822 22182678
205960825 22182678
205962788 22182678
205962789 22182678
205966791 22182678
205957465 22182683
205957382 22182686
205957383 22182686
205957910 22182686
205958304 22182686
205963453 22182688
205957385 22182690
205957302 22182691
205957304 22182691
205957305 22182691
205965277 22182693
205965278 22182693
205963796 22182697
205963445 22182699
205963448 22182699
205963451 22182699
205963454 22182699
205966000 22182700
205958241 22182701
205960423 22182701
205964169 22182701
205956592 22182710
205956603 22182710
205956629 22182715
205959974 22182723
205959975 22182723
205961979 22182723
205961984 22182723
205961994 22182723
205964308 22182723
205966394 22182723
205959867 22182728
205959870 22182728
205959873 22182728
205959876 22182728
205959878 22182728
205959879 22182728
205957407 22182733
205957413 22182736
205960395 22182738
205966544 22182738
205956407 22182744
205956425 22182744
205956588 22182744
205956787 22182744
205956861 22182744
205959913 22182744
205959920 22182744
205961513 22182744
205961516 22182744
205963679 22182744
205963682 22182744
205963684 22182744
205963685 22182744
205963687 22182744
205963688 22182744
205963694 22182744
205963697 22182744
205964086 22182744
205964251 22182744
205964582 22182744
205966424 22182744
205966438 22182744
205966556 22182744
205966609 22182744
205966688 22182744
205956714 22182762
205956714 56462201
205958698 22182762
205958698 56462201
205959521 22182762
205959521 56462201
205959592 22182762
205959592 56462201
205962580 22182762
205962580 56462201
205962581 22182762
205962581 56462201
205962586 22182762
205962586 56462201
205962587 22182762
205962587 56462201
205962618 22182762
205962618 56462201
205962623 22182762
205962623 56462201
205962662 22182762
205962662 56462201
205963015 22182762
205963015 56462201
205963016 22182762
205963016 56462201
205963843 22182762
205963843 56462201
205963844 22182762
205963844 56462201
205964234 22182762
205964234 56462201
205964239 22182762
205964239 56462201
205965629 22182762
205965629 56462201
205965630 22182762
205965630 56462201
205965631 22182762
205965631 56462201
205965632 22182762
205965632 56462201
205965639 22182762
205965639 56462201
205965640 22182762
205965640 56462201
205966653 22182762
205966653 56462201
205966654 22182762
205966654 56462201
205957443 22182764
205957444 22182764
205957446 22182764
205957448 22182764
205958293 22182764
205959433 22182764
205960407 22182764
205964135 22182764
205965931 22182765
205965932 22182765
205958182 22182766
205961380 22182766
205965453 22182766
205965454 22182766
205960718 22182768
205965929 22182768
205962015 22182769
205962017 22182769
205962018 22182769
205957295 22182771
205957297 22182771
205964105 22182771
205957381 22182772
205957366 22182774
205963820 22182775
205957802 22182776
205960416 22182778
205956417 22182792
205956417 56462204
205956417 56462209
205956499 22182792
205956499 56462204
205956499 56462209
205956513 22182792
205956513 56462204
205956513 56462209
205956887 22182792
205956887 56462204
205956887 56462209
205956896 22182792
205956896 56462204
205956896 56462209
205956930 22182792
205956930 56462204
205956930 56462209
205957431 22182792
205957431 56462204
205957431 56462209
205959234 22182792
205959234 56462204
205959234 56462209
205959241 22182792
205959241 56462204
205959241 56462209
205959473 22182792
205959473 56462204
205959473 56462209
205960424 22182792
205960424 56462204
205960424 56462209
205961406 22182792
205961406 56462204
205961406 56462209
205961407 22182792
205961407 56462204
205961407 56462209
205962461 22182792
205962461 56462204
205962461 56462209
205962462 22182792
205962462 56462204
205962462 56462209
205962475 22182792
205962475 56462204
205962475 56462209
205962478 22182792
205962478 56462204
205962478 56462209
205963630 22182792
205963630 56462204
205963630 56462209
205964481 22182792
205964481 56462204
205964481 56462209
205964576 22182792
205964576 56462204
205964576 56462209
205966423 22182792
205966423 56462204
205966423 56462209
205966536 22182792
205966536 56462204
205966536 56462209
205966542 22182792
205966542 56462204
205966542 56462209
205966571 22182792
205966571 56462204
205966571 56462209
205966650 22182792
205966650 56462204
205966650 56462209
205957397 22182795
205957398 22182795
205957599 22182795
205958020 22182795
205958286 22182795
205964979 22182795
205964980 22182795
205960415 22182796
205961412 22182797
205961413 22182797
205960747 22182798
205965891 22182798
205965893 22182798
205965894 22182798
205957449 22182802
205957450 22182802
205957451 22182802
205957452 22182802
205959435 22182802
205960357 22182802
205965481 22182802
205965483 22182802
205965484 22182802
205963455 22182804
205963815 22182805
205958157 22182807
205958696 22182807
205960771 22182809
205964280 22182809
205964377 22182809
205966415 22182810
205957296 22182811
205960090 22182811
205960091 22182811
205960384 22182812
205960780 22182813
205960781 22182813
205957081 22182814
205958216 22182814
205958234 22182814
205958254 22182814
205960346 22182814
205964410 22182814
205966588 22182816
205966795 22182816
205965577 22182817
205965578 22182817
205963804 22182818
205963813 22182818
205963818 22182818
205963819 22182818
205963824 22182818
205963828 22182818
205963829 22182818
205966261 22182818
205963803 22182819
205960651 22182820
205957352 22182821
205957359 22182821
205957447 22182822
205957911 22182824
205963452 22182825
205963810 22182826
205957298 22182828
205957299 22182828
205958867 22182828
205963065 22182830
205958176 22182833
205960671 22182835
205960672 22182835
205966397 22182835
205966730 22182835
205964972 22182836
205966514 22182836
205957800 22182837
205958316 22182837
205957403 22182838
205957408 22182838
205958285 22182838
205957804 22182841
205959485 22182841
205959486 22182841
205959767 22182841
205959768 22182841
205960202 22182841
205960203 22182841
205963194 22182841
205963195 22182841
205964492 22182841
205960369 22182842
205962512 22182843
205962513 22182843
205962514 22182844
205960764 22182845
205962230 22182845
205964315 22182845
205958093 22182848
205958094 22182848
205958298 22182849
205957362 22182851
205960353 22182851
205959043 22182852
205960773 22182852
205958301 22182855
205957300 22182856
205966706 22182856
205963449 22182858
205958177 22182859
205963825 22182860
205959469 22182865
205959470 22182865
205961145 22182865
205961146 22182865
205965123 22182865
205965124 22182865
205966790 22182865
205956373 22182893
205957228 22182893
205957234 22182893
205957498 22182893
205958890 22182893
205958891 22182893
205958927 22182893
205958930 22182893
205958933 22182893
205958936 22182893
205958937 22182893
205958964 22182893
205960574 22182893
205961546 22182893
205961547 22182893
205961549 22182893
205961550 22182893
205964400 22182893
205965041 22182893
205965042 22182893
205965295 22182893
205965296 22182893
205966392 22182893
205966673 22182893
205966674 22182893
205964230 22182895
205960662 22182897
205960668 22182897
205960669 22182897
205960674 22182897
205965331 22182897
205965332 22182897
205966682 22182897
205964973 22182899
205964974 22182899
205957218 22182926
205957222 22182926
205957226 22182926
205957290 22182926
205957292 22182926
205957485 22182926
205957630 22182926
205957642 22182926
205957650 22182926
205957652 22182926
205958860 22182926
205958861 22182926
205958905 22182926
205960374 22182926
205961814 22182926
205961815 22182926
205962555 22182926
205962556 22182926
205964817 22182926
205964818 22182926
205965037 22182926
205965039 22182926
205965040 22182926
205966500 22182926
205966526 22182926
205959431 22182929
205963184 22182930
205963785 22182932
205963830 22182933
205963507 22182934
205957307 22182937
205958900 22182937
205963183 22182937
205966525 22182937
205963486 22182938
205958089 22182941
205958179 22182942
205957341 22182943
205964373 22182945
205958258 22182946
205959436 22182947
205958090 22182950
205958091 22182950
205957580 22182953
205958760 22182953
205958762 22182953
205957364 22182955
205966507 22182955
205963799 22182956
205961617 22182958
205964128 22182961
205963858 22182963
205964281 22182963
205964131 22182964
205964132 22182964
205960639 22182968
205960658 22182968
205960677 22182968
205960678 22182968
205965325 22182968
205965326 22182968
205957263 22182983
205957263 56461859
205957263 56461865
205957269 22182983
205957269 56461859
205957269 56461865
205957273 22182983
205957273 56461859
205957273 56461865
205957278 22182983
205957278 56461859
205957278 56461865
205957279 22182983
205957279 56461859
205957279 56461865
205957478 22182983
205957478 56461859
205957478 56461865
205959649 22182983
205959649 56461859
205959649 56461865
205959651 22182983
205959651 56461859
205959651 56461865
205959652 22182983
205959652 56461859
205959652 56461865
205959663 22182983
205959663 56461859
205959663 56461865
205959705 22182983
205959705 56461859
205959705 56461865
205959709 22182983
205959709 56461859
205959709 56461865
205959727 22182983
205959727 56461859
205959727 56461865
205959731 22182983
205959731 56461859
205959731 56461865
205959732 22182983
205959732 56461859
205959732 56461865
205960867 22182983
205960867 56461859
205960867 56461865
205961261 22182983
205961261 56461859
205961261 56461865
205961262 22182983
205961262 56461859
205961262 56461865
205961307 22182983
205961307 56461859
205961307 56461865
205961309 22182983
205961309 56461859
205961309 56461865
205961310 22182983
205961310 56461859
205961310 56461865
205964229 22182983
205964229 56461859
205964229 56461865
205964233 22182983
205964233 56461859
205964233 56461865
205966549 22182983
205966549 56461859
205966549 56461865
205966550 22182983
205966550 56461859
205966550 56461865
205961602 22182984
205964138 22182987
205957458 22182988
205960754 22182991
205961403 22182993
205961404 22182993
205958308 22182994
205957390 22182999
205957601 22182999
205958273 22182999
205959441 22182999
205960412 22182999
205962340 22182999
205962341 22182999
205964392 22182999
205964394 22182999
205966497 22182999
205962353 22183002
205962354 22183002
205958190 22183005
205958197 22183005
205958206 22183005
205960387 22183005
205957253 22183009
205957384 22183009
205957396 22183009
205957405 22183009
205957412 22183009
205957582 22183009
205958023 22183009
205958302 22183009
205959450 22183009
205960377 22183009
205961395 22183009
205961396 22183009
205962347 22183009
205962348 22183009
205962438 22183009
205962464 22183009
205962470 22183009
205962471 22183009
205964081 22183009
205964207 22183009
205964486 22183009
205964493 22183009
205966436 22183009
205966648 22183009
205966649 22183009
205966262 22183012
205965800 22183014
205963797 22183016
205963811 22183016
205963816 22183016
205963822 22183016
205963826 22183016
205963827 22183016
205966693 22183016
205963795 22183017
205962043 22183019
205960642 22183021
205960648 22183021
205965329 22183021
205965330 22183021
205966794 22183021
205961789 22183024
205961790 22183024
205964713 22183027
205964714 22183027
205962068 22183028
205962069 22183028
205957312 22183037
205957314 22183037
205957316 22183037
205957325 22183037
205957328 22183037
205957331 22183037
205957334 22183037
205957511 22183037
205957512 22183037
205957521 22183037
205957707 22183037
205957898 22183037
205957986 22183037
205958984 22183037
205961642 22183037
205961645 22183037
205961648 22183037
205961651 22183037
205961654 22183037
205961655 22183037
205965049 22183037
205966487 22183037
205966494 22183037
205966527 22183037
205966614 22183037
205958097 22183041
205963793 22183042
205963514 22183045
205963515 22183045
205964212 22183045
205965077 22183047
205965082 22183047
205966529 22183047
205959105 22183050
205965075 22183050
205957835 22183052
205960656 22183053
205966396 22183054
205960390 22183055
205957254 22183056
205957415 22183056
205958312 22183056
205958777 22183056
205959356 22183056
205962770 22183056
205962771 22183056
205958240 22183058
205960342 22183058
205961149 22183058
205961150 22183058
205961152 22183058
205961153 22183058
205964490 22183058
205961752 22183065
205964305 22183065
205961750 22183066
205961753 22183066
205961751 22183068
205956422 22183071
205956422 57931661
205956422 57931662
205956432 22183071
205956432 57931661
205956432 57931662
205959267 22183071
205959267 57931661
205959267 57931662
205959270 22183071
205959270 57931661
205959270 57931662
205959274 22183071
205959274 57931661
205959274 57931662
205959296 22183071
205959296 57931661
205959296 57931662
205959297 22183071
205959297 57931661
205959297 57931662
205962304 22183071
205962304 57931661
205962304 57931662
205962306 22183071
205962306 57931661
205962306 57931662
205962310 22183071
205962310 57931661
205962310 57931662
205964210 22183071
205964210 57931661
205964210 57931662
205964577 22183071
205964577 57931661
205964577 57931662
205964578 22183071
205964578 57931661
205964578 57931662
205966640 22183071
205966640 57931661
205966640 57931662
205966641 22183071
205966641 57931661
205966641 57931662
205966712 22183071
205966712 57931661
205966712 57931662
205965181 22183078
205965183 22183078
205966555 22183078
205966619 22183080
205959038 22183082
205960087 22183082
205963427 22183082
205963428 22183082
205957909 22183086
205960376 22183086
205960391 22183087
205963480 22183088
205957426 22183089
205958288 22183089
205957733 22183090
205957735 22183090
205958207 22183091
205956404 22183101
205956413 22183101
205956420 22183101
205956955 22183101
205956973 22183101
205957195 22183101
205957258 22183101
205957261 22183101
205957265 22183101
205957271 22183101
205958694 22183101
205958695 22183101
205958701 22183101
205960900 22183101
205963946 22183101
205964733 22183101
205964734 22183101
205965221 22183101
205966422 22183101
205966429 22183101
205966559 22183101
205966560 22183101
205966598 22183101
205966737 22183101
205966738 22183101
205961481 22183105
205964605 22183105
205964606 22183105
205965169 22183105
205965170 22183105
205966607 22183105
205959269 22183107
205959601 22183111
205959604 22183111
205959605 22183111
205965149 22183111
205965151 22183111
205965152 22183111
205966719 22183111
205963497 22183112
205956850 22183116
205966455 22183116
205957199 22183118
205957201 22183118
205957205 22183118
205957207 22183118
205957213 22183118
205957216 22183118
205957235 22183118
205957310 22183118
205957319 22183118
205957336 22183118
205957489 22183118
205957548 22183118
205957925 22183118
205961607 22183118
205961657 22183118
205961658 22183118
205964399 22183118
205964823 22183118
205964824 22183118
205966483 22183118
205966484 22183118
205966485 22183118
205966486 22183118
205957088 22183120
205958173 22183120
205958208 22183120
205958209 22183120
205958213 22183120
205958230 22183120
205958205 22183122
205960420 22183122
205960421 22183122
205958314 22183123
205958315 22183125
205962763 22183126
205966490 22183129
205960392 22183130
205960418 22183130
205956464 22183134
205958462 22183134
205961769 22183134
205965499 22183134
205965501 22183134
205965502 22183134
205966512 22183134
205961738 22183137
205965121 22183138
205965122 22183138
205964247 22183141
205959980 22183147
205960949 22183147
205964525 22183147
205964635 22183147
205966227 22183147
205956842 22183151
205964636 22183151
205961248 22183152
205965433 22183154
205965434 22183154
