204784508 22141213
204784508 22189875
204784513 22141213
204784513 22189875
204784521 22192911
204784526 22192911
204785911 175813094
204785911 22189739
204785911 22250396
204785912 175813094
204785912 22189739
204785912 22250396
204784480 22190720
204784480 22250396
204784328 175796562
204784328 22188591
204784975 175796562
204784975 22188591
204787870 175796562
204787870 22188591
204787871 175796562
204787871 22188591
204790214 175796562
204790214 22188591
204782950 175796563
204782950 22188486
204784989 175796563
204784989 22188486
204788370 175796563
204788370 22188486
204788372 175796563
204788372 22188486
204788374 175796563
204788374 22188486
204788375 175796563
204788375 22188486
204783043 175813092
204783043 22193332
204783050 175813092
204783050 22193332
204783052 175813092
204783052 22193332
204783073 175813092
204783073 22193332
204783095 175813092
204783095 22193332
204783112 175813092
204783112 22193332
204784237 175813092
204784237 22193332
204785374 175813092
204785374 22193332
204785377 175813092
204785377 22193332
204785860 175813092
204785860 22193332
204785861 175813092
204785861 22193332
204785866 175813092
204785866 22193332
204785867 175813092
204785867 22193332
204786153 175813092
204786153 22193332
204786156 175813092
204786156 22193332
204786157 175813092
204786157 22193332
204786163 175813092
204786163 22193332
204786166 175813092
204786166 22193332
204786167 175813092
204786167 22193332
204786207 175813092
204786207 22193332
204786225 175813092
204786225 22193332
204787066 175813092
204787066 22193332
204787067 175813092
204787067 22193332
204787877 175813092
204787877 22193332
204787878 175813092
204787878 22193332
204783837 175813094
204783837 22189739
204784484 175813094
204784484 22189739
204786409 175815441
204786409 22189125
204782706 175819742
204782706 22193417
204783983 175819742
204783983 22193417
204785040 175819742
204785040 22193417
204785043 175819742
204785043 22193417
204785312 175819742
204785312 22193417
204785791 175819742
204785791 22193417
204785792 175819742
204785792 22193417
204785797 175819742
204785797 22193417
204785798 175819742
204785798 22193417
204786660 175819742
204786660 22193417
204786666 175819742
204786666 22193417
204787741 175819742
204787741 22193417
204787774 175819742
204787774 22193417
204787796 175819742
204787796 22193417
204787797 175819742
204787797 22193417
204788906 175819742
204788906 22193417
204788907 175819742
204788907 22193417
204789440 175819742
204789440 22193417
204789441 175819742
204789441 22193417
204790137 175819742
204790137 22193417
204790189 175819742
204790189 22193417
204790213 175819742
204790213 22193417
204790247 175819742
204790247 22193417
204790248 175819742
204790248 22193417
204790318 175819742
204790318 22193417
204783037 22188277
204783038 22188277
204783040 22188277
204783042 22188277
204783044 22188277
204783014 22188280
204788143 22188280
204788126 22188281
204784209 22188283
204784210 22188283
204784213 22188283
204786058 22188283
204786136 22188283
204786200 22188284
204786183 22188286
204786201 22188286
204787562 22188291
204789360 22188291
204789361 22188291
204787563 22188292
204783629 22188297
204783630 22188297
204783632 22188301
204787301 22188303
204784566 22188307
204785601 22188307
204785602 22188307
204783628 22188309
204785542 22188309
204785544 22188309
204788972 22188309
204788973 22188309
204785550 22188310
204785551 22188310
204787337 22188310
204787338 22188310
204782965 22188311
204785413 22188315
204783182 22188316
204784934 22188316
204783030 22188318
204787995 22188321
204790075 22188321
204784568 22188326
204784570 22188326
204785620 22188326
204785671 22188326
204785675 22188326
204785678 22188326
204785680 22188326
204785681 22188326
204785987 22188326
204787418 22188326
204787483 22188326
204787484 22188326
204784211 22188329
204784212 22188329
204783017 22188330
204783019 22188330
204786174 22188332
204789062 22188332
204789063 22188332
204783229 22188333
204783230 22188333
204787419 22188335
204784214 22188337
204785951 22188337
204786553 22188342
204789146 22188342
204790239 22188342
204790241 22188342
204789605 22188344
204782878 22188345
204785777 22188345
204785778 22188345
204789499 22188345
204789498 22188347
204784454 22188349
204783137 22188354
204783139 22188354
204785343 22188354
204787241 22188354
204787247 22188354
204787248 22188354
204787331 22188354
204787332 22188354
204787873 22188354
204787874 22188354
204783063 22188362
204785478 22188362
204785887 22188362
204785888 22188362
204786060 22188362
204786277 22188362
204788033 22188362
204788036 22188362
204788063 22188362
204789510 22188362
204789511 22188362
204790195 22188362
204785415 22188369
204785415 73617115
204786586 22188369
204786586 73617115
204786587 22188369
204786587 73617115
204786614 22188369
204786614 73617115
204789382 22188369
204789382 73617115
204789383 22188369
204789383 73617115
204790245 22188369
204790245 73617115
204789080 22188372
204789081 22188372
204782513 22188383
204785418 22188383
204785420 22188383
204786314 22188383
204786598 22188383
204786599 22188383
204786605 22188383
204786606 22188383
204786630 22188383
204786631 22188383
204789076 22188383
204789077 22188383
204789140 22188383
204790243 22188383
204782512 22188383
204782512 22192423
204784460 22188385
204786542 22188387
204789141 22188387
204786525 22188390
204786526 22188390
204783623 22188391
204782881 22188406
204782907 22188406
204782908 22188406
204784344 22188406
204784729 22188406
204788029 22188406
204790064 22188406
204790179 22188406
204782903 22188409
204782906 22188409
204784353 22188409
204787212 22188409
204790288 22188409
204790354 22188412
204783505 22188418
204783508 22188418
204783511 22188418
204784011 22188418
204784983 22188421
204784985 22188421
204784986 22188421
204790355 22188423
204782545 22188434
204787443 22188434
204788142 22188434
204790300 22188434
204784980 22188438
204784984 22188438
204785566 22188441
204785575 22188441
204787260 22188441
204789322 22188441
204789324 22188441
204790201 22188441
204790356 22188441
204788256 22188447
204788259 22188447
204786197 22188450
204788030 22188453
204789797 22188457
204790357 22188457
204789677 22188460
204790358 22188460
204788145 22188462
204784987 22188463
204790081 22188466
204790132 22188466
204785748 22188471
204786904 22188471
204786921 22188471
204790020 22188471
204783263 22188474
204783264 22188474
204783824 22188474
204788146 22188474
204783516 22188476
204784016 22188476
204784876 22188480
204783291 22188497
204783297 22188497
204784394 22188497
204785032 22188497
204787175 22188497
204787178 22188497
204787181 22188497
204787182 22188497
204788456 22188497
204788457 22188497
204788458 22188497
204788459 22188497
204789735 22188497
204790023 22188497
204784420 22188501
204788783 22188501
204790025 22188509
204784767 22188526
204788320 22188526
204790055 22188526
204785498 22188531
204785499 22188531
204788038 22188531
204783663 22188534
204790026 22188534
204784996 22188537
204788898 22188537
204789683 22188537
204782627 22188539
204784656 22188539
204790027 22188540
204788899 22188542
204786390 22188545
204782909 22188561
204783274 22188561
204783275 22188561
204788450 22188561
204788451 22188561
204782595 22188569
204782596 22188569
204782597 22188569
204782609 22188569
204788678 22188569
204788679 22188569
204788341 22188573
204790058 22188573
204786282 22188575
204784317 22188583
204784318 22188583
204784319 22188583
204784320 22188583
204784321 22188583
204784325 22188583
204784326 22188583
204784327 22188583
204784979 22188583
204785300 22188583
204788150 22188583
204790146 22188583
204790173 22188583
204786171 22188585
204788230 22188587
204786285 22188588
204784217 22188592
204784970 22188592
204784218 22188596
204786062 22188596
204784965 22188599
204786647 22188599
204786649 22188599
204786650 22188599
204783461 22188603
204790111 22188603
204783492 22188615
204783493 22188615
204783496 22188615
204790113 22188615
204790116 22188615
204784969 22188617
204785298 22188617
204790339 22188620
204790002 22188624
204785739 22188636
204788016 22188636
204790207 22188636
204784858 22188639
204786591 22188641
204783080 22188645
204786592 22188645
204786593 22188645
204787616 22188645
204787617 22188645
204787527 22188652
204787528 22188652
204788018 22188652
204787586 22188654
204789376 22188654
204789378 22188654
204790006 22188654
204786594 22188656
204784834 22188660
204786481 22188660
204786485 22188660
204790333 22188660
204784866 22188663
204784868 22188663
204785292 22188663
204790007 22188663
204786482 22188664
204783510 22188665
204788654 22188665
204790140 22188665
204786369 22188678
204786370 22188678
204786597 22188680
204785027 22188682
204789720 22188682
204790009 22188682
204784303 22188684
204789611 22188684
204782630 22188693
204782633 22188693
204787039 22188693
204787040 22188693
204787677 22188693
204788684 22188693
204788685 22188693
204790311 22188693
204790361 22188693
204783608 22188695
204784307 22188695
204785579 22188695
204790312 22188698
204790313 22188698
204782792 22188709
204782797 22188709
204783721 22188709
204788326 22188709
204788327 22188709
204784942 22188712
204787977 22188712
204782459 22188721
204786041 22188721
204783175 22188728
204785557 22188728
204787264 22188728
204787267 22188728
204787268 22188728
204788979 22188728
204790200 22188728
204786154 22188730
204784827 22188733
204784831 22188733
204786471 22188733
204786477 22188733
204786478 22188733
204790234 22188733
204790202 22188735
204786790 22188737
204790203 22188739
204788103 22188740
204786791 22188742
204784395 22188745
204786045 22188745
204788905 22188745
204784833 22188746
204788001 22188755
204788104 22188755
204786158 22188758
204783394 22188763
204785773 22188763
204786046 22188763
204786159 22188766
204786160 22188766
204784835 22188767
204786680 22188769
204786794 22188772
204787821 22188777
204787824 22188777
204787832 22188777
204787834 22188777
204788105 22188777
204788107 22188777
204784949 22188778
204786677 22188781
204786682 22188781
204786685 22188781
204787751 22188781
204787752 22188781
204787760 22188781
204787761 22188781
204790404 22188781
204786683 22188783
204790208 22188784
204786797 22188789
204783445 22188799
204783446 22188799
204788630 22188799
204788631 22188799
204786572 22188801
204786573 22188804
204786459 22188806
204786460 22188806
204786461 22188807
204786687 22188809
204787754 22188809
204787757 22188809
204787758 22188809
204787763 22188809
204786575 22188811
204782572 22188816
204786452 22188816
204786453 22188816
204786462 22188816
204786463 22188816
204788039 22188816
204786689 22188819
204786690 22188819
204784443 22188821
204788523 22188821
204788410 22188825
204788411 22188825
204786464 22188826
204786495 22188826
204786579 22188827
204786241 22188832
204786244 22188832
204786245 22188832
204786467 22188834
204782786 22188842
204788300 22188842
204788302 22188842
204788303 22188842
204786235 22188844
204786243 22188844
204782574 22188847
204786469 22188847
204790323 22188847
204786990 22188848
204782983 22188853
204784061 22188853
204786357 22188853
204786358 22188853
204786133 22188856
204786993 22188858
204786248 22188860
204790406 22188862
204783503 22188880
204784811 22188880
204785069 22188880
204782723 22188887
204782725 22188887
204782727 22188887
204782730 22188887
204790047 22188887
204790407 22188887
204786996 22188889
204786137 22188890
204787140 22188890
204786772 22188891
204786886 22188892
204784927 22188894
204786661 22188895
204786775 22188897
204782742 22188900
204785789 22188900
204786663 22188900
204789166 22188900
204789167 22188900
204786547 22188901
204786550 22188901
204786551 22188901
204788860 22188901
204788861 22188901
204783343 22188911
204783347 22188911
204783362 22188911
204786758 22188911
204786762 22188911
204786776 22188911
204786777 22188911
204786792 22188911
204786795 22188911
204786796 22188911
204788147 22188911
204789192 22188911
204789194 22188911
204789195 22188911
204790091 22188911
204786664 22188913
204786552 22188914
204786778 22188915
204783810 22188922
204783814 22188922
204783815 22188922
204783817 22188922
204783819 22188922
204783821 22188922
204783825 22188922
204783827 22188922
204783829 22188922
204783831 22188922
204783834 22188922
204783836 22188922
204784108 22188922
204784129 22188922
204784280 22188922
204784617 22188922
204785266 22188922
204786091 22188922
204786385 22188922
204786386 22188922
204786897 22188922
204786898 22188922
204788612 22188922
204788613 22188922
204790343 22188922
204786556 22188923
204786559 22188923
204788271 22188929
204788728 22188929
204789754 22188929
204790369 22188929
204786444 22188932
204786446 22188932
204790233 22188932
204786558 22188934
204783031 22188936
204786219 22188936
204786220 22188936
204786221 22188936
204782964 22188938
204782971 22188938
204783735 22188938
204785223 22188938
204786334 22188938
204786335 22188938
204786448 22188940
204786224 22188942
204783092 22188943
204785721 22188946
204786000 22188946
204786972 22188948
204789456 22188948
204789457 22188948
204786860 22188949
204786861 22188949
204786973 22188950
204786974 22188957
204786862 22188958
204783098 22188960
204786864 22188963
204784907 22188967
204786124 22188967
204786642 22188969
204786643 22188971
204786644 22188971
204786531 22188973
204786757 22188975
204789187 22188975
204786645 22188977
204786534 22188979
204788002 22188979
204784363 22188996
204788552 22188996
204788553 22188996
204788706 22188996
204788707 22188996
204788798 22188996
204788799 22188996
204786648 22188997
204786422 22188999
204786814 22188999
204786538 22189002
204786539 22189002
204786426 22189010
204790104 22189010
204785506 22189013
204786429 22189013
204786430 22189013
204786948 22189014
204786950 22189014
204783298 22189018
204783299 22189018
204785749 22189021
204785752 22189021
204786951 22189021
204786952 22189021
204786953 22189023
204783074 22189024
204783188 22189026
204783189 22189026
204786731 22189036
204786732 22189036
204787176 22189039
204788904 22189039
204786958 22189041
204786960 22189041
204786733 22189045
204786959 22189047
204786618 22189052
204786621 22189052
204786623 22189052
204786624 22189052
204786622 22189055
204783490 22189062
204783491 22189062
204786736 22189066
204788908 22189067
204788909 22189067
204786739 22189069
204786626 22189070
204786627 22189070
204786628 22189073
204786629 22189074
204783497 22189095
204783498 22189095
204786517 22189097
204786518 22189097
204783385 22189100
204783388 22189100
204783477 22189114
204783499 22189114
204783924 22189114
204785761 22189114
204786519 22189116
204786520 22189116
204783160 22189117
204783863 22189117
204783387 22189119
204787293 22189120
204783163 22189121
204787180 22189123
204783276 22189130
204783277 22189130
204783280 22189130
204783164 22189132
204787322 22189132
204787323 22189132
204783166 22189136
204783168 22189136
204786932 22189139
204789246 22189139
204789247 22189139
204787183 22189141
204786933 22189143
204787184 22189145
204787071 22189147
204787997 22189147
204787072 22189149
204787187 22189150
204787188 22189153
204783691 22189159
204783789 22189159
204786696 22189161
204786712 22189161
204786938 22189162
204789250 22189162
204789251 22189162
204786600 22189163
204786714 22189169
204790250 22189169
204786939 22189170
204786602 22189172
204786603 22189172
204786716 22189173
204783552 22189176
204783696 22189176
204783771 22189176
204783698 22189180
204783699 22189180
204783999 22189180
204786719 22189182
204783474 22189194
204783588 22189196
204786608 22189198
204786609 22189198
204783364 22189200
204787494 22189203
204787495 22189203
204783478 22189205
204787496 22189206
204783367 22189208
204783141 22189210
204787272 22189212
204783142 22189213
204787236 22189213
204789321 22189213
204787499 22189214
204787161 22189216
204783668 22189217
204783843 22189217
204783891 22189217
204787164 22189218
204783034 22189220
204783035 22189222
204786801 22189225
204789204 22189225
204790258 22189225
204786914 22189227
204786915 22189227
204787167 22189229
204783670 22189248
204783799 22189248
204786916 22189249
204783560 22189259
204783567 22189259
204786806 22189260
204783660 22189271
204783661 22189271
204783673 22189271
204783681 22189271
204783873 22189271
204787690 22189274
204783674 22189276
204783676 22189276
204786919 22189279
204783675 22189284
204784475 22189284
204787692 22189289
204787965 22189289
204788061 22189289
204787693 22189291
204786809 22189298
204790329 22189298
204783451 22189304
204783677 22189307
204784473 22189307
204785940 22189311
204787582 22189311
204787583 22189311
204783555 22189335
204783565 22189335
204784119 22189335
204785260 22189335
204789489 22189335
204790118 22189335
204790331 22189335
204783453 22189345
204783679 22189350
204787696 22189353
204790324 22189353
204787584 22189355
204783341 22189359
204787697 22189360
204787585 22189361
204783457 22189362
204783458 22189362
204787361 22189363
204787588 22189364
204787475 22189365
204787362 22189366
204787363 22189366
204783459 22189367
204783115 22189368
204784956 22189368
204787233 22189368
204787250 22189368
204787251 22189368
204785609 22189370
204787476 22189370
204783346 22189372
204787364 22189373
204787252 22189374
204783348 22189376
204785081 22189379
204788914 22189379
204788915 22189379
204787253 22189381
204787254 22189381
204787479 22189382
204785082 22189395
204790396 22189395
204783124 22189403
204787141 22189405
204785083 22189407
204785084 22189407
204787255 22189410
204783793 22189417
204783871 22189417
204783125 22189421
204784260 22189421
204783126 22189427
204790158 22189427
204787257 22189428
204787258 22189428
204783521 22189432
204783761 22189432
204782588 22189437
204783988 22189437
204785087 22189440
204785088 22189440
204787259 22189443
204787778 22189445
204787780 22189445
204783740 22189457
204783742 22189457
204783750 22189457
204783752 22189457
204783756 22189457
204783758 22189457
204783762 22189457
204783765 22189457
204783767 22189457
204783769 22189457
204784069 22189457
204785190 22189457
204785194 22189457
204785905 22189457
204786338 22189457
204786363 22189457
204788109 22189457
204788117 22189457
204788118 22189457
204788598 22189457
204788599 22189457
204788660 22189457
204788661 22189457
204789542 22189457
204789543 22189457
204787783 22189460
204783653 22189462
204783851 22189462
204787670 22189464
204783533 22189480
204783536 22189480
204783766 22189480
204784115 22189480
204787671 22189489
204787672 22189489
204783517 22189495
204783518 22189495
204783542 22189495
204787786 22189498
204783656 22189501
204783803 22189501
204787673 22189506
204783431 22189509
204783440 22189509
204787191 22189509
204790285 22189509
204787787 22189511
204787790 22189511
204787791 22189511
204787793 22189511
204787794 22189511
204788057 22189511
204782494 22189518
204785390 22189518
204785391 22189518
204790034 22189518
204787789 22189523
204787450 22189526
204783316 22189535
204783320 22189535
204785242 22189535
204787676 22189537
204784971 22189544
204785457 22189544
204785872 22189544
204785873 22189544
204787445 22189544
204787451 22189544
204787452 22189544
204787655 22189544
204787656 22189544
204787959 22189544
204783547 22189549
204785392 22189551
204783435 22189555
204783322 22189556
204783093 22189559
204785358 22189559
204785393 22189559
204785394 22189559
204790160 22189559
204787453 22189560
204787679 22189561
204787340 22189563
204789346 22189563
204789347 22189563
204783437 22189568
204783439 22189568
204785062 22189568
204785395 22189569
204783438 22189572
204785064 22189572
204788632 22189572
204788634 22189572
204788636 22189572
204788637 22189572
204790109 22189572
204785283 22189573
204785744 22189573
204785745 22189573
204787342 22189574
204787456 22189575
204783326 22189576
204783943 22189576
204783947 22189576
204785767 22189576
204787159 22189576
204787160 22189576
204787162 22189576
204787163 22189576
204783327 22189579
204783329 22189579
204785398 22189580
204783328 22189582
204783945 22189582
204785034 22189582
204787345 22189584
204782999 22189586
204787120 22189586
204787121 22189586
204783780 22189598
204783782 22189598
204783784 22189598
204783786 22189598
204783788 22189598
204783790 22189598
204783792 22189598
204783794 22189598
204783796 22189598
204783798 22189598
204783840 22189598
204783842 22189598
204783844 22189598
204783846 22189598
204783848 22189598
204783850 22189598
204783852 22189598
204783853 22189598
204783879 22189598
204783881 22189598
204783883 22189598
204786402 22189598
204786403 22189598
204787367 22189598
204787368 22189598
204783963 22189599
204785217 22189599
204786744 22189599
204786751 22189599
204786753 22189599
204790015 22189599
204787122 22189601
204785063 22189602
204785065 22189602
204787123 22189605
204787238 22189607
204787239 22189607
204782969 22189608
204782975 22189608
204782990 22189608
204783741 22189608
204783109 22189610
204784046 22189610
204787857 22189612
204787862 22189612
204787868 22189612
204787872 22189612
204788108 22189612
204787126 22189613
204785067 22189614
204782720 22189615
204782721 22189615
204783969 22189615
204783971 22189615
204784202 22189615
204783631 22189619
204787875 22189621
204787762 22189623
204787650 22189625
204787651 22189625
204787876 22189626
204783633 22189634
204783859 22189642
204787744 22189644
204787765 22189644
204787767 22189644
204783523 22189646
204783557 22189646
204787766 22189648
204783636 22189651
204787654 22189653
204785595 22189656
204789518 22189656
204789519 22189656
204783411 22189658
204782718 22189662
204782722 22189662
204787768 22189662
204787771 22189662
204787772 22189662
204790046 22189662
204783413 22189665
204783414 22189665
204787657 22189668
204783302 22189670
204783528 22189676
204788556 22189676
204783415 22189678
204787320 22189681
204787433 22189683
204783304 22189687
204787321 22189688
204787210 22189691
204787324 22189692
204783419 22189697
204783422 22189697
204790106 22189697
204785379 22189698
204787438 22189701
204787327 22189702
204782606 22189704
204787636 22189704
204787960 22189704
204787214 22189706
204787328 22189708
204787329 22189708
204785790 22189710
204785044 22189712
204787219 22189716
204783723 22189728
204784991 22189730
204784994 22189730
204784995 22189730
204787854 22189730
204787855 22189730
204785682 22189732
204785570 22189734
204785796 22189736
204783500 22189743
204787969 22189752
204789174 22189752
204790059 22189752
204790252 22189752
204790253 22189752
204785684 22189756
204785685 22189756
204785573 22189757
204785799 22189759
204785460 22189761
204785686 22189763
204787520 22189764
204787747 22189766
204787625 22189770
204787635 22189770
204787410 22189773
204785465 22189776
204783507 22189778
204785353 22189779
204785466 22189780
204785467 22189780
204787638 22189782
204785355 22189784
204788185 22189784
204787529 22189787
204787304 22189791
204787305 22189791
204785359 22189794
204785133 22189803
204785134 22189803
204785021 22189804
204785993 22189806
204785994 22189806
204785880 22189808
204785023 22189812
204783700 22189816
204783926 22189823
204783928 22189823
204783930 22189823
204783932 22189823
204783934 22189823
204787831 22189825
204785716 22189827
204785999 22189827
204790019 22189827
204787720 22189832
204783703 22189837
204783707 22189837
204783708 22189837
204786075 22189837
204783704 22189840
204784516 22189840
204787835 22189843
204787836 22189843
204787723 22189846
204783705 22189851
204783483 22189866
204783484 22189866
204784403 22189866
204785072 22189866
204785074 22189866
204785092 22189866
204787724 22189866
204787725 22189866
204790287 22189866
204787837 22189869
204783706 22189875
204783775 22189875
204784510 22189875
204785779 22189897
204786094 22189897
204785815 22189909
204787838 22189909
204787848 22189909
204787726 22189911
204787613 22189917
204789388 22189917
204789397 22189920
204785555 22189922
204787615 22189926
204787502 22189927
204787729 22189929
204785443 22189932
204785445 22189932
204785446 22189932
204787130 22189933
204789288 22189933
204789289 22189933
204785332 22189937
204790325 22189937
204785558 22189939
204787618 22189941
204785333 22189943
204787505 22189948
204782889 22189955
204785221 22189955
204790147 22189955
204785447 22189957
204785110 22189961
204785336 22189963
204787508 22189966
204785111 22189968
204789068 22189972
204789069 22189972
204785226 22189973
204785000 22189976
204785001 22189976
204789590 22189980
204785003 22189981
204789593 22189983
204787810 22189985
204787811 22189985
204787812 22189985
204789594 22189987
204789595 22189987
204785005 22189990
204787642 22189990
204785865 22189992
204785753 22189994
204789516 22189994
204789517 22189994
204789033 22189995
204789596 22189995
204785007 22189996
204787813 22189998
204783908 22189999
204790397 22189999
204785553 22190003
204786043 22190003
204786395 22190003
204786396 22190003
204788978 22190003
204789597 22190003
204782939 22190006
204782942 22190006
204784032 22190006
204785006 22190006
204787814 22190006
204789442 22190006
204789443 22190006
204790067 22190006
204785868 22190009
204787701 22190011
204789320 22190013
204789598 22190013
204785009 22190016
204785012 22190016
204785757 22190017
204787704 22190018
204782680 22190030
204786871 22190030
204787498 22190030
204787501 22190030
204787705 22190030
204787706 22190030
204789366 22190030
204789367 22190030
204790302 22190030
204785422 22190033
204787707 22190035
204785649 22190038
204787420 22190038
204783314 22190041
204785310 22190041
204785537 22190042
204787000 22190050
204789268 22190050
204789269 22190050
204789679 22190050
204784172 22190056
204785427 22190056
204786994 22190056
204786995 22190056
204787002 22190056
204787963 22190056
204788243 22190056
204789270 22190056
204789271 22190056
204789685 22190056
204786188 22190057
204786189 22190057
204786190 22190057
204786879 22190057
204786880 22190057
204789044 22190057
204789791 22190058
204789814 22190058
204782700 22190062
204782703 22190062
204785316 22190062
204789792 22190066
204789793 22190069
204789798 22190069
204789681 22190071
204789682 22190074
204789796 22190078
204790378 22190078
204789272 22190079
204789684 22190079
204789686 22190080
204785730 22190081
204785731 22190081
204789460 22190082
204789461 22190082
204789687 22190083
204789688 22190084
204785732 22190085
204789577 22190086
204785735 22190087
204789578 22190089
204785849 22190090
204789579 22190091
204785624 22190093
204785512 22190096
204789242 22190099
204782493 22190100
204785514 22190102
204782495 22190107
204784134 22190107
204784136 22190107
204784138 22190107
204785922 22190108
204789020 22190108
204789021 22190108
204782497 22190111
204784818 22190118
204784838 22190118
204786493 22190118
204788009 22190118
204788836 22190118
204788837 22190118
204789136 22190118
204789137 22190118
204790165 22190118
204790236 22190118
204782499 22190127
204788226 22190127
204788227 22190127
204782518 22190130
204782520 22190130
204789023 22190130
204785407 22190133
204789771 22190136
204789968 22190136
204789772 22190142
204782771 22190147
204789026 22190147
204789028 22190147
204789030 22190147
204789773 22190149
204789999 22190151
204789774 22190154
204789661 22190156
204789775 22190158
204789662 22190161
204789550 22190165
204789551 22190165
204785933 22190167
204785934 22190167
204789663 22190168
204789777 22190175
204789664 22190177
204789210 22190180
204789778 22190180
204789665 22190182
204785709 22190187
204785710 22190187
204785711 22190187
204785936 22190189
204785937 22190189
204789667 22190190
204789668 22190190
204782692 22190194
204785123 22190194
204788023 22190194
204788023 22191015
204788918 22190194
204788918 22191015
204785712 22190197
204789669 22190198
204782694 22190201
204784421 22190201
204782695 22190207
204785800 22190207
204788264 22190207
204788265 22190207
204790157 22190207
204790334 22190207
204785715 22190208
204782583 22190217
204782600 22190217
204784164 22190217
204784636 22190217
204786030 22190217
204782698 22190223
204782585 22190231
204789002 22190234
204789003 22190234
204789974 22190236
204789975 22190236
204785496 22190239
204788041 22190239
204789116 22190239
204789121 22190239
204790230 22190239
204789976 22190241
204789660 22190246
204789944 22190246
204789977 22190246
204789752 22190250
204782890 22190254
204782891 22190254
204789753 22190255
204789728 22190259
204789954 22190259
204789979 22190259
204789640 22190261
204789641 22190263
204788268 22190266
204789755 22190266
204789642 22190267
204782893 22190268
204789186 22190269
204789756 22190269
204789643 22190270
204789757 22190273
204782781 22190286
204784759 22190286
204788324 22190286
204788325 22190286
204789644 22190290
204782895 22190291
204789389 22190296
204789645 22190296
204785103 22190302
204787721 22190302
204789418 22190302
204789420 22190302
204789421 22190302
204782897 22190307
204784024 22190307
204789647 22190308
204789648 22190308
204789649 22190309
204782673 22190310
204785276 22190310
204788058 22190310
204782788 22190321
204782790 22190321
204782791 22190321
204784773 22190321
204787736 22190321
204790317 22190321
204782676 22190324
204788504 22190339
204788506 22190339
204789201 22190339
204789209 22190339
204789779 22190339
204790101 22190339
204790255 22190339
204790256 22190339
204789314 22190342
204782565 22190343
204782641 22190343
204782679 22190346
204789949 22190348
204789950 22190348
204789955 22190350
204789957 22190353
204789958 22190353
204782981 22190363
204786360 22190363
204786361 22190363
204789732 22190365
204789739 22190367
204789959 22190367
204789620 22190371
204789733 22190373
204789621 22190375
204789622 22190375
204782872 22190378
204789623 22190380
204782761 22190386
204782762 22190386
204789624 22190388
204782874 22190390
204782875 22190390
204789237 22190392
204789625 22190392
204782763 22190399
204782765 22190399
204782988 22190407
204782989 22190407
204782992 22190407
204784226 22190407
204786145 22190407
204788066 22190407
204782764 22190414
204782766 22190414
204789627 22190416
204789628 22190417
204782539 22190422
204782540 22190422
204782767 22190423
204782541 22190425
204782769 22190427
204784462 22190427
204784464 22190427
204786734 22190427
204786735 22190427
204789935 22190430
204789710 22190432
204789604 22190434
204789936 22190434
204789616 22190439
204789937 22190439
204789712 22190440
204789939 22190441
204789327 22190443
204789328 22190443
204789329 22190443
204789600 22190443
204782851 22190449
204782852 22190449
204782853 22190449
204790211 22190449
204789714 22190456
204789602 22190457
204789716 22190458
204789717 22190458
204782737 22190461
204782738 22190461
204782740 22190461
204782854 22190467
204782855 22190467
204782741 22190469
204789718 22190471
204789719 22190472
204789606 22190474
204782857 22190480
204789607 22190482
204789608 22190483
204782841 22190494
204782858 22190494
204789609 22190498
204782859 22190505
204782863 22190505
204782748 22190510
204782749 22190510
204784196 22190511
204790035 22190511
204782525 22190514
204782526 22190514
204782639 22190520
204789800 22190524
204789802 22190524
204790093 22190527
204789803 22190539
204790257 22190539
204790374 22190539
204790096 22190548
204782941 22190551
204789804 22190553
204789809 22190553
204789813 22190553
204789805 22190556
204790098 22190564
204789919 22190569
204789806 22190571
204789808 22190571
204783380 22190589
204783381 22190589
204783384 22190589
204783386 22190589
204783403 22190589
204783405 22190589
204785251 22190589
204788494 22190589
204788742 22190589
204788743 22190589
204790099 22190589
204785148 22190595
204789807 22190595
204782945 22190599
204782835 22190609
204784281 22190611
204784283 22190611
204784284 22190611
204784962 22190611
204786129 22190611
204783265 22190613
204783268 22190613
204783826 22190613
204784282 22190613
204782611 22190615
204782837 22190626
204782840 22190626
204782861 22190626
204784170 22190636
204787627 22190636
204787634 22190636
204782587 22190640
204782593 22190640
204782612 22190640
204788236 22190640
204788238 22190640
204788239 22190640
204782838 22190655
204782500 22190666
204782501 22190666
204782529 22190666
204782613 22190667
204788240 22190667
204788242 22190667
204782615 22190671
204782617 22190671
204782729 22190679
204789430 22190679
204789431 22190679
204789432 22190679
204790453 22190679
204790454 22190679
204790293 22190685
204790180 22190689
204790181 22190689
204784289 22190694
204784296 22190694
204788570 22190694
204788571 22190694
204788081 22190695
204790070 22190696
204787406 22190699
204787408 22190699
204790298 22190699
204790073 22190701
204785432 22190709
204785435 22190709
204785438 22190709
204787643 22190709
204787644 22190709
204790299 22190709
204788406 22190712
204790077 22190712
204784593 22190718
204790082 22190718
204790078 22190722
204784368 22190724
204784371 22190724
204783509 22190735
204784005 22190735
204784007 22190735
204784009 22190735
204784597 22190735
204782924 22190746
204782925 22190746
204784026 22190746
204782711 22190753
204784373 22190753
204784375 22190757
204788776 22190757
204788777 22190757
204784488 22190760
204790380 22190764
204788280 22190769
204788282 22190769
204788311 22190769
204790051 22190769
204782817 22190771
204790382 22190778
204782707 22190779
204790383 22190786
204790273 22190791
204788175 22190796
204788288 22190799
204788290 22190799
204782768 22190801
204784461 22190801
204790163 22190801
204790050 22190808
204790164 22190810
204788064 22190814
204790219 22190814
204786449 22190828
204786450 22190828
204786465 22190828
204786466 22190828
204790036 22190828
204790037 22190828
204790166 22190828
204790198 22190828
204790215 22190828
204789794 22190836
204789795 22190836
204790054 22190836
204790365 22190836
204790377 22190836
204790360 22190838
204790363 22190840
204788489 22190843
204789784 22190843
204788378 22190847
204790068 22190847
204790367 22190860
204784998 22190863
204788045 22190866
204790033 22190869
204790148 22190871
204788048 22190872
204784324 22190876
204784329 22190876
204784330 22190876
204785302 22190876
204784332 22190902
204788332 22190902
204788333 22190902
204784559 22190907
204784334 22190914
204790056 22190914
204786294 22190917
204783195 22190925
204783809 22190925
204784106 22190925
204784110 22190925
204782795 22190945
204782799 22190945
204782800 22190945
204783719 22190945
204784336 22190945
204783395 22190950
204784449 22190950
204784972 22190954
204784860 22190958
204787220 22190958
204789494 22190958
204789581 22190958
204786185 22190959
204788990 22190961
204788991 22190961
204790232 22190963
204784862 22190966
204786074 22190968
204783556 22190975
204784117 22190975
204783319 22191001
204784750 22191001
204784976 22191005
204788021 22191006
204786475 22191010
204790235 22191010
204784977 22191011
204790237 22191018
204790349 22191022
204784867 22191025
204786535 22191029
204790238 22191029
204790322 22191029
204790014 22191031
204790127 22191032
204786494 22191034
204788557 22191036
204786498 22191038
204786161 22191040
204786164 22191040
204786165 22191040
204784951 22191042
204788222 22191043
204788224 22191043
204788448 22191047
204788449 22191047
204784206 22191049
204783869 22191054
204786052 22191054
204786279 22191056
204786168 22191060
204784957 22191064
204783401 22191074
204783406 22191074
204790102 22191074
204790327 22191077
204783409 22191087
204790103 22191087
204788003 22191089
204790267 22191089
204788004 22191091
204790105 22191100
204782770 22191119
204782772 22191119
204788753 22191119
204790155 22191119
204783423 22191121
204790108 22191121
204786470 22191123
204782753 22191131
204788642 22191131
204786585 22191132
204784787 22191138
204788532 22191138
204788533 22191138
204786473 22191142
204788759 22191145
204790156 22191145
204786588 22191147
204786476 22191148
204786251 22191150
204788310 22191153
204786479 22191155
204786140 22191157
204790304 22191159
204786781 22191161
204784824 22191164
204788844 22191164
204788845 22191164
204784938 22191166
204786785 22191167
204786788 22191167
204786789 22191167
204786899 22191169
204786900 22191169
204786560 22191171
204786787 22191173
204786562 22191174
204786563 22191174
204786676 22191175
204786451 22191177
204786564 22191178
204786565 22191179
204786566 22191179
204788739 22191180
204784853 22191181
204784855 22191181
204786456 22191181
204787992 22191181
204789512 22191181
204789513 22191181
204790231 22191181
204786569 22191183
204786231 22191186
204786981 22191189
204786984 22191190
204786872 22191193
204786986 22191195
204786987 22191195
204786760 22191197
204786014 22191198
204786015 22191198
204786876 22191201
204786877 22191201
204786763 22191203
204786764 22191206
204789188 22191206
204789189 22191206
204786652 22191208
204786653 22191208
204786540 22191209
204786766 22191212
204786654 22191215
204786656 22191215
204786657 22191215
204788602 22191224
204788603 22191224
204786543 22191227
204786769 22191229
204786544 22191231
204786545 22191231
204786431 22191234
204786432 22191234
204790196 22191234
204786658 22191235
204786546 22191237
204786433 22191239
204786434 22191241
204786435 22191241
204786549 22191243
204786436 22191246
204783191 22191248
204789474 22191248
204789475 22191248
204786211 22191251
204783082 22191257
204784696 22191259
204786216 22191259
204786966 22191261
204786967 22191261
204786968 22191261
204786854 22191265
204786742 22191266
204786969 22191268
204786632 22191269
204786859 22191272
204786633 22191275
204786521 22191278
204786635 22191281
204789508 22191281
204789509 22191281
204783390 22191290
204783391 22191290
204786524 22191292
204786637 22191294
204786638 22191294
204783392 22191298
204783393 22191298
204786412 22191301
204786639 22191303
204786527 22191305
204785256 22191321
204786415 22191321
204786416 22191321
204783397 22191327
204783398 22191327
204786417 22191330
204786940 22191332
204783061 22191333
204783062 22191333
204786941 22191335
204787192 22191337
204783288 22191340
204783312 22191340
204787193 22191341
204783064 22191344
204783065 22191344
204783066 22191349
204783067 22191350
204786947 22191353
204789252 22191353
204789253 22191353
204787198 22191355
204786723 22191357
204786949 22191358
204786610 22191360
204786726 22191361
204786729 22191361
204786613 22191363
204786727 22191364
204783481 22191366
204786501 22191370
204786502 22191370
204783482 22191371
204786616 22191373
204786503 22191375
204783372 22191378
204786619 22191379
204787391 22191381
204786507 22191383
204786508 22191383
204783488 22191388
204783489 22191388
204783376 22191390
204786509 22191391
204787394 22191392
204787170 22191394
204786920 22191396
204787397 22191398
204783266 22191401
204783267 22191401
204783828 22191401
204784277 22191401
204788700 22191401
204788701 22191401
204783269 22191403
204786923 22191405
204783046 22191407
204786812 22191409
204786813 22191413
204790263 22191413
204790264 22191413
204786927 22191415
204787065 22191417
204783682 22191424
204783795 22191424
204787068 22191427
204786707 22191428
204783463 22191434
204787594 22191436
204783465 22191441
204787482 22191444
204783466 22191451
204783468 22191451
204784785 22191451
204788538 22191451
204788539 22191451
204783355 22191452
204787485 22191454
204787486 22191456
204787487 22191456
204783130 22191457
204787373 22191458
204782582 22191460
204783990 22191460
204789920 22191460
204789922 22191460
204789925 22191460
204789926 22191460
204787488 22191463
204783132 22191466
204787376 22191468
204785093 22191469
204785094 22191469
204787266 22191472
204786903 22191474
204787041 22191476
204787155 22191477
204785097 22191479
204785099 22191479
204785100 22191479
204783772 22191480
204783774 22191480
204783776 22191480
204787269 22191482
204787158 22191484
204787792 22191485
204787680 22191487
204787681 22191487
204783778 22191497
204783779 22191497
204783781 22191497
204783783 22191497
204787682 22191500
204787795 22191502
204783554 22191505
204784121 22191505
204787798 22191507
204787573 22191510
204787574 22191510
204783441 22191521
204783444 22191521
204783448 22191521
204783558 22191526
204783332 22191533
204787575 22191536
204787463 22191538
204787578 22191540
204783336 22191545
204783337 22191545
204787240 22191548
204787466 22191549
204787354 22191551
204787357 22191551
204787467 22191553
204783338 22191555
204785071 22191556
204787243 22191558
204787469 22191560
204787133 22191561
204787136 22191561
204787137 22191561
204787246 22191564
204787134 22191566
204787135 22191566
204782783 22191580
204783979 22191580
204784775 22191580
204785785 22191580
204786002 22191580
204786003 22191580
204782977 22191593
204783753 22191593
204783755 22191593
204787770 22191596
204787138 22191599
204787139 22191599
204783530 22191607
204783626 22191619
204783635 22191619
204783639 22191619
204783643 22191619
204783785 22191619
204784496 22191619
204787660 22191621
204787773 22191623
204783644 22191629
204787550 22191632
204787776 22191637
204783534 22191639
204783535 22191639
204787664 22191642
204787553 22191645
204783310 22191648
204785036 22191648
204785382 22191651
204785385 22191651
204787441 22191654
204787667 22191656
204785383 22191683
204787668 22191688
204787669 22191688
204783426 22191691
204783427 22191691
204783539 22191695
204783311 22191702
204783313 22191702
204785030 22191702
204787330 22191704
204787444 22191706
204783428 22191715
204785386 22191720
204785387 22191729
204785388 22191729
204787333 22191731
204783317 22191742
204783318 22191742
204785050 22191744
204785051 22191744
204785389 22191745
204787222 22191747
204787449 22191748
204787336 22191749
204785052 22191750
204785053 22191750
204787226 22191751
204787001 22191753
204787861 22191754
204782827 22191756
204782829 22191756
204782934 22191756
204785058 22191756
204787750 22191758
204783959 22191763
204787512 22191763
204787513 22191763
204787864 22191764
204787867 22191764
204787978 22191767
204787753 22191768
204783624 22191771
204785547 22191771
204785548 22191771
204787641 22191773
204785470 22191776
204787756 22191778
204787869 22191779
204783627 22191788
204787532 22191791
204787645 22191794
204787646 22191798
204787647 22191798
204787759 22191799
204785362 22191803
204787421 22191805
204787648 22191808
204787649 22191814
204785365 22191817
204783519 22191820
204785479 22191821
204789096 22191824
204787426 22191829
204787201 22191831
204787315 22191833
204787429 22191834
204785031 22191835
204785033 22191835
204785891 22191836
204787204 22191837
204787318 22191838
204787205 22191839
204787206 22191839
204785781 22191842
204787207 22191843
204787954 22191845
204785670 22191847
204785037 22191849
204790176 22191849
204787209 22191851
204789308 22191851
204789309 22191851
204787842 22191854
204787845 22191854
204789707 22191854
204785784 22191858
204785878 22191861
204787957 22191861
204787731 22191874
204785673 22191876
204785787 22191879
204787846 22191880
204785676 22191882
204785450 22191883
204787622 22191886
204785564 22191888
204787737 22191891
204785338 22191893
204785340 22191893
204785341 22191893
204786203 22191893
204786204 22191893
204785453 22191895
204789070 22191898
204785567 22191900
204787739 22191902
204789071 22191904
204789072 22191907
204789073 22191907
204787514 22191911
204785456 22191912
204785345 22191916
204787404 22191918
204787517 22191921
204785980 22191924
204785981 22191924
204783910 22191926
204787407 22191929
204788096 22191929
204785124 22191931
204782820 22191938
204782821 22191938
204785011 22191938
204785013 22191938
204785014 22191938
204785015 22191938
204789704 22191938
204785126 22191943
204785127 22191943
204785760 22191946
204783914 22191949
204785128 22191951
204787820 22191952
204785129 22191955
204785876 22191957
204785763 22191958
204787710 22191959
204787823 22191961
204785652 22191962
204785019 22191965
204789495 22191967
204787713 22191970
204785655 22191971
204787827 22191977
204785543 22191979
204785769 22191980
204789273 22191981
204787716 22191983
204785658 22191986
204785546 22191987
204785434 22191991
204787719 22191993
204785549 22191994
204785437 22191997
204785102 22191999
204789689 22192000
204789690 22192000
204789691 22192000
204789692 22192000
204789945 22192000
204789946 22192000
204785104 22192002
204789693 22192005
204789694 22192005
204785852 22192007
204789582 22192009
204785107 22192011
204789583 22192012
204785967 22192013
204785968 22192013
204789697 22192014
204785109 22192020
204785855 22192022
204787801 22192024
204788053 22192024
204789585 22192025
204789698 22192029
204785841 22192033
204785844 22192033
204785845 22192033
204785851 22192033
204785854 22192033
204785856 22192033
204785857 22192033
204789586 22192036
204787803 22192039
204787804 22192039
204785858 22192040
204789588 22192043
204785746 22192045
204785747 22192045
204785859 22192048
204789476 22192050
204789477 22192052
204785410 22192054
204785636 22192057
204787808 22192058
204789256 22192062
204789257 22192062
204782775 22192069
204789031 22192069
204789032 22192071
204785416 22192074
204782931 22192076
204785304 22192076
204789781 22192077
204789782 22192080
204789670 22192082
204789783 22192084
204789671 22192086
204789672 22192086
204785942 22192092
204785943 22192092
204789785 22192094
204789673 22192099
204789674 22192104
204789675 22192109
204785722 22192112
204785835 22192115
204785838 22192118
204785500 22192119
204782481 22192128
204782483 22192128
204785615 22192132
204782484 22192133
204785618 22192135
204789981 22192137
204789236 22192138
204789983 22192140
204789984 22192140
204782489 22192141
204789761 22192143
204789762 22192145
204789763 22192147
204789651 22192151
204789652 22192151
204788276 22192152
204789765 22192152
204789653 22192153
204785811 22192156
204789654 22192158
204789767 22192160
204789655 22192162
204789656 22192163
204785814 22192165
204789657 22192168
204782682 22192173
204782685 22192173
204789658 22192177
204789659 22192180
204782684 22192183
204785704 22192190
204785817 22192194
204782798 22192197
204789211 22192198
204782575 22192200
204782576 22192200
204789325 22192202
204789326 22192203
204789960 22192204
204789961 22192208
204789962 22192208
204782991 22192211
204789742 22192212
204782880 22192214
204788919 22192217
204789743 22192217
204789745 22192217
204789631 22192220
204789744 22192221
204782996 22192226
204782997 22192226
204784694 22192226
204789632 22192233
204789633 22192233
204789940 22192233
204790381 22192233
204790384 22192233
204789746 22192235
204789634 22192239
204789635 22192239
204782659 22192257
204782660 22192257
204782661 22192257
204782663 22192257
204782665 22192257
204782773 22192258
204789637 22192264
204782662 22192268
204789638 22192272
204789639 22192275
204782664 22192281
204782666 22192288
204782779 22192291
204789941 22192294
204789942 22192295
204789943 22192295
204789947 22192298
204789700 22192301
204789701 22192301
204789948 22192301
204782847 22192307
204782860 22192307
204790062 22192307
204789610 22192309
204789724 22192311
204782862 22192322
204789612 22192327
204789726 22192328
204789614 22192331
204789727 22192334
204789615 22192337
204789729 22192338
204789618 22192340
204782756 22192359
204782758 22192359
204782759 22192359
204782760 22192359
204785267 22192359
204789506 22192363
204789507 22192363
204789619 22192366
204782757 22192370
204784090 22192376
204782951 22192378
204782952 22192382
204782953 22192384
204784982 22192384
204789703 22192387
204789705 22192387
204782955 22192388
204789706 22192390
204782731 22192396
204782732 22192396
204782733 22192396
204790048 22192396
204789708 22192398
204789709 22192400
204782734 22192401
204782621 22192404
204782616 22192410
204782622 22192410
204782623 22192410
204784184 22192410
204790038 22192410
204782849 22192416
204782624 22192420
204784186 22192420
204788090 22192424
204788091 22192428
204790080 22192432
204782519 22192436
204790197 22192438
204782826 22192441
204782930 22192441
204785008 22192441
204785010 22192441
204784492 22192445
204782937 22192448
204782715 22192454
204790393 22192456
204784278 22192458
204782607 22192462
204788072 22192464
204790399 22192469
204788073 22192471
204790174 22192473
204782801 22192476
204784362 22192478
204788270 22192480
204785112 22192494
204788269 22192494
204788274 22192494
204789760 22192494
204790042 22192494
204790370 22192494
204788272 22192497
204790372 22192500
204790373 22192504
204790262 22192524
204790376 22192524
204790152 22192527
204790041 22192530
204784038 22192535
204784039 22192540
204788690 22192542
204788691 22192542
204784561 22192548
204790049 22192552
204784340 22192561
204788359 22192561
204788360 22192561
204788361 22192561
204788470 22192566
204788472 22192569
204788474 22192572
204788475 22192572
204786191 22192574
204790350 22192577
204790351 22192581
204790353 22192583
204783222 22192587
204786874 22192590
204786881 22192590
204786882 22192590
204789066 22192593
204789067 22192593
204782474 22192596
204783020 22192596
204783032 22192596
204786567 22192596
204786568 22192596
204785898 22192598
204785864 22192601
204786222 22192601
204786223 22192601
204785725 22192602
204783243 22192604
204787383 22192604
204787387 22192604
204788094 22192606
204783242 22192612
204783261 22192612
204787389 22192612
204787390 22192612
204787996 22192616
204785607 22192622
204786193 22192625
204789394 22192625
204789395 22192625
204786181 22192628
204789064 22192628
204789065 22192628
204790145 22192628
204786397 22192639
204786400 22192639
204786404 22192639
204786405 22192639
204787976 22192639
204789097 22192639
204789107 22192639
204789108 22192639
204789109 22192639
204789114 22192639
204789115 22192639
204789636 22192639
204790227 22192639
204790229 22192639
204785372 22192653
204785954 22192653
204786330 22192653
204786333 22192653
204786336 22192653
204786339 22192653
204786346 22192653
204786349 22192653
204786359 22192653
204786362 22192653
204786365 22192653
204786374 22192653
204788069 22192653
204788088 22192653
204788958 22192653
204789088 22192653
204789090 22192653
204789091 22192653
204789396 22192653
204789398 22192653
204789399 22192653
204790223 22192653
204790224 22192653
204790225 22192653
204790338 22192653
204783119 22192659
204783249 22192659
204787291 22192659
204788092 22192659
204789098 22192659
204789099 22192659
204789100 22192659
204790226 22192659
204782876 22192680
204782886 22192680
204782892 22192680
204782896 22192680
204784067 22192680
204784690 22192680
204784700 22192680
204785020 22192680
204785285 22192680
204785733 22192680
204785734 22192680
204786354 22192680
204786355 22192680
204786911 22192680
204786917 22192680
204786918 22192680
204790066 22192680
204790175 22192680
204782959 22192687
204784654 22192687
204787457 22192687
204787458 22192687
204787459 22192687
204787462 22192687
204787464 22192687
204787465 22192687
204789334 22192689
204790292 22192693
204782675 22192720
204782813 22192720
204782814 22192720
204782830 22192720
204782936 22192720
204782948 22192720
204784323 22192720
204786410 22192720
204786411 22192720
204787154 22192720
204787156 22192720
204787157 22192720
204787688 22192720
204787689 22192720
204787711 22192720
204787712 22192720
204787745 22192720
204787968 22192720
204788025 22192720
204788260 22192720
204788261 22192720
204790001 22192720
204790314 22192720
204790315 22192720
204790321 22192720
204787685 22192726
204787686 22192726
204787045 22192729
204782561 22192752
204782563 22192752
204783731 22192752
204784194 22192752
204784999 22192752
204785004 22192752
204785833 22192752
204786857 22192752
204786858 22192752
204787063 22192752
204787064 22192752
204787436 22192752
204787437 22192752
204787489 22192752
204787639 22192752
204787640 22192752
204788151 22192752
204788255 22192752
204789014 22192752
204789016 22192752
204789017 22192752
204789224 22192752
204789225 22192752
204790003 22192752
204790301 22192752
204782898 22192761
204782900 22192761
204782910 22192761
204782980 22192761
204783757 22192761
204784669 22192761
204785714 22192761
204785718 22192761
204785719 22192761
204785742 22192761
204785755 22192761
204785756 22192761
204786925 22192761
204786926 22192761
204788362 22192761
204788363 22192761
204790209 22192761
204783278 22192768
204785804 22192771
204785805 22192771
204782998 22192777
204783002 22192777
204786246 22192777
204786247 22192777
204786249 22192777
204786250 22192777
204788124 22192777
204788125 22192777
204783218 22192780
204783811 22192780
204789530 22192785
204783036 22192790
204786209 22192790
204786212 22192790
204786213 22192790
204789464 22192793
204783039 22192796
204783099 22192798
204784308 22192802
204784960 22192807
204790084 22192807
204783596 22192810
204790122 22192810
204782970 22192814
204788688 22192814
204788689 22192814
204790172 22192814
204784457 22192816
204783408 22192826
204783412 22192826
204783418 22192826
204783429 22192826
204783456 22192826
204785066 22192826
204785078 22192826
204785105 22192826
204787200 22192826
204788498 22192826
204788503 22192826
204790100 22192826
204790110 22192826
204790286 22192826
204783004 22192827
204783009 22192827
204783206 22192830
204783211 22192830
204783215 22192830
204787416 22192830
204787105 22192833
204787106 22192833
204787109 22192833
204787110 22192833
204786291 22192835
204786292 22192835
204787556 22192837
204787111 22192838
204783279 22192895
204783281 22192895
204783285 22192895
204783289 22192895
204783290 22192895
204783292 22192895
204783307 22192895
204783502 22192895
204783504 22192895
204783514 22192895
204783713 22192895
204787165 22192895
204787185 22192895
204788354 22192895
204788446 22192895
204788447 22192895
204788452 22192895
204788453 22192895
204788454 22192895
204788455 22192895
204789034 22192895
204789035 22192895
204790281 22192895
204790282 22192895
204790284 22192895
204783284 22192911
204783371 22192911
204783373 22192911
204783375 22192911
204783377 22192911
204786804 22192911
204790260 22192911
204783331 22192916
204783340 22192916
204783342 22192916
204783434 22192916
204783436 22192916
204785061 22192916
204785782 22192916
204788464 22192916
204788465 22192916
204790212 22192916
204783353 22192926
204783358 22192926
204783360 22192926
204783361 22192926
204783432 22192926
204786767 22192926
204786768 22192926
204786771 22192926
204786779 22192926
204786780 22192926
204786783 22192926
204788480 22192926
204788481 22192926
204789190 22192926
204789191 22192926
204785651 22192932
204785657 22192932
204785660 22192932
204787423 22192932
204787424 22192932
204789514 22192932
204783570 22192935
204783006 22192938
204783010 22192938
204783011 22192938
204783022 22192938
204783217 22192941
204787554 22192941
204787555 22192941
204788089 22192943
204788156 22192946
204782916 22192965
204783524 22192965
204783525 22192965
204783540 22192965
204783541 22192965
204783543 22192965
204783544 22192965
204783545 22192965
204783546 22192965
204783550 22192965
204783551 22192965
204783563 22192965
204783697 22192965
204783764 22192965
204783773 22192965
204784503 22192965
204785271 22192965
204786048 22192965
204790131 22192965
204790154 22192965
204783057 22192968
204783059 22192968
204785727 22192968
204785728 22192968
204788554 22192968
204788555 22192968
204783597 22192970
204783234 22192972
204789626 22192972
204782967 22192974
204782968 22192974
204784309 22192974
204788067 22192974
204787011 22192979
204787021 22192979
204787025 22192979
204787032 22192979
204788086 22192979
204788170 22192979
204790276 22192979
204785738 22192982
204787973 22192984
204790278 22192984
204790456 22192986
204783196 22192988
204784270 22192988
204783202 22192989
204787113 22192991
204787116 22192991
204783602 22192994
204790121 22192994
204785585 22192995
204783244 22192998
204783256 22192998
204787380 22192998
204787386 22192998
204787388 22192998
204789531 22192998
204787077 22192999
204789281 22192999
204787014 22193001
204787015 22193004
204787101 22193007
204789280 22193008
204784312 22193010
204783194 22193013
204787029 22193014
204787043 22193014
204783200 22193016
204787005 22193017
204787006 22193017
204783576 22193020
204788122 22193020
204787369 22193023
204787372 22193023
204783001 22193026
204783007 22193026
204784228 22193026
204786155 22193026
204790074 22193026
204788402 22193028
204783003 22193030
204788403 22193030
204787455 22193033
204789358 22193033
204789359 22193033
204783587 22193040
204785613 22193040
204785614 22193040
204789544 22193040
204789545 22193040
204783575 22193042
204787078 22193045
204787058 22193049
204787674 22193049
204787675 22193049
204790266 22193049
204787148 22193050
204787149 22193050
204789286 22193052
204789287 22193052
204784310 22193054
204788098 22193057
204782973 22193059
204790130 22193059
204784901 22193062
204787980 22193071
204787049 22193074
204789276 22193074
204790277 22193074
204787083 22193076
204787084 22193076
204787150 22193079
204787151 22193079
204783203 22193082
204783205 22193082
204787051 22193084
204787060 22193084
204782974 22193086
204783739 22193086
204788390 22193086
204788391 22193086
204790071 22193086
204787085 22193088
204787152 22193089
204783207 22193090
204783208 22193090
204788424 22193092
204788425 22193092
204786138 22193095
204786139 22193095
204790222 22193095
204783069 22193107
204783078 22193107
204784149 22193107
204785411 22193107
204786324 22193107
204786577 22193107
204786583 22193107
204786595 22193107
204786596 22193107
204787124 22193107
204787125 22193107
204788079 22193107
204784229 22193110
204784230 22193110
204784231 22193113
204784232 22193113
204784238 22193113
204788212 22193116
204788213 22193116
204787091 22193121
204788087 22193121
204789284 22193121
204789285 22193121
204787053 22193122
204787062 22193122
204783210 22193125
204784225 22193127
204787314 22193131
204788214 22193135
204788216 22193135
204783096 22193160
204783097 22193160
204783104 22193160
204783106 22193160
204784088 22193160
204784099 22193160
204784247 22193160
204785350 22193160
204785364 22193160
204785397 22193160
204785400 22193160
204785403 22193160
204785406 22193160
204785408 22193160
204785409 22193160
204786169 22193160
204786170 22193160
204786884 22193160
204787658 22193160
204789043 22193160
204790216 22193160
204790307 22193160
204782485 22193166
204782487 22193166
204782496 22193166
204787090 22193169
204787055 22193170
204783212 22193171
204783816 22193171
204784244 22193173
204786175 22193173
204788694 22193173
204788695 22193173
204786893 22193178
204785862 22193181
204790021 22193183
204790022 22193183
204783214 22193184
204783216 22193184
204783818 22193184
204783308 22193186
204782823 22193189
204788334 22193189
204788335 22193189
204789060 22193191
204789061 22193191
204783159 22193195
204783161 22193195
204787303 22193195
204787310 22193195
204787312 22193195
204789330 22193195
204790291 22193195
204790294 22193195
204783025 22193196
204783026 22193196
204783027 22193196
204783041 22193196
204786035 22193196
204790076 22193196
204785360 22193198
204786195 22193198
204783223 22193200
204783233 22193200
204783258 22193200
204787548 22193200
204783259 22193202
204788102 22193205
204783213 22193206
204787102 22193209
204782818 22193215
204782928 22193215
204782822 22193219
204790119 22193222
204784932 22193225
204782467 22193245
204783574 22193245
204783595 22193245
204783617 22193245
204783620 22193245
204783638 22193245
204783642 22193245
204783650 22193245
204783662 22193245
204783680 22193245
204783684 22193245
204783686 22193245
204783688 22193245
204783689 22193245
204783787 22193245
204785633 22193245
204785638 22193245
204785639 22193245
204785640 22193245
204786049 22193245
204787370 22193245
204788579 22193245
204790120 22193245
204790125 22193245
204788956 22193249
204788957 22193249
204790192 22193249
204783100 22193250
204786036 22193250
204783609 22193253
204784300 22193253
204787473 22193253
204788984 22193253
204788985 22193253
204788044 22193257
204788046 22193257
204789496 22193257
204789497 22193257
204783151 22193290
204783152 22193290
204783865 22193290
204784944 22193290
204784948 22193290
204785229 22193290
204785568 22193290
204785569 22193290
204785919 22193290
204786040 22193290
204787270 22193290
204787271 22193290
204787334 22193290
204787551 22193290
204787552 22193290
204788152 22193290
204788153 22193290
204788670 22193290
204788671 22193290
204788892 22193290
204788893 22193290
204789342 22193290
204790079 22193290
204790295 22193290
204790326 22193290
204788144 22193337
204786143 22193338
204786147 22193338
204786150 22193338
204790220 22193338
204788000 22193421
204785347 22193426
204787325 22193426
204787326 22193426
204785348 22193427
204785367 22193431
204789045 22193431
204789629 22193431
204789230 22193432
204789231 22193432
204783651 22193437
204783654 22193437
204787365 22193437
204787366 22193437
204785589 22193439
204785590 22193439
204790005 22193439
204784302 22193441
204788430 22193445
204788432 22193447
204788433 22193447
204790085 22193448
204787580 22193450
204789534 22193452
204789536 22193452
204789537 22193453
204784290 22193459
204784292 22193459
204785580 22193459
204785581 22193459
204789520 22193459
204790337 22193459
204785582 22193462
204784293 22193466
204790004 22193466
204786850 22193468
204786851 22193470
204786852 22193470
204784295 22193474
204783648 22193477
204783849 22193477
204787352 22193477
204787353 22193477
204783647 22193479
204788438 22193481
204788439 22193481
204784301 22193483
204785279 22193483
204787225 22193486
204789312 22193486
204789313 22193486
204784205 22193507
204784632 22193507
204785451 22193507
204785452 22193507
204785454 22193507
204785458 22193507
204785459 22193507
204786504 22193507
204786505 22193507
204786522 22193507
204786523 22193507
204786979 22193507
204786983 22193507
204786988 22193507
204786989 22193507
204787620 22193507
204787621 22193507
204787652 22193507
204789162 22193507
204789390 22193507
204789391 22193507
204790194 22193507
204790246 22193507
204790272 22193507
204790305 22193507
204783224 22193512
204785971 22193517
204786067 22193517
204790218 22193517
204783181 22193522
204783888 22193522
204784930 22193522
204784933 22193522
204784937 22193522
